9.534258844603674676e-01
8.725929243170624794e-01
8.311688311688310016e-01
7.774294670846395583e-01
7.707120465741156279e-01
6.950649350649350522e-01
7.039856695029108602e-01
6.433766233766233800e-01
6.386027765338111450e-01
6.211733094491714846e-01
6.341244961934617841e-01
5.785938199731304188e-01
5.812807881773399687e-01
5.425436632333184850e-01
5.548589341692791166e-01
5.412628750559781432e-01
5.391849529780564643e-01
5.082848186296463622e-01
5.181370353784147120e-01
4.965606806986114785e-01
4.984326018808777348e-01
4.807792207792206951e-01
4.957456336766681848e-01
4.684281236005373161e-01
4.657411553963277662e-01
4.438692342140616587e-01
4.482758620689656359e-01
4.245409762651142227e-01
4.482758620689656359e-01
4.240125391849528524e-01
4.052843708016122259e-01
4.126735333631885716e-01
4.052843708016122259e-01
3.972234661889835206e-01
3.819973130317957377e-01
3.875951634572323279e-01
3.878190774742499292e-01
3.803493058665471938e-01
3.819973130317957377e-01
3.730407523510971268e-01
3.524406627854902996e-01
3.675414240931477727e-01
3.484102104791759191e-01
3.611733094491714202e-01
3.484102104791759191e-01
3.486251679355126809e-01
3.215405284370801975e-01
3.497536945812807496e-01
3.215405284370801975e-01
3.327362292879534333e-01
3.215405284370801975e-01
3.309449171518136223e-01
3.175100761307658170e-01
3.282579489476040724e-01
3.175100761307658170e-01
3.226600985221674267e-01
3.152709359605911366e-01
3.206448723690103475e-01
3.143752798925212866e-01
3.195253022839228962e-01
3.121361397223466061e-01
3.132557098074340018e-01
3.121361397223466061e-01
3.042991491267352799e-01
3.121361397223466061e-01
2.946708463949844203e-01
3.121361397223466061e-01
2.991491267353336148e-01
2.969099865651589343e-01
2.935423197492161851e-01
2.969099865651589343e-01
2.919838781907745928e-01
2.969099865651589343e-01
2.849440214957451589e-01
2.969099865651589343e-01
2.879534258844603789e-01
2.969099865651589343e-01
2.819077474249889192e-01
2.969099865651589343e-01
2.796686072548142388e-01
2.890103000447812875e-01
2.825794894760411680e-01
2.718316166592029126e-01
2.792207792207792028e-01
2.969099865651589343e-01
2.725033587102551613e-01
2.624272279444693212e-01
2.671294223018361169e-01
2.624272279444693212e-01
2.615315718763993047e-01
2.624272279444693212e-01
2.688580385132101069e-01
2.624272279444693212e-01
2.595163457232422255e-01
2.624272279444693212e-01
2.619793999104344517e-01
2.624272279444693212e-01
2.552619793999104103e-01
2.624272279444693212e-01
2.561576354679804268e-01
2.624272279444693212e-01
2.507836990595610493e-01
2.624272279444693212e-01
2.552619793999104103e-01
2.472010747872816772e-01
2.503358710255262354e-01
2.472010747872816772e-01
2.503358710255262354e-01
2.472010747872816772e-01
2.373488580385132718e-01
2.472010747872816772e-01
2.306314375279892026e-01
2.472010747872816772e-01
2.377966860725482523e-01
2.472010747872816772e-01
2.373488580385132718e-01
2.472010747872816772e-01
2.373488580385132718e-01
2.472010747872816772e-01
2.295118674429017791e-01
2.472010747872816772e-01
2.362292879534258483e-01
2.472010747872816772e-01
2.290640394088667708e-01
2.472010747872816772e-01
2.290640394088667708e-01
2.472010747872816772e-01
2.290640394088667708e-01
2.472010747872816772e-01
2.290640394088667708e-01
2.109270040304521976e-01
2.290640394088667708e-01
2.131661442006268781e-01
2.279444693237795139e-01
2.109270040304521976e-01
2.109270040304521976e-01
2.131661442006268781e-01
2.120465741155394546e-01
2.109270040304521976e-01
2.268248992386922569e-01
2.109270040304521976e-01
2.102552619793997823e-01
2.109270040304521976e-01
2.102552619793997823e-01
2.109270040304521976e-01
2.098074339453649406e-01
2.109270040304521976e-01
2.019704433497536145e-01
2.109270040304521976e-01
1.948051948051948701e-01
2.109270040304521976e-01
1.948051948051948701e-01
2.109270040304521976e-01
2.008508732646663575e-01
2.109270040304521976e-01
2.008508732646663575e-01
2.109270040304521976e-01
1.798029556650246608e-01
2.109270040304521976e-01
1.858486341244963147e-01
2.109270040304521976e-01
1.936856247201076131e-01
2.109270040304521976e-01
1.936856247201076131e-01
1.424093148231079242e-01
1.766681594267801303e-01
2.109270040304521976e-01
1.766681594267801303e-01
1.468875951634571464e-01
1.786833855799374038e-01
1.424093148231079242e-01
1.744290192566054498e-01
1.424093148231079242e-01
1.616659202866099210e-01
1.424093148231079242e-01
1.744290192566054498e-01
1.424093148231079242e-01
1.744290192566054498e-01
1.424093148231079242e-01
1.616659202866099210e-01
1.424093148231079242e-01
1.594267801164352405e-01
1.424093148231079242e-01
1.594267801164352405e-01
1.424093148231079242e-01
1.594267801164352405e-01
1.424093148231079242e-01
1.603224361845052570e-01
1.424093148231079242e-01
1.424093148231079242e-01
1.424093148231079242e-01
1.715181370353783541e-01
1.424093148231079242e-01
1.594267801164352405e-01
1.424093148231079242e-01
1.531571876399461796e-01
1.424093148231079242e-01
1.594267801164352405e-01
1.424093148231079242e-01
1.383788625167935438e-01
1.424093148231079242e-01
1.361397223466188633e-01
1.424093148231079242e-01
1.361397223466188633e-01
1.424093148231079242e-01
1.383788625167935438e-01
1.424093148231079242e-01
1.361397223466188633e-01
1.424093148231079242e-01
1.361397223466188633e-01
1.424093148231079242e-01
1.361397223466188633e-01
1.424093148231079242e-01
1.211374832064488205e-01
1.424093148231079242e-01
1.244961934617107580e-01
1.424093148231079242e-01
1.361397223466188633e-01
1.124048365427676582e-01
1.211374832064488205e-01
1.424093148231079242e-01
1.211374832064488205e-01
1.298701298701298301e-01
1.211374832064488205e-01
1.424093148231079242e-01
1.211374832064488205e-01
1.424093148231079242e-01
1.211374832064488205e-01
1.424093148231079242e-01
1.211374832064488205e-01
1.124048365427676582e-01
1.211374832064488205e-01
1.298701298701298301e-01
1.211374832064488205e-01
9.986565158978955026e-02
1.172861621137483157e-01
9.986565158978955026e-02
1.171070309001344401e-01
9.986565158978955026e-02
1.148678907299597596e-01
1.124048365427676582e-01
1.061352440662785973e-01
9.986565158978955026e-02
1.148678907299599261e-01
9.986565158978955026e-02
1.148678907299599261e-01
9.986565158978955026e-02
1.148678907299599261e-01
9.986565158978955026e-02
1.148678907299597596e-01
9.986565158978955026e-02
9.986565158978955026e-02
9.986565158978955026e-02
1.148678907299599261e-01
9.986565158978955026e-02
9.986565158978955026e-02
9.986565158978955026e-02
9.986565158978955026e-02
9.986565158978955026e-02
9.986565158978955026e-02
9.986565158978955026e-02
9.986565158978955026e-02
9.986565158978955026e-02
1.144200626959247652e-01
9.986565158978955026e-02
9.986565158978955026e-02
9.986565158978955026e-02
9.941782355575470853e-02
9.986565158978955026e-02
9.986565158978955026e-02
9.986565158978955026e-02
9.986565158978955026e-02
9.986565158978955026e-02
9.986565158978955026e-02
9.986565158978955026e-02
9.986565158978955026e-02
9.986565158978955026e-02
9.986565158978955026e-02
9.986565158978955026e-02
9.986565158978955026e-02
9.986565158978955026e-02
9.986565158978955026e-02
9.986565158978955026e-02
9.986565158978955026e-02
9.986565158978955026e-02
9.986565158978955026e-02
9.986565158978955026e-02
9.986565158978955026e-02
9.986565158978955026e-02
9.986565158978955026e-02
9.986565158978955026e-02
9.986565158978955026e-02
9.986565158978955026e-02
9.986565158978955026e-02
9.986565158978955026e-02
9.941782355575470853e-02
8.732646663681159493e-02
9.359605911330065586e-02
9.986565158978955026e-02
9.941782355575470853e-02
9.986565158978955026e-02
9.941782355575470853e-02
9.986565158978955026e-02
9.359605911330065586e-02
9.986565158978955026e-02
9.314823107926581414e-02
9.986565158978955026e-02
9.314823107926581414e-02
9.986565158978955026e-02
9.314823107926581414e-02
9.986565158978955026e-02
9.314823107926581414e-02
9.986565158978955026e-02
9.314823107926581414e-02
9.986565158978955026e-02
9.314823107926581414e-02
8.732646663681159493e-02
9.314823107926581414e-02
9.896999552171970027e-02
9.314823107926581414e-02
8.732646663681159493e-02
9.314823107926581414e-02
8.643081056874175883e-02
9.314823107926581414e-02
9.986565158978955026e-02
9.314823107926581414e-02
9.896999552171970027e-02
9.314823107926581414e-02
8.643081056874175883e-02
9.314823107926581414e-02
8.732646663681159493e-02
9.314823107926581414e-02
8.643081056874175883e-02
9.270040304523080588e-02
8.643081056874175883e-02
8.643081056874175883e-02
8.643081056874175883e-02
9.270040304523080588e-02
8.643081056874175883e-02
8.643081056874175883e-02
8.643081056874175883e-02
9.270040304523080588e-02
8.643081056874175883e-02
9.014778325123129488e-02
8.643081056874175883e-02
8.643081056874175883e-02
8.643081056874175883e-02
8.687863860277675321e-02
8.643081056874175883e-02
9.270040304523080588e-02
8.643081056874175883e-02
9.270040304523080588e-02
8.643081056874175883e-02
8.643081056874175883e-02
8.643081056874175883e-02
8.643081056874175883e-02
8.643081056874175883e-02
8.643081056874175883e-02
8.643081056874175883e-02
8.643081056874175883e-02
8.643081056874175883e-02
8.643081056874175883e-02
8.643081056874175883e-02
8.643081056874175883e-02
8.643081056874175883e-02
8.643081056874175883e-02
8.643081056874175883e-02
8.643081056874175883e-02
8.643081056874175883e-02
8.643081056874175883e-02
8.643081056874175883e-02
8.643081056874175883e-02
8.643081056874175883e-02
8.643081056874175883e-02
8.643081056874175883e-02
8.643081056874175883e-02
8.643081056874175883e-02
8.643081056874175883e-02
8.643081056874175883e-02
8.643081056874175883e-02
8.643081056874175883e-02
8.643081056874175883e-02
8.643081056874175883e-02
8.643081056874175883e-02
8.643081056874175883e-02
8.643081056874175883e-02
8.643081056874175883e-02
8.643081056874175883e-02
8.643081056874175883e-02
8.643081056874175883e-02
8.643081056874175883e-02
8.643081056874175883e-02
8.643081056874175883e-02
8.643081056874175883e-02
8.643081056874175883e-02
