8.684508289467209874e-01
8.483790032961086025e-01
8.349663009789932699e-01
7.778698283071774355e-01
6.798917695675702477e-01
6.343779209917843609e-01
6.180154474344465854e-01
6.012574408422292072e-01
5.849107098932454507e-01
5.999409652186746822e-01
5.520244010429479209e-01
5.263934668175330733e-01
5.136025975303784019e-01
4.965317065971368016e-01
5.111428149751561234e-01
4.873321198406059263e-01
4.801495547793574459e-01
4.652294977124022402e-01
4.421213164756234160e-01
4.422019973434347384e-01
4.481723815614699347e-01
4.427608599399812106e-01
4.158331283514532517e-01
4.053721651006049753e-01
4.027647955920696243e-01
3.971564913661631557e-01
4.046342303340384472e-01
3.943523392532098937e-01
3.734441875338219141e-01
3.655728833571113556e-01
3.652777094504844890e-01
3.697053180498842684e-01
3.731982092782999416e-01
3.707541693314312381e-01
3.433856447090076758e-01
3.364982535543858400e-01
3.286269493776750594e-01
3.447139272888276040e-01
3.325134058149257776e-01
3.306439710729568437e-01
3.339794362178381548e-01
3.278890146111083093e-01
3.072268411472424687e-01
3.153441235794754438e-01
3.107689280267622589e-01
3.196772765287546059e-01
3.234614060117085299e-01
3.119496236532689482e-01
3.005362325970384885e-01
2.966989718108919982e-01
2.912343188862101528e-01
3.079647759138092744e-01
3.109165149800756645e-01
3.062921237762579740e-01
2.988143848083827936e-01
2.834653416637968326e-01
2.789393417621881532e-01
2.827766025483348100e-01
3.069316672406157687e-01
2.854331677079745000e-01
2.691986028435085498e-01
2.777094504845770140e-01
2.752004722782506185e-01
2.620376838687458187e-01
2.621144290844690805e-01
2.817434938751411933e-01
2.676243420081662605e-01
2.535543857922957778e-01
2.542923205588625279e-01
2.614256899690065583e-01
2.541939292566535724e-01
2.484380380774338926e-01
2.621636247355731975e-01
2.459290598711072751e-01
2.446991685934962468e-01
2.459448024794601562e-01
2.553254292320557006e-01
2.485856250307470761e-01
2.676735376592707105e-01
2.415998425739162847e-01
2.436168642691984021e-01
2.395828208786342506e-01
2.469542972401235215e-01
2.454862990111674470e-01
2.381561469966053668e-01
2.418950164805430125e-01
2.309735819353569142e-01
2.172971909283219205e-01
2.384513209032322056e-01
2.398287991341564451e-01
2.385989078565453891e-01
2.336793427461010542e-01
2.237910168741082395e-01
2.159197126973975700e-01
2.248241255473016342e-01
2.169528213705907427e-01
2.398287991341564451e-01
2.056870172676735775e-01
2.213804299699907163e-01
2.116396910513110019e-01
2.223033403847097245e-01
2.171987996261129372e-01
1.894032567521029831e-01
2.044315442514880454e-01
2.144930388153686862e-01
2.048506911988978441e-01
2.105573867270132959e-01
1.929433758055789927e-01
1.892556697987896885e-01
2.075072563585378671e-01
1.962414522556205909e-01
2.053918433610465166e-01
1.863531263836274710e-01
1.918630393073252893e-01
1.913710827962807892e-01
2.102622128203867624e-01
1.980124956953805415e-01
1.909775175874451891e-01
1.955035174890538407e-01
1.926993653761008007e-01
1.879765828700743213e-01
1.832538003640478419e-01
1.866974959413588431e-01
1.805480395533034799e-01
1.832538003640478419e-01
1.823682786441679637e-01
1.889113002410587328e-01
1.834505829684655864e-01
1.841885177350322533e-01
1.832538003640478419e-01
1.825650612485857083e-01
1.822698873419590915e-01
1.820239090864367859e-01
1.843853003394499979e-01
1.773503222315146177e-01
1.823190829930634305e-01
1.715649136616318737e-01
1.820239090864367859e-01
1.821104934323804769e-01
1.818763221331233804e-01
1.801544743444679630e-01
1.822698873419590915e-01
1.751365179318149778e-01
1.674659320116100580e-01
1.562453879077091157e-01
1.818271264820190414e-01
1.820239090864367859e-01
1.704137354257883596e-01
1.584099965563044443e-01
1.471933881044915071e-01
1.591479313228710002e-01
1.817779308309145081e-01
1.810399960643480632e-01
1.731686918876370607e-01
1.608205834604219675e-01
1.494071924041913968e-01
1.429133664584049390e-01
1.412407143208538607e-01
1.800560830422590908e-01
1.761204309539035895e-01
1.643134746888374187e-01
1.517685836572045810e-01
1.481773011265801465e-01
1.398632360899297600e-01
1.807940178088257577e-01
1.786294091602303180e-01
1.645594529443598353e-01
1.546711270723670206e-01
1.430609534117185944e-01
1.404535839031831046e-01
1.205293452058838477e-01
1.807940178088257577e-01
1.676095833128351253e-01
1.544251488168446040e-01
1.453731490136272175e-01
1.335661927485610467e-01
1.241993407782748110e-01
1.107394106360996833e-01
1.709056919368328320e-01
1.581620504747376921e-01
1.483248880798937741e-01
1.365179318148276033e-01
1.209721060658237729e-01
1.110345845427264250e-01
1.738082353519947443e-01
1.604270182515864784e-01
1.473409750578048294e-01
1.305652580311899569e-01
1.228907364588972539e-01
1.167412800708419740e-01
1.070497368032668067e-01
1.072465194076845513e-01
1.506862793329070693e-01
1.324838884242632298e-01
1.239730407831948628e-01
1.150686279332907985e-01
1.070005411521622596e-01
1.070005411521622596e-01
1.536380183991735149e-01
1.290893884980566231e-01
1.251537364097013438e-01
1.170856496285731518e-01
1.090175628474442798e-01
1.070005411521622596e-01
1.511782358439513474e-01
1.439956707827031168e-01
1.220052147390169456e-01
1.190042800216464108e-01
1.110345845427264250e-01
1.070005411521622596e-01
1.070005411521622596e-01
9.347173709844046330e-02
1.236778668765679129e-01
1.140355192600975148e-01
1.109853888916220860e-01
1.070005411521622596e-01
8.879815024351862818e-02
9.204506321641167665e-02
1.235302799232544935e-01
1.164461061642151352e-01
1.123136714714418893e-01
1.070005411521622596e-01
8.756825896590737790e-02
9.111034584542726522e-02
9.484921532936491095e-02
1.134451714468442673e-01
1.136419540512617898e-01
1.083288237319821740e-01
8.540365031731182721e-02
9.017562847444285379e-02
9.391449795838049952e-02
9.765336744231814525e-02
1.074924976632068568e-01
8.363260687755198763e-02
8.560043292172968277e-02
8.924091110345845623e-02
9.297978058739608809e-02
8.914251980124979213e-02
8.363260687755198763e-02
8.382938948196951012e-02
8.417375903970089612e-02
8.633836768829633579e-02
9.204506321641167665e-02
8.751906331480326096e-02
9.401288926058938566e-02
8.614158508387816104e-02
8.363260687755198763e-02
8.579721552614742730e-02
9.111034584542726522e-02
8.589560682835674366e-02
9.238943277414285449e-02
8.363260687755198763e-02
8.363260687755198763e-02
8.525606336399861596e-02
8.742067201259406950e-02
7.994293304471888906e-02
9.076597628769632331e-02
8.363260687755198763e-02
8.363260687755198763e-02
8.471491120184970747e-02
8.127121562453867853e-02
7.969695478919658349e-02
8.669454420229269487e-02
8.363260687755198763e-02
8.363260687755198763e-02
8.417375903970089612e-02
8.166478083337429250e-02
8.009051999803208644e-02
8.363260687755198763e-02
8.363260687755198763e-02
8.363260687755198763e-02
8.363260687755198763e-02
8.205834604220978157e-02
8.048408520686768652e-02
7.890982437152549434e-02
7.733556353618339929e-02
8.363260687755198763e-02
8.363260687755198763e-02
8.245191125104538166e-02
8.087765041570318947e-02
7.930338958036109442e-02
7.772912874501888836e-02
8.363260687755198763e-02
8.225512864662752610e-02
8.284547645988088460e-02
8.127121562453867853e-02
7.969695478919658349e-02
7.812269395385439130e-02
8.164903822502063424e-02
8.156638953116540636e-02
8.318984601761204856e-02
8.166478083337429250e-02
8.009051999803208644e-02
7.851625916268999139e-02
7.812269395385439130e-02
8.087765041570330049e-02
8.363260687755198763e-02
8.205834604220978157e-02
8.048408520686768652e-02
6.995621587051709112e-02
7.733556353618339929e-02
8.018891130024118075e-02
7.645004181630342399e-02
8.245191125104527063e-02
8.087765041570318947e-02
7.930338958036109442e-02
7.084173759039706642e-02
7.202243321690365851e-02
7.910660697594301682e-02
8.274708515767201233e-02
8.127121562453867853e-02
7.871304176710784695e-02
7.054656368377044962e-02
7.172725931027704172e-02
7.290795493678352279e-02
7.379347665666349809e-02
8.141880257785198693e-02
6.907069415063711582e-02
7.851625916268999139e-02
7.143208540365020287e-02
7.261278103015690599e-02
7.379347665666349809e-02
7.054656368377054676e-02
6.838195503517499607e-02
6.995621587051709112e-02
7.113691149702368322e-02
7.231760712353038634e-02
7.349830275003688129e-02
8.186156343779203703e-02
6.813597677965270438e-02
6.966104196389036329e-02
7.084173759039706642e-02
7.202243321690365851e-02
7.320312884341015347e-02
7.379347665666349809e-02
6.631573768878842867e-02
6.887391154621926026e-02
7.054656368377044962e-02
6.966104196389047432e-02
5.775569439661541737e-02
5.726373788557093808e-02
6.001869434741984727e-02
6.349781079352523339e-02
7.025138977714370792e-02
7.143208540365020287e-02
5.814925960545091338e-02
5.657499877010882527e-02
5.932995523195772752e-02
6.208491169380641467e-02
6.946032370738414174e-02
7.113691149702368322e-02
7.084173759039706642e-02
5.696856397894432128e-02
5.864121611649539267e-02
6.139617257834407982e-02
6.415112904019276696e-02
6.788999852413041269e-02
7.025138977714370792e-02
5.736212918777992137e-02
5.795247700103327293e-02
6.070743346288196007e-02
6.346238992473064722e-02
6.661091159541494833e-02
5.932995523195761650e-02
5.775569439661541737e-02
5.726373788557093808e-02
6.001869434741984727e-02
6.277365080926852747e-02
6.552860727111721462e-02
5.972352044079311251e-02
5.814925960545091338e-02
5.657499877010882527e-02
5.932995523195772752e-02
6.208491169380641467e-02
6.100260736950858381e-02
5.696856397894432128e-02
5.854282481428652041e-02
5.696856397894432128e-02
5.864121611649539267e-02
5.657499877010882527e-02
5.657499877010882527e-02
5.657499877010882527e-02
5.657499877010882527e-02
5.736212918777992137e-02
5.795247700103327293e-02
5.657499877010882527e-02
5.657499877010882527e-02
5.657499877010882527e-02
5.657499877010882527e-02
5.775569439661541737e-02
5.726373788557093808e-02
6.001869434741984727e-02
5.657499877010882527e-02
5.657499877010882527e-02
5.657499877010882527e-02
