7.895271987798677671e-01
7.173360447381799121e-01
6.786985256736145500e-01
6.251042196237923676e-01
6.029486527707168531e-01
5.737569903406202210e-01
5.790543975597357562e-01
5.142348754448398118e-01
5.210981189628876020e-01
4.836807320793083398e-01
4.890696492119979699e-01
4.466192170818507057e-01
4.534824605998981628e-01
4.224707676664971046e-01
4.463650228774784234e-01
4.041687849517032194e-01
4.351804778851042776e-01
3.896797153024910143e-01
3.650228774783936259e-01
3.734926283680731207e-01
3.584138281647178403e-01
3.611184544992370737e-01
3.538383324860193135e-01
3.406202338586679645e-01
3.274021352313165600e-01
3.261311642094559260e-01
3.157092018301982939e-01
3.164717844433145300e-01
3.070665988815456382e-01
3.024911032028468894e-01
2.984239959328927605e-01
2.974072191154042422e-01
2.984239959328927605e-01
2.956278596847990436e-01
2.928317234367054933e-01
2.809659379766142329e-01
2.740213523131670992e-01
2.720589730554140440e-01
2.704626334519573128e-01
2.669039145907473043e-01
2.704626334519573128e-01
2.624097610574478434e-01
2.704626334519573128e-01
2.536858159633961218e-01
2.704626334519573128e-01
2.498729028978138589e-01
2.470767666497205028e-01
2.491103202846974285e-01
2.455516014234876143e-01
2.417386883579055457e-01
2.455516014234876143e-01
2.411387900355870806e-01
2.455516014234876143e-01
2.318251143873918951e-01
2.257244534824606463e-01
2.300457549567868909e-01
2.191154041687848608e-01
2.293238434163698825e-01
2.191154041687848608e-01
2.258057956278597123e-01
2.053889171326893082e-01
2.180986273512965090e-01
2.160650737163192503e-01
2.112353838332486355e-01
2.053889171326893082e-01
2.061820030503301593e-01
2.023385866802236976e-01
2.058973055414334841e-01
2.023385866802236976e-01
2.084392475851551130e-01
2.023385866802236976e-01
2.043721403152005955e-01
2.023385866802236976e-01
1.995424504321301751e-01
2.023385866802236976e-01
1.995424504321301751e-01
2.023385866802236976e-01
1.967463141840364582e-01
1.967463141840364582e-01
1.972953736654804446e-01
1.967463141840364582e-01
1.967463141840364582e-01
1.967463141840364582e-01
1.944585663446872781e-01
1.967463141840364582e-01
1.921708185053381257e-01
1.967463141840364582e-01
1.901372648703610335e-01
1.967463141840364582e-01
1.893746822572446031e-01
1.891204880528723209e-01
1.870869344178952287e-01
1.891204880528723209e-01
1.840366039654294517e-01
1.832231825114377932e-01
1.821657346212505191e-01
1.820030503304525538e-01
1.820030503304525538e-01
1.891204880528723209e-01
1.774275546517538327e-01
1.820030503304525538e-01
1.774275546517538327e-01
1.820030503304525538e-01
1.820030503304525538e-01
1.820030503304525538e-01
1.759023894255209441e-01
1.820030503304525538e-01
1.685307574987290891e-01
1.820030503304525538e-01
1.759023894255209441e-01
1.820030503304525538e-01
1.717031011692934095e-01
1.713268937468226116e-01
1.723436705643111577e-01
1.657346212506355387e-01
1.695373665480425784e-01
1.657346212506355387e-01
1.681037112353837848e-01
1.550584646670056244e-01
1.680223690899847189e-01
1.567666497203847598e-01
1.685307574987290891e-01
1.550584646670056244e-01
1.625521098118961894e-01
1.657346212506355387e-01
1.626842907981697617e-01
1.550584646670056244e-01
1.603965429588205815e-01
1.550584646670056244e-01
1.603965429588205815e-01
1.550584646670056244e-01
1.581087951194712349e-01
1.550584646670056244e-01
1.542348754448394643e-01
1.550584646670056244e-01
1.550584646670056244e-01
1.550584646670056244e-01
1.497203863751906394e-01
1.550584646670056244e-01
1.509913573970512735e-01
1.550584646670056244e-01
1.497203863751906394e-01
1.550584646670056244e-01
1.497203863751906394e-01
1.550584646670056244e-01
1.497203863751906394e-01
1.550584646670056244e-01
1.497203863751906394e-01
1.443823080833756822e-01
1.497203863751906394e-01
1.443823080833756822e-01
1.475953228266394524e-01
1.443823080833756822e-01
1.456532791052363163e-01
1.443823080833756822e-01
1.474326385358414870e-01
1.443823080833756822e-01
1.456532791052363163e-01
1.443823080833756822e-01
1.474326385358414870e-01
1.443823080833756822e-01
1.445856634468732915e-01
1.443823080833756822e-01
1.443823080833756822e-01
1.443823080833756822e-01
1.443823080833756822e-01
1.443823080833756822e-01
1.443823080833756822e-01
1.443823080833756822e-01
1.443823080833756822e-01
1.443823080833756822e-01
1.413319776309100717e-01
1.443823080833756822e-01
1.370106761565836329e-01
1.443823080833756822e-01
1.339603457041180223e-01
1.443823080833756822e-01
1.443823080833756822e-01
1.443823080833756822e-01
1.365734621250632996e-01
1.443823080833756822e-01
1.309100152516523841e-01
1.443823080833756822e-01
1.344687341128623648e-01
1.443823080833756822e-01
1.339603457041180223e-01
1.443823080833756822e-01
1.309100152516523841e-01
1.443823080833756822e-01
1.362480935434671747e-01
1.235383833248601682e-01
1.309100152516523841e-01
1.443823080833756822e-01
1.309100152516523841e-01
1.382816471784442669e-01
1.309100152516523841e-01
1.382816471784442669e-01
1.309100152516523841e-01
1.174377224199287528e-01
1.309100152516523841e-01
1.174377224199287528e-01
1.309100152516523841e-01
1.174377224199287528e-01
1.309100152516523841e-01
1.174377224199287528e-01
1.309100152516523841e-01
1.235383833248601682e-01
1.291306558210472133e-01
1.174377224199287528e-01
1.278596847991866070e-01
1.174377224199287528e-01
1.278596847991866070e-01
1.174377224199287528e-01
1.260803253685814362e-01
1.174377224199287528e-01
1.204880528723945438e-01
1.174377224199287528e-01
1.182003050330451971e-01
1.174377224199287528e-01
1.240467717336043441e-01
1.174377224199287528e-01
1.260803253685814362e-01
1.174377224199287528e-01
1.174377224199287528e-01
1.174377224199287528e-01
1.260803253685814362e-01
1.174377224199287528e-01
1.174377224199287528e-01
1.174377224199287528e-01
1.174377224199287528e-01
1.174377224199287528e-01
1.174377224199287528e-01
1.174377224199287528e-01
1.174377224199287528e-01
1.174377224199287528e-01
1.174377224199287528e-01
1.174377224199287528e-01
1.174377224199287528e-01
1.174377224199287528e-01
1.159125571936958504e-01
1.174377224199287528e-01
1.159125571936958504e-01
1.174377224199287528e-01
1.159125571936958504e-01
1.174377224199287528e-01
1.141331977630908601e-01
1.174377224199287528e-01
1.128622267412302260e-01
1.174377224199287528e-01
1.110828673106252495e-01
1.174377224199287528e-01
1.174377224199287528e-01
1.174377224199287528e-01
1.110828673106252495e-01
1.174377224199287528e-01
1.110828673106252495e-01
1.174377224199287528e-01
1.115709201830193398e-01
1.174377224199287528e-01
1.110828673106252495e-01
1.174377224199287528e-01
1.110828673106252495e-01
1.174377224199287528e-01
1.110828673106252495e-01
1.082867310625317131e-01
1.110828673106252495e-01
1.082867310625317131e-01
1.110828673106252495e-01
1.138790035587187721e-01
1.110828673106252495e-01
1.138790035587187721e-01
1.080325368581596251e-01
1.047280122013217324e-01
1.110828673106252495e-01
1.082867310625317131e-01
1.110828673106252495e-01
1.047280122013217324e-01
1.110828673106252495e-01
1.047280122013217324e-01
1.080325368581596251e-01
1.047280122013217324e-01
1.110828673106252495e-01
1.138790035587187721e-01
1.093035078800202592e-01
1.047280122013217324e-01
1.047280122013217324e-01
1.047280122013217324e-01
1.080325368581596251e-01
1.047280122013217324e-01
1.110828673106252495e-01
1.047280122013217324e-01
1.110828673106252495e-01
1.047280122013217324e-01
1.047280122013217324e-01
1.047280122013217324e-01
1.047280122013217324e-01
1.047280122013217324e-01
1.047280122013217324e-01
1.047280122013217324e-01
1.065073716319267227e-01
1.047280122013217324e-01
1.047280122013217324e-01
1.047280122013217324e-01
1.047280122013217324e-01
1.047280122013217324e-01
1.047280122013217324e-01
1.047280122013217324e-01
1.047280122013217324e-01
1.047280122013217324e-01
1.047280122013217324e-01
1.047280122013217324e-01
1.047280122013217324e-01
1.047280122013217324e-01
1.047280122013217324e-01
1.047280122013217324e-01
1.047280122013217324e-01
1.047280122013217324e-01
1.047280122013217324e-01
1.047280122013217324e-01
1.047280122013217324e-01
1.047280122013217324e-01
1.047280122013217324e-01
1.047280122013217324e-01
1.047280122013217324e-01
1.047280122013217324e-01
1.047280122013217324e-01
1.047280122013217324e-01
1.047280122013217324e-01
1.047280122013217324e-01
1.047280122013217324e-01
1.047280122013217324e-01
1.047280122013217324e-01
1.047280122013217324e-01
1.047280122013217324e-01
1.047280122013217324e-01
1.047280122013217324e-01
1.047280122013217324e-01
1.032028469750888300e-01
1.047280122013217324e-01
1.047280122013217324e-01
1.047280122013217324e-01
1.047280122013217324e-01
1.047280122013217324e-01
1.032028469750888300e-01
1.047280122013217324e-01
9.862735129639049747e-02
1.047280122013217324e-01
9.659379766141341916e-02
1.047280122013217324e-01
1.047280122013217324e-01
1.047280122013217324e-01
1.026944585663446541e-01
1.047280122013217324e-01
1.026944585663446541e-01
1.047280122013217324e-01
1.026944585663446541e-01
1.047280122013217324e-01
1.011692933401117517e-01
1.047280122013217324e-01
9.659379766141341916e-02
1.047280122013217324e-01
1.029486527707167420e-01
1.047280122013217324e-01
1.026944585663446541e-01
1.047280122013217324e-01
1.011692933401117517e-01
1.047280122013217324e-01
9.659379766141341916e-02
1.047280122013217324e-01
9.659379766141341916e-02
1.047280122013217324e-01
9.659379766141341916e-02
9.252669039145908214e-02
9.659379766141341916e-02
1.047280122013217324e-01
9.659379766141341916e-02
1.047280122013217324e-01
9.659379766141341916e-02
1.047280122013217324e-01
9.659379766141341916e-02
9.252669039145908214e-02
9.659379766141341916e-02
1.047280122013217324e-01
9.659379766141341916e-02
1.047280122013217324e-01
9.659379766141341916e-02
1.047280122013217324e-01
9.659379766141341916e-02
1.006609049313675758e-01
9.659379766141341916e-02
9.252669039145908214e-02
9.659379766141341916e-02
8.845958312150492553e-02
9.659379766141341916e-02
1.006609049313675758e-01
