8.801441232502278389e-01
8.177337861343494385e-01
7.956232916425080015e-01
7.431458626687650337e-01
6.467257516772960679e-01
6.143725668847840327e-01
5.892901515779009891e-01
5.706734034622713558e-01
5.705243104447941249e-01
5.515199204837238911e-01
4.865750020707361734e-01
4.708854468649051328e-01
4.600314751925781986e-01
4.502194980535078050e-01
4.534498467655095899e-01
4.393009194069410484e-01
4.014743642839391224e-01
3.914635964548992542e-01
3.876004307131616367e-01
3.734780087799222104e-01
3.449962726745628983e-01
3.623788619232999331e-01
3.567182970264226038e-01
3.439493083740579049e-01
3.339683591485130276e-01
3.331814793340511782e-01
3.176509566801954398e-01
3.048173610535905298e-01
3.332759049117865469e-01
3.171125652281950869e-01
3.066346392777270502e-01
3.010850658494159671e-01
3.000082829454152611e-01
2.932162677047956967e-01
2.893646980866394491e-01
2.863414230100222446e-01
2.842044230928515436e-01
2.866313260995609902e-01
2.840636130207900845e-01
2.792180899527869631e-01
2.793423341340180999e-01
2.712664623540129716e-01
2.679118694607802720e-01
2.657168889257019440e-01
2.653855711090863934e-01
2.720533421684752096e-01
2.671249896463182560e-01
2.618653193075456964e-01
2.606228774952372151e-01
2.522985173527708125e-01
2.587592147767746042e-01
2.586349705955438560e-01
2.628592727573927368e-01
2.495237306386149101e-01
2.484055330075375101e-01
2.440569866644577424e-01
2.418620061293796364e-01
2.482812888263067896e-01
2.506419282696926709e-01
2.478671415555371571e-01
2.275325105607553522e-01
2.294375880062951290e-01
2.380104365112231946e-01
2.352770645241447078e-01
2.411165410419944533e-01
2.241779176675226248e-01
2.159778017062867761e-01
2.151329412739170222e-01
2.124161351776690521e-01
2.273718214196967791e-01
2.201192744139815471e-01
2.226041580385985652e-01
2.096827631905905653e-01
2.133686739004390376e-01
2.093928601010518475e-01
2.036362130373559898e-01
2.141141389878242207e-01
2.062453408432039226e-01
2.064938292056655855e-01
2.053756315745880190e-01
2.007371821419695612e-01
1.969270272508903408e-01
1.960159032551975766e-01
2.061210966619730078e-01
2.033877246748943268e-01
1.950633645324275633e-01
1.969270272508905073e-01
1.932013584030477515e-01
1.824732875010353084e-01
1.849581711256521321e-01
2.028079184958171133e-01
1.878157872939617279e-01
1.941108258096579664e-01
1.868218338441150761e-01
1.799469891493414575e-01
1.748943924459539223e-01
2.018967945001243491e-01
1.890847345315995187e-01
1.802368922388801475e-01
1.869874927524226571e-01
1.806924542367266406e-01
1.747701482647229798e-01
1.701731135591815769e-01
1.826389464093430837e-01
1.787873767911868361e-01
1.864076865733454436e-01
1.795328418785720193e-01
1.736105359065683862e-01
1.703387724674893522e-01
1.707578895055052171e-01
1.811480162345727452e-01
1.673154973908719811e-01
1.808166984179573611e-01
1.742383831690549612e-01
1.696347221071813904e-01
1.665286175764101317e-01
1.662801292139484688e-01
1.708357491924128446e-01
1.644578812225627462e-01
1.736519506336452190e-01
1.693034042905656456e-01
1.656589083077942004e-01
1.653275904911786498e-01
1.649962726745629327e-01
1.617659239625610923e-01
1.639194897705623655e-01
1.695933073801041691e-01
1.660730555785636386e-01
1.654104199453325375e-01
1.596537728816366797e-01
1.603164085148677809e-01
1.602749937877909481e-01
1.631740246831773766e-01
1.649134432204088507e-01
1.635881719539466483e-01
1.580385985256355930e-01
1.586184047047130008e-01
1.611032883293298246e-01
1.626770479582540507e-01
1.637124161351775631e-01
1.546011761782487837e-01
1.575830365277892942e-01
1.582870868880972559e-01
1.596123581545596526e-01
1.550120102708521519e-01
1.595295287004057649e-01
1.656589083077942004e-01
1.548910792677874737e-01
1.579557690714817053e-01
1.549739087219413614e-01
1.576244512548661547e-01
1.579971837985587324e-01
1.546425909053258108e-01
1.544769319970180355e-01
1.547254203594796984e-01
1.556779590822496839e-01
1.540627847262485972e-01
1.537314669096328523e-01
1.546425909053260050e-01
1.533670173113557134e-01
1.532344901847095264e-01
1.532344901847095264e-01
1.541456141804024849e-01
1.538142963637869343e-01
1.524890250973243710e-01
1.532344901847095264e-01
1.532344901847095264e-01
1.516607305557854946e-01
1.492586763853225584e-01
1.538971258179408219e-01
1.522405367348627081e-01
1.532344901847095264e-01
1.488511554708845108e-01
1.509152654684004780e-01
1.489869957756976837e-01
1.502526298351692102e-01
1.519920483724010452e-01
1.521991220077858475e-01
1.496297523399320040e-01
1.493696678538886380e-01
1.485960407520912629e-01
1.499213120185536596e-01
1.480162345730140494e-01
1.514950716474777193e-01
1.449515447693198178e-01
1.494243352936303337e-01
1.482647229354757124e-01
1.495899942019381090e-01
1.509152654684004780e-01
1.498798972914766048e-01
1.439575913194729717e-01
1.379110411662385904e-01
1.479334051188601618e-01
1.471879400314751729e-01
1.505839476517847608e-01
1.452828625859353684e-01
1.449515447693198178e-01
1.393191418868547082e-01
1.350948397250062161e-01
1.275159446699246357e-01
1.449515447693198178e-01
1.449515447693198178e-01
1.450343742234737054e-01
1.407272426074709648e-01
1.342665451834671730e-01
1.269775532179242827e-01
1.449515447693198178e-01
1.449515447693198178e-01
1.451172036776275931e-01
1.421353433280872491e-01
1.345150335459286417e-01
1.287998012093100053e-01
1.449515447693198178e-01
1.449515447693198178e-01
1.449515447693198178e-01
1.435434440487035335e-01
1.362544520831604766e-01
1.306220492006957279e-01
1.233330572351526572e-01
1.449515447693198178e-01
1.424666611447029940e-01
1.449515447693198178e-01
1.379938706203923116e-01
1.310361964714651661e-01
1.240785223225376460e-01
1.295038515696181336e-01
1.418454402385487534e-01
1.443303238631655772e-01
1.397332891576243130e-01
1.327756150086968068e-01
1.255694524973081927e-01
1.184461194400728973e-01
1.166238714486871747e-01
1.437091029570113088e-01
1.413070487865483726e-01
1.271846268533089186e-01
1.215522239708439756e-01
1.137662552803775790e-01
1.406029984262402444e-01
1.430878820508572347e-01
1.431292967779340952e-01
1.358403048123910384e-01
1.223391037853060054e-01
1.148844529114551594e-01
1.399817775200859760e-01
1.062701896794498863e-01
1.449515447693198178e-01
1.275987741240785234e-01
1.231259835997680352e-01
1.160026505425327398e-01
1.115298600182222377e-01
1.140975730969929491e-01
1.441646649548578019e-01
1.283028244843864851e-01
1.233330572351526572e-01
1.171208481736105006e-01
1.126480576492999985e-01
1.071813136751428447e-01
1.035368176923712191e-01
1.270189679450013098e-01
1.246997432286919005e-01
1.182390458046880810e-01
1.137662552803775790e-01
1.092934647560672573e-01
1.040752091443715860e-01
8.688809740743808074e-02
1.110660150749599451e-01
1.193572434357658557e-01
1.148844529114551594e-01
1.104116623871446573e-01
1.052762362296030541e-01
8.593555868466827563e-02
8.842044230928527981e-02
1.204754410668434361e-01
1.160026505425327398e-01
1.115298600182222377e-01
1.062287749523728592e-01
8.767497722190011056e-02
8.779922140313084489e-02
1.210138325188436087e-01
1.148016234573012717e-01
1.109914685662220651e-01
1.066843369502195188e-01
8.941439575913193161e-02
8.717800049697677078e-02
1.190673403462269714e-01
8.966288412159341414e-02
1.039095502360638107e-01
9.811148844529128665e-02
9.115381429636376653e-02
8.655677959082253015e-02
8.904166321543935392e-02
9.152654684005635810e-02
1.118197631077609416e-01
9.910544189513793845e-02
9.289323283359542105e-02
8.593555868466827563e-02
8.842044230928527981e-02
1.073254369253690693e-01
1.075540462188352420e-01
1.015903255197547622e-01
9.463265137082724210e-02
8.767497722190011056e-02
8.779922140313102530e-02
8.730224467820751899e-02
8.593555868466827563e-02
1.020873022446780881e-01
9.637206990805945173e-02
8.941439575913193161e-02
8.717800049697677078e-02
8.593555868466827563e-02
8.593555868466827563e-02
1.039095502360638107e-01
9.811148844529128665e-02
9.115381429636376653e-02
8.593555868466827563e-02
8.593555868466827563e-02
8.593555868466827563e-02
8.593555868466827563e-02
9.985090698252292729e-02
9.289323283359542105e-02
8.593555868466827563e-02
8.593555868466827563e-02
8.593555868466827563e-02
8.593555868466827563e-02
1.002650542532925459e-01
8.593555868466827563e-02
8.576989977636050033e-02
8.593555868466827563e-02
8.593555868466827563e-02
8.593555868466827563e-02
8.593555868466827563e-02
9.479831027913539210e-02
8.908307794251638101e-02
8.593555868466827563e-02
8.593555868466827563e-02
8.593555868466827563e-02
8.593555868466827563e-02
8.593555868466827563e-02
8.933156630497804396e-02
8.593555868466827563e-02
8.593555868466827563e-02
8.593555868466827563e-02
8.593555868466827563e-02
8.593555868466827563e-02
9.049117866313248493e-02
8.593555868466827563e-02
8.593555868466827563e-02
8.593555868466827563e-02
8.412656340594681925e-02
8.593555868466827563e-02
8.510726414312920485e-02
8.576989977636050033e-02
8.593555868466827563e-02
8.593555868466827563e-02
8.593555868466827563e-02
8.427896960159032835e-02
8.494160523482142955e-02
8.560424086805272503e-02
8.576989977636050033e-02
8.593555868466827563e-02
8.345067506005127145e-02
8.411331069328255305e-02
8.477594632651365425e-02
8.543858195974494973e-02
8.593555868466827563e-02
8.593555868466827563e-02
8.506584941605198347e-02
8.593555868466827563e-02
8.461028741820587895e-02
8.527292305143717444e-02
8.593555868466827563e-02
8.593555868466827563e-02
8.593555868466827563e-02
8.378199287666700246e-02
8.444462850989810365e-02
8.510726414312920485e-02
8.576989977636050033e-02
8.568707032220661268e-02
8.593555868466827563e-02
8.593555868466827563e-02
8.427896960159032835e-02
8.494160523482142955e-02
8.560424086805272503e-02
8.576989977636050033e-02
8.593555868466827563e-02
8.345067506005127145e-02
8.411331069328255305e-02
8.477594632651365425e-02
8.543858195974494973e-02
8.249813633728146633e-02
8.262238051851238108e-02
8.328501615174348227e-02
8.394765178497477776e-02
8.461028741820587895e-02
