1.019985737341891019e+00
9.900912059452765535e-01
8.780107345268923780e-01
8.230049168637166845e-01
7.711023533385880091e-01
7.225912997785536307e-01
6.862290282625831406e-01
6.672942236234656876e-01
6.777194760349809499e-01
6.400420373081109338e-01
6.145704312577412454e-01
5.911496453102129678e-01
5.675156701572645623e-01
5.573696655782006681e-01
5.550726269564238979e-01
5.613481965244154770e-01
5.031340314529143543e-01
5.053109634800887484e-01
4.947190631685620121e-01
4.934504372630712510e-01
5.053484967909019909e-01
4.532147280711631976e-01
4.460458657058137821e-01
4.492737304357617978e-01
4.281379724505498530e-01
4.343414780617796955e-01
4.273167436099538641e-01
4.285223135532784111e-01
4.047967571219457383e-01
3.960514957024359739e-01
3.971774950268362470e-01
3.942874300942086352e-01
3.933115640130615542e-01
3.833652366475246431e-01
3.850167023233120323e-01
3.748451750928949444e-01
3.697031115114663979e-01
3.704162444169201707e-01
3.666253800247719630e-01
3.692902450925197311e-01
3.554029200915812536e-01
3.569417858349283601e-01
3.438786923394511752e-01
3.493975903614459089e-01
3.483466576586719543e-01
3.438426603610703625e-01
3.424914611717898572e-01
3.409901287392559932e-01
3.351349322523740071e-01
3.277558833464698229e-01
3.357354652253874971e-01
3.311564013061590317e-01
3.405397290094958618e-01
3.221484067109559035e-01
3.174942761701009530e-01
3.187704087377547513e-01
3.235371392110498734e-01
3.165349247457113768e-01
3.175693427917276046e-01
3.142288781293396949e-01
3.066096160342305366e-01
3.025184851555756116e-01
3.031940847502159198e-01
3.059114964531018943e-01
3.023308186015087884e-01
2.997410201553877274e-01
2.967008219795069235e-01
2.962879555605600346e-01
2.949742896820928273e-01
2.959471530983745491e-01
2.960177157227038558e-01
2.983898209661073886e-01
2.829110835866830986e-01
2.835266298840220522e-01
2.778215666403934248e-01
2.809368314379011022e-01
2.830011635326352137e-01
2.801861652216342535e-01
2.791727658296739301e-01
2.774837668430732429e-01
2.763577675186728033e-01
2.792478324513004706e-01
2.658859738017491092e-01
2.747438351536988232e-01
2.751942348834591212e-01
2.694141050182036756e-01
2.706151709642308223e-01
2.652479075179220436e-01
2.607814435311338608e-01
2.739931689374319745e-01
2.747063018428855807e-01
2.700521713020304082e-01
2.637465750853883462e-01
2.652103742071088011e-01
2.584543782607064411e-01
2.576286454228128853e-01
2.739931689374319745e-01
2.631835754231880986e-01
2.598806440716134314e-01
2.535750478549712028e-01
2.582291783958262088e-01
2.531621814360245359e-01
2.516983823143039145e-01
2.527117817062640714e-01
2.503471831250234092e-01
2.524865818413840057e-01
2.539128476522913846e-01
2.531246481252109048e-01
2.502721165033965356e-01
2.566768006605860686e-01
2.486206508276094795e-01
2.529745148819577127e-01
2.496715835303832398e-01
2.487287467627508353e-01
2.508726494764103587e-01
2.480951844762225023e-01
2.477198513680890779e-01
2.498967833952632778e-01
2.465938520436886383e-01
2.459182524490484689e-01
2.460683856923018276e-01
2.477198513680890779e-01
2.442667867732612186e-01
2.459933190706753148e-01
2.428059903164054290e-01
2.420898547460871575e-01
2.441541868408212690e-01
2.466689186653153176e-01
2.451300529219681834e-01
2.376233907592988082e-01
2.401381225837930233e-01
2.415268550838867712e-01
2.420898547460871575e-01
2.438163870435010872e-01
2.415643883947003745e-01
2.382614570431257073e-01
2.353338587996846587e-01
2.399129227189131242e-01
2.385241902188190155e-01
2.420898547460871575e-01
2.416019217055136170e-01
2.388995233269528007e-01
2.343204594077243075e-01
2.308673948128964482e-01
2.299455766993204753e-01
2.290657958938558392e-01
2.420898547460871575e-01
2.371354577187252677e-01
2.351837255564312723e-01
2.220846000825732469e-01
2.220846000825732469e-01
2.291408625154823520e-01
2.410013887325001547e-01
2.366850579889651640e-01
2.279022632586419628e-01
2.198326014337723677e-01
2.216342003528131432e-01
2.191570018391321983e-01
2.234147806177980145e-01
2.380362571782456693e-01
2.299290620425626375e-01
2.092482077844085575e-01
2.180310025147318975e-01
2.189318019742521326e-01
2.225349998123333783e-01
2.358968584618850450e-01
2.113125398791428078e-01
2.084600082573282720e-01
2.178058026498516930e-01
2.150283376496639753e-01
2.170551364335846500e-01
2.205082010284127036e-01
2.205082010284127036e-01
2.022925346244789369e-01
2.175806027849716273e-01
2.163420035281312381e-01
2.161918702848776852e-01
2.199827346770257264e-01
1.972375483241375349e-01
2.009158127838456265e-01
2.052696768381938874e-01
2.118755395413430276e-01
2.153286041361707204e-01
2.181811357579852839e-01
1.954734827159103627e-01
1.998273467702585959e-01
1.968622152160041106e-01
2.085350748789551178e-01
2.144653379874639221e-01
1.958863491348570296e-01
1.943850167023231656e-01
1.987388807566714266e-01
1.949104830537099486e-01
1.997898134594451869e-01
2.042938107570468065e-01
1.967496152835639944e-01
1.932965506887361351e-01
1.976504147430845626e-01
1.941598168374430999e-01
1.980632811620314238e-01
1.981968997485262785e-01
1.901062192696015840e-01
1.935217505536162008e-01
1.932965506887361351e-01
1.932965506887361351e-01
1.932965506887361351e-01
1.932965506887361351e-01
1.932965506887361351e-01
1.937469504184962665e-01
1.932965506887361351e-01
1.863153548774535706e-01
1.932965506887361351e-01
1.932965506887361351e-01
1.888300867019477858e-01
1.913823518372554100e-01
1.921330180535224252e-01
1.874788875126672805e-01
1.932965506887361351e-01
1.932965506887361351e-01
1.932965506887361351e-01
1.907442855534286774e-01
1.932965506887361351e-01
1.886424201478809903e-01
1.836504898097059690e-01
1.932965506887361351e-01
1.875539541342941263e-01
1.901062192696017505e-01
1.926584844049092360e-01
1.898059527830950055e-01
1.828622902826257113e-01
1.804976917013850213e-01
1.932965506887361351e-01
1.894681529857746849e-01
1.914198851480688468e-01
1.909694854183087154e-01
1.750178283226363207e-01
1.807228915662649205e-01
1.794842923094245313e-01
1.888300867019477858e-01
1.913823518372554100e-01
1.921330180535224252e-01
1.820365574447321555e-01
1.726156964305820551e-01
1.705138310250345346e-01
1.753180948091432323e-01
1.895432196074015307e-01
1.773448935930637405e-01
1.752430281875162199e-01
1.731411627819688659e-01
1.710392973764213176e-01
1.767068273092370079e-01
1.886048868370678866e-01
1.773448935930637405e-01
1.632699020380589672e-01
1.736666291333558154e-01
1.715647637278084614e-01
1.694628983222609409e-01
1.604173704162445979e-01
1.773448935930637405e-01
1.762939608902901467e-01
1.741920954847426262e-01
1.720902300791952444e-01
1.666854333220732509e-01
1.564013061592163245e-01
1.543369740644820742e-01
1.726532297413954919e-01
1.747175618361294092e-01
1.726156964305820551e-01
1.669106331869532889e-01
1.575648387944300344e-01
1.563637728484027489e-01
1.773448935930637405e-01
1.585782381863898860e-01
1.731411627819688659e-01
1.671358330518333546e-01
1.587283714296437442e-01
1.583905716323234236e-01
1.770446271065569954e-01
1.632699020380589672e-01
1.482565777127200501e-01
1.645460346057126266e-01
1.603423037946172525e-01
1.552377735240026424e-01
1.505836429831474699e-01
1.495327102803738761e-01
1.741920954847426262e-01
1.675862327815936248e-01
1.610554367000711640e-01
1.564013061592163245e-01
1.517471756183611797e-01
1.725781631197687849e-01
1.506962429155870864e-01
1.668730998761400464e-01
1.622189693352848738e-01
1.575648387944300344e-01
1.529107082535748896e-01
1.482565777127200501e-01
1.482565777127200501e-01
1.482565777127200501e-01
1.633825019704985837e-01
1.587283714296437442e-01
1.540742408887885995e-01
1.491198438614270150e-01
1.482565777127200501e-01
1.692001651465674661e-01
1.482565777127200501e-01
1.598919040648574541e-01
1.552377735240026424e-01
1.499831100101339798e-01
1.482565777127200501e-01
1.482565777127200501e-01
1.482565777127200501e-01
1.610554367000711640e-01
1.564013061592163245e-01
1.508463761588409446e-01
1.482565777127200501e-01
1.482565777127200501e-01
1.482565777127200501e-01
1.482565777127200501e-01
1.551627069023757688e-01
1.517096423075477429e-01
1.482565777127200501e-01
1.482565777127200501e-01
1.482565777127200501e-01
1.482565777127200501e-01
1.472296663288653606e-01
1.525729084562547078e-01
1.491198438614270150e-01
1.482565777127200501e-01
1.482565777127200501e-01
1.482565777127200501e-01
1.482565777127200501e-01
1.534361746049620057e-01
1.499831100101339798e-01
1.482565777127200501e-01
1.482565777127200501e-01
1.482565777127200501e-01
1.449536463611455495e-01
1.542994407536689705e-01
1.508463761588409446e-01
1.482565777127200501e-01
1.454415794017190899e-01
1.434523139286116855e-01
1.482565777127200501e-01
1.458544458206657846e-01
1.517096423075477429e-01
1.482565777127200501e-01
1.482565777127200501e-01
1.482565777127200501e-01
1.443531133881320871e-01
1.455541793341590395e-01
1.467552452801861862e-01
1.491198438614270150e-01
1.468303119018130320e-01
1.428517809555980289e-01
1.440528469016251756e-01
1.452539128476522945e-01
1.534361746049620057e-01
1.407499155500506749e-01
1.482565777127200501e-01
1.425515144690912839e-01
1.437525804151184305e-01
1.449536463611455495e-01
1.461547123071726961e-01
1.473557782531998150e-01
1.410501820365574199e-01
1.422512479825845388e-01
1.434523139286116855e-01
1.446533798746388044e-01
1.458544458206657846e-01
1.470555117666929312e-01
1.482565777127200501e-01
1.419509814960778216e-01
1.431520474421049405e-01
1.443531133881320871e-01
1.455541793341590395e-01
1.467552452801861862e-01
1.407499155500506749e-01
1.416507150095710765e-01
1.428517809555980289e-01
1.440528469016251756e-01
1.452539128476522945e-01
1.464549787936794412e-01
1.407499155500506749e-01
1.413504485230641650e-01
1.425515144690912839e-01
1.437525804151184305e-01
1.449536463611455495e-01
1.407499155500506749e-01
1.407499155500506749e-01
1.410501820365574199e-01
1.422512479825845388e-01
1.434523139286116855e-01
1.446533798746388044e-01
1.407499155500506749e-01
