8.585168798691928949e-01
7.894488794844667368e-01
7.216023853034529978e-01
6.949023756852937828e-01
6.415292872944117208e-01
6.113782821967874703e-01
5.963258632297778750e-01
5.585264980282774738e-01
5.585938251418676170e-01
5.088948735212081020e-01
5.010579974992784846e-01
4.852361258055208348e-01
4.712897951332114532e-01
4.714533038376455543e-01
4.602289121862074839e-01
4.625853611618734873e-01
4.448398576512456737e-01
4.228854477253051192e-01
4.115033182648840659e-01
4.062306434548427214e-01
4.148312013080696081e-01
4.219967298259112432e-01
3.915552563239395045e-01
3.658747715687218904e-01
3.570606905838222267e-01
3.649610464557083156e-01
3.710493411561026078e-01
3.644301240742522374e-01
3.054246417235740862e-01
3.118688083100893405e-01
3.242762335289026132e-01
3.287005867077041343e-01
3.302875829566221388e-01
2.785899778782340297e-01
2.652688275464077372e-01
2.777724343560644127e-01
2.914302202558431421e-01
3.004712897951334338e-01
2.735404443589496415e-01
2.540944503222082318e-01
2.528614023275945200e-01
2.613734731172455139e-01
2.563239395979609037e-01
2.517553140328941397e-01
2.485813215350581307e-01
2.466095989227660157e-01
2.440607867654132068e-01
2.459574877368471690e-01
2.467538713090312863e-01
2.455035106280658574e-01
2.432432432432432290e-01
2.397326151774551994e-01
2.418639992305475495e-01
2.418005193805904951e-01
2.419928825622776059e-01
2.342021737039531037e-01
2.375685293834758904e-01
2.379532557468500009e-01
2.380975281331151328e-01
2.337693565451573474e-01
2.280946426853900921e-01
2.317976339328652324e-01
2.309319996152734977e-01
2.283350966624988487e-01
2.268923727998460871e-01
2.266519188227373305e-01
2.250649225738194370e-01
2.257862845051458178e-01
2.283350966624987377e-01
2.225161104164662118e-01
2.256420121188804639e-01
2.260267384822544634e-01
2.235741079157448352e-01
2.226603828027315934e-01
2.232913340386648016e-01
2.206886601904395895e-01
2.224199288256228368e-01
2.225161104164663228e-01
2.204001154179090760e-01
2.178993940559776910e-01
2.158795806482639579e-01
2.135231316725978157e-01
2.176108492834470942e-01
2.181879388285083154e-01
2.176589400788689344e-01
2.183803020101953152e-01
2.152063095123593339e-01
2.120804078099451928e-01
2.169375781475425813e-01
2.173223045109165807e-01
2.172742137154948239e-01
2.113590458786188120e-01
2.117437722419928392e-01
2.108300471289795697e-01
2.117918630374146793e-01
2.071751466769260475e-01
2.176108492834470942e-01
2.126094065595843519e-01
2.122246801962104357e-01
2.100125036068096751e-01
2.082812349716264277e-01
2.048667884966818009e-01
2.057324228142733136e-01
2.104453207656053482e-01
2.109743195152447015e-01
2.078003270174088313e-01
1.947196306626910456e-01
1.995768010002884341e-01
2.042896989516207740e-01
2.049629700875252036e-01
2.049629700875252036e-01
1.899586419159373929e-01
1.928998749639319055e-01
1.983745311147445678e-01
2.021737039530632218e-01
2.046744253149946902e-01
2.048667884966816899e-01
2.043858805424641767e-01
1.880831008944886806e-01
1.929402712320861801e-01
1.999615273636626556e-01
2.043858805424641767e-01
2.047706069058381761e-01
1.798114840819467486e-01
1.851976531691835182e-01
1.905838222564201490e-01
1.966913532749831606e-01
2.031836106569201994e-01
1.711070501106088659e-01
1.773588535154371482e-01
1.828412041935174037e-01
1.889968260075021722e-01
1.931326344137731799e-01
2.019813407713765274e-01
1.687025103395209946e-01
1.737039530633836537e-01
1.788977589689332848e-01
1.863999230547273844e-01
1.929402712320861801e-01
1.987592574781185673e-01
1.673078772722901286e-01
1.724055015869962459e-01
1.775993074925459048e-01
1.816389343079735097e-01
1.887563720303933046e-01
1.655285178416851244e-01
1.659132442050591238e-01
1.711070501106087549e-01
1.754352216985669011e-01
1.771183995383283916e-01
1.624507069346926291e-01
1.635087044339713636e-01
1.658170626142156379e-01
1.662498797730115052e-01
1.732711359045878696e-01
1.786573049918245282e-01
1.623064345484273863e-01
1.607675290949312497e-01
1.611522554583052491e-01
1.629797056843320935e-01
1.673078772722901286e-01
1.630277964797537393e-01
1.625468885255362261e-01
1.609118014811966035e-01
1.616331634125228733e-01
1.649033375012022573e-01
1.608637106857747356e-01
1.599018947773396260e-01
1.627873425026449827e-01
1.610560738674618464e-01
1.595171684139654877e-01
1.599018947773396260e-01
1.599018947773396260e-01
1.599018947773396260e-01
1.586515340963738641e-01
1.612003462537271170e-01
1.594209868231221128e-01
1.581706261421564619e-01
1.599018947773396260e-01
1.581706261421563786e-01
1.585553525055303781e-01
1.613446186399923599e-01
1.593248052322784880e-01
1.579782629604693511e-01
1.599018947773396260e-01
1.580744445513128649e-01
1.584591709146868643e-01
1.588438972780610858e-01
1.575454458016734838e-01
1.582187169375782188e-01
1.591324420505915993e-01
1.599018947773396260e-01
1.583629893238433783e-01
1.574973550062518657e-01
1.574973550062518657e-01
1.574973550062517547e-01
1.574973550062518657e-01
1.578820813696258651e-01
1.574973550062518657e-01
1.574973550062518657e-01
1.574973550062518657e-01
1.574973550062518657e-01
1.574973550062518657e-01
1.577858997787823514e-01
1.571126286428776442e-01
1.574973550062518657e-01
1.565355390978166172e-01
1.574973550062518657e-01
1.574973550062518657e-01
1.561508127344427288e-01
1.574973550062518657e-01
1.548523612580552378e-01
1.561989035298644579e-01
1.558141771664902364e-01
1.567759930749254849e-01
1.567279022795037280e-01
1.536500913725112327e-01
1.544195440992594814e-01
1.558622679619121043e-01
1.555737231893815908e-01
1.565355390978168393e-01
1.574973550062518657e-01
1.544195440992593704e-01
1.554294508031163480e-01
1.543714533038377246e-01
1.451861113782821067e-01
1.562950851207079717e-01
1.572569010291429981e-01
1.550928152351638833e-01
1.499951909204578493e-01
1.500913725113012520e-01
1.502837356929883628e-01
1.560546311435991040e-01
1.559584495527556181e-01
1.559584495527557013e-01
1.488891026257573580e-01
1.498028277387707385e-01
1.474867750312582326e-01
1.541579301721647532e-01
1.567759930749254849e-01
1.510531884197364727e-01
1.493219197845532253e-01
1.467250168317784653e-01
1.446090218332209965e-01
1.514860055785322290e-01
1.544195440992595647e-01
1.514860055785322290e-01
1.497547369433489817e-01
1.472540155814177076e-01
1.451380205828604608e-01
1.490814658074443577e-01
1.514860055785322290e-01
1.514860055785322290e-01
1.498990093296143356e-01
1.477830143310570887e-01
1.456670193324998419e-01
1.435510243339425673e-01
1.514860055785322290e-01
1.514860055785322290e-01
1.492738289891314685e-01
1.483120130806963588e-01
1.437914783110512129e-01
1.407136674040587454e-01
1.393190343368279627e-01
1.352794075214003300e-01
1.509570068288929590e-01
1.488410118303354901e-01
1.467250168317784653e-01
1.414831201308068553e-01
1.384053092238144711e-01
1.362893142252571133e-01
1.514860055785322290e-01
1.484081946715397338e-01
1.472540155814177076e-01
1.422525728575549653e-01
1.391747619505626088e-01
1.360969510435701135e-01
1.330191401365778403e-01
1.481677406944311992e-01
1.477830143310570887e-01
1.430220255843032140e-01
1.399442146773107187e-01
1.368664037703183345e-01
1.337885928633258392e-01
1.327305953640472158e-01
1.468692892180435972e-01
1.437914783110512129e-01
1.407136674040587454e-01
1.376358564970664444e-01
1.345580455900739769e-01
1.483389439261323384e-01
1.476387419447916238e-01
1.445609310377993506e-01
1.414831201308068553e-01
1.382610368375493393e-01
1.353274983168220869e-01
1.322496874098297026e-01
1.322496874098297026e-01
1.453303837645474605e-01
1.422525728575549653e-01
1.378974704241607563e-01
1.360969510435701135e-01
1.324901413869384592e-01
1.474463787631045131e-01
1.393671251322496085e-01
1.430220255843032140e-01
1.399442146773107187e-01
1.368664037703183345e-01
1.327305953640473268e-01
1.322496874098297026e-01
1.434067519476771024e-01
1.322496874098297026e-01
1.382610368375493393e-01
1.376358564970664444e-01
1.329710493411560834e-01
1.322496874098297026e-01
1.322496874098297026e-01
1.322496874098297026e-01
1.307588727517552118e-01
1.341733192266999497e-01
1.332115033182648400e-01
1.322496874098297026e-01
1.322496874098297026e-01
1.407136674040588287e-01
1.322496874098297026e-01
1.274886986630758279e-01
1.334519572953734856e-01
1.324901413869384592e-01
1.322496874098297026e-01
1.322496874098297026e-01
1.268154275271713149e-01
1.334423391362889733e-01
1.336924112724823532e-01
1.327305953640473268e-01
1.322496874098297026e-01
1.322496874098297026e-01
1.243147061652400548e-01
1.264307011637973155e-01
1.285466961623545623e-01
1.329710493411560834e-01
1.322496874098297026e-01
1.322496874098297026e-01
1.259497932095798023e-01
1.259017024141579344e-01
1.341733192266999497e-01
1.332115033182648400e-01
1.322496874098297026e-01
1.221025295758392942e-01
1.232567086659613204e-01
1.253727036645185811e-01
1.274886986630758279e-01
1.296046936616330747e-01
1.316725978647687034e-01
1.206117149177649006e-01
1.235452534384920281e-01
1.248437049148792000e-01
1.269596999134364468e-01
1.290756949119937214e-01
1.310955083197076765e-01
1.200827161681253252e-01
1.322496874098297026e-01
1.243147061652400548e-01
1.264307011637973155e-01
1.285466961623545623e-01
1.305184187746464552e-01
1.198095604501297901e-01
1.217081850533808657e-01
1.237857074156006876e-01
1.259017024141579344e-01
1.280176974127151812e-01
1.299413292295854561e-01
1.190247186688467990e-01
1.221025295758392942e-01
1.232567086659613204e-01
1.253727036645185811e-01
1.270558815042801826e-01
1.293642396845244291e-01
1.190247186688467990e-01
1.206117149177649006e-01
1.227277099163219393e-01
1.248437049148792000e-01
1.269596999134364468e-01
1.190247186688467990e-01
1.190247186688467990e-01
1.205636241223430466e-01
1.221987111666827941e-01
1.243147061652400548e-01
1.190247186688467990e-01
1.190247186688467990e-01
1.190247186688467990e-01
1.195537174184861662e-01
1.216697124170434269e-01
1.237857074156006876e-01
1.259017024141579344e-01
1.190247186688467990e-01
