1.151465927465927130e+00
1.043197043197043206e+00
9.746380226380224610e-01
9.165922845922848117e-01
8.566412566412566765e-01
7.855005775005775570e-01
7.403557403557405880e-01
7.399842919842920530e-01
7.224264264264262936e-01
6.732085932085932756e-01
6.480942480942478712e-01
6.144606144606145071e-01
5.968713328713328714e-01
5.740355740355742586e-01
5.724185724185724133e-01
5.493185493185492874e-01
4.997274197274197971e-01
4.919380919380918482e-01
4.899976899976900002e-01
4.860448140448138665e-01
4.401016401016401569e-01
4.215754215754215495e-01
4.301224301224300661e-01
4.317856317856318404e-01
4.097482097482096908e-01
4.209748209748210845e-01
3.987433587433588111e-01
3.902055902055903136e-01
3.883575883575884902e-01
3.775005775005774722e-01
3.864171864171863646e-01
3.640933240933241777e-01
3.672903672903672923e-01
3.695079695079694360e-01
3.677634557634555934e-01
3.383691383691382337e-01
3.284823284823285561e-01
3.239085239085239820e-01
3.402171402171401127e-01
3.428967428967428788e-01
3.270501270501269819e-01
2.985169785169781154e-01
3.005775005775005448e-01
3.094941094941096038e-01
3.117117117117116365e-01
3.046893046893047186e-01
2.598752598752598897e-01
2.676368676368676147e-01
2.764610764610765936e-01
2.801570801570801850e-01
2.907701547701544986e-01
2.642642642642641926e-01
2.550242550242549644e-01
2.545160545160545240e-01
2.542942942942941764e-01
2.563640563640564585e-01
2.575652575652576104e-01
2.515130515130515332e-01
2.521598521598520937e-01
2.347424347424347524e-01
2.502194502194501902e-01
2.381612381612382146e-01
2.419958419958419260e-01
2.411642411642410944e-01
2.407022407022405830e-01
2.257334257334258076e-01
2.296142296142297812e-01
2.269808269808269163e-01
2.270732270732269131e-01
2.328020328020328211e-01
2.239316239316239132e-01
2.217602217602216708e-01
2.269808269808270274e-01
2.227304227304227335e-01
2.153772233772230649e-01
2.225918225918225024e-01
2.210672210672210425e-01
2.220836220836220620e-01
2.208824208824208823e-01
2.166320166320165885e-01
2.146454146454147283e-01
2.196812196812196194e-01
2.200970200970199797e-01
2.186186186186184488e-01
2.219450219450218309e-01
2.151074151074150176e-01
2.111342111342111860e-01
2.092400092400090728e-01
2.037422037422037813e-01
2.017556017556018100e-01
2.175098175098175712e-01
2.122892122892122979e-01
2.095634095634095750e-01
2.057750057750057926e-01
2.030030030030031130e-01
2.033726033726034610e-01
1.963501963501963765e-01
2.030492030492029587e-01
2.105336105336106378e-01
2.032802032802033809e-01
2.022638022638022504e-01
1.995841995841996785e-01
1.969507969507970080e-01
2.051744051744050501e-01
2.018886578886576744e-01
2.031416031416032608e-01
2.030492030492030697e-01
1.999075999075999588e-01
1.960267960267960963e-01
1.957495957495957450e-01
1.952413952413950826e-01
1.956571956571956650e-01
1.991221991221990562e-01
1.937629937629938848e-01
1.964425964425964566e-01
1.951489951489952246e-01
1.954261954261955481e-01
1.927502887502883511e-01
1.959805959805961673e-01
1.937629937629937737e-01
1.968583968583968447e-01
1.951951951951952646e-01
1.951951951951952646e-01
1.885423885423886114e-01
1.903903903903903516e-01
1.937629937629937737e-01
1.933471933471934967e-01
1.946832986832985890e-01
1.878955878955879399e-01
1.866019866019866802e-01
1.864633864633864491e-01
1.875721875721877430e-01
1.902055902055901915e-01
1.924231924231925850e-01
1.819339339339339501e-01
1.862323862323862489e-01
1.827211827211828177e-01
1.866019866019867912e-01
1.860013860013860487e-01
1.859551859551860087e-01
1.860475860475861998e-01
1.861861861861862089e-01
1.863709863709864800e-01
1.859551859551860087e-01
1.848925848925849491e-01
1.859551859551860087e-01
1.859551859551860087e-01
1.861399861399862798e-01
1.863247863247864400e-01
1.820743820743821462e-01
1.827211827211827067e-01
1.811041811041812777e-01
1.854931854931855806e-01
1.860937860937862398e-01
1.829983829983829746e-01
1.799953799953798728e-01
1.764841764841766636e-01
1.770385770385770330e-01
1.791637791637793464e-01
1.805959805959805042e-01
1.778701778701779757e-01
1.794871794871795156e-01
1.763455763455763214e-01
1.823977823977824264e-01
1.781473781473782436e-01
1.741279741279741500e-01
1.755601755601755298e-01
1.738045738045737587e-01
1.762069762069763124e-01
1.767613767613769038e-01
1.750981750981752127e-01
1.778701778701779757e-01
1.696465696465696560e-01
1.700161700161699763e-01
1.760683760683759702e-01
1.766227766227767837e-01
1.744051744051745012e-01
1.771771771771773751e-01
1.677061677061677247e-01
1.730191730191728561e-01
1.714021714021713994e-01
1.764841764841764415e-01
1.699237699237700905e-01
1.669669669669669454e-01
1.680757680757680450e-01
1.690921690921691478e-01
1.709401709401709990e-01
1.666897666897668162e-01
1.685839685839684854e-01
1.672903672903672256e-01
1.667821667821666742e-01
1.633171633171631998e-01
1.704781704781703766e-01
1.663201663201662739e-01
1.663201663201662739e-01
1.653961653961653344e-01
1.663201663201662739e-01
1.636867636867633258e-01
1.663201663201662739e-01
1.663201663201662739e-01
1.663201663201662739e-01
1.679371679371679249e-01
1.660891660891660737e-01
1.606375606375607945e-01
1.663201663201662739e-01
1.449295449295450733e-01
1.663201663201662739e-01
1.629937629937628918e-01
1.652113652113652853e-01
1.625317625317624914e-01
1.574959574959571840e-01
1.593901593901593805e-01
1.602217602217602399e-01
1.624393624393624114e-01
1.663201663201662739e-01
1.639639639639639823e-01
1.545391545391543442e-01
1.628551628551627717e-01
1.591240471240464582e-01
1.618849618849619032e-01
1.641025641025641024e-01
1.663201663201662739e-01
1.568953568953566635e-01
1.417417417417419501e-01
1.591129591129592513e-01
1.265419265419266692e-01
1.635481635481635942e-01
1.657657657657657657e-01
1.592515592515593714e-01
1.498267498267497611e-01
1.326403326403327032e-01
1.607761607761607203e-01
1.629937629937628918e-01
1.652113652113652853e-01
1.497805497805499153e-01
1.521829521829520526e-01
1.344421344421346254e-01
1.307923307923306577e-01
1.207502887502883149e-01
1.592515592515592604e-01
1.511203511203511041e-01
1.457611457611457106e-01
1.362439362439361312e-01
1.329175329175327491e-01
1.618849618849619032e-01
1.568953568953570521e-01
1.524601524601525149e-01
1.471009471009471214e-01
1.380457380457380256e-01
1.308385308385308088e-01
1.176715176715177474e-01
1.540771540771542492e-01
1.636867636867636311e-01
1.470547470547472757e-01
1.398475398475398368e-01
1.326403326403327032e-01
1.254331254331252643e-01
1.096327096327097683e-01
1.524601524601525149e-01
1.488565488565488926e-01
1.416493416493416480e-01
1.344421344421346254e-01
1.272349272349271865e-01
1.123123123123123679e-01
1.015939015939013867e-01
1.505197505197505836e-01
1.434511434511434591e-01
1.362439362439361312e-01
1.218295218295216559e-01
1.124047124047124480e-01
1.029799029799028237e-01
1.524601524601525149e-01
1.452529452529450760e-01
1.336105336105336827e-01
1.241857241857240585e-01
1.147609147609148506e-01
1.069531069531067663e-01
9.623469623469620149e-02
1.466389466389468044e-01
1.359667359667359743e-01
1.265419265419266692e-01
1.171171171171170450e-01
1.076923076923078371e-01
9.891429891429880106e-02
1.459551859551858621e-01
1.416493416493416480e-01
1.288981288981290718e-01
1.194733194733194476e-01
1.100485100485102397e-01
1.015939015939013867e-01
9.410949410949411009e-02
1.353661353661351485e-01
1.312543312543312801e-01
1.218295218295216559e-01
1.124047124047124480e-01
1.029799029799028237e-01
9.355509355509361580e-02
9.355509355509361580e-02
1.325017325017324721e-01
1.241857241857240585e-01
1.147609147609148506e-01
1.053361053361052263e-01
9.410949410949431826e-02
9.355509355509361580e-02
1.349965349965349115e-01
1.252612612612612752e-01
1.171171171171170450e-01
9.688149688149698402e-02
9.466389466389460439e-02
1.456225456225458126e-01
9.355509355509361580e-02
1.275121275121276210e-01
1.063987063987064802e-01
1.067683067683068143e-01
9.521829521829530685e-02
9.355509355509361580e-02
9.355509355509361580e-02
9.355509355509361580e-02
1.116193116193116425e-01
1.074151074151073887e-01
9.577269577269580114e-02
9.355509355509361580e-02
9.355509355509361580e-02
6.735966735966733565e-02
1.057519057519055034e-01
1.074151074151073887e-01
1.041811041811038924e-01
9.410949410949431826e-02
9.355509355509361580e-02
6.500346500346512735e-02
7.442827442827433526e-02
9.702009702009700698e-02
9.688149688149698402e-02
9.466389466389460439e-02
9.355509355509361580e-02
9.355509355509361580e-02
7.068607068607070387e-02
8.477708477708457979e-02
9.743589743589747831e-02
9.521829521829530685e-02
9.355509355509361580e-02
6.029106029106053033e-02
6.472626472626467897e-02
7.193347193347211788e-02
9.563409563409557002e-02
9.540309540309546699e-02
9.355509355509361580e-02
9.355509355509361580e-02
9.355509355509361580e-02
7.013167013167041774e-02
7.733887733887744032e-02
9.355509355509361580e-02
9.410949410949431826e-02
5.557865557865592637e-02
6.500346500346512735e-02
6.832986832986830128e-02
7.553707553707574018e-02
9.424809424809434122e-02
9.466389466389460439e-02
5.322245322245310745e-02
6.264726264726272476e-02
6.652806652806637910e-02
7.373527373527383189e-02
8.094248094248085446e-02
4.851004851004850349e-02
9.355509355509361580e-02
5.751905751905764946e-02
6.472626472626467897e-02
7.193347193347211788e-02
7.914067914067915432e-02
8.634788634788659323e-02
4.851004851004850349e-02
5.571725571725594239e-02
6.292446292446297884e-02
7.013167013167041774e-02
7.733887733887744032e-02
4.851004851004850349e-02
9.147609147609166158e-02
5.391545391545403410e-02
6.112266112266126483e-02
6.832986832986830128e-02
7.553707553707574018e-02
8.274428274428276275e-02
4.851004851004850349e-02
5.211365211365211886e-02
5.932085932085935653e-02
6.652806652806637910e-02
6.489258489258430129e-02
8.029568029568028009e-02
4.851004851004850349e-02
5.031185031185021056e-02
5.751905751905764946e-02
6.472626472626467897e-02
7.193347193347211788e-02
4.851004851004850349e-02
