3.804806725289460734e-01
3.775987003274967613e-01
3.693426854740967102e-01
3.654034400061889065e-01
3.561979421852032313e-01
3.304752572268495059e-01
3.150003868072927538e-01
3.147724283761829667e-01
2.985120812811058455e-01
2.802568400422908446e-01
2.778823590087419193e-01
2.770829572706877686e-01
2.710399958740556947e-01
2.667809897109260087e-01
2.647695917893705952e-01
2.606565409113177911e-01
2.565177028804249137e-01
2.511797622424509768e-01
2.516310374171587538e-01
2.465638618840094165e-01
2.491683643208952303e-01
2.436885943422986422e-01
2.403620516258799245e-01
2.351489208076535664e-01
2.354728074473298183e-01
2.352175146342091461e-01
2.331803295598132431e-01
2.384280151628458411e-01
2.301503391010598643e-01
2.257020552360813614e-01
2.223239382139816089e-01
2.195131385543721836e-01
2.216034451636194891e-01
2.275845173934347432e-01
2.215374300523478557e-01
2.176177828205988207e-01
2.102297635318084168e-01
2.110420588462827984e-01
2.076897289770234523e-01
2.115706954795120165e-01
2.156858093297921442e-01
2.009463885092446500e-01
2.011913664612290931e-01
1.999479099512622704e-01
1.985739704479227152e-01
2.060006704659738119e-01
1.934036463034115305e-01
1.948477268624771996e-01
1.956904510173030909e-01
1.898708063642692012e-01
1.893607364810851734e-01
1.888908945563317898e-01
1.916114391809999595e-01
1.926042445653572410e-01
1.832821888135329758e-01
1.769901235204620060e-01
1.805100698831841322e-01
1.776476959178937831e-01
1.846313726501454533e-01
1.705175481575078034e-01
1.717424379174294080e-01
1.734830707341603051e-01
1.669006421001057450e-01
1.700404858299593425e-01
1.656865829443769089e-01
1.626524665411691606e-01
1.694860620438897181e-01
1.618143840738544004e-01
1.605894943139329067e-01
1.652182882487945315e-01
1.628458701874724857e-01
1.618143840738544004e-01
1.616467675803914816e-01
1.582428634054514616e-01
1.588488614972022317e-01
1.613502153227261426e-01
1.627169344232703985e-01
1.572629515975140779e-01
1.602155805977461267e-01
1.498749323087238960e-01
1.561154232961137478e-01
1.522834523840224663e-01
1.529049227674772748e-01
1.556641481214059153e-01
1.419324892338635347e-01
1.517187137368168071e-01
1.449237989633565260e-01
1.477088114701254618e-01
1.508032698109800507e-01
1.489981691121489982e-01
1.383480749890403927e-01
1.404755150983779954e-01
1.427834652775986091e-01
1.400629206529304394e-01
1.404110472162770351e-01
1.459294979241343437e-01
1.357048918228937473e-01
1.352278294953453142e-01
1.324943912942570523e-01
1.357048918228937473e-01
1.365171871373680179e-01
1.330617086567472129e-01
1.356017432115319554e-01
1.357048918228937473e-01
1.316692024033625785e-01
1.355501689058509207e-01
1.355759560586919932e-01
1.325330720235177451e-01
1.330838856081900112e-01
1.221924237344952785e-01
1.264730911060105434e-01
1.218442971711492517e-01
1.262667938832872649e-01
1.303798447613397360e-01
1.205033652234456382e-01
1.210448954330954202e-01
1.242940766909925998e-01
1.204646844941849315e-01
1.265762397173729181e-01
1.296191237525465001e-01
1.202326001186208027e-01
1.202326001186208027e-01
1.166095051445366348e-01
1.180277985507618976e-01
1.189509786224497018e-01
1.115552231878078060e-01
1.195234534155083517e-01
1.201810258129399067e-01
1.180793728564425715e-01
1.173057582712292435e-01
1.137084504499858012e-01
1.122385827380796425e-01
1.193816240748858254e-01
1.199489414373757779e-01
1.181696278913845211e-01
1.166739730266378450e-01
1.143015549653160351e-01
1.115165424585469883e-01
1.091956987029061854e-01
1.185693287604115687e-01
1.163903143453929312e-01
1.091441243972249425e-01
1.148946594806467131e-01
1.108202893318547266e-01
1.066040898424403249e-01
1.180149049743416945e-01
1.018592537197966913e-01
1.092601665850067155e-01
1.104979499213485233e-01
1.112715645065624342e-01
1.071971943577705449e-01
1.048247762964487351e-01
1.025555068464887171e-01
1.111168415895198297e-01
1.036901415714690661e-01
1.034193764666442444e-01
1.057917945279661653e-01
1.054178808117796490e-01
1.024007839294462374e-01
1.021429124010417161e-01
1.046958405322463009e-01
1.018592537197966913e-01
1.058304752572266499e-01
1.037803966064104466e-01
1.024007839294461264e-01
1.020010830604192037e-01
1.066943448773812475e-01
9.653420665824291591e-02
9.690812037442943228e-02
1.033033342788621245e-01
1.025812939993294565e-01
1.018592537197966913e-01
1.018592537197966913e-01
1.018592537197966913e-01
9.819747801645238583e-02
9.814590371077136499e-02
1.027618040692124535e-01
1.017689986848551997e-01
9.506433894633697923e-02
9.975760076329959203e-02
9.608293148353475033e-02
9.773330926532379503e-02
9.775909641816464546e-02
1.003893860078911016e-01
9.389102349209649256e-02
9.487093530003355701e-02
9.206271435570760608e-02
9.732071481987666917e-02
9.511591325201765312e-02
9.787513860594630744e-02
9.131230820805071036e-02
9.360736481085134286e-02
9.525774259264038757e-02
9.365893911653214166e-02
9.855849815621849086e-02
9.154439258361472820e-02
9.154439258361472820e-02
9.319477036540377290e-02
9.358157765801106143e-02
9.649552592898220926e-02
9.570901776734844213e-02
9.296268598984021303e-02
9.154439258361472820e-02
8.856597643054202329e-02
8.459475489311218954e-02
8.625802625132154844e-02
9.154439258361472820e-02
9.154439258361472820e-02
9.154439258361472820e-02
8.955878181489951295e-02
8.617757033445838655e-02
8.780525542174855147e-02
8.788364836638326572e-02
9.154439258361472820e-02
9.154439258361472820e-02
9.055158719925678057e-02
8.451739343459019338e-02
7.889579411537107900e-02
8.039144898011764406e-02
9.123494674952953298e-02
9.046133216431562207e-02
9.154439258361472820e-02
8.592279326439561382e-02
8.030119394517672149e-02
8.238995332525235471e-02
7.439593594471165250e-02
9.154439258361472820e-02
9.127362747879000371e-02
8.732819309420010445e-02
8.170659377498121212e-02
7.608499445576209774e-02
7.620103664354432871e-02
8.991980195466618697e-02
9.100286237396529310e-02
8.873359292400481713e-02
8.044302328579877592e-02
7.749039428556658837e-02
6.889037881327511603e-02
6.850357152066827160e-02
6.159261455942666857e-02
8.927512313365357222e-02
8.451739343459019338e-02
7.827690244720034163e-02
7.327419479615218667e-02
6.548647463833487392e-02
6.368137393950311365e-02
9.154439258361472820e-02
8.183552953918353523e-02
7.569818716315444840e-02
7.115964826323466219e-02
6.662110936331464006e-02
6.504809304004689763e-02
5.749245725779393579e-02
8.728951236493950883e-02
7.674256685319365279e-02
7.229428298821524712e-02
6.775574408829533601e-02
6.321720518837452285e-02
5.989375693029663078e-02
8.770210681038628775e-02
7.796745661311503539e-02
7.342891771319501326e-02
6.889037881327511603e-02
6.435183991335509390e-02
5.563578225328161958e-02
5.032362876814803349e-02
5.305706696923618432e-02
7.456355243817468226e-02
7.002501353825488217e-02
6.548647463833487392e-02
5.836922045436953449e-02
4.964026921787562802e-02
8.018515175739447665e-02
7.569818716315444840e-02
7.115964826323466219e-02
6.228886768611813229e-02
5.666726836689912894e-02
5.104566904768011865e-02
5.169034786869182441e-02
7.322262049047151278e-02
7.215245364759284574e-02
6.369426751592262292e-02
5.807266819670361957e-02
5.245106887748461622e-02
5.018179942752529210e-02
7.789009515459362210e-02
7.059233090074494565e-02
6.509966734572826541e-02
5.947806802650914410e-02
5.385646870729014074e-02
4.991103432270057455e-02
5.099409474199967374e-02
5.207715516129866190e-02
6.650506717553275604e-02
6.088346785631363473e-02
5.526186853709463137e-02
4.964026921787562802e-02
4.964026921787562802e-02
4.964026921787562802e-02
6.775574408829442008e-02
6.208257046339451385e-02
5.666726836689912894e-02
5.104566904767909169e-02
5.045256453235000965e-02
4.964026921787562802e-02
6.917403749452025186e-02
6.369426751592262292e-02
5.807266819670464653e-02
5.245106887748461622e-02
5.018179942752506312e-02
4.964026921787562802e-02
4.964026921787562802e-02
6.448593310812507362e-02
5.947806802650822816e-02
5.385646870729014074e-02
4.964026921787562802e-02
4.964026921787562802e-02
4.964026921787562802e-02
4.964026921787562802e-02
5.686067201320254422e-02
5.268315325304862712e-02
4.964026921787562802e-02
4.964026921787562802e-02
4.964026921787562802e-02
4.964026921787562802e-02
4.964026921787562802e-02
4.964026921787562802e-02
5.040099022666830186e-02
4.964026921787562802e-02
4.964026921787562802e-02
4.964026921787562802e-02
4.964026921787562802e-02
4.612290157043721223e-02
4.835091157585313937e-02
4.964026921787562802e-02
4.964026921787562802e-02
4.964026921787562802e-02
4.964026921787562802e-02
5.496531627942906340e-02
5.163877356301092153e-02
4.964026921787562802e-02
4.964026921787562802e-02
4.964026921787562802e-02
4.964026921787562802e-02
4.846695376363514829e-02
5.241238814822390957e-02
4.964026921787562802e-02
4.964026921787562802e-02
4.964026921787562802e-02
4.964026921787562802e-02
4.817040150596946235e-02
4.641687511281895190e-02
4.899559039686484513e-02
4.964026921787562802e-02
4.964026921787562802e-02
4.061476572371638255e-02
4.725495758013407294e-02
4.577219629180724614e-02
4.835091157585313937e-02
4.964026921787562802e-02
4.964026921787562802e-02
4.680368240542670533e-02
4.254880218675057002e-02
4.512751747079646325e-02
4.770623275484144055e-02
4.964026921787562802e-02
4.964026921787562802e-02
4.176229402511692779e-02
4.190412336573978713e-02
4.448283864978475749e-02
4.706155393383065072e-02
4.964026921787562802e-02
4.958869491219472514e-02
4.084685009928039345e-02
4.450862580262549689e-02
4.383815982877305867e-02
4.641687511281895190e-02
4.899559039686484513e-02
4.960158848861492137e-02
3.803605043967140525e-02
4.061476572371638255e-02
4.319348100776227578e-02
4.577219629180724614e-02
4.819618865881043074e-02
3.532839939142273789e-02
3.739137161865970643e-02
3.997008690270559272e-02
4.254880218675057002e-02
4.512751747079646325e-02
3.352329869259132455e-02
3.442584904200777368e-02
3.674669279764800067e-02
3.932540808169389390e-02
4.190412336573978713e-02
4.448283864978475749e-02
