4.494502961809836994e-01
4.429128843782219049e-01
4.457675434162908790e-01
4.498412955138184066e-01
4.320955057315568615e-01
3.923033378484928613e-01
3.864585649879706541e-01
3.782791177243596814e-01
3.671960859632451557e-01
3.648484725956774866e-01
3.527990619250752080e-01
3.470776135697388742e-01
3.372824131168750683e-01
3.310470452661585794e-01
3.246770313163375721e-01
3.189353658290035032e-01
3.074601217071344927e-01
3.050259790146169769e-01
3.012296059680977245e-01
2.982835654933990166e-01
2.955340355417180875e-01
2.843034187170208060e-01
2.848189555829610531e-01
2.821705112912681890e-01
2.765299314639225181e-01
2.757487414835332884e-01
2.741443098881992113e-01
2.752978994399853940e-01
2.697369751127105530e-01
2.651780118472393810e-01
2.621062208115155223e-01
2.576916078685078659e-01
2.560904110142933621e-01
2.554588278106866839e-01
2.525018700847095898e-01
2.486403978731576980e-01
2.450720740755714944e-01
2.445177203161962576e-01
2.449507712835856665e-01
2.488223520611365369e-01
2.488425691931342998e-01
2.444251258516464409e-01
2.319309382770957939e-01
2.297272708893515203e-01
2.275510988011239522e-01
2.405535450740957648e-01
2.304753047732648052e-01
2.281301174615369132e-01
2.251480904918827797e-01
2.184461112346602063e-01
2.189009967046072758e-01
2.189009967046078309e-01
2.293330368153972676e-01
2.229949659341325385e-01
2.114004407334775792e-01
2.111477265835069450e-01
2.062652892060732046e-01
2.056587752461435381e-01
2.217010694862827647e-01
2.187291510826270824e-01
1.959949861512644276e-01
1.962072660372400357e-01
1.965812829791966643e-01
1.947111982694132992e-01
2.025655540505023888e-01
1.821866849968662438e-01
1.911529830378260741e-01
1.918100398277501339e-01
1.823484220528476252e-01
1.787214685724681229e-01
1.836221013686996084e-01
1.811960455289811367e-01
1.828235246547924853e-01
1.803267088530816631e-01
1.786211915977595766e-01
1.778197844853729170e-01
1.698744516102944080e-01
1.785172755392925303e-01
1.770515334694618415e-01
1.753532943816590306e-01
1.745583567515105738e-01
1.690657663303883063e-01
1.661443907567271838e-01
1.745749347997491707e-01
1.660570527464951540e-01
1.617875988112321417e-01
1.593110001415198040e-01
1.644057174049287917e-01
1.664577563026909957e-01
1.608980450033361265e-01
1.569112265733987044e-01
1.551159452520065041e-01
1.578141236884134102e-01
1.571376584517715780e-01
1.537007460121709024e-01
1.450627741948525562e-01
1.541556314821178053e-01
1.518913126983805484e-01
1.513959929644380642e-01
1.444449386410038838e-01
1.456138932131088026e-01
1.415704668135779332e-01
1.403574388937184059e-01
1.449366192911867857e-01
1.434001172593653839e-01
1.408325414956634603e-01
1.401552675737423315e-01
1.418838323595413842e-01
1.388310454278956219e-01
1.400036390837595679e-01
1.352020702343166014e-01
1.362129268341993049e-01
1.353840244222952460e-01
1.376483432060326972e-01
1.353840244222952460e-01
1.345854477083883172e-01
1.333319855245334029e-01
1.336857853344924352e-01
1.336857853344924352e-01
1.336857853344924352e-01
1.355963043082708541e-01
1.336857853344924352e-01
1.334027454865253925e-01
1.336857853344924352e-01
1.336857853344924352e-01
1.296322503689625594e-01
1.308553868548207044e-01
1.327861229605969140e-01
1.327153629986049244e-01
1.314214665507551505e-01
1.211208377979497985e-01
1.246891615955361687e-01
1.282878110911187808e-01
1.318864605867012263e-01
1.150152639346580935e-01
1.226573398297721162e-01
1.201403068960642112e-01
1.192608616541657590e-01
1.215656147018982502e-01
1.294401876149852970e-01
1.123466025109679522e-01
1.140751672967673519e-01
1.163799203444998431e-01
1.186846733922326813e-01
1.209894264399651725e-01
1.066655884196267140e-01
1.111942259871014360e-01
1.109111861391342130e-01
1.106281462911669899e-01
1.114065058730773911e-01
1.157734063845707179e-01
1.047247437478517063e-01
1.034813901299961453e-01
1.101413177526634618e-01
1.145098356347170054e-01
1.103147807452035251e-01
1.127610537169194405e-01
1.050482178598145105e-01
1.038554070719526073e-01
1.049066979358310725e-01
1.107696662151505945e-01
1.089197986373655475e-01
1.133675676768494678e-01
1.053716919717767736e-01
1.042294240139094302e-01
1.031073731880395028e-01
1.031073731880395028e-01
1.031073731880395028e-01
1.069890625315891575e-01
1.015708711562177263e-01
1.023391221721287880e-01
1.031073731880395028e-01
1.031073731880395028e-01
1.031073731880395028e-01
1.031073731880395028e-01
1.031073731880395028e-01
1.005296888583386006e-01
1.028950933020642694e-01
1.031073731880395028e-01
1.001253462183855497e-01
1.031073731880395028e-01
9.795200452863750407e-02
1.018336938721873391e-01
1.026828134160888417e-01
9.420172654307319704e-02
9.871014697854994802e-02
9.375694963912403757e-02
9.743646766269743742e-02
1.017629339101953634e-01
1.024705335301134279e-01
9.098720255544531788e-02
9.729494773871436020e-02
9.485878333299653520e-02
9.692093079675735690e-02
9.898307826051801206e-02
9.151284798738455739e-02
9.021895153953461699e-02
9.587974849887787032e-02
9.434324646705609385e-02
9.614257121484767743e-02
9.701190789074695675e-02
9.021895153953461699e-02
9.054242565149704658e-02
8.982471746558018388e-02
9.278652730323670716e-02
8.963265471160254683e-02
9.603137698886028695e-02
9.091280350969360713e-02
9.021895153953461699e-02
8.995612882356499029e-02
8.943048339162611160e-02
9.345369265915938473e-02
8.982471746558018388e-02
8.083820229262272949e-02
9.021895153953461699e-02
9.008754018154979670e-02
8.956189474961073760e-02
8.957200331560936923e-02
8.569031397205971456e-02
8.633726219598460150e-02
9.013808301154399572e-02
9.021895153953461699e-02
8.969330610759555789e-02
8.641813072397538931e-02
8.245557285243493295e-02
8.919151689141274764e-02
9.011786587954638550e-02
9.019873440753700677e-02
8.937994056163191259e-02
8.569031397205989498e-02
8.310252107636018071e-02
8.031255686068403121e-02
9.009764874754878916e-02
7.707781574105836142e-02
8.949113478761912266e-02
8.633726219598478191e-02
8.374946930028488723e-02
8.116167640458517296e-02
7.843236358490185411e-02
7.859410064088324932e-02
8.923842063764776678e-02
8.698421041990947455e-02
8.439641752420977416e-02
8.180862462851005990e-02
8.164688757252883122e-02
7.784606675696978395e-02
9.021895153953461699e-02
8.763115864383490272e-02
8.504336574813464722e-02
8.219275013646550054e-02
7.968582576875622714e-02
7.879627196085932372e-02
7.499545114530045686e-02
8.727735883387569005e-02
8.538463093625535405e-02
8.281948122839313808e-02
8.031255686068403121e-02
7.742150698501895634e-02
7.566261650122277360e-02
8.825788973576181862e-02
8.633726219598478191e-02
8.344621232032005398e-02
8.093928795261094711e-02
7.806845520894419022e-02
7.645108464913180635e-02
8.796474132179488148e-02
8.531629703010289167e-02
8.107069931059558698e-02
8.156601904453822383e-02
7.871540343286907715e-02
7.612761053716918247e-02
7.353981764146948208e-02
7.362068616946008948e-02
8.203101308048392493e-02
8.219275013646550054e-02
7.968582576875622714e-02
7.677455876109406940e-02
7.418676586539435514e-02
7.360046903746247926e-02
8.299132685037316493e-02
8.281948122839313808e-02
8.000929988071865673e-02
7.742150698501895634e-02
7.483371408931906166e-02
7.358025190546486904e-02
8.395164062026132246e-02
8.344621232032005398e-02
7.982734569274001213e-02
7.806845520894419022e-02
7.548066231324448982e-02
7.356003477346707842e-02
8.491195439014984081e-02
7.372177182944830709e-02
7.696662151507170646e-02
7.353981764146948208e-02
7.612761053716918247e-02
7.353981764146948208e-02
7.362068616946008948e-02
7.370155469745069687e-02
7.794715241695783503e-02
7.361745142834036360e-02
7.677455876109406940e-02
7.418676586539381390e-02
7.353981764146948208e-02
7.368133756545308666e-02
7.376220609344369405e-02
8.000929988071865673e-02
7.353981764146948208e-02
7.483371408931906166e-02
7.358025190546468863e-02
7.353981764146948208e-02
7.353981764146948208e-02
7.353981764146948208e-02
7.432828578937707154e-02
7.548066231324448982e-02
7.356003477346707842e-02
7.364090330145769969e-02
7.353981764146948208e-02
7.353981764146948208e-02
7.353981764146948208e-02
7.353981764146948208e-02
7.353981764146948208e-02
7.353981764146948208e-02
7.353981764146948208e-02
7.353981764146948208e-02
7.353981764146948208e-02
7.323656066150464883e-02
7.404524594141038973e-02
7.353981764146948208e-02
7.353981764146948208e-02
7.353981764146948208e-02
7.353981764146948208e-02
7.269069809756797951e-02
7.325677779350242558e-02
7.353981764146948208e-02
7.353981764146948208e-02
7.353981764146948208e-02
7.353981764146948208e-02
7.254917817358454146e-02
7.311525786951864059e-02
7.353981764146948208e-02
7.353981764146948208e-02
7.353981764146948208e-02
7.353981764146948208e-02
7.240765824960075647e-02
7.297373794553520254e-02
7.353981764146948208e-02
7.353981764146948208e-02
7.129571598972964108e-02
7.194266421365469455e-02
7.258961243757958148e-02
7.283221802155158409e-02
7.339829771748604403e-02
7.353981764146948208e-02
7.353981764146948208e-02
7.155853870569925390e-02
7.212461840163369997e-02
7.269069809756797951e-02
7.325677779350242558e-02
7.353981764146948208e-02
7.353981764146948208e-02
7.161919010169243149e-02
7.198309847765009539e-02
7.254917817358454146e-02
7.311525786951864059e-02
7.320623496350804615e-02
7.353981764146948208e-02
7.127549885773221128e-02
7.184157855366665735e-02
7.240765824960075647e-02
7.297373794553520254e-02
7.353981764146948208e-02
7.353981764146948208e-02
7.353981764146948208e-02
7.170005862968287236e-02
7.226613832561713802e-02
7.283221802155158409e-02
7.339829771748604403e-02
7.353981764146948208e-02
7.099245900976497436e-02
7.155853870569925390e-02
7.212461840163369997e-02
7.269069809756797951e-02
7.325677779350242558e-02
7.315569213351331979e-02
7.085093908578136979e-02
7.141701878171581586e-02
7.198309847765009539e-02
7.254917817358454146e-02
7.302428077552922114e-02
6.982997391989984037e-02
7.070941916179775133e-02
7.127549885773221128e-02
7.184157855366665735e-02
7.240765824960075647e-02
