4.910161090458488586e-01
4.471809169764559555e-01
4.076827757125155993e-01
3.878562577447334236e-01
3.763940520446096283e-01
3.540582403965302771e-01
3.581164807930606875e-01
3.313197026022304814e-01
3.336431226765800284e-01
3.065365551425031643e-01
3.119578686493185704e-01
2.939900867410159546e-01
3.004956629491946085e-01
2.862453531598513345e-01
2.955390334572489119e-01
2.647397769516727228e-01
2.766418835192069325e-01
2.546468401486988165e-01
2.620817843866170005e-01
2.470570012391573034e-01
2.264560099132589266e-01
2.370384138785624206e-01
2.196406443618339477e-01
2.284696406443617045e-01
2.007434944237917185e-01
2.237174721189590654e-01
2.007434944237917185e-01
2.163878562577445930e-01
1.964064436183395046e-01
2.026022304832713339e-01
1.964064436183395046e-01
1.995043370508053637e-01
1.942379182156133699e-01
1.945477075588600002e-01
1.942379182156133699e-01
1.920693928128872074e-01
1.911400247831473997e-01
1.871127633209417329e-01
1.911400247831473997e-01
1.855638166047088589e-01
1.908302354399008527e-01
1.866480793060718291e-01
1.827757125154894080e-01
1.843246592317225041e-01
1.827757125154894080e-01
1.790582403965302882e-01
1.793680297397770296e-01
1.787484510532837412e-01
1.824659231722428887e-01
1.809169764560097926e-01
1.793680297397770296e-01
1.757001239157371109e-01
1.793680297397770296e-01
1.744361833952912111e-01
1.768897149938042368e-01
1.717781908302353777e-01
1.768897149938041258e-01
1.744114002478315550e-01
1.768897149938042368e-01
1.722428748451053926e-01
1.710037174721188435e-01
1.722428748451053926e-01
1.744114002478313330e-01
1.710037174721188435e-01
1.710037174721188435e-01
1.660470879801734523e-01
1.685254027261461340e-01
1.658921933085500955e-01
1.685254027261461340e-01
1.644981412639404672e-01
1.685254027261461340e-01
1.637236679058239330e-01
1.685254027261461340e-01
1.631784386617099736e-01
1.685254027261461340e-01
1.615551425030977706e-01
1.685254027261461340e-01
1.604708798017348004e-01
1.555142503097892148e-01
1.587670384138785695e-01
1.555142503097892148e-01
1.575278810408919927e-01
1.564436183395290225e-01
1.579925650557618966e-01
1.555142503097892148e-01
1.572180916976456955e-01
1.555142503097892148e-01
1.556691449814128214e-01
1.555142503097892148e-01
1.558240396530360672e-01
1.555142503097892148e-01
1.516418835192070436e-01
1.545848822800495181e-01
1.507125154894672081e-01
1.555142503097892148e-01
1.490334572490704113e-01
1.465303593556381845e-01
1.510223048327135331e-01
1.465303593556381845e-01
1.511771995043371120e-01
1.465303593556381845e-01
1.468897149938040436e-01
1.465303593556381845e-01
1.469950433705080883e-01
1.465303593556381845e-01
1.462205700123916374e-01
1.465303593556381845e-01
1.451363073110285562e-01
1.465303593556381845e-01
1.448265179677820369e-01
1.465303593556381845e-01
1.448265179677820369e-01
1.465303593556381845e-01
1.445167286245355176e-01
1.465303593556381845e-01
1.452912019826518297e-01
1.437422552664188447e-01
1.448265179677820369e-01
1.431226765799257783e-01
1.445167286245355176e-01
1.431226765799257783e-01
1.431226765799257783e-01
1.431226765799257783e-01
1.381660470879801927e-01
1.431226765799257783e-01
1.421933085501859706e-01
1.431226765799257783e-01
1.366171003717472077e-01
1.431226765799257783e-01
1.410285006195786395e-01
1.431226765799257783e-01
1.414188351920693254e-01
1.431226765799257783e-01
1.350681536555142226e-01
1.431226765799257783e-01
1.347583643122677033e-01
1.431226765799257783e-01
1.352912019826515710e-01
1.431226765799257783e-01
1.347583643122677033e-01
1.431226765799257783e-01
1.347583643122677033e-01
1.369268897149938657e-01
1.322800495662950215e-01
1.431226765799257783e-01
1.325898389095415408e-01
1.263940520446096005e-01
1.338289962825278956e-01
1.263940520446096005e-01
1.347583643122677033e-01
1.325898389095415408e-01
1.325898389095415408e-01
1.325898389095415408e-01
1.313506815365551861e-01
1.263940520446096005e-01
1.293370508054524082e-01
1.263940520446096005e-01
1.324349442379182673e-01
1.263940520446096005e-01
1.271685254027261625e-01
1.263940520446096005e-01
1.265489467162329851e-01
1.263940520446096005e-01
1.263940520446096005e-01
1.263940520446096005e-01
1.271685254027261625e-01
1.263940520446096005e-01
1.263940520446096005e-01
1.263940520446096005e-01
1.263940520446096005e-01
1.263940520446096005e-01
1.263940520446096005e-01
1.263940520446096005e-01
1.239157372986369188e-01
1.263940520446096005e-01
1.263940520446096005e-01
1.263940520446096005e-01
1.222118959107806740e-01
1.263940520446096005e-01
1.263940520446096005e-01
1.263940520446096005e-01
1.239157372986369188e-01
1.263940520446096005e-01
1.239157372986369188e-01
1.263940520446096005e-01
1.222118959107806740e-01
1.263940520446096005e-01
1.215923172242874967e-01
1.263940520446096005e-01
1.215923172242874967e-01
1.263940520446096005e-01
1.215923172242874967e-01
1.167905824039653928e-01
1.215923172242874967e-01
1.217472118959107702e-01
1.215923172242874967e-01
1.217472118959107702e-01
1.209727385377943332e-01
1.167905824039653928e-01
1.209727385377943332e-01
1.167905824039653928e-01
1.205080545229245403e-01
1.167905824039653928e-01
1.215923172242874967e-01
1.167905824039653928e-01
1.209727385377943332e-01
1.167905824039653928e-01
1.191140024783148149e-01
1.167905824039653928e-01
1.191140024783148149e-01
1.167905824039653928e-01
1.152416356877324077e-01
1.167905824039653928e-01
1.184944237918216514e-01
1.167905824039653928e-01
1.167905824039653928e-01
1.167905824039653928e-01
1.146220570012392442e-01
1.167905824039653928e-01
1.167905824039653928e-01
1.167905824039653928e-01
1.167905824039653928e-01
1.167905824039653928e-01
1.167905824039653928e-01
1.167905824039653928e-01
1.146220570012392442e-01
1.167905824039653928e-01
1.129182156133829856e-01
1.167905824039653928e-01
1.104399008674103039e-01
1.167905824039653928e-01
1.167905824039653928e-01
1.167905824039653928e-01
1.119888475836431779e-01
1.167905824039653928e-01
1.166604708798016921e-01
1.167905824039653928e-01
1.161710037174722293e-01
1.167905824039653928e-01
1.127881040892192849e-01
1.167905824039653928e-01
1.098203221809171404e-01
1.167905824039653928e-01
1.098203221809171404e-01
1.167905824039653928e-01
1.129182156133829856e-01
1.155514250309790519e-01
1.122986369268898221e-01
1.167905824039653928e-01
1.098203221809171404e-01
1.167905824039653928e-01
1.098203221809171404e-01
1.167905824039653928e-01
1.098203221809171404e-01
1.155514250309790519e-01
1.098203221809171404e-01
1.028500619578686520e-01
1.098203221809171404e-01
1.155514250309790519e-01
1.098203221809171404e-01
1.167905824039653928e-01
1.098203221809171404e-01
1.155514250309790519e-01
1.098203221809171404e-01
1.040892193308549929e-01
1.098203221809171404e-01
1.028500619578686520e-01
1.040892193308551039e-01
1.028500619578686520e-01
1.082713754646841553e-01
1.028500619578686520e-01
1.088909541511773188e-01
1.028500619578686520e-01
1.082713754646841553e-01
1.028500619578686520e-01
1.092007434944239630e-01
1.028500619578686520e-01
1.082713754646841553e-01
1.028500619578686520e-01
1.092007434944239630e-01
1.028500619578686520e-01
1.082713754646841553e-01
1.028500619578686520e-01
1.059479553903346222e-01
1.028500619578686520e-01
1.028500619578686520e-01
1.028500619578686520e-01
1.028500619578686520e-01
1.028500619578686520e-01
1.082713754646841553e-01
1.028500619578686520e-01
1.082713754646841553e-01
1.028500619578686520e-01
1.028500619578686520e-01
1.028500619578686520e-01
1.028500619578686520e-01
1.028500619578686520e-01
1.034696406443619404e-01
1.028500619578686520e-01
1.028500619578686520e-01
1.028500619578686520e-01
1.028500619578686520e-01
1.028500619578686520e-01
1.028500619578686520e-01
1.028500619578686520e-01
1.028500619578686520e-01
1.028500619578686520e-01
1.028500619578686520e-01
1.028500619578686520e-01
1.028500619578686520e-01
1.028500619578686520e-01
1.028500619578686520e-01
1.028500619578686520e-01
1.016109045848823111e-01
1.028500619578686520e-01
1.028500619578686520e-01
1.028500619578686520e-01
1.028500619578686520e-01
1.028500619578686520e-01
1.016109045848823111e-01
1.028500619578686520e-01
1.016109045848823111e-01
1.028500619578686520e-01
1.009913258983890366e-01
1.028500619578686520e-01
1.016109045848823111e-01
1.028500619578686520e-01
1.028500619578686520e-01
1.028500619578686520e-01
1.000619578686492150e-01
1.028500619578686520e-01
1.006815365551425034e-01
1.028500619578686520e-01
1.016109045848823111e-01
1.028500619578686520e-01
1.006815365551425034e-01
1.028500619578686520e-01
1.006815365551425034e-01
1.028500619578686520e-01
1.006815365551425034e-01
9.913258983890951836e-02
1.000619578686492150e-01
1.028500619578686520e-01
1.000619578686492150e-01
1.028500619578686520e-01
1.000619578686492150e-01
1.028500619578686520e-01
1.000619578686492150e-01
1.028500619578686520e-01
1.000619578686492150e-01
1.028500619578686520e-01
1.000619578686492150e-01
1.009913258983890366e-01
1.000619578686492150e-01
9.727385377942988909e-02
1.000619578686492150e-01
9.913258983890951836e-02
1.000619578686492150e-01
1.028500619578686520e-01
1.000619578686492150e-01
1.028500619578686520e-01
1.000619578686492150e-01
9.913258983890951836e-02
1.000619578686492150e-01
9.727385377942988909e-02
1.000619578686492150e-01
9.727385377942988909e-02
9.928748451053277801e-02
9.913258983890951836e-02
1.000619578686492150e-01
9.727385377942988909e-02
1.000619578686492150e-01
9.727385377942988909e-02
1.000619578686492150e-01
9.727385377942988909e-02
1.000619578686492150e-01
9.727385377942988909e-02
9.727385377942988909e-02
9.727385377942988909e-02
9.928748451053277801e-02
9.727385377942988909e-02
9.913258983890940734e-02
9.727385377942988909e-02
9.897769516728613381e-02
9.727385377942988909e-02
9.897769516728613381e-02
9.727385377942988909e-02
1.000619578686492150e-01
9.727385377942988909e-02
9.820322180916971067e-02
9.727385377942988909e-02
9.835811648079297032e-02
9.727385377942988909e-02
9.820322180916971067e-02
9.727385377942988909e-02
