4.552299067077359984e-01
4.250581691670176077e-01
3.922760210073791276e-01
3.599601125711880401e-01
3.424149622177410368e-01
3.290376049814967563e-01
3.108072772397898476e-01
3.018184235601745757e-01
2.982028497351917884e-01
2.947237795554770168e-01
2.931672834445010478e-01
2.800230460699804635e-01
2.742659605114453059e-01
2.666253019256764056e-01
2.744255102266934809e-01
2.688634298756840679e-01
2.599508055044651433e-01
2.484100427681874834e-01
2.460513661444367062e-01
2.399007246216234845e-01
2.480776475280873083e-01
2.454184856072861021e-01
2.277572185166306662e-01
2.224388946750282814e-01
2.255634099319697994e-01
2.197797327542268808e-01
2.153921155849049252e-01
2.141839696855540043e-01
2.148523057149822058e-01
2.063952844195271197e-01
2.062623263234871773e-01
2.047554679016995449e-01
2.028054158264454843e-01
2.067941587076473631e-01
2.085669333215149079e-01
1.975092516675159837e-01
1.884681011367917991e-01
1.940745008531477855e-01
1.957143173709751660e-01
1.973762935714760414e-01
1.839253661887562119e-01
1.834821725352891730e-01
1.810889268065680735e-01
1.733348106455115112e-01
1.786735213951734791e-01
1.790502360006204496e-01
1.739535089857511818e-01
1.745075010525850567e-01
1.763689143971457485e-01
1.679039156159283508e-01
1.648254924989473458e-01
1.593281184213440893e-01
1.713608261129700439e-01
1.701642032486093137e-01
1.662862587807742709e-01
1.623196755822454707e-01
1.566689565005426887e-01
1.548297028386554919e-01
1.532342056861746848e-01
1.674607219624615062e-01
1.593724377866908570e-01
1.530968156535996438e-01
1.509074390054732651e-01
1.493784209010127484e-01
1.507080018614134487e-01
1.407804640237549920e-01
1.534558025129079961e-01
1.484033948633857181e-01
1.460544685000109977e-01
1.429556584749706039e-01
1.438925698583994606e-01
1.407139849757351180e-01
1.391184878232543110e-01
1.427526757816829361e-01
1.412972278236975798e-01
1.360161322489862878e-01
1.362820484410663668e-01
1.358166951049262494e-01
1.366809227291864437e-01
1.413344560905886726e-01
1.362820484410663668e-01
1.352848627207658694e-01
1.332018525494712557e-01
1.342876770004653442e-01
1.345535931925456175e-01
1.310302036474838561e-01
1.310745230128304573e-01
1.293903871296562813e-01
1.297006226870831558e-01
1.258448379019212193e-01
1.247590134509273252e-01
1.271965785449952202e-01
1.262437121900412684e-01
1.243822988454803685e-01
1.233629534425067509e-01
1.204600350122985580e-01
1.130143816340549584e-01
1.230527178850798764e-01
1.210805061271521127e-01
1.187758991291243821e-01
1.172025616593170838e-01
1.152303499013895283e-01
1.137456511622753769e-01
1.193910519201362014e-01
1.185986216677376581e-01
1.192190927825912267e-01
1.174463181687236957e-01
1.152525095840626207e-01
1.149865933919825139e-01
1.130143816340549584e-01
1.182662264276374831e-01
1.136791721142553085e-01
1.178230327741706523e-01
1.124603895672212639e-01
1.125490282979148410e-01
1.126155073459347150e-01
1.105768165399868830e-01
1.129257429033615895e-01
1.124603895672212639e-01
1.087597225607727647e-01
1.104216987612736400e-01
1.124603895672212639e-01
1.125490282979146328e-01
1.124603895672212639e-01
1.116848006736542581e-01
1.078733352538391033e-01
1.099120260597867271e-01
1.123274314711811273e-01
1.112637667028607280e-01
1.006492787023288288e-01
1.055022492077912905e-01
1.073636625523521904e-01
1.092915549449331586e-01
1.112637667028607280e-01
1.027659715912863092e-01
1.033084406231302294e-01
1.057016863518515232e-01
1.063886365147249657e-01
1.043499457087773280e-01
1.072085447736389474e-01
1.118620781350409960e-01
1.003833625102487220e-01
1.007157577503488971e-01
1.018459015666893785e-01
1.046158619008574348e-01
9.320362532408524303e-02
9.971857203004837189e-02
9.945265583796827902e-02
9.900946218450125402e-02
9.989584949143510972e-02
1.008930352117356349e-01
9.318146564141194244e-02
9.163028785427773659e-02
9.892082345380788511e-02
9.909810091519460906e-02
9.969641234737508517e-02
9.838899106964768548e-02
9.213996055576463562e-02
9.129789261417756152e-02
9.852194916568783600e-02
9.918673964588797798e-02
9.838899106964787977e-02
9.931969774192832279e-02
9.253883484388489289e-02
9.067742149932399298e-02
8.974671482704353609e-02
9.052230372061054187e-02
9.608438407161995487e-02
9.453320628448592944e-02
9.222859928645819882e-02
9.098765705675086746e-02
8.974671482704353609e-02
8.992399228843027392e-02
9.599574534092658595e-02
9.138653134487091656e-02
9.253883484388489289e-02
9.129789261417775581e-02
8.996831165377705553e-02
8.974671482704353609e-02
8.974671482704353609e-02
8.850577259733620472e-02
8.886032752010987468e-02
9.107629578744423637e-02
8.832849513594948077e-02
8.837281450129626237e-02
8.806257894386937402e-02
8.841713386664284968e-02
8.877168878941650576e-02
8.850577259733620472e-02
8.872736942406972416e-02
8.795178053050271838e-02
8.775234338644269383e-02
8.832849513594948077e-02
8.868305005872313684e-02
8.903760498149661251e-02
8.912624371218996755e-02
8.753074655970917439e-02
8.788530148248263618e-02
8.823985640525611185e-02
8.753074655970917439e-02
8.792962084782941778e-02
8.753074655970917439e-02
8.753074655970917439e-02
8.719835131960899932e-02
8.815121767456274293e-02
8.850577259733620472e-02
8.797394021317600510e-02
8.753074655970917439e-02
8.815121767456274293e-02
8.730914973297565496e-02
8.686595607950882425e-02
8.753074655970917439e-02
8.753074655970917439e-02
8.753074655970917439e-02
8.726483036762908152e-02
8.741994814634251876e-02
8.697675449287547988e-02
8.573581226316835668e-02
8.753074655970917439e-02
8.753074655970917439e-02
8.717619163693571260e-02
8.753074655970917439e-02
8.673299798346867373e-02
8.593524940722838124e-02
8.753074655970917439e-02
8.673299798346888190e-02
8.708755290624234369e-02
8.744210782901580548e-02
8.693243512752890645e-02
8.613468655128840579e-02
8.753074655970917439e-02
8.586877035920829904e-02
8.699891417554897477e-02
8.735346909832243656e-02
8.713187227158893100e-02
8.633412369534862463e-02
8.753074655970917439e-02
8.581115518425781741e-02
8.332040685177395656e-02
8.407383606266748133e-02
8.733130941564914984e-02
8.653356083940864918e-02
8.511534114831478814e-02
8.387439891860745678e-02
8.345956965896253466e-02
8.458350876415439423e-02
8.753074655970917439e-02
8.673299798346867373e-02
8.442839098544094312e-02
8.398519733197430670e-02
8.354200367850728171e-02
8.332040685177376227e-02
8.640060274336870683e-02
8.524829924435473050e-02
8.453918939880761263e-02
8.409599574534076805e-02
8.365280209187413163e-02
8.152547255523294456e-02
8.245617922751338758e-02
8.451702971613450632e-02
8.358632304385386902e-02
8.420679415870743756e-02
8.376360050524080114e-02
8.172490969929316340e-02
8.092716112305266274e-02
8.502670241762141923e-02
8.387439891860745678e-02
8.272209541959349433e-02
8.272209541959349433e-02
8.192434684335318795e-02
8.112659826711268729e-02
8.032884969087239480e-02
8.416247479336085024e-02
8.442839098544094312e-02
8.398519733197430670e-02
8.212378398741321250e-02
8.132603541117292001e-02
8.052828683493241935e-02
8.059476588295248767e-02
8.329824716910047555e-02
8.409599574534076805e-02
8.232322113147344522e-02
8.152547255523294456e-02
8.072772397899263819e-02
8.050612715225913263e-02
8.086068207503259442e-02
8.154763223790642557e-02
8.252265827553346977e-02
8.172490969929316340e-02
8.092716112305266274e-02
8.041748842156576371e-02
8.077204334433922550e-02
8.272209541959349433e-02
8.041748842156576371e-02
8.192434684335318795e-02
8.112659826711268729e-02
8.032884969087239480e-02
8.068340461364585658e-02
8.032884969087239480e-02
8.079420302701272039e-02
8.032884969087239480e-02
8.132603541117292001e-02
8.052828683493241935e-02
8.059476588295248767e-02
8.032884969087239480e-02
8.032884969087239480e-02
8.032884969087239480e-02
8.152547255523294456e-02
8.072772397899263819e-02
8.032884969087239480e-02
8.032884969087239480e-02
8.032884969087239480e-02
8.032884969087239480e-02
8.043521616770435423e-02
7.975269794136541357e-02
8.032884969087239480e-02
8.032884969087239480e-02
8.032884969087239480e-02
8.041748842156576371e-02
8.032884969087239480e-02
7.696057792452405677e-02
8.032884969087239480e-02
8.032884969087239480e-02
8.032884969087239480e-02
8.032884969087239480e-02
8.032884969087239480e-02
7.789128459680470795e-02
7.948678174928530682e-02
8.032884969087239480e-02
8.032884969087239480e-02
8.032884969087239480e-02
8.032884969087239480e-02
8.032884969087239480e-02
7.824583951957816974e-02
8.032884969087239480e-02
8.032884969087239480e-02
8.032884969087239480e-02
8.032884969087239480e-02
7.303831409134224628e-02
7.720433443393087680e-02
8.032884969087239480e-02
8.032884969087239480e-02
8.032884969087239480e-02
6.898309216212027140e-02
7.199680900569493947e-02
7.616282934828376427e-02
8.032884969087239480e-02
8.032884969087239480e-02
8.032884969087239480e-02
6.785294834577980383e-02
7.095530392004782694e-02
7.512132426263665175e-02
7.928734460522528227e-02
8.032884969087239480e-02
8.032884969087239480e-02
8.032884969087239480e-02
7.124337979480141470e-02
7.407981917698934493e-02
7.824583951957816974e-02
8.032884969087239480e-02
8.032884969087239480e-02
6.559266071309845236e-02
7.011323597846075284e-02
7.303831409134224628e-02
7.720433443393087680e-02
8.015157222948565696e-02
8.032884969087239480e-02
8.032884969087239480e-02
6.783078866310650323e-02
7.199680900569493947e-02
7.616282934828376427e-02
8.032884969087239480e-02
8.032884969087239480e-02
8.032884969087239480e-02
6.678928357745919642e-02
7.095530392004782694e-02
7.512132426263665175e-02
7.928734460522528227e-02
5.768165399871493654e-02
8.032884969087239480e-02
6.590378265783219947e-02
6.991379883440071441e-02
7.407981917698934493e-02
7.824583951957816974e-02
7.997429476809891913e-02
6.107208544773636005e-02
6.470627340616479095e-02
6.887229374875361576e-02
7.303831409134224628e-02
7.720433443393087680e-02
5.524408890464685418e-02
5.861236067099537955e-02
6.366476832051767842e-02
6.783078866310650323e-02
7.199680900569493947e-02
