4.340198321891685640e-01
3.770633104500380473e-01
3.867276887871853863e-01
3.325705568268498280e-01
3.478260869565217850e-01
3.033943554538519605e-01
3.150266971777270220e-01
2.816552250190693663e-01
2.742181540808542595e-01
2.547673531655225143e-01
2.406559877955758708e-01
2.374141876430206632e-01
2.181540808543096510e-01
2.252402745995421840e-01
2.090007627765065046e-01
2.116704805491989860e-01
2.070938215102974822e-01
2.030892448512585657e-01
1.998474446987032194e-01
1.947292143401981313e-01
1.918382913806255252e-01
1.849733028222731446e-01
1.876430205949656260e-01
1.809992372234933422e-01
1.792524790236460497e-01
1.744851258581235631e-01
1.838291380625476923e-01
1.700991609458429032e-01
1.697177726926010488e-01
1.655225019069411219e-01
1.666666666666665741e-01
1.619298245614033405e-01
1.651411136536994062e-01
1.563691838291381142e-01
1.651411136536994062e-01
1.502669717772691926e-01
1.544622425629290918e-01
1.523646071700991977e-01
1.544622425629290918e-01
1.474065598779557007e-01
1.487414187643021357e-01
1.428299008390540581e-01
1.411136536994661572e-01
1.414950419527079006e-01
1.369183829138062580e-01
1.355835240274600728e-01
1.369183829138062580e-01
1.342486651411136378e-01
1.369183829138062580e-01
1.313882532418003124e-01
1.369183829138062580e-01
1.279557589626239833e-01
1.369183829138062580e-01
1.226163234172387428e-01
1.155606407322654905e-01
1.235697940503433373e-01
1.155606407322654905e-01
1.228070175438597533e-01
1.155606407322654905e-01
1.188024408848206981e-01
1.155606407322654905e-01
1.180396643783371141e-01
1.060259344012204896e-01
1.140350877192983226e-01
1.140350877192983226e-01
1.140350877192983226e-01
1.060259344012204896e-01
1.100305110602594061e-01
1.060259344012204896e-01
1.126010678871089826e-01
1.060259344012204896e-01
1.085049580472920994e-01
1.060259344012204896e-01
1.056445461479786352e-01
1.014492753623188470e-01
1.048817696414951761e-01
1.014492753623188470e-01
1.008771929824562597e-01
1.003051106025935474e-01
1.029748283752860150e-01
1.014492753623188470e-01
9.973302822273082124e-02
9.572845156369190478e-02
9.897025171624709849e-02
9.572845156369190478e-02
9.820747520976365330e-02
9.572845156369190478e-02
9.858886346300538284e-02
9.572845156369190478e-02
9.610983981693362044e-02
9.572845156369190478e-02
9.496567505720832081e-02
9.420289855072473684e-02
9.496567505720832081e-02
9.420289855072473684e-02
9.477498093058744910e-02
9.420289855072473684e-02
9.496567505720832081e-02
9.420289855072473684e-02
9.363081617086201069e-02
9.420289855072473684e-02
9.477498093058744910e-02
9.420289855072473684e-02
9.324942791762015626e-02
9.420289855072473684e-02
9.363081617086201069e-02
9.420289855072473684e-02
9.248665141113657229e-02
9.420289855072473684e-02
9.267734553775756889e-02
9.420289855072473684e-02
9.267734553775756889e-02
9.305873379099928455e-02
9.191456903127384614e-02
9.420289855072473684e-02
9.191456903127384614e-02
9.420289855072473684e-02
9.191456903127384614e-02
9.077040427154840774e-02
8.943554538520209762e-02
9.077040427154840774e-02
9.191456903127384614e-02
9.077040427154840774e-02
9.134248665141112000e-02
9.077040427154840774e-02
8.886346300533937148e-02
9.077040427154840774e-02
8.829138062547665922e-02
9.077040427154840774e-02
8.886346300533937148e-02
9.077040427154840774e-02
8.829138062547665922e-02
9.077040427154840774e-02
8.829138062547665922e-02
9.077040427154840774e-02
8.714721586575120693e-02
9.077040427154840774e-02
8.771929824561393307e-02
9.077040427154840774e-02
8.829138062547665922e-02
9.077040427154840774e-02
8.771929824561393307e-02
9.077040427154840774e-02
8.695652173913048788e-02
9.077040427154840774e-02
8.695652173913048788e-02
9.077040427154840774e-02
8.714721586575120693e-02
8.466819221967959719e-02
8.714721586575120693e-02
8.962623951182309423e-02
8.695652173913048788e-02
8.962623951182309423e-02
8.647597254004571465e-02
8.962623951182309423e-02
8.695652173913048788e-02
8.352402745995428368e-02
8.657513348588861957e-02
8.352402745995428368e-02
8.638443935926776174e-02
8.352402745995428368e-02
8.638443935926790052e-02
8.352402745995428368e-02
8.352402745995428368e-02
8.352402745995428368e-02
8.352402745995428368e-02
8.352402745995428368e-02
8.352402745995428368e-02
8.352402745995428368e-02
8.352402745995428368e-02
8.352402745995428368e-02
8.562166285278417777e-02
8.352402745995428368e-02
8.352402745995428368e-02
8.352402745995428368e-02
8.333333333333328707e-02
8.352402745995428368e-02
8.276125095347069971e-02
8.352402745995428368e-02
8.199847444698711574e-02
8.352402745995428368e-02
8.237986270022898405e-02
8.352402745995428368e-02
8.333333333333328707e-02
8.199847444698711574e-02
8.199847444698711574e-02
8.352402745995428368e-02
8.199847444698711574e-02
8.352402745995428368e-02
8.237986270022898405e-02
8.352402745995428368e-02
8.199847444698711574e-02
8.199847444698711574e-02
8.199847444698711574e-02
8.199847444698711574e-02
8.199847444698711574e-02
8.199847444698697696e-02
8.199847444698711574e-02
8.199847444698697696e-02
8.199847444698711574e-02
8.047292143401980902e-02
8.123569794050339299e-02
8.047292143401980902e-02
8.123569794050339299e-02
8.047292143401980902e-02
8.123569794050353177e-02
8.047292143401980902e-02
8.047292143401980902e-02
8.047292143401980902e-02
8.123569794050339299e-02
8.047292143401980902e-02
8.047292143401980902e-02
8.047292143401980902e-02
8.047292143401980902e-02
8.047292143401980902e-02
8.047292143401980902e-02
8.047292143401980902e-02
8.047292143401980902e-02
8.047292143401980902e-02
7.494279176201372461e-02
8.047292143401980902e-02
8.047292143401980902e-02
8.047292143401980902e-02
8.047292143401980902e-02
8.047292143401980902e-02
7.437070938215113725e-02
8.047292143401980902e-02
8.047292143401980902e-02
8.047292143401980902e-02
8.047292143401980902e-02
8.047292143401980902e-02
8.047292143401980902e-02
8.047292143401980902e-02
7.856598016781078664e-02
8.047292143401980902e-02
8.047292143401980902e-02
8.047292143401980902e-02
7.437070938215113725e-02
8.047292143401980902e-02
7.246376811594211487e-02
8.047292143401980902e-02
7.246376811594211487e-02
8.047292143401980902e-02
7.170099160945839212e-02
8.047292143401980902e-02
7.341723874904655667e-02
8.047292143401980902e-02
7.170099160945853090e-02
8.047292143401980902e-02
7.227307398932111826e-02
8.047292143401980902e-02
7.360793287566742837e-02
6.674294431731503385e-02
7.093821510297480815e-02
7.513348588863459632e-02
7.170099160945839212e-02
8.047292143401980902e-02
7.093821510297480815e-02
8.047292143401980902e-02
7.093821510297480815e-02
7.513348588863459632e-02
7.093821510297480815e-02
8.047292143401980902e-02
7.093821510297480815e-02
7.513348588863459632e-02
7.093821510297480815e-02
8.047292143401980902e-02
7.093821510297480815e-02
6.674294431731503385e-02
7.093821510297480815e-02
6.674294431731503385e-02
7.093821510297480815e-02
7.513348588863459632e-02
7.093821510297480815e-02
6.674294431731503385e-02
6.922196796338664360e-02
6.140350877192980728e-02
7.093821510297480815e-02
6.140350877192980728e-02
6.845919145690319840e-02
6.140350877192980728e-02
7.093821510297480815e-02
6.140350877192980728e-02
6.750572082379847905e-02
6.140350877192980728e-02
7.093821510297480815e-02
6.140350877192980728e-02
6.845919145690319840e-02
6.140350877192980728e-02
6.922196796338664360e-02
6.140350877192980728e-02
6.922196796338664360e-02
6.140350877192980728e-02
6.718535469107543567e-02
6.140350877192980728e-02
6.759725400457670952e-02
6.140350877192980728e-02
6.140350877192980728e-02
6.140350877192980728e-02
6.674294431731503385e-02
6.140350877192980728e-02
6.655225019069403725e-02
6.140350877192980728e-02
6.159420289855080388e-02
6.140350877192980728e-02
6.140350877192980728e-02
6.140350877192980728e-02
6.655225019069403725e-02
6.140350877192980728e-02
6.140350877192980728e-02
6.140350877192980728e-02
6.140350877192980728e-02
6.140350877192980728e-02
6.140350877192980728e-02
6.140350877192980728e-02
6.140350877192980728e-02
6.140350877192980728e-02
6.140350877192980728e-02
6.140350877192980728e-02
6.140350877192980728e-02
6.140350877192980728e-02
6.140350877192980728e-02
6.140350877192980728e-02
6.140350877192980728e-02
6.140350877192980728e-02
6.140350877192980728e-02
6.140350877192980728e-02
6.140350877192980728e-02
6.140350877192980728e-02
6.140350877192980728e-02
6.140350877192980728e-02
6.140350877192980728e-02
6.140350877192980728e-02
6.140350877192980728e-02
6.140350877192980728e-02
6.140350877192980728e-02
6.140350877192980728e-02
6.140350877192980728e-02
6.140350877192980728e-02
6.140350877192980728e-02
6.140350877192980728e-02
6.140350877192980728e-02
6.140350877192980728e-02
6.140350877192980728e-02
6.140350877192980728e-02
6.140350877192980728e-02
6.140350877192980728e-02
6.140350877192980728e-02
6.140350877192980728e-02
6.140350877192980728e-02
6.140350877192980728e-02
6.140350877192980728e-02
6.140350877192980728e-02
6.140350877192980728e-02
6.140350877192980728e-02
5.892448512585819059e-02
6.140350877192980728e-02
5.720823798627002604e-02
6.140350877192980728e-02
5.720823798627002604e-02
6.140350877192980728e-02
6.140350877192980728e-02
6.140350877192980728e-02
5.720823798627002604e-02
6.140350877192980728e-02
5.968726163234164273e-02
6.140350877192980728e-02
5.720823798627002604e-02
6.140350877192980728e-02
5.892448512585819059e-02
6.140350877192980728e-02
5.720823798627002604e-02
6.140350877192980728e-02
5.720823798627002604e-02
5.644546147978644207e-02
5.720823798627002604e-02
6.140350877192980728e-02
5.720823798627002604e-02
5.644546147978644207e-02
5.720823798627002604e-02
6.140350877192980728e-02
5.720823798627002604e-02
5.644546147978644207e-02
5.720823798627002604e-02
5.301296720061024481e-02
5.720823798627002604e-02
5.797101449275361001e-02
5.720823798627002604e-02
5.644546147978644207e-02
5.720823798627002604e-02
5.644546147978644207e-02
5.720823798627002604e-02
5.644546147978644207e-02
5.720823798627002604e-02
5.301296720061024481e-02
