3.929858275282248625e-01
3.372567859716552596e-01
3.151573384578428838e-01
2.894547201537354120e-01
2.757626711506124817e-01
2.611097766034111145e-01
2.627912563055490036e-01
2.399711746336775364e-01
2.450156137400912038e-01
2.189094403074703932e-01
2.166706701897671006e-01
2.083017055008407059e-01
1.936103771318761213e-01
1.919288974297382322e-01
1.883257266394428031e-01
1.831563776122988596e-01
1.767955801104972302e-01
1.715109296180639398e-01
1.522940187364880404e-01
1.621426855632957242e-01
1.489310593322122622e-01
1.515733845784290879e-01
1.470093682440547223e-01
1.472495796300743731e-01
1.460485226999759523e-01
1.396012490992071253e-01
1.393226038914243958e-01
1.369204900312275541e-01
1.325966850828728394e-01
1.285130915205383029e-01
1.330771078549123076e-01
1.246697093442228760e-01
1.162623108335336108e-01
1.203459043958684943e-01
1.162623108335336108e-01
1.170213788133556143e-01
1.162623108335336108e-01
1.145808311313955413e-01
1.080951237088638162e-01
1.090559692529427527e-01
1.071342781647850462e-01
1.077684362238767596e-01
1.071342781647850462e-01
1.037713187605092680e-01
9.272159500360316331e-02
9.800624549603648150e-02
9.272159500360316331e-02
9.584434302185929067e-02
9.272159500360316331e-02
9.320201777564263157e-02
9.272159500360316331e-02
9.079990391544562334e-02
9.272159500360316331e-02
8.911842421330791464e-02
8.791736728320932726e-02
8.743694451116985900e-02
7.878933461446076258e-02
8.623588758107143815e-02
7.878933461446076258e-02
8.263271679077584253e-02
7.878933461446076258e-02
8.263271679077600906e-02
7.446552966610621438e-02
7.878933461446076258e-02
7.446552966610621438e-02
7.999039154455934997e-02
7.446552966610621438e-02
7.806870045640164346e-02
7.446552966610621438e-02
7.302426134998797613e-02
7.446552966610621438e-02
7.330290655777069175e-02
6.918087917367272965e-02
7.302426134998780960e-02
7.206341580590920615e-02
7.278404996396815874e-02
6.918087917367272965e-02
7.110257026183026963e-02
6.677876531347572142e-02
7.062214748979096790e-02
6.677876531347572142e-02
6.949795820321884310e-02
6.677876531347572142e-02
6.677876531347572142e-02
6.677876531347572142e-02
6.629834254143641969e-02
6.677876531347572142e-02
6.773961085755449141e-02
6.677876531347572142e-02
6.629834254143641969e-02
6.677876531347572142e-02
6.509728561133799885e-02
6.341580590920010974e-02
6.509728561133799885e-02
6.581791976939695143e-02
6.533749699735764971e-02
6.245496036512134669e-02
6.461686283929853059e-02
6.341580590920010974e-02
6.413644006725906233e-02
6.245496036512134669e-02
6.197453759308187843e-02
6.245496036512134669e-02
6.341580590920010974e-02
6.245496036512134669e-02
6.245496036512134669e-02
6.245496036512134669e-02
6.197453759308187843e-02
6.245496036512134669e-02
6.173432620706240104e-02
6.245496036512134669e-02
6.085034830650958015e-02
6.245496036512134669e-02
6.029305789094416279e-02
5.717030987268803544e-02
6.029305789094416279e-02
6.245496036512134669e-02
5.981263511890468759e-02
5.717030987268803544e-02
5.981263511890468759e-02
5.717030987268803544e-02
5.909200096084556847e-02
5.717030987268803544e-02
5.861157818880610021e-02
5.717030987268803544e-02
5.861157818880610021e-02
5.717030987268803544e-02
5.861157818880610021e-02
5.717030987268803544e-02
5.717030987268803544e-02
5.717030987268803544e-02
5.789094403074698109e-02
5.717030987268803544e-02
5.644967571462891631e-02
5.717030987268803544e-02
5.717030987268803544e-02
5.717030987268803544e-02
5.644967571462891631e-02
5.717030987268803544e-02
5.644967571462891631e-02
5.717030987268803544e-02
5.644967571462891631e-02
5.717030987268803544e-02
5.644967571462891631e-02
5.717030987268803544e-02
5.644967571462891631e-02
5.572904155656979719e-02
5.644967571462891631e-02
5.476819601249102720e-02
5.524861878453032199e-02
5.476819601249102720e-02
5.524861878453032199e-02
5.332692769637278896e-02
5.452798462647137634e-02
5.332692769637278896e-02
5.524861878453032199e-02
5.332692769637278896e-02
5.524861878453032199e-02
5.332692769637278896e-02
5.504684122027390936e-02
5.332692769637278896e-02
5.524861878453032199e-02
5.332692769637278896e-02
5.404756185443190808e-02
5.332692769637278896e-02
5.404756185443190808e-02
5.332692769637278896e-02
5.332692769637278896e-02
5.332692769637278896e-02
5.380735046841225722e-02
5.332692769637278896e-02
5.380735046841225722e-02
5.332692769637278896e-02
5.332692769637278896e-02
5.332692769637278896e-02
5.332692769637278896e-02
5.332692769637278896e-02
5.332692769637278896e-02
5.332692769637278896e-02
5.332692769637278896e-02
5.332692769637278896e-02
5.332692769637278896e-02
5.332692769637278896e-02
5.260629353831366983e-02
5.332692769637278896e-02
5.308671631035313809e-02
5.332692769637278896e-02
5.308671631035313809e-02
5.332692769637278896e-02
5.308671631035313809e-02
5.332692769637278896e-02
5.260629353831366983e-02
5.332692769637278896e-02
5.260629353831366983e-02
5.332692769637278896e-02
5.260629353831366983e-02
5.188565938025471724e-02
5.260629353831366983e-02
5.332692769637278896e-02
5.260629353831366983e-02
5.332692769637278896e-02
5.260629353831366983e-02
5.188565938025471724e-02
5.260629353831366983e-02
5.188565938025471724e-02
5.188565938025471724e-02
5.188565938025471724e-02
5.260629353831366983e-02
5.188565938025471724e-02
5.260629353831366983e-02
5.188565938025471724e-02
5.188565938025471724e-02
5.188565938025471724e-02
5.260629353831366983e-02
5.188565938025471724e-02
5.188565938025471724e-02
5.188565938025471724e-02
5.188565938025471724e-02
5.188565938025471724e-02
5.260629353831366983e-02
5.188565938025471724e-02
5.188565938025471724e-02
5.188565938025471724e-02
5.188565938025471724e-02
5.188565938025471724e-02
5.188565938025471724e-02
5.188565938025471724e-02
5.188565938025471724e-02
5.188565938025471724e-02
5.188565938025471724e-02
5.188565938025471724e-02
5.188565938025471724e-02
5.188565938025471724e-02
5.188565938025455071e-02
5.188565938025471724e-02
5.107854912322836588e-02
5.188565938025471724e-02
5.020417967811682813e-02
5.188565938025471724e-02
5.188565938025471724e-02
5.188565938025471724e-02
5.020417967811666160e-02
5.188565938025471724e-02
5.020417967811666160e-02
5.188565938025471724e-02
5.020417967811666160e-02
5.188565938025471724e-02
4.948354552005770901e-02
5.188565938025471724e-02
5.020417967811666160e-02
5.188565938025471724e-02
4.996396829209717727e-02
5.188565938025471724e-02
5.020417967811682813e-02
5.188565938025471724e-02
4.948354552005770901e-02
5.188565938025471724e-02
4.948354552005770901e-02
5.188565938025471724e-02
4.948354552005770901e-02
5.188565938025471724e-02
4.948354552005770901e-02
5.188565938025471724e-02
4.948354552005770901e-02
5.188565938025471724e-02
4.948354552005770901e-02
5.188565938025471724e-02
4.948354552005770901e-02
5.188565938025471724e-02
4.948354552005770901e-02
5.044439106413647900e-02
4.948354552005770901e-02
5.044439106413647900e-02
4.948354552005770901e-02
4.852269997597893902e-02
4.948354552005770901e-02
4.708143165986070078e-02
4.948354552005770901e-02
4.708143165986070078e-02
4.948354552005770901e-02
4.708143165986070078e-02
4.876291136199858989e-02
4.852269997597893902e-02
4.924333413403805815e-02
4.708143165986070078e-02
4.924333413403805815e-02
4.708143165986070078e-02
4.924333413403805815e-02
4.708143165986070078e-02
4.876291136199858989e-02
4.708143165986070078e-02
4.852269997597893902e-02
4.708143165986070078e-02
4.852269997597893902e-02
4.708143165986070078e-02
4.852269997597893902e-02
4.708143165986070078e-02
4.852269997597893902e-02
4.708143165986070078e-02
4.924333413403805815e-02
4.708143165986070078e-02
4.708143165986070078e-02
4.708143165986070078e-02
4.708143165986070078e-02
4.708143165986070078e-02
4.708143165986070078e-02
4.708143165986070078e-02
4.708143165986070078e-02
4.708143165986070078e-02
4.708143165986070078e-02
4.708143165986070078e-02
4.708143165986070078e-02
4.708143165986070078e-02
4.708143165986070078e-02
4.708143165986070078e-02
4.708143165986070078e-02
4.708143165986070078e-02
4.708143165986070078e-02
4.708143165986070078e-02
4.708143165986070078e-02
4.708143165986070078e-02
4.708143165986070078e-02
4.708143165986070078e-02
4.708143165986070078e-02
4.708143165986070078e-02
4.708143165986070078e-02
4.708143165986070078e-02
4.708143165986070078e-02
4.708143165986070078e-02
4.708143165986070078e-02
4.708143165986070078e-02
4.708143165986070078e-02
4.708143165986070078e-02
4.708143165986070078e-02
4.708143165986070078e-02
4.708143165986070078e-02
4.708143165986070078e-02
4.708143165986070078e-02
4.708143165986070078e-02
4.708143165986070078e-02
4.708143165986070078e-02
4.647609896709110899e-02
4.708143165986070078e-02
4.708143165986070078e-02
4.708143165986070078e-02
4.708143165986070078e-02
4.708143165986070078e-02
4.564016334374263600e-02
4.708143165986070078e-02
4.636079750180175513e-02
4.708143165986070078e-02
4.708143165986070078e-02
4.708143165986070078e-02
4.564016334374263600e-02
4.708143165986070078e-02
4.564016334374263600e-02
4.708143165986070078e-02
4.564016334374263600e-02
4.708143165986070078e-02
4.539995195772281167e-02
4.708143165986070078e-02
4.564016334374263600e-02
4.708143165986070078e-02
4.564016334374263600e-02
4.708143165986070078e-02
4.636079750180175513e-02
4.708143165986070078e-02
4.539995195772281167e-02
4.708143165986070078e-02
4.539995195772281167e-02
4.708143165986070078e-02
4.539995195772281167e-02
4.708143165986070078e-02
4.539995195772281167e-02
4.708143165986070078e-02
4.539995195772281167e-02
4.419889502762439776e-02
4.539995195772281167e-02
4.708143165986070078e-02
4.539995195772281167e-02
4.708143165986070078e-02
4.539995195772281167e-02
4.708143165986070078e-02
4.539995195772281167e-02
4.708143165986070078e-02
4.539995195772281167e-02
4.371847225558492950e-02
4.539995195772281167e-02
4.419889502762439776e-02
4.539995195772281167e-02
4.419889502762439776e-02
4.539995195772281167e-02
4.419889502762439776e-02
4.539995195772281167e-02
4.419889502762439776e-02
