6.915740701381508648e-01
6.453942614240170128e-01
6.039583421891603354e-01
5.510325185972370088e-01
5.067375132837406149e-01
4.879651434643993424e-01
4.664527098831030560e-01
4.670053134962805497e-01
4.580021253985121499e-01
4.170414452709881314e-01
4.035902231668437867e-01
4.008671625929861038e-01
3.924981934112645732e-01
3.806299681190223327e-01
3.739426142401698905e-01
3.589015940488841649e-01
3.652497343251859263e-01
3.590860786397448989e-01
3.532412327311370559e-01
3.469168969181719575e-01
3.442295430393199074e-01
3.490967056323060480e-01
3.394899043570668851e-01
3.372369819341125563e-01
3.338567481402760495e-01
3.325611052072263707e-01
3.283740701381508975e-01
3.288841657810838703e-01
3.251009564293305676e-01
3.188310308182783492e-01
3.179383634431455219e-01
3.180998937300744678e-01
3.135387885228480553e-01
3.192136025504782038e-01
3.161317747077574958e-01
3.131562167906480343e-01
3.002125398512220378e-01
3.076514346439956915e-01
3.008289054197662016e-01
3.056110520722635226e-01
3.075239107332623512e-01
2.892837407013813533e-01
2.879472901168966814e-01
2.914771519659934973e-01
2.939638682252921908e-01
2.825819341126459272e-01
2.784272051009563653e-01
2.812539851222105591e-01
2.855447396386820436e-01
2.817853347502656813e-01
2.747927736450583303e-01
2.752391073326248550e-01
2.747502656748140315e-01
2.766843783209351759e-01
2.746227417640808577e-01
2.733475026567481758e-01
2.729011689691816511e-01
2.719234856535600042e-01
2.724548352816153485e-01
2.731562167906481653e-01
2.717321997874601602e-01
2.720510095642933446e-01
2.697555791710944950e-01
2.670580233793836689e-01
2.702826780021253539e-01
2.713921360255048820e-01
2.701381509032943495e-01
2.690329436769395288e-01
2.618490967056323337e-01
2.632943676939424882e-01
2.660573857598300118e-01
2.715196599362380003e-01
2.616790648246544726e-01
2.598937300743890400e-01
2.599149840595111893e-01
2.605951115834218568e-01
2.636556854410201933e-01
2.669500531349628392e-01
2.601700318809776480e-01
2.564293304994686995e-01
2.561530286928798139e-01
2.595111583421891854e-01
2.526673751328373241e-01
2.503294367693941758e-01
2.508820403825716694e-01
2.551965993623803164e-01
2.517534537725825139e-01
2.513190223166842374e-01
2.492879914984058309e-01
2.507545164718383290e-01
2.497343251859723279e-01
2.543039319872474890e-01
2.510614240170030986e-01
2.472901168969181551e-01
2.481402763018064894e-01
2.494087141339000335e-01
2.481402763018064894e-01
2.497343251859723279e-01
2.496280552603613312e-01
2.471625929861848148e-01
2.467800212539851823e-01
2.477151965993623361e-01
2.467375132837406615e-01
2.471200850159403217e-01
2.481402763018064894e-01
2.466737513283739913e-01
2.461211477151966642e-01
2.414240170031879684e-01
2.460148777895855010e-01
2.473326248671624816e-01
2.457173219978744938e-01
2.434643995749201373e-01
2.428505844845907924e-01
2.408289054197663426e-01
2.384008501594048757e-01
2.461636556854409907e-01
2.447566418703505109e-01
2.431455897980869807e-01
2.410201912858661588e-01
2.404463336875665158e-01
2.389798087141340177e-01
2.460148777895855010e-01
2.439744952178533322e-01
2.434643995749201373e-01
2.405313496280551411e-01
2.384059511158343470e-01
2.387885228480339794e-01
2.434431455897981822e-01
2.361742826780021676e-01
2.433368756641869912e-01
2.415727948990434859e-01
2.386822529224230105e-01
2.375770456960681898e-01
2.341339001062699987e-01
2.360892667375133203e-01
2.424442082890541639e-01
2.381509032943678328e-01
2.371732199787461859e-01
2.378533475026568256e-01
2.339426142401701825e-01
2.335812964930925051e-01
2.405951115834218113e-01
2.380446333687566696e-01
2.367481402763018383e-01
2.359617428267801742e-01
2.310962805526034503e-01
2.327311370882041708e-01
2.333262486716259909e-01
2.387460148777894864e-01
2.327311370882041708e-01
2.363655685441021781e-01
2.236981934112646508e-01
2.329011689691818376e-01
2.331774707757706955e-01
2.336238044633369981e-01
2.362805526036131643e-01
2.098831030818280041e-01
2.200425079702444942e-01
2.280977683315623394e-01
2.328586609989373168e-01
2.323485653560043440e-01
2.327311370882041708e-01
2.057598299681189513e-01
2.153666312433579477e-01
2.252709883103081456e-01
2.327948990435708410e-01
2.324123273113710142e-01
2.327311370882041708e-01
2.028480340063761322e-01
2.109670563230606477e-01
2.198299681190223065e-01
2.327311370882041708e-01
2.324760892667376844e-01
1.876726886291181506e-01
1.999149840595113303e-01
2.082465462274178392e-01
2.188097768331563331e-01
2.294367693942616915e-01
2.321572794899045000e-01
1.842082890541978102e-01
1.939426142401701469e-01
2.055260361317750029e-01
2.153878852284804857e-01
2.261424017003190179e-01
2.323485653560043440e-01
1.806588735387886224e-01
1.925611052072264684e-01
2.028055260361320000e-01
2.085228480340064749e-01
2.228480340063763443e-01
2.324973432518598337e-01
1.780021253985122898e-01
1.886291179596174539e-01
1.992561105207228123e-01
2.018916046758768013e-01
2.147927736450584713e-01
1.631243358129649546e-01
1.748352816153031508e-01
1.859723698193413155e-01
1.891392136025508430e-01
2.020616365568544681e-01
2.128586609989371325e-01
1.635919234856536286e-01
1.721785334750264296e-01
1.824229543039321277e-01
1.939426142401699527e-01
1.945802337938364879e-01
2.092029755579169481e-01
1.632518597236982949e-01
1.685653560042507659e-01
1.798937300743891354e-01
1.817215727948989501e-01
1.956004250797026556e-01
1.635706695005314515e-01
1.633156216790647708e-01
1.658448459086077631e-01
1.767268862911798022e-01
1.795749202975557846e-01
1.773219978746020109e-01
1.636344314558979274e-01
1.633793836344314410e-01
1.631243358129649546e-01
1.631243358129649546e-01
1.751328374070139637e-01
1.843145589798091677e-01
1.636981934112645976e-01
1.605738575982997851e-01
1.626142401700319540e-01
1.631243358129649546e-01
1.632943676939424271e-01
1.631243358129649546e-01
1.631243358129649546e-01
1.635069075451647813e-01
1.621041445270989534e-01
1.685653560042507659e-01
1.631243358129649546e-01
1.631243358129649546e-01
1.631243358129649546e-01
1.591073326248670927e-01
1.615940488841657863e-01
1.631243358129649546e-01
1.631243358129649546e-01
1.631243358129649546e-01
1.631243358129649546e-01
1.585334750265674220e-01
1.610839532412327857e-01
1.631243358129649546e-01
1.619553666312436302e-01
1.631243358129649546e-01
1.556641870350690959e-01
1.579596174282677790e-01
1.602550478214666285e-01
1.625504782146652838e-01
1.586609989373005958e-01
1.631243358129649546e-01
1.550903294367694529e-01
1.573857598299681082e-01
1.596811902231667635e-01
1.619766206163656130e-01
1.628692879914984404e-01
1.612327311370884697e-01
1.631243358129649546e-01
1.568119022316684374e-01
1.591073326248670927e-01
1.578320935175346051e-01
1.521572794899042624e-01
1.510095642933051152e-01
1.539426142401701114e-01
1.562380446333687667e-01
1.585334750265674220e-01
1.591285866099894364e-01
1.487778958554729358e-01
1.614452709883106574e-01
1.533687566418704407e-01
1.549628055260362791e-01
1.487778958554729358e-01
1.487778958554729358e-01
1.487778958554729358e-01
1.501168969181720936e-01
1.519022316684379426e-01
1.486291179596174461e-01
1.573857598299681082e-01
1.516471838469712619e-01
1.487778958554729358e-01
1.496705632306057632e-01
1.514558979808716122e-01
1.475026567481402540e-01
1.521360255047822796e-01
1.487778958554729358e-01
1.487778958554729358e-01
1.492242295430392662e-01
1.510095642933051152e-01
1.476301806588735943e-01
1.495132837407016912e-01
1.471200850159406215e-01
1.487778958554729358e-01
1.487778958554729358e-01
1.505632306057387848e-01
1.523485653560044673e-01
1.475664187035069241e-01
1.473113708820404377e-01
1.487778958554729358e-01
1.487778958554729358e-01
1.501168969181722879e-01
1.519022316684379426e-01
1.482678002125399352e-01
1.475026567481404483e-01
1.479489904357067787e-01
1.459723698193412800e-01
1.485228480340064494e-01
1.480127523910734488e-01
1.475026567481402540e-01
1.487778958554729358e-01
1.469287991498407775e-01
1.487778958554729358e-01
1.492242295430392662e-01
1.481402763018065949e-01
1.476301806588735943e-01
1.471200850159406215e-01
1.471200850159406215e-01
1.446546227417641051e-01
1.487778958554729358e-01
1.480977683315621019e-01
1.477577045696069624e-01
1.472476089266737675e-01
1.467375132837407670e-01
1.465462274176409507e-01
1.483528161530287826e-01
1.483953241232731091e-01
1.478852284803401085e-01
1.473751328374071079e-01
1.468650371944741073e-01
1.438044633368755765e-01
1.451222104144529457e-01
1.483953241232731091e-01
1.480127523910734488e-01
1.475026567481402540e-01
1.469925611052072811e-01
1.464824654622742806e-01
1.446971307120085981e-01
1.486078639744952690e-01
1.481402763018065949e-01
1.476301806588735943e-01
1.471200850159406215e-01
1.432093517534537563e-01
1.443995749202975909e-01
1.487778958554729358e-01
1.482678002125399352e-01
1.477577045696069624e-01
1.472476089266737675e-01
1.429117959617429434e-01
1.441020191285867780e-01
1.452922422954306125e-01
1.455897980871414532e-01
1.478852284803401085e-01
1.473751328374071079e-01
1.426142401700321305e-01
1.438044633368755765e-01
1.449946865037196053e-01
1.455897980871414532e-01
1.477577045696067681e-01
1.475026567481402540e-01
1.423166843783209290e-01
1.435069075451647636e-01
1.446971307120085981e-01
1.455897980871414532e-01
1.455897980871414532e-01
1.456110520722636026e-01
1.420191285866101161e-01
1.432093517534537563e-01
1.443995749202975909e-01
1.455897980871414532e-01
1.455897980871414532e-01
1.455897980871414532e-01
1.412114771519659140e-01
1.422316684378320817e-01
1.441020191285867780e-01
1.445270988310309312e-01
1.455897980871414532e-01
1.379383634431457784e-01
1.396386822529226135e-01
1.426142401700321305e-01
1.392136025504782659e-01
1.449946865037196053e-01
1.369606801275239372e-01
1.375132837407016251e-01
1.392136025504782659e-01
1.417215727948989146e-01
1.435069075451647636e-01
1.424017003188099428e-01
1.353878852284804424e-01
1.370882040382572775e-01
1.387885228480341127e-01
1.414665249734324282e-01
1.429968119022315964e-01
