1.043586269196025151e+00
9.440210027100269796e-01
9.587285456187895072e-01
8.559168925022584418e-01
8.577235772357723054e-01
7.701134823848236888e-01
7.777777777777776791e-01
7.240373757904245977e-01
7.186088527551942606e-01
6.778737579042451999e-01
6.820234869015356916e-01
6.475835591689249604e-01
6.366305329719963435e-01
6.105662827461605380e-01
6.163053297199638791e-01
5.835817524841913073e-01
5.844625112917796184e-01
5.633609981933151989e-01
5.693315266485998727e-01
5.449412827461607156e-01
5.309394760614272180e-01
5.168275745257451259e-01
5.237127371273712084e-01
5.080171635049685053e-01
5.112917795844624802e-01
4.895099367660341594e-01
4.950316169828365420e-01
4.757254968383017313e-01
4.652213188798554611e-01
4.731312104787715467e-01
4.586720867208672336e-01
4.524616079494129250e-01
4.561878952122853659e-01
4.468157181571816294e-01
4.561878952122853659e-01
4.385727190605238079e-01
4.523486901535682114e-01
4.332740514905148999e-01
4.346827009936709008e-01
4.242321589882564470e-01
4.342818428184282431e-01
4.136743450767835228e-01
4.322493224932249523e-01
3.921635049683830365e-01
4.162149954832881638e-01
3.912601626016260492e-01
4.141824751580848174e-01
3.830284552845530932e-01
4.019873532068654609e-01
3.773712737127373207e-01
4.087624209575429490e-01
3.687895212285455804e-01
3.694670280036133625e-01
3.615853658536584136e-01
3.588527551942186089e-01
3.560467479674794267e-01
3.346883468834688236e-01
3.481255645889790307e-01
3.328816621499548489e-01
3.289295392953928698e-01
3.328816621499548489e-01
3.308491418247513915e-01
3.150406504065039748e-01
3.225073396567295636e-01
3.261065943992772498e-01
3.205736224028905568e-01
3.261065943992772498e-01
3.167344173441734023e-01
3.073622402890695549e-01
3.081526648599819951e-01
3.012646793134598489e-01
3.086043360433605720e-01
3.073622402890695549e-01
2.981029810298103655e-01
3.012646793134598489e-01
2.897470641373079969e-01
2.981029810298103655e-01
2.917795844625113433e-01
2.940379403794038393e-01
2.846657633242999919e-01
2.940379403794038393e-01
2.829719963866305643e-01
2.940379403794038393e-01
2.739696251129176141e-01
2.940379403794038393e-01
2.757452574525743882e-01
2.678410117434507631e-01
2.741644083107497853e-01
2.678410117434507631e-01
2.721318879855466055e-01
2.678410117434507631e-01
2.658084914182475833e-01
2.576784101174345865e-01
2.668247515808492287e-01
2.576784101174345865e-01
2.575654923215899283e-01
2.576784101174345865e-01
2.531616982836493723e-01
2.472899728997290658e-01
2.574525745257450482e-01
2.472899728997290658e-01
2.476287262872629569e-01
2.472899728997290658e-01
2.429990966576331957e-01
2.387082204155374920e-01
2.471770551038843799e-01
2.384823848238481203e-01
2.415311653116532786e-01
2.387082204155374920e-01
2.415311653116532786e-01
2.384823848238481203e-01
2.379177958446250241e-01
2.384823848238481203e-01
2.371273712737125838e-01
2.384823848238481203e-01
2.409665763324300158e-01
2.373532068654019278e-01
2.365627822944894876e-01
2.357723577235771861e-01
2.302393857271906041e-01
2.357723577235771861e-01
2.371273712737125838e-01
2.357723577235771861e-01
2.357723577235771861e-01
2.357723577235771861e-01
2.348690153568201988e-01
2.357723577235771861e-01
2.257254968383017590e-01
2.231255645889792805e-01
2.296747967479675079e-01
2.231255645889792805e-01
2.075570234869014707e-01
2.231255645889792805e-01
2.240373757904245700e-01
2.219963866305330880e-01
2.088217028003613585e-01
2.231255645889792805e-01
2.061878952122855047e-01
2.219963866305330880e-01
2.017841011743451152e-01
2.219963866305330880e-01
2.006690379403794910e-01
2.219963866305330880e-01
2.017841011743451152e-01
1.793134598012647851e-01
2.030261969286359935e-01
2.219963866305330880e-01
1.967028003613371101e-01
1.702800361336948010e-01
1.961382113821140416e-01
2.219963866305330880e-01
1.877964092140922414e-01
1.793134598012647851e-01
1.900406504065041968e-01
1.702800361336948010e-01
1.916214995483289663e-01
2.129629629629631038e-01
1.877822944896116730e-01
1.702800361336948010e-01
1.813459801264679649e-01
1.702800361336948010e-01
1.899277326106595110e-01
1.702800361336948010e-01
1.688346883468834492e-01
1.702800361336948010e-01
1.641824751580849839e-01
1.614724480578140220e-01
1.658762420957544115e-01
1.702800361336948010e-01
1.641824751580849839e-01
1.580849141824751669e-01
1.641824751580849839e-01
1.614724480578140220e-01
1.641824751580849839e-01
1.668925022583559181e-01
1.580849141824751669e-01
1.580849141824751669e-01
1.624887082204155286e-01
1.580849141824751669e-01
1.484869015356820865e-01
1.580849141824751669e-01
1.543586269196026983e-01
1.668925022583559181e-01
1.526648599819332708e-01
1.580849141824751669e-01
1.566536811201445223e-01
1.580849141824751669e-01
1.526648599819332708e-01
1.580849141824751669e-01
1.467931345980126312e-01
1.580849141824751669e-01
1.467931345980126312e-01
1.580849141824751669e-01
1.484869015356820865e-01
1.472448057813912081e-01
1.476061427280934979e-01
1.580849141824751669e-01
1.427280939476061328e-01
1.463414634146340820e-01
1.413730803974705963e-01
1.355013550135501232e-01
1.413730803974705963e-01
1.355013550135501232e-01
1.367434507678410016e-01
1.355013550135501232e-01
1.367434507678410016e-01
1.355013550135501232e-01
1.355013550135501232e-01
1.463414634146340820e-01
1.354336043360432063e-01
1.355013550135501232e-01
1.355013550135501232e-01
1.355013550135501232e-01
1.355013550135501232e-01
1.355013550135501232e-01
1.355013550135501232e-01
1.262420957542909616e-01
1.300813008130080883e-01
1.355013550135501232e-01
1.254516711833784937e-01
1.355013550135501232e-01
1.355013550135499845e-01
1.264735772357722665e-01
1.300813008130080883e-01
1.355013550135501232e-01
1.300813008130080883e-01
1.154019873532068502e-01
1.254516711833784937e-01
1.156729900632299524e-01
1.251129177958446026e-01
1.262420957542909616e-01
1.254516711833784937e-01
1.154019873532068502e-01
1.254516711833784937e-01
1.154019873532068502e-01
1.221177732610659872e-01
1.154019873532068502e-01
1.251129177958446026e-01
1.154019873532068502e-01
1.204832881662150079e-01
1.154019873532068502e-01
1.204832881662150079e-01
1.154019873532068502e-01
1.154019873532068502e-01
1.154019873532068502e-01
1.251129177958446026e-01
1.154019873532068502e-01
1.154019873532068502e-01
1.154019873532068502e-01
1.154415085817524916e-01
1.154019873532068502e-01
1.141598915989159857e-01
1.154019873532068502e-01
1.141598915989159857e-01
1.154019873532068502e-01
1.120144534778682865e-01
1.154019873532068502e-01
1.120144534778682865e-01
1.154019873532068502e-01
1.138211382113822473e-01
1.154019873532068502e-01
1.120144534778682865e-01
1.154019873532068502e-01
1.123532068654020111e-01
1.154019873532068502e-01
1.150632339656731257e-01
1.093044263775970193e-01
1.120144534778682865e-01
1.086269196025294037e-01
1.116757000903343955e-01
1.086269196025294037e-01
1.091915085817526665e-01
1.154019873532068502e-01
1.117208672086721505e-01
1.086269196025294037e-01
1.116757000903343955e-01
1.086269196025294037e-01
1.091915085817526665e-01
1.086269196025294037e-01
1.120144534778682865e-01
1.086269196025294037e-01
1.086269196025294037e-01
1.086269196025294037e-01
1.086269196025294037e-01
1.086269196025294037e-01
1.089656729900632948e-01
1.086269196025294037e-01
1.088527551942187754e-01
1.086269196025294037e-01
1.086269196025294037e-01
1.086269196025294037e-01
1.088527551942187754e-01
1.086269196025294037e-01
1.088527551942187754e-01
1.086269196025294037e-01
1.058039747064137837e-01
1.086269196025294037e-01
1.061427280939476608e-01
1.086269196025294037e-01
1.086269196025294037e-01
1.086269196025294037e-01
1.036585365853657653e-01
1.086269196025294037e-01
1.033197831978320408e-01
1.086269196025294037e-01
1.061427280939476608e-01
1.086269196025294037e-01
1.033197831978320408e-01
1.086269196025294037e-01
1.033197831978320408e-01
1.029810298102981497e-01
1.033197831978320408e-01
1.029810298102981497e-01
1.033197831978320408e-01
9.801264679313451134e-02
1.033197831978320408e-01
9.801264679313451134e-02
1.036585365853657653e-01
9.815379403794016744e-02
1.033197831978320408e-01
9.801264679313451134e-02
1.061427280939476608e-01
9.801264679313451134e-02
1.033197831978320408e-01
9.801264679313451134e-02
1.033197831978320408e-01
9.801264679313451134e-02
1.004968383017164069e-01
9.801264679313451134e-02
1.008355916892501453e-01
9.801264679313451134e-02
1.008355916892501453e-01
9.801264679313451134e-02
1.033197831978320408e-01
9.801264679313451134e-02
1.001580849141825297e-01
9.801264679313451134e-02
1.008355916892501453e-01
9.801264679313451134e-02
9.801264679313451134e-02
9.801264679313451134e-02
9.801264679313451134e-02
9.801264679313451134e-02
9.801264679313451134e-02
9.801264679313451134e-02
9.801264679313451134e-02
9.801264679313451134e-02
1.008355916892501453e-01
9.801264679313451134e-02
9.801264679313451134e-02
9.801264679313451134e-02
9.801264679313451134e-02
9.801264679313451134e-02
9.801264679313451134e-02
9.801264679313451134e-02
9.801264679313451134e-02
9.801264679313451134e-02
9.801264679313451134e-02
9.801264679313451134e-02
9.801264679313451134e-02
9.801264679313451134e-02
9.767389340560078681e-02
9.801264679313451134e-02
9.767389340560078681e-02
9.801264679313451134e-02
9.801264679313451134e-02
9.801264679313451134e-02
9.801264679313451134e-02
9.801264679313451134e-02
9.767389340560078681e-02
9.801264679313451134e-02
9.767389340560078681e-02
9.801264679313451134e-02
9.767389340560078681e-02
9.801264679313451134e-02
9.767389340560078681e-02
9.801264679313451134e-02
9.767389340560078681e-02
9.733514001806689575e-02
9.767389340560078681e-02
9.801264679313451134e-02
9.767389340560078681e-02
9.735207768744334744e-02
9.767389340560078681e-02
9.801264679313451134e-02
9.767389340560078681e-02
9.733514001806689575e-02
9.767389340560078681e-02
9.801264679313451134e-02
9.733514001806689575e-02
9.733514001806689575e-02
9.733514001806689575e-02
9.733514001806689575e-02
9.767389340560078681e-02
9.733514001806689575e-02
