1.011804908356632282e+00
8.965711401056228880e-01
9.313451382416900737e-01
7.901910531220872613e-01
7.958993476234855757e-01
7.116068654861749110e-01
6.930723827275552251e-01
6.424433053743399125e-01
6.368437402920162915e-01
5.971380863622233193e-01
6.051568810189501546e-01
5.563839701770736390e-01
5.840323081702393226e-01
5.202275551413479970e-01
4.973594283939111182e-01
4.863311587449519191e-01
4.749922336129233646e-01
4.566674433053742321e-01
4.728176452314384326e-01
4.347662317489903172e-01
4.377135756446101644e-01
4.054287045666354339e-01
4.321217769493632122e-01
3.903502640571602789e-01
3.985709847778813875e-01
3.654900590245416248e-01
3.845914880397638957e-01
3.535259397328361919e-01
3.675365020192601917e-01
3.425015532774153271e-01
3.066169617893756416e-01
3.259203168685920193e-01
2.960546753650203367e-01
3.001203789996890747e-01
2.904628766697731623e-01
2.860166200683438853e-01
2.799005902454178019e-01
2.792831624728175366e-01
2.799005902454178019e-01
2.702702702702703963e-01
2.708915812364088294e-01
2.671637154395775648e-01
2.649891270580926328e-01
2.604846225535880078e-01
2.649891270580926328e-01
2.615719167443305015e-01
2.516309412861137407e-01
2.457284871077973776e-01
2.516309412861137407e-01
2.449712643678157997e-01
2.398260329294811810e-01
2.385834109972038986e-01
2.398260329294811810e-01
2.342342342342342287e-01
2.379621000310655765e-01
2.283317800559180599e-01
2.339235787511649012e-01
2.241767629698658559e-01
2.339235787511649012e-01
2.239826032929481681e-01
2.317489903696799691e-01
2.252252252252252285e-01
2.165268716992855835e-01
2.171481826654241276e-01
2.165268716992855835e-01
2.135756446101273742e-01
2.165268716992855835e-01
2.107797452625037871e-01
2.106244175209693037e-01
2.051879465672568348e-01
2.106244175209693037e-01
1.964895930413171621e-01
1.969866418142229847e-01
1.991301646474059328e-01
2.103137620379000872e-01
1.978875427151290667e-01
1.966449207828517842e-01
1.966449207828518952e-01
1.882572227399813281e-01
1.980428704566636888e-01
1.876359117738428950e-01
1.862379621000312124e-01
1.876359117738428950e-01
1.867350108729417812e-01
1.876359117738428950e-01
1.809568188878534767e-01
1.848400124262194189e-01
1.820557626592110845e-01
1.848400124262194189e-01
1.848400124262194189e-01
1.820441130785959427e-01
1.786385523454488422e-01
1.792482137309724666e-01
1.714818266542405545e-01
1.792482137309724666e-01
1.772289530910221289e-01
1.792482137309724666e-01
1.699285492388940555e-01
1.665268716992852338e-01
1.680684995340167021e-01
1.792482137309724666e-01
1.699285492388940555e-01
1.606088847468158387e-01
1.699285492388940555e-01
1.606088847468158387e-01
1.648066169617893872e-01
1.565703634669151634e-01
1.595215905560732617e-01
1.606088847468158387e-01
1.595526561043797975e-01
1.566713264989111898e-01
1.561043802423113525e-01
1.565703634669151634e-01
1.559490525007766470e-01
1.553277415346381030e-01
1.563063063063056812e-01
1.553277415346381030e-01
1.554830692761728084e-01
1.553277415346381030e-01
1.555296675986325428e-01
1.553277415346381030e-01
1.536191363777569818e-01
1.553277415346381030e-01
1.534638086362223597e-01
1.553277415346381030e-01
1.517552034793415716e-01
1.506679092885989946e-01
1.506679092885989946e-01
1.506679092885989946e-01
1.511338925132029443e-01
1.506679092885989946e-01
1.529978254116184377e-01
1.506679092885989946e-01
1.447654551102828258e-01
1.506679092885989946e-01
1.508310034172104797e-01
1.506679092885989946e-01
1.419695557626594606e-01
1.506679092885989946e-01
1.433675054364710322e-01
1.441441441441441706e-01
1.415501708605152453e-01
1.323392357875116943e-01
1.415035725380555109e-01
1.441441441441441706e-01
1.382416899658280018e-01
1.441441441441441706e-01
1.332712022367194549e-01
1.323392357875116943e-01
1.363777570674122586e-01
1.323392357875116943e-01
1.331158744951849715e-01
1.323392357875116943e-01
1.272134203168686639e-01
1.220876048462256475e-01
1.264367816091954144e-01
1.323392357875116943e-01
1.304753028890959787e-01
1.323392357875116943e-01
1.272134203168686639e-01
1.220876048462256475e-01
1.220876048462256475e-01
1.323392357875116943e-01
1.264367816091954144e-01
1.205343274308792456e-01
1.213109661385523841e-01
1.220876048462256475e-01
1.213109661385523841e-01
1.205731593662628665e-01
1.213109661385523841e-01
1.205343274308792456e-01
1.214391115253165426e-01
1.205343274308792456e-01
1.205343274308792456e-01
1.205343274308792456e-01
1.205343274308792456e-01
1.205343274308792456e-01
1.077003727865786381e-01
1.205343274308792456e-01
1.197576887232060933e-01
1.205343274308792456e-01
1.205343274308792456e-01
9.319664492078275075e-02
1.127795899347621561e-01
1.189810500155328438e-01
9.600807704255977237e-02
1.205343274308792456e-01
1.076421248835040811e-01
1.205343274308792456e-01
1.099992233612918924e-01
9.319664492078275075e-02
1.068654861758309427e-01
9.474992233612915260e-02
1.040695868282075637e-01
9.319664492078275075e-02
1.065548306927616151e-01
9.319664492078275075e-02
1.060888474681576793e-01
9.319664492078275075e-02
9.925442684063363885e-02
9.319664492078275075e-02
9.275396085740890417e-02
9.319664492078275075e-02
9.925442684063363885e-02
9.319664492078275075e-02
9.319664492078275075e-02
9.319664492078275075e-02
9.319664492078275075e-02
9.319664492078275075e-02
9.288598943771342320e-02
9.319664492078275075e-02
9.040074557315937176e-02
9.319664492078275075e-02
1.029822926374649866e-01
9.319664492078275075e-02
9.009009009009005808e-02
9.319664492078275075e-02
9.040074557315937176e-02
9.257533395464420667e-02
9.288598943771342320e-02
9.319664492078275075e-02
9.319664492078275075e-02
8.760484622553578460e-02
9.009009009009005808e-02
8.698353525939724051e-02
9.009009009009005808e-02
8.698353525939724051e-02
8.977943460702084155e-02
8.698353525939724051e-02
8.698353525939724051e-02
8.698353525939724051e-02
8.698353525939724051e-02
8.698353525939724051e-02
8.698353525939724051e-02
8.698353525939724051e-02
8.683209071140102209e-02
8.698353525939724051e-02
8.605156881018938275e-02
8.698353525939724051e-02
8.698353525939724051e-02
8.698353525939724051e-02
8.698353525939724051e-02
8.698353525939724051e-02
8.449829139484309193e-02
8.698353525939724051e-02
8.574091332712016622e-02
8.698353525939724051e-02
8.698353525939724051e-02
8.698353525939724051e-02
8.201304753028892947e-02
8.698353525939724051e-02
8.574091332712016622e-02
8.698353525939724051e-02
8.574091332712016622e-02
8.698353525939724051e-02
8.201304753028892947e-02
7.642124883504197719e-02
8.170239204721971293e-02
8.449829139484309193e-02
8.170239204721971293e-02
7.642124883504197719e-02
8.045977011494263864e-02
8.449829139484309193e-02
7.797452625038826801e-02
7.890649269959612577e-02
8.045977011494263864e-02
7.642124883504197719e-02
8.045977011494263864e-02
7.642124883504197719e-02
7.642124883504197719e-02
7.642124883504197719e-02
8.170239204721971293e-02
7.642124883504197719e-02
7.642124883504197719e-02
7.642124883504197719e-02
8.045977011494263864e-02
7.642124883504197719e-02
7.642124883504197719e-02
7.642124883504197719e-02
7.642124883504197719e-02
7.642124883504197719e-02
7.642124883504197719e-02
7.642124883504197719e-02
7.626592109350725790e-02
7.642124883504197719e-02
7.300403852127994309e-02
7.642124883504197719e-02
7.642124883504197719e-02
7.642124883504197719e-02
7.269338303821062941e-02
7.642124883504197719e-02
6.849953401677545684e-02
7.642124883504197719e-02
7.642124883504197719e-02
7.642124883504197719e-02
7.222739981360680461e-02
7.642124883504197719e-02
7.269338303821062941e-02
7.642124883504197719e-02
7.145076110593354124e-02
7.642124883504197719e-02
6.834808946877923841e-02
6.648027337682511917e-02
6.849953401677545684e-02
6.648027337682511917e-02
6.725691208449838254e-02
6.803355079217140999e-02
6.725691208449838254e-02
6.648027337682511917e-02
6.725691208449838254e-02
6.803355079217140999e-02
6.725691208449838254e-02
5.809257533395456585e-02
6.725691208449838254e-02
5.809257533395456585e-02
6.725691208449838254e-02
5.809257533395456585e-02
6.725691208449838254e-02
5.809257533395456585e-02
6.694625660142894397e-02
5.809257533395456585e-02
6.694625660142894397e-02
5.809257533395456585e-02
5.809257533395456585e-02
5.809257533395456585e-02
6.710158434296377428e-02
5.809257533395456585e-02
6.197576887232052190e-02
5.809257533395456585e-02
6.290773532152837966e-02
5.809257533395456585e-02
6.725691208449838254e-02
5.809257533395456585e-02
5.809257533395456585e-02
5.809257533395456585e-02
5.809257533395456585e-02
5.809257533395456585e-02
5.809257533395456585e-02
5.809257533395456585e-02
5.809257533395456585e-02
5.809257533395456585e-02
5.809257533395456585e-02
5.809257533395456585e-02
5.809257533395456585e-02
5.809257533395456585e-02
5.809257533395456585e-02
5.809257533395456585e-02
5.809257533395456585e-02
5.809257533395456585e-02
5.762659210935063697e-02
5.809257533395456585e-02
5.809257533395456585e-02
5.809257533395456585e-02
5.809257533395456585e-02
5.809257533395456585e-02
5.762659210935063697e-02
5.809257533395456585e-02
5.809257533395456585e-02
5.809257533395456585e-02
5.793724759241985350e-02
5.809257533395456585e-02
5.809257533395456585e-02
5.809257533395456585e-02
5.762659210935063697e-02
5.778191985088524524e-02
5.762659210935063697e-02
5.809257533395456585e-02
5.762659210935063697e-02
5.809257533395456585e-02
5.762659210935063697e-02
5.809257533395456585e-02
5.762659210935063697e-02
5.809257533395456585e-02
5.762659210935063697e-02
5.747126436781613973e-02
5.762659210935063697e-02
5.778191985088524524e-02
5.762659210935063697e-02
5.716060888474681217e-02
5.762659210935063697e-02
5.778191985088524524e-02
5.762659210935063697e-02
5.747126436781613973e-02
5.731593662628142044e-02
5.778191985088524524e-02
5.731593662628142044e-02
5.716060888474681217e-02
5.731593662628142044e-02
5.716060888474681217e-02
5.747126436781602871e-02
5.716060888474681217e-02
5.747126436781602871e-02
5.716060888474681217e-02
5.747126436781602871e-02
5.716060888474681217e-02
