9.376786123009516194e-01
8.687833109897652450e-01
8.624762940195525029e-01
7.432139587352448729e-01
7.054016937514304697e-01
6.616633423797534386e-01
6.349197266455220978e-01
6.184878036817839098e-01
6.058104175522348589e-01
5.853586960075857215e-01
5.685764967465587461e-01
5.400958048589085125e-01
5.371448190171009829e-01
5.168557695451720946e-01
5.254565444854979450e-01
5.174802995128010563e-01
4.836020011117286299e-01
4.732175555046918003e-01
4.663256547755289527e-01
4.495961808848054075e-01
4.355892162312395288e-01
4.262989242389562672e-01
4.339097701337341073e-01
4.251491841872935273e-01
4.035665238858189841e-01
3.962867442696922371e-01
3.952522643298562177e-01
3.905110682405258382e-01
3.770370794232086875e-01
3.664155740117057691e-01
3.635843442435341966e-01
3.571428571428570953e-01
3.641447045744367061e-01
3.587965536409115641e-01
3.481284537161167814e-01
3.343851159140699414e-01
3.382639047837033286e-01
3.253805218585488213e-01
3.265703168426904446e-01
3.234149691004806759e-01
3.325385017820358668e-01
3.257528692410817661e-01
3.110388124121244990e-01
3.007553215838864591e-01
2.933819442173756786e-01
3.060057875290192464e-01
3.077690220056893411e-01
2.996762907497629858e-01
2.937882156753752749e-01
2.875126704378250242e-01
2.756948304613673351e-01
2.792401007095445253e-01
2.712454631658111626e-01
2.695124742504005910e-01
2.641827158879117010e-01
2.658666579472256930e-01
2.657522152830003037e-01
2.611418108099271551e-01
2.571853644181408272e-01
2.595739463100414368e-01
2.500465945132915868e-01
2.488310499296996769e-01
2.485040708890559336e-01
2.538665271556093672e-01
2.441715986005298655e-01
2.367818722819868271e-01
2.418827453160253549e-01
2.445476244972698832e-01
2.366183827616651636e-01
2.369126638982441968e-01
2.334793839714873753e-01
2.362423568649250072e-01
2.291068567504820908e-01
2.237681064643755602e-01
2.274466206716148631e-01
2.272504332472287947e-01
2.239806428407939143e-01
2.262041003171697262e-01
2.254193506196252861e-01
2.114573455841480820e-01
2.217298008697642375e-01
2.141712716214889956e-01
2.177189942124709288e-01
2.204002223457477150e-01
2.049995095314390003e-01
2.082529509858418726e-01
2.109014812150541152e-01
2.143511100938430836e-01
2.024163751103554565e-01
2.030866821436746461e-01
2.035608017526076285e-01
2.031357289997710591e-01
2.025962135827092392e-01
1.998005427852075078e-01
1.985580224307622044e-01
2.041820619298302664e-01
1.961874243860968758e-01
1.967105908511264101e-01
1.932634143151421846e-01
1.899584736618382952e-01
1.969558251316090303e-01
1.947160187032010992e-01
1.958767942974855569e-01
1.924610894941633787e-01
1.897581989994439056e-01
1.857731419416016050e-01
1.809828989961743684e-01
1.798384723539221963e-01
1.936263610502565180e-01
1.885610469868880534e-01
1.836641271294508770e-01
1.803289409148873257e-01
1.745414118954976002e-01
1.735277768695027978e-01
1.700781479907138294e-01
1.876753425105451289e-01
1.841709446424485697e-01
1.777948533499003336e-01
1.726939803158617781e-01
1.670699408167935773e-01
1.693424451492659411e-01
1.659418631265735244e-01
1.673805709054048962e-01
1.760782133865219090e-01
1.705195696955825457e-01
1.686230912598501719e-01
1.656966288460909043e-01
1.667429617761501115e-01
1.650099728607395677e-01
1.628846090965570259e-01
1.659418631265735244e-01
1.654513945656082841e-01
1.620671614949482919e-01
1.638328483144231018e-01
1.651898113330935169e-01
1.636857077461334464e-01
1.652061602851257749e-01
1.636317562044274365e-01
1.620344635908838871e-01
1.650790471830756445e-01
1.641598273550665676e-01
1.628355622404604464e-01
1.613314586535004036e-01
1.545302946081157369e-01
1.577118006735767353e-01
1.584540430958376878e-01
1.553150443056600383e-01
1.594840270738646093e-01
1.545956904162444356e-01
1.517182748585815533e-01
1.525847693162868390e-01
1.536024915802896573e-01
1.547755288885982183e-01
1.456037667985482231e-01
1.473694536180231995e-01
1.518817643789033556e-01
1.502468691756857766e-01
1.520779518032894240e-01
1.450315534774221371e-01
1.455359186476146427e-01
1.469280319131544832e-01
1.425628617205637050e-01
1.465356570643821799e-01
1.473441127423725239e-01
1.429552365693359806e-01
1.444920380603603172e-01
1.446534839616772927e-01
1.469447895889872679e-01
1.492332341496911130e-01
1.407481280449923156e-01
1.425138148644672920e-01
1.442795016839421018e-01
1.433639603701402643e-01
1.367753327011738129e-01
1.438380799790732467e-01
1.400545237550268329e-01
1.419089036392767733e-01
1.432004708498186285e-01
1.435928456985907653e-01
1.378216656312330202e-01
1.351240885459240870e-01
1.398652846352549106e-01
1.393421181702252376e-01
1.287316483013437041e-01
1.343556878004119326e-01
1.336363339109963300e-01
1.348788542654416056e-01
1.321158813720040015e-01
1.326063499329693807e-01
1.318869960435535005e-01
1.332766569662882927e-01
1.320995324199718546e-01
1.351567864499885196e-01
1.302684497923681795e-01
1.293529084785663696e-01
1.284373671647646709e-01
1.275218258509628610e-01
1.292875126704378097e-01
1.294183042866950406e-01
1.304973351208186805e-01
1.275218258509628610e-01
1.285027629728933696e-01
1.271948468103193952e-01
1.288460909655689546e-01
1.275218258509628610e-01
1.267043782493541271e-01
1.272765915704802131e-01
1.267043782493541271e-01
1.271621489062549626e-01
1.272275447143836613e-01
1.275218258509628610e-01
1.270313572899975929e-01
1.271621489062549626e-01
1.267043782493541271e-01
1.273910342347054636e-01
1.270313572899977317e-01
1.275218258509628610e-01
1.269986593859333268e-01
1.271294510021906965e-01
1.272602426184480939e-01
1.267043782493541271e-01
1.267043782493541271e-01
1.262466075924531528e-01
1.255272537030375224e-01
1.270967530981262916e-01
1.267043782493541271e-01
1.247425040054932349e-01
1.261812117843245928e-01
1.262629565444854107e-01
1.259233070660169262e-01
1.230295425563211892e-01
1.214727135990582019e-01
1.267043782493541271e-01
1.256580453192949198e-01
1.264754929209036260e-01
1.172117679756722181e-01
1.252329725664583504e-01
1.214073177909295170e-01
1.203936827649347147e-01
1.251348788542653856e-01
1.230258640421148242e-01
1.258051858875845752e-01
1.170094496942745976e-01
1.185135532812345016e-01
1.213067717359318232e-01
1.242847333485923855e-01
1.136252166236143279e-01
1.121701598927508231e-01
1.168950070300492083e-01
1.185299022332667873e-01
1.196416309714545545e-01
1.211457345584147499e-01
1.225190465291174230e-01
1.146552006016412634e-01
1.136088676715821949e-01
1.177615014877544802e-01
1.189386260340712237e-01
1.207043128535458948e-01
1.102409835529541970e-01
1.110584311545629171e-01
1.130857012065526607e-01
1.158323251479580068e-01
1.111074780106594828e-01
1.195925841153581415e-01
1.103881241212437275e-01
1.104698688814045454e-01
1.125625347415229738e-01
1.164208874211162259e-01
1.117123892358498349e-01
1.111238269626916159e-01
1.105352646895332441e-01
1.099467024163750112e-01
1.104535199293725650e-01
1.127489127946896819e-01
1.099467024163750112e-01
1.099467024163750112e-01
1.100447961285679760e-01
1.098649576562141933e-01
1.114181080992706491e-01
1.136088676715821949e-01
1.099467024163750112e-01
1.099467024163750112e-01
1.094562338554097569e-01
1.100774940326323947e-01
1.109930353464342323e-01
1.099467024163750112e-01
1.099467024163750112e-01
1.099467024163750112e-01
1.098159108001176276e-01
1.100447961285681286e-01
1.099467024163750112e-01
1.104494326913642299e-01
1.099467024163750112e-01
1.089657652944446414e-01
1.092927443350880934e-01
1.079030834123532873e-01
1.099467024163750112e-01
1.098159108001176276e-01
1.099467024163750112e-01
1.099467024163750112e-01
1.092109995749271228e-01
1.095379786155707275e-01
1.098330771997513416e-01
1.098486087041819076e-01
1.099467024163750112e-01
1.099467024163750112e-01
1.091292548147662911e-01
1.091619527188305711e-01
1.079476343066402971e-01
1.090475100546054732e-01
1.083935519733185554e-01
1.083935519733185554e-01
1.090475100546054732e-01
1.093744890952489252e-01
1.095555537390052320e-01
1.085079946375436533e-01
1.081483176928357826e-01
1.083445051172219897e-01
1.079030834123532873e-01
1.092927443350880934e-01
1.094889317594741757e-01
1.079030834123532873e-01
1.080992708367393695e-01
1.082954582611254379e-01
1.080665729326749508e-01
1.089167184383479370e-01
1.072491253310663695e-01
1.078703855082888685e-01
1.079521302684498391e-01
1.080232482097897295e-01
1.075434064676454166e-01
1.083118072131575710e-01
1.072818232351306494e-01
1.070856358107445672e-01
1.080011771245464047e-01
1.077068959879672189e-01
1.075761043717098353e-01
1.074453127554524517e-01
1.073145211391950682e-01
1.079030834123532873e-01
1.078376876042246024e-01
1.077395938920314850e-01
1.073218781676095607e-01
1.074780106595167178e-01
1.070921753915573399e-01
1.070856358107445672e-01
1.070856358107445672e-01
1.070856358107445672e-01
1.077395938920314850e-01
1.071183337148088471e-01
1.073799169473237530e-01
1.072491253310663695e-01
1.072327763790340976e-01
1.070856358107445672e-01
1.070856358107445672e-01
1.071837295229376846e-01
1.074126148513880330e-01
1.068894483863584988e-01
1.070856358107445672e-01
1.070856358107445672e-01
1.070856358107445672e-01
1.072491253310663695e-01
1.074453127554524517e-01
1.070856358107445672e-01
1.070856358107445672e-01
1.070856358107445672e-01
1.070856358107445672e-01
1.070856358107445672e-01
1.066932609619722777e-01
1.070856358107445672e-01
1.070856358107445672e-01
1.070856358107445672e-01
1.067259588660365438e-01
1.070856358107445672e-01
1.070856358107445672e-01
1.070856358107445672e-01
1.070856358107445672e-01
1.062681882091357083e-01
1.066115162018114459e-01
1.070696955825130720e-01
1.066278651538435790e-01
1.067586567701009626e-01
1.062681882091357083e-01
1.062681882091357083e-01
1.063335840172643931e-01
1.064643756335217767e-01
1.065951672497793129e-01
1.067259588660366965e-01
1.062681882091357083e-01
1.063662819213288119e-01
1.063008861132001270e-01
1.064316777294575106e-01
1.065624693457148942e-01
1.066932609619722777e-01
1.066932609619724165e-01
