8.129943502824859003e-01
7.305155367231638275e-01
7.104519774011299749e-01
6.449152542372881269e-01
6.313559322033899246e-01
6.022634180790963354e-01
6.110169491525423435e-01
5.569244350282486211e-01
5.689265536723163708e-01
5.237464689265534101e-01
5.169491525423729472e-01
4.909604519774011244e-01
4.997175141242937157e-01
4.672316384180790760e-01
4.601694915254237461e-01
4.485875706214690339e-01
4.387005649717513611e-01
4.323516949152541589e-01
4.381355932203390702e-01
4.052365819209037823e-01
4.163841807909605119e-01
3.970338983050847315e-01
4.033898305084746005e-01
3.775459039548023643e-01
3.779661016949153463e-01
3.634180790960450658e-01
3.553672316384181573e-01
3.558368644067797515e-01
3.516949152542372947e-01
3.364583333333332482e-01
3.381355932203390924e-01
3.209039548022600830e-01
3.322033898305085109e-01
3.101730225988701961e-01
3.305084745762711940e-01
3.018396892655368369e-01
2.862358757062147263e-01
2.971786723163841737e-01
2.892655367231639074e-01
2.765572033898304194e-01
2.720338983050848425e-01
2.757097457627118442e-01
2.646892655367231173e-01
2.656779661016948624e-01
2.646892655367231173e-01
2.625706214689265128e-01
2.364406779661016311e-01
2.497387005649718550e-01
2.364406779661016311e-01
2.319526836158186944e-01
2.271186440677965823e-01
2.333580508474571991e-01
2.257274011299430783e-01
2.315360169491518516e-01
2.271186440677965823e-01
2.279661016949150742e-01
2.265536723163840693e-01
2.224576271186440857e-01
2.225988700564970613e-01
2.172316384180790483e-01
2.226765536723162298e-01
2.132768361581920125e-01
2.163841807909603621e-01
2.080755649717512812e-01
2.121468926553671808e-01
2.052259887005647987e-01
2.031073446327683052e-01
2.018361581920903036e-01
2.031073446327683052e-01
2.016949152542373003e-01
1.977401129943502922e-01
1.956214689265537987e-01
1.977401129943502922e-01
1.930790960451977678e-01
1.923728813559322792e-01
1.944915254237287727e-01
1.870056497175142662e-01
1.853107344632766995e-01
1.870056497175142662e-01
1.857344632768360426e-01
1.870056497175142662e-01
1.822033898305083499e-01
1.836158192090395491e-01
1.794032485875702854e-01
1.827683615819208907e-01
1.754237288135593598e-01
1.827683615819208907e-01
1.798022598870057109e-01
1.782485875706215361e-01
1.751483050847456868e-01
1.672316384180791426e-01
1.727401129943501312e-01
1.672316384180791426e-01
1.714689265536723239e-01
1.672316384180791426e-01
1.689265536723162930e-01
1.672316384180791426e-01
1.710451977401127865e-01
1.658192090395481655e-01
1.712076271186440402e-01
1.612994350282486167e-01
1.665254237288134598e-01
1.612994350282486167e-01
1.634216101694913603e-01
1.612994350282486167e-01
1.634180790960451102e-01
1.612994350282486167e-01
1.631355932203389369e-01
1.612994350282486167e-01
1.634180790960451102e-01
1.612994350282486167e-01
1.604519774011299305e-01
1.612994350282486167e-01
1.604519774011299305e-01
1.612994350282486167e-01
1.604519774011299305e-01
1.596045197740112720e-01
1.603107344632767606e-01
1.596045197740112720e-01
1.594632768361580744e-01
1.596045197740112720e-01
1.594632768361580744e-01
1.593220338983050988e-01
1.596045197740112720e-01
1.593220338983050988e-01
1.593220338983050988e-01
1.593220338983050988e-01
1.594632768361580744e-01
1.596045197740112720e-01
1.548022598870057720e-01
1.593220338983050988e-01
1.590466101694916479e-01
1.593220338983050988e-01
1.563559322033897525e-01
1.593220338983050988e-01
1.567796610169490679e-01
1.593220338983050988e-01
1.516949152542372281e-01
1.593220338983050988e-01
1.521186440677963492e-01
1.499999999999998557e-01
1.521186440677963492e-01
1.593220338983050988e-01
1.514300847457624721e-01
1.542372881355932590e-01
1.507062146892655663e-01
1.499999999999998557e-01
1.498587570621468801e-01
1.449152542372880159e-01
1.515536723163840305e-01
1.449152542372880159e-01
1.460663841807907093e-01
1.449152542372880159e-01
1.449152542372880159e-01
1.449152542372880159e-01
1.453672316384181096e-01
1.449152542372880159e-01
1.446327683615818427e-01
1.449152542372880159e-01
1.449152542372880159e-01
1.449152542372880159e-01
1.440677966101695240e-01
1.449152542372880159e-01
1.437853107344633785e-01
1.437853107344631842e-01
1.435028248587570110e-01
1.437853107344631842e-01
1.420903954802260338e-01
1.432203389830508655e-01
1.435028248587570110e-01
1.420903954802260338e-01
1.420903954802260338e-01
1.420903954802260338e-01
1.418079096045196663e-01
1.420903954802260338e-01
1.426553672316383525e-01
1.420903954802260338e-01
1.412429378531073476e-01
1.353107344632768216e-01
1.395480225988700029e-01
1.403954802259886614e-01
1.394067796610170273e-01
1.420903954802260338e-01
1.395480225988700029e-01
1.336158192090394770e-01
1.412429378531073476e-01
1.420903954802260338e-01
1.387005649717513167e-01
1.403954802259886614e-01
1.378531073446326582e-01
1.420903954802260338e-01
1.370056497175139720e-01
1.337853107344607884e-01
1.370056497175139720e-01
1.353107344632768216e-01
1.377118644067796549e-01
1.403954802259886614e-01
1.336158192090394770e-01
1.336158192090394770e-01
1.345233050847448875e-01
1.336158192090394770e-01
1.336158192090394770e-01
1.336158192090394770e-01
1.336158192090394770e-01
1.336158192090394770e-01
1.370056497175139720e-01
1.336158192090394770e-01
1.329096045197739606e-01
1.336158192090394770e-01
1.322033898305084720e-01
1.336158192090394770e-01
1.336158192090394770e-01
1.307909604519774671e-01
1.320621468926553022e-01
1.336158192090394770e-01
1.320621468926553022e-01
1.305084745762713216e-01
1.322033898305084720e-01
1.333333333333333037e-01
1.319209039548023266e-01
1.333333333333333037e-01
1.320621468926553022e-01
1.307909604519774671e-01
1.329096045197739606e-01
1.305084745762713216e-01
1.319209039548023266e-01
1.305084745762713216e-01
1.319209039548023266e-01
1.305084745762713216e-01
1.305437853107345725e-01
1.305084745762713216e-01
1.320621468926553022e-01
1.305084745762713216e-01
1.305084745762713216e-01
1.305084745762713216e-01
1.305084745762713216e-01
1.305084745762713216e-01
1.319209039548023266e-01
1.305084745762713216e-01
1.305084745762713216e-01
1.305084745762713216e-01
1.305084745762713216e-01
1.305084745762713216e-01
1.227401129943502534e-01
1.305084745762713216e-01
1.319209039548023266e-01
1.146892655367232339e-01
1.305084745762713216e-01
1.305084745762713216e-01
1.305084745762713216e-01
1.146892655367232339e-01
1.225988700564972778e-01
1.305084745762713216e-01
1.225988700564972778e-01
1.305084745762713216e-01
1.225988700564972778e-01
1.305084745762713216e-01
1.225988700564972778e-01
1.305084745762713216e-01
1.305084745762713216e-01
1.146892655367232339e-01
1.225988700564972778e-01
1.305084745762713216e-01
1.146892655367232339e-01
1.146892655367232339e-01
1.146892655367232339e-01
1.150847457627061921e-01
1.146892655367232339e-01
1.305084745762713216e-01
1.148870056497147130e-01
1.146892655367232339e-01
1.146892655367232339e-01
1.146892655367232339e-01
1.146892655367232339e-01
1.146892655367232339e-01
1.146892655367232339e-01
1.146892655367232339e-01
1.146892655367232339e-01
1.146892655367232339e-01
1.146892655367232339e-01
1.146892655367232339e-01
1.146892655367232339e-01
1.146892655367232339e-01
1.145515536723164945e-01
1.146892655367232339e-01
1.108757062146891875e-01
1.146892655367232339e-01
1.053637005649695479e-01
1.146892655367232339e-01
1.146892655367232339e-01
1.146892655367232339e-01
1.146892655367232339e-01
1.146892655367232339e-01
1.146892655367232339e-01
1.146892655367232339e-01
1.107344632768362119e-01
1.146892655367232339e-01
1.066384180790962144e-01
1.146892655367232339e-01
1.028248587570621680e-01
1.146892655367232339e-01
1.028248587570621680e-01
1.146892655367232339e-01
1.028248587570621680e-01
1.070621468926553493e-01
1.028248587570621680e-01
1.146892655367232339e-01
1.028248587570621680e-01
1.070621468926553493e-01
1.107344632768362119e-01
1.070621468926553493e-01
1.108757062146891875e-01
9.115112994350270392e-02
1.028248587570621680e-01
9.858757062146898675e-02
9.717514124293778754e-02
9.096045197740110222e-02
1.028248587570621680e-01
9.096045197740110222e-02
9.477401129943494040e-02
9.096045197740110222e-02
1.028248587570621680e-01
9.096045197740110222e-02
9.901129943502832986e-02
9.096045197740110222e-02
9.096045197740110222e-02
9.096045197740110222e-02
9.096045197740110222e-02
9.096045197740110222e-02
9.096045197740110222e-02
9.096045197740110222e-02
9.096045197740110222e-02
9.096045197740110222e-02
9.336158192090394936e-02
9.096045197740110222e-02
1.028248587570621680e-01
9.096045197740110222e-02
9.096045197740110222e-02
9.096045197740110222e-02
9.096045197740110222e-02
9.096045197740110222e-02
8.930790960451928662e-02
9.096045197740110222e-02
9.096045197740110222e-02
9.096045197740110222e-02
9.096045197740110222e-02
9.096045197740110222e-02
9.096045197740110222e-02
9.096045197740110222e-02
8.531073446327692988e-02
9.096045197740110222e-02
8.389830508474593884e-02
9.096045197740110222e-02
9.096045197740110222e-02
8.050847457627123560e-02
8.573446327683625912e-02
9.096045197740110222e-02
8.531073446327692988e-02
9.096045197740110222e-02
8.531073446327692988e-02
9.096045197740110222e-02
8.008474576271208678e-02
9.096045197740110222e-02
8.008474576271208678e-02
7.966101694915254938e-02
8.930790960451928662e-02
7.994350282485469805e-02
8.008474576271208678e-02
9.096045197740110222e-02
8.018008474576289457e-02
9.096045197740110222e-02
8.008474576271208678e-02
6.920903954802268276e-02
8.008474576271208678e-02
6.920903954802268276e-02
8.008474576271208678e-02
7.966101694915254938e-02
8.008474576271208678e-02
7.966101694915254938e-02
8.008474576271208678e-02
7.966101694915254938e-02
8.008474576271208678e-02
9.096045197740110222e-02
7.485875706214704939e-02
7.966101694915254938e-02
7.939618644067801545e-02
7.966101694915254938e-02
7.166313559322019799e-02
6.920903954802268276e-02
7.376765536723110805e-02
6.920903954802268276e-02
8.008474576271208678e-02
6.920903954802268276e-02
7.443502824858772016e-02
6.920903954802268276e-02
