7.913124544005186722e-01
7.528035236576855471e-01
7.362305329622325090e-01
7.129952891795244829e-01
6.731850280577544865e-01
6.461599607281504065e-01
6.309662135992289977e-01
6.020683023932410505e-01
5.775303771358573091e-01
5.661901802361714031e-01
5.626133794507345298e-01
5.424052656704583253e-01
5.312440889561433899e-01
5.192801361904504365e-01
5.238290503598418413e-01
5.177038578286989878e-01
4.985554534727663079e-01
4.913664982300645634e-01
4.791345781428738571e-01
4.792246511921167684e-01
4.826602624728653645e-01
4.735590563947361664e-01
4.596695670188524763e-01
4.354982390718873941e-01
4.470631682294340936e-01
4.414930508642509466e-01
4.365987065510128495e-01
4.345168932003846685e-01
4.123827924446719639e-01
4.116982372704261484e-01
4.099346069662498371e-01
4.047432467731331140e-01
4.035193792165447380e-01
4.058786175588401934e-01
4.007259887768980788e-01
3.890975581196349231e-01
3.883499518109188586e-01
3.820358310589885842e-01
3.837848244926637120e-01
3.840309490997199093e-01
3.867838066672074637e-01
3.786670990173029439e-01
3.698399401914952977e-01
3.560587636573261938e-01
3.597141531782275803e-01
3.469318867601622891e-01
3.760549805892579589e-01
3.684257933183811562e-01
3.469629619621513728e-01
3.475394294773062609e-01
3.432773979697535949e-01
3.399829761936929984e-01
3.292169949829312769e-01
3.195701714090128931e-01
3.282442060511076010e-01
3.412687689716357164e-01
3.260678159987748792e-01
3.224074724601654895e-01
3.219755721890451561e-01
3.153367380945946707e-01
3.135803136343575104e-01
3.162915124165698311e-01
3.234003026454452256e-01
3.177056592896839726e-01
3.083740913881157786e-01
3.064213076805289426e-01
3.039515046702875312e-01
3.063744696949226576e-01
3.027819061258679723e-01
3.017179182316855335e-01
3.020788859765267675e-01
3.055728195566604355e-01
2.953855576872841393e-01
3.014672899721673183e-01
3.007629187270876581e-01
2.977274569676006122e-01
2.943587249259148053e-01
2.902513938804365812e-01
2.899991893425568068e-01
2.977274569676006122e-01
2.909719782743804828e-01
2.966105511569882558e-01
2.910215184514637898e-01
2.906116860774087818e-01
2.894047072175533475e-01
2.892065465092188981e-01
2.867160266976518934e-01
2.914493654353680352e-01
2.916056421758045358e-01
2.899091162933135624e-01
2.894047072175533475e-01
2.856216391493500706e-01
2.865944280811737466e-01
2.854234784410155656e-01
2.859188802118518558e-01
2.880716260887579705e-01
2.880085749542878881e-01
2.818475783860710515e-01
2.831101773538340360e-01
2.830905864656235171e-01
2.851712739031352917e-01
2.806304663081757855e-01
2.808117383197772932e-01
2.807937237099287220e-01
2.818318156024536281e-01
2.827122796588033005e-01
2.805325118671241902e-01
2.805865556966700147e-01
2.799200151322722152e-01
2.796497959845434256e-01
2.793615622269660648e-01
2.799020005224236995e-01
2.791994307383288132e-01
2.791273722989344730e-01
2.795378802208587365e-01
2.789472262004487058e-01
2.792714891777231534e-01
2.787130362724169474e-01
2.783527440754451354e-01
2.782698768701417080e-01
2.777942911701389295e-01
2.785509047837795849e-01
2.786229632231739251e-01
2.786950216625682653e-01
2.787310508822655186e-01
2.782266418065049707e-01
2.785509047837795849e-01
2.781275614523378015e-01
2.784428171246879913e-01
2.779203934390790387e-01
2.780645103178677191e-01
2.778393276947601076e-01
2.776501742913502491e-01
2.775420866322588220e-01
2.775429873627510702e-01
2.779924518784733789e-01
2.772898820943785481e-01
2.767854730186180001e-01
2.749389755091377618e-01
2.776501742913502491e-01
2.774790354977887397e-01
2.771998090451354702e-01
2.757856621720214951e-01
2.718314553102567088e-01
2.736329162951152139e-01
2.761009178443718515e-01
2.776501742913502491e-01
2.753983480602767986e-01
2.703092207780510847e-01
2.715342142477550902e-01
2.727231784977617868e-01
2.726511200583674466e-01
2.744769007665220362e-01
2.753983480602767986e-01
2.684266940488736486e-01
2.703722719125210006e-01
2.691833076625141374e-01
2.662559335621188517e-01
2.658956413651469841e-01
2.665630826600373093e-01
2.680393799371289520e-01
2.657154952666612169e-01
2.665801965393934658e-01
2.657154952666612169e-01
2.651210131416577576e-01
2.659857144143898400e-01
2.657154952666612169e-01
2.646616405905188874e-01
2.657154952666612169e-01
2.621395952117168138e-01
2.645625602363516071e-01
2.657154952666612169e-01
2.652471154105979223e-01
2.622454310445769265e-01
2.605633168499654206e-01
2.631213914484647476e-01
2.636438151340738667e-01
2.647607209446862231e-01
2.653642103746137737e-01
2.597076228821572630e-01
2.586708820853711455e-01
2.598157105412488566e-01
2.571225263688863838e-01
2.585754046531735795e-01
2.585997243764692199e-01
2.579511984219201026e-01
2.602210392628421243e-01
2.595531476027057582e-01
2.569243656605506576e-01
2.562037812666072556e-01
2.570594752344153577e-01
2.570234460147181044e-01
2.555822772268309673e-01
2.555822772268309673e-01
2.565190369389574454e-01
2.560506570828942619e-01
2.585096513272263086e-01
2.567352122571405770e-01
2.557444087154682189e-01
2.539699696453823763e-01
2.544473568063700952e-01
2.555372407022094561e-01
2.555732699219067094e-01
2.547986416984175384e-01
2.553300726889506933e-01
2.538168454616693825e-01
2.543212545374297640e-01
2.548256636131903119e-01
2.528440565298455400e-01
2.544833860260670155e-01
2.516190630601417566e-01
2.524297205033282365e-01
2.541951522684898213e-01
2.524297205033282365e-01
2.528530638347698534e-01
2.525558227722683458e-01
2.526549031264353484e-01
2.535646409237892751e-01
2.524297205033282365e-01
2.524297205033282365e-01
2.528981003593915311e-01
2.524297205033282365e-01
2.507363471775609920e-01
2.441520072779021777e-01
2.524297205033282365e-01
2.475657758442098011e-01
2.522495744048425803e-01
2.518892822078707128e-01
2.524297205033282365e-01
2.485836013006548495e-01
2.494212806586141307e-01
2.442173102386030747e-01
2.418461372172832635e-01
2.522315597949943977e-01
2.515830338404445032e-01
2.491330469010366033e-01
2.401617711964404434e-01
2.447696832130853428e-01
2.486466524351249319e-01
2.393421064483297056e-01
2.508084056169544995e-01
2.443231460714631875e-01
2.474847100998908700e-01
2.402068077210616492e-01
2.481062141396674359e-01
2.391979895695408587e-01
2.524297205033282365e-01
2.308121886850237059e-01
2.388467046774934432e-01
2.316678826528316970e-01
2.387746462380991030e-01
2.375226308536223241e-01
2.383422956017330618e-01
2.360544401509623580e-01
2.313526269804810354e-01
2.388196827627204755e-01
2.351807315733058512e-01
2.387476243233261353e-01
2.265157042361352902e-01
2.262634996982554880e-01
2.388647192873419867e-01
2.305870060619162609e-01
2.252726961565829356e-01
2.387566316282505596e-01
2.268309599084857853e-01
2.257230614027980198e-01
2.278848145846283924e-01
2.300720134028695074e-01
2.251826231073400519e-01
2.295781879103951650e-01
2.275308275011032888e-01
2.251826231073400519e-01
2.251826231073400519e-01
2.251826231073400519e-01
2.251826231073400519e-01
2.251826231073400519e-01
2.279298511092494317e-01
2.253717765107501048e-01
2.251826231073400519e-01
2.251826231073400519e-01
2.260833535997693877e-01
2.251826231073400519e-01
2.230208699255098181e-01
2.251826231073400519e-01
2.251826231073400519e-01
2.251826231073400519e-01
2.251826231073400519e-01
2.212194089406508135e-01
2.226605777285378118e-01
2.241017465164247824e-01
2.246511921168065362e-01
2.251826231073400519e-01
2.194179479557923085e-01
2.208591167436792790e-01
2.251826231073400519e-01
2.237414543194530814e-01
2.251826231073400519e-01
2.208951459633763659e-01
2.166076688194118749e-01
2.251826231073400519e-01
2.161753181830464721e-01
2.233811621224813804e-01
2.222471424325154210e-01
2.219670152493670445e-01
2.186973635618488787e-01
2.083479702038353309e-01
2.215797011376228476e-01
2.230208699255095128e-01
2.161753181830464721e-01
2.148057574693071625e-01
2.119058556489311906e-01
2.136983093288642999e-01
2.062132389367776208e-01
2.161753181830464721e-01
2.221561686527772639e-01
2.160041793894848239e-01
2.126174327379508067e-01
2.097711243818734528e-01
2.087803208402015387e-01
2.223002855315660831e-01
1.958638455787629351e-01
2.161753181830464721e-01
2.133290098269691459e-01
2.076003638951191277e-01
2.076363931148157149e-01
2.161753181830464721e-01
1.974851604651366443e-01
2.161753181830464721e-01
2.131448104412674294e-01
2.186973635618488787e-01
2.083479702038353309e-01
2.000972788931817958e-01
1.991064753515103536e-01
1.915223246052544237e-01
2.147521640050083780e-01
2.079525495176579863e-01
2.054566253231361606e-01
2.011691481791732794e-01
2.161753181830464721e-01
1.922969528287441221e-01
1.897388782302447674e-01
1.893785860332728999e-01
2.065284946091276441e-01
2.022410174651631531e-01
1.979535403212002720e-01
1.936660631772357810e-01
2.161753181830464721e-01
1.893785860332728999e-01
1.991785337909024733e-01
1.996379063420427591e-01
1.989533511677970823e-01
1.914953026904817612e-01
1.898019293647143502e-01
1.893785860332728999e-01
2.086722331811091680e-01
1.960277785283865704e-01
2.000972788931817958e-01
1.919186460219237111e-01
1.902252726961564389e-01
1.893785860332728999e-01
1.893785860332728999e-01
1.926662523306396091e-01
1.940353626791327390e-01
1.923419893533653280e-01
1.925941938912459073e-01
1.738139631240940008e-01
1.893785860332728999e-01
2.037722593022936457e-01
1.991425045712071351e-01
1.841903783968798780e-01
1.910719593590396725e-01
1.893785860332728999e-01
1.772007097756286564e-01
1.783536448059374613e-01
1.809477486241343747e-01
1.882887021374338443e-01
1.845146413741546587e-01
1.887300600787243099e-01
1.781023409985497408e-01
1.802271642301913057e-01
1.802992226695850075e-01
1.828933264877818932e-01
1.919186460219237111e-01
1.842984660559722765e-01
1.893785860332728999e-01
1.770565928968395042e-01
1.796506967150364176e-01
1.822448005332323595e-01
1.825690635105076121e-01
1.864602192378017054e-01
1.738139631240940008e-01
1.764080669422899428e-01
1.790021707604868562e-01
1.815962745786839361e-01
1.732496554705853231e-01
