9.518660620858040433e-01
7.719087896756189338e-01
7.652598535054063733e-01
6.571328915242414803e-01
6.044645971398674433e-01
5.919558772235781197e-01
5.605162190442971593e-01
5.301752703174047454e-01
5.242413672828740712e-01
4.893617021276593371e-01
4.928496686431808604e-01
4.658266480641783391e-01
4.513428671084756538e-01
4.466428322288103492e-01
4.321590512731076639e-01
4.209975584234391111e-01
4.244855249389605234e-01
3.946721311475410721e-01
3.965817928147888916e-01
3.875130798744331750e-01
3.885594698290896210e-01
3.629272758981512692e-01
3.711196372514822817e-01
3.509068712940353607e-01
3.662364841297523488e-01
3.418207185211020738e-01
3.662364841297523488e-01
3.236832926403905297e-01
3.243808859434949565e-01
3.151377746773632027e-01
3.184513428671084112e-01
3.067928147889775747e-01
2.957795605162140684e-01
3.029298918730380930e-01
2.954307638646669898e-01
2.769445413324030936e-01
2.710149982560168258e-01
2.742021276595738022e-01
2.616759679107077963e-01
2.621642832228803788e-01
2.615974886641087016e-01
2.528775723753052818e-01
2.511335891175444091e-01
2.506496337635152338e-01
2.427624694802928695e-01
2.424136728287407949e-01
2.490408092082317393e-01
2.406871294035578812e-01
2.389257063132192993e-01
2.286362050924310996e-01
2.253226369026858633e-01
2.316009766306243445e-01
2.309033833275200842e-01
2.284923264736653803e-01
2.309033833275200842e-01
2.183467038716427611e-01
2.075340076735264216e-01
2.179979072200907975e-01
2.197418904778514204e-01
2.132891524241367909e-01
2.071852110219742082e-01
2.124171607952562157e-01
2.071852110219742082e-01
2.016088245552841995e-01
2.071852110219742082e-01
2.003967561911406403e-01
1.992849668643179584e-01
2.033484478549007768e-01
1.991628880362748821e-01
1.979420997558424822e-01
1.942797349145448105e-01
1.967213114754098324e-01
1.963725148238577578e-01
1.871294035577258930e-01
1.914893617021277139e-01
1.885245901639344412e-01
1.914893617021277139e-01
1.810254621555633381e-01
1.914893617021277139e-01
1.817535751656779441e-01
1.827694454133240998e-01
1.813742588071155515e-01
1.750959190791768205e-01
1.764911056853854798e-01
1.750959190791768205e-01
1.721311475409836866e-01
1.750959190791768205e-01
1.696895709801186369e-01
1.702127659574467766e-01
1.679543076386466327e-01
1.621904429717475338e-01
1.646320195326125557e-01
1.621904429717475338e-01
1.613402511335892131e-01
1.621904429717475338e-01
1.614928496686431347e-01
1.621904429717475338e-01
1.609696546913150228e-01
1.600976630624345864e-01
1.611527729333799008e-01
1.594000697593301874e-01
1.587460760376692703e-01
1.594000697593301874e-01
1.564483780955703285e-01
1.614928496686431347e-01
1.494593651900942843e-01
1.594000697593301874e-01
1.489361702127660614e-01
1.594000697593301874e-01
1.445762120683642404e-01
1.548657132891523291e-01
1.435298221137077668e-01
1.548657132891523291e-01
1.426578304848273304e-01
1.276595744680850963e-01
1.407394489012905314e-01
1.276595744680850963e-01
1.430066271363795438e-01
1.276595744680850963e-01
1.280083711196373097e-01
1.276595744680850963e-01
1.327520055807459576e-01
1.266131845134286227e-01
1.327432856644571169e-01
1.276595744680850963e-01
1.267875828392046600e-01
1.276595744680850963e-01
1.267875828392046600e-01
1.259155912103243624e-01
1.264387861876525854e-01
1.266131845134286227e-01
1.267875828392046600e-01
1.259155912103243624e-01
1.255667945587722878e-01
1.259155912103243624e-01
1.259155912103243624e-01
1.259155912103243624e-01
1.252179979072202132e-01
1.245204046041158003e-01
1.255667945587722878e-01
1.245204046041158003e-01
1.248692012556679998e-01
1.259155912103243624e-01
1.241716079525637256e-01
1.238228113010115261e-01
1.252179979072202132e-01
1.238228113010115261e-01
1.241716079525637256e-01
1.238228113010115261e-01
1.236484129752353639e-01
1.238228113010115261e-01
1.182420648761772081e-01
1.238228113010115261e-01
1.184164632019531205e-01
1.238228113010115261e-01
1.173700732472968827e-01
1.238228113010115261e-01
1.177188698988489574e-01
1.238228113010115261e-01
1.163324032089291388e-01
1.238228113010115261e-01
1.173700732472968827e-01
1.109173351935821283e-01
1.173700732472968827e-01
1.238228113010115261e-01
1.158135681897451974e-01
1.109173351935821283e-01
1.163236832926404091e-01
1.109173351935821283e-01
1.163236832926404091e-01
1.109173351935821283e-01
1.164980816184164464e-01
1.109173351935821283e-01
1.158004883153121722e-01
1.109173351935821283e-01
1.173700732472968827e-01
1.109173351935821283e-01
1.109173351935821283e-01
1.109173351935821283e-01
1.109173351935821283e-01
1.109173351935821283e-01
1.109173351935821283e-01
1.109173351935821283e-01
1.089989536100453432e-01
1.109173351935821283e-01
1.109173351935821283e-01
1.088245552842693059e-01
1.100453435647016920e-01
1.088245552842693059e-01
1.089989536100453432e-01
1.070805720265085442e-01
1.070805720265085442e-01
1.088245552842693059e-01
1.081269619811650179e-01
1.070805720265085442e-01
1.081269619811650179e-01
1.070805720265085442e-01
1.070805720265085442e-01
1.088245552842693059e-01
1.081269619811650179e-01
1.091733519358213805e-01
1.079525636553888557e-01
1.070805720265085442e-01
1.070805720265085442e-01
1.070805720265085442e-01
1.069061737007325069e-01
1.070805720265085442e-01
1.069061737007325069e-01
1.070805720265085442e-01
1.070805720265085442e-01
1.070805720265085442e-01
1.058597837460760333e-01
1.070805720265085442e-01
1.069061737007325069e-01
1.070805720265085442e-01
1.039675619114051597e-01
1.049877921171955969e-01
1.049877921171955969e-01
1.049877921171957218e-01
1.049877921171955969e-01
1.049877921171957218e-01
1.039675619114056593e-01
1.049877921171955969e-01
1.039414021625391232e-01
1.028950122078827745e-01
1.039414021625391232e-01
1.049877921171957218e-01
1.028950122078827745e-01
1.028950122078827745e-01
1.028950122078827745e-01
1.028950122078827745e-01
1.049877921171955969e-01
1.028950122078827745e-01
1.028950122078827745e-01
1.028950122078827745e-01
1.028950122078827745e-01
1.028950122078827745e-01
1.001743983257759318e-01
1.028950122078827745e-01
9.661667247994416841e-02
1.028950122078827745e-01
1.028950122078827745e-01
9.065224973840226019e-02
9.923264736658535257e-02
1.028950122078827745e-01
9.400069759330310915e-02
1.028950122078827745e-01
9.768486222532250796e-02
1.028950122078827745e-01
9.295430763864676038e-02
1.028950122078827745e-01
9.400069759330310915e-02
9.557028252528781964e-02
9.295430763864676038e-02
1.028950122078827745e-01
9.295430763864676038e-02
1.028950122078827745e-01
9.295430763864676038e-02
1.028950122078827745e-01
9.155912103243808720e-02
9.557028252528781964e-02
9.295430763864676038e-02
9.557028252528781964e-02
9.138472270666204988e-02
8.301360306941062139e-02
9.295430763864676038e-02
8.301360306941062139e-02
9.295430763864676038e-02
1.028950122078827745e-01
9.295430763864676038e-02
8.301360306941062139e-02
8.929194279734921358e-02
8.301360306941062139e-02
8.440878967561904478e-02
8.301360306941062139e-02
9.033833275200545132e-02
8.301360306941062139e-02
8.301360306941062139e-02
8.301360306941062139e-02
8.510638297872344382e-02
8.301360306941062139e-02
8.510638297872344382e-02
8.301360306941062139e-02
8.301360306941062139e-02
8.301360306941062139e-02
8.301360306941062139e-02
8.301360306941062139e-02
8.896058597837433468e-02
8.301360306941062139e-02
8.144401813742603580e-02
8.301360306941062139e-02
8.144401813742603580e-02
8.301360306941062139e-02
8.144401813742603580e-02
8.301360306941062139e-02
8.004883153121734873e-02
8.022322985699338604e-02
8.301360306941062139e-02
8.301360306941062139e-02
8.004883153121734873e-02
8.301360306941062139e-02
8.301360306941062139e-02
8.301360306941062139e-02
8.004883153121734873e-02
8.301360306941062139e-02
8.144401813742603580e-02
8.301360306941062139e-02
8.004883153121734873e-02
7.987443320544131142e-02
8.004883153121734873e-02
8.022322985699338604e-02
8.004883153121734873e-02
7.708405999302408995e-02
8.004883153121734873e-02
7.708405999302408995e-02
7.936867806069027032e-02
7.708405999302408995e-02
8.004883153121734873e-02
7.708405999302408995e-02
7.865364492500880045e-02
7.708405999302408995e-02
8.004883153121734873e-02
7.708405999302408995e-02
7.795605162190440141e-02
7.708405999302408995e-02
7.725845831880012726e-02
7.708405999302408995e-02
8.004883153121734873e-02
7.708405999302408995e-02
7.865364492500880045e-02
7.708405999302408995e-02
7.708405999302408995e-02
7.708405999302408995e-02
7.708405999302408995e-02
7.708405999302408995e-02
7.795605162190440141e-02
7.708405999302408995e-02
7.708405999302408995e-02
7.708405999302408995e-02
7.708405999302408995e-02
7.708405999302408995e-02
7.470352284618060612e-02
7.708405999302408995e-02
7.464248343215906800e-02
7.708405999302408995e-02
7.324729682595051972e-02
7.708405999302408995e-02
7.708405999302408995e-02
7.708405999302408995e-02
7.708405999302408995e-02
7.708405999302408995e-02
7.708405999302408995e-02
7.708405999302408995e-02
7.708405999302408995e-02
7.708405999302408995e-02
7.464248343215906800e-02
7.708405999302408995e-02
7.324729682595051972e-02
7.708405999302408995e-02
7.324729682595051972e-02
7.708405999302408995e-02
7.708405999302408995e-02
7.572375305197018291e-02
7.638646668991969091e-02
7.708405999302408995e-02
7.342169515172643213e-02
7.708405999302408995e-02
7.254970352284612067e-02
7.708405999302408995e-02
7.254970352284612067e-02
7.708405999302408995e-02
7.324729682595051972e-02
6.801534705266826242e-02
7.324729682595051972e-02
6.941053365887693560e-02
7.254970352284612067e-02
7.568887338681541677e-02
7.254970352284612067e-02
6.941053365887693560e-02
7.254970352284612067e-02
6.960237181723041844e-02
7.185211021974197143e-02
6.801534705266826242e-02
7.254970352284612067e-02
6.801534705266826242e-02
7.254970352284612067e-02
6.801534705266826242e-02
7.202650854551788384e-02
7.568887338681541677e-02
7.254970352284612067e-02
6.801534705266826242e-02
7.185211021974184653e-02
6.801534705266826242e-02
6.801534705266826242e-02
6.801534705266826242e-02
