9.584762265580603069e-01
9.333244932752415846e-01
9.207031634779252460e-01
8.914067058154948597e-01
8.591411252131083698e-01
8.136273915514291577e-01
7.978471301382840108e-01
7.901496495548399057e-01
8.028808486455766280e-01
7.590375071036177257e-01
7.312595188482661213e-01
7.260465997347980149e-01
6.785396855465049004e-01
6.783267664330362434e-01
6.667043000568289024e-01
6.770253835953772281e-01
6.566016290964199476e-01
6.276226558060238325e-01
6.152831975752983684e-01
5.866018185262359408e-01
5.953188103807541820e-01
5.859064216707711159e-01
6.046448190945252765e-01
5.636143208941084559e-01
5.534165561659406540e-01
5.509479068005305180e-01
5.397613184315209756e-01
5.337526046599736507e-01
5.196590263307444557e-01
5.134911915135441651e-01
5.075658268611480395e-01
4.927893540443266107e-01
4.785154385300245949e-01
4.752112142451220267e-01
4.705588179579467401e-01
4.651149838984658391e-01
4.803940140178065143e-01
4.620344762265582994e-01
4.505156279598406810e-01
4.545715097556357054e-01
4.470793710930100473e-01
4.362568668308391961e-01
4.372282629285850764e-01
4.215571130896002550e-01
4.190717939003600345e-01
4.287175601439666139e-01
4.229967796931236590e-01
4.144800151543852063e-01
4.038416366736123364e-01
3.923773441939760187e-01
3.893220306876298276e-01
3.992043947717370256e-01
3.883387005114604662e-01
4.001443455199840682e-01
3.809964008334910668e-01
3.814283008145480380e-01
3.679484750899791323e-01
3.571706762644433764e-01
3.547052472059094574e-01
3.773366167834813489e-01
3.684665656374311871e-01
3.621519227126350216e-01
3.501593104754685548e-01
3.527031634779314029e-01
3.449365410115550201e-01
3.370032203068762944e-01
3.364538738397424011e-01
3.564159878764918687e-01
3.515135442318617631e-01
3.382079939382458544e-01
3.335859064216707415e-01
3.292290206478498682e-01
3.299261223716611902e-01
3.331994695965144193e-01
3.332903959083159950e-01
3.302292100776660910e-01
3.317711687819664412e-01
3.280924417503315316e-01
3.287289259329417290e-01
3.285622276946391085e-01
3.260162909641977635e-01
3.272542148134109929e-01
3.256935025573025055e-01
3.254686493654100343e-01
3.277374502746731033e-01
3.222938056450082023e-01
3.147944686493654443e-01
3.139594620193217334e-01
3.141882932373554205e-01
3.183424891077856200e-01
3.098010986929342625e-01
3.116281492706951539e-01
3.079825724569046352e-01
3.118696722864177651e-01
3.105360863799962456e-01
3.097480583443835145e-01
2.985413904148512820e-01
3.009357832922900933e-01
3.025876112900169890e-01
3.040348550861904919e-01
3.011047546883870996e-01
3.048437204015909674e-01
2.979731009660921415e-01
2.941238870998295618e-01
2.973481720022731478e-01
2.954650501989011802e-01
2.930858117067625668e-01
2.867058154953589511e-01
2.821111953021405161e-01
2.921113847319566914e-01
2.940026520174275904e-01
2.887289259329416380e-01
2.908168213676829428e-01
2.836719075582492811e-01
2.924417503315021039e-01
2.797937109301003034e-01
2.873271452926690617e-01
2.868194733851107681e-01
2.850615646902819877e-01
2.833036559954536515e-01
2.799545368440990445e-01
2.778935404432656964e-01
2.797878386057964795e-01
2.804697859443073260e-01
2.845917787459745218e-01
2.778935404432656964e-01
2.780071983330175134e-01
2.783784807728733601e-01
2.777116878196627114e-01
2.696218980867588488e-01
2.711649933699564197e-01
2.728944875923466906e-01
2.766660352339457840e-01
2.656980488728925005e-01
2.763781019132410810e-01
2.685357075203637645e-01
2.678537601818526404e-01
2.699088842583820536e-01
2.655806023868156340e-01
2.714440234892975812e-01
2.654820988823641259e-01
2.677401022921009344e-01
2.658306497442697869e-01
2.676340215949991608e-01
2.711043758287554062e-01
2.655806023868156340e-01
2.640651638567910187e-01
2.660352339458231796e-01
2.650956620572078037e-01
2.611100587232431658e-01
2.612009850350445750e-01
2.624739534002652475e-01
2.628452358401214828e-01
2.605417692744839142e-01
2.640651638567910187e-01
2.596097745785186373e-01
2.623981814737639251e-01
2.621557113089598712e-01
2.626558060238682879e-01
2.586095851487025810e-01
2.597461640462209176e-01
2.606554271642356202e-01
2.583822693691987249e-01
2.584423186209509060e-01
2.579276378101913458e-01
2.580034097366926682e-01
2.565637431331688201e-01
2.536298541390397121e-01
2.494563364273534867e-01
2.583822693691987249e-01
2.577760939571889232e-01
2.583822693691987249e-01
2.559575677211592959e-01
2.509566205720781262e-01
2.518961924606931135e-01
2.545936730441371032e-01
2.435802235271832261e-01
2.582307255161963577e-01
2.539486645197953640e-01
2.541390414851298352e-01
2.495927258950559335e-01
2.497082780829698312e-01
2.430763402159497322e-01
2.545936730441371032e-01
2.534722485319187979e-01
2.541087327145291619e-01
2.498958136010608067e-01
2.383102860390226285e-01
2.436825156279597837e-01
2.407274104944117921e-01
2.395908315968932889e-01
2.515627959840876504e-01
2.481833680621326754e-01
2.467133926880089867e-01
2.396514491380943856e-01
2.385338132222007412e-01
2.394392877438908940e-01
2.432422807349854665e-01
2.452843341541956212e-01
2.359613563174844109e-01
2.392043947717373553e-01
2.358401212350824672e-01
2.387573404053800752e-01
2.200568289448761594e-01
2.495017995832543856e-01
2.356355370335290744e-01
2.339079371093008564e-01
2.376662246637623321e-01
2.379390035991667818e-01
2.394392877438908940e-01
2.223072551619627302e-01
2.259139988634212837e-01
2.295207425648798372e-01
2.354612616025762439e-01
2.373934457283575772e-01
2.177988255351397395e-01
2.214055692365982930e-01
2.250123129380568465e-01
2.239818147376400614e-01
2.285887478689148378e-01
2.344838037507104844e-01
2.168971396097746362e-01
2.200795605228263452e-01
2.166925554082211047e-01
2.168971396097746362e-01
2.168971396097746362e-01
2.168971396097746362e-01
2.168971396097746362e-01
2.165788975184693987e-01
2.168971396097746362e-01
2.214055692365978767e-01
2.168971396097746362e-01
2.145785186588371196e-01
2.161242659594622695e-01
2.184883500663006850e-01
2.162606554271643000e-01
2.201174464860771451e-01
2.168971396097746362e-01
2.141920818336806587e-01
2.155332449327524158e-01
2.167910589126728904e-01
2.131464292479640921e-01
2.159424133358590625e-01
2.155180905474522179e-01
2.120022731577951847e-01
2.152301572267475427e-01
2.142451221822315177e-01
2.125705626065543252e-01
2.159272589505588369e-01
2.106004925175224418e-01
2.117219170297406083e-01
2.128433415419587749e-01
2.139647660541770802e-01
2.152150028414471783e-01
2.090926311801478421e-01
2.157302519416557096e-01
2.114415609016860320e-01
2.052206857359349101e-01
2.047963629475279268e-01
2.053570752036372182e-01
2.070056828944877303e-01
2.098882364084107832e-01
2.109490433794279918e-01
2.053267664330366560e-01
2.049024436446298114e-01
2.049706383784810348e-01
2.096609206289076210e-01
2.080621329797311958e-01
2.056650880848645002e-01
2.054328471301384018e-01
2.050085243417314185e-01
2.045842015533245739e-01
2.045842015533245739e-01
2.045842015533245739e-01
2.045842015533245739e-01
2.055389278272400089e-01
2.044705436635725904e-01
2.045160068194734893e-01
2.057435120287934016e-01
2.060617541200985003e-01
2.045842015533245739e-01
2.054176927448380652e-01
2.049327524152300961e-01
2.046599734798257575e-01
2.053570752036372182e-01
2.045842015533245739e-01
2.035612805455579155e-01
2.038340594809623929e-01
2.041068384163668425e-01
2.046978594430764187e-01
2.045690471680243760e-01
2.045084296268233903e-01
2.034930858117068309e-01
2.037658647471113083e-01
2.040386436825156469e-01
2.043114226179200965e-01
2.045842015533245739e-01
2.045842015533245739e-01
2.045842015533245739e-01
2.045842015533245739e-01
2.039704489486645622e-01
2.042432278840690119e-01
2.045160068194734893e-01
2.030384542526994240e-01
2.044781208562228281e-01
2.034669444970638175e-01
2.039022542148134776e-01
2.041750331502179272e-01
2.028793332070468192e-01
2.037582875544607930e-01
2.031975752983519179e-01
2.034097366925554096e-01
2.028793332070468192e-01
2.028793332070468192e-01
2.028793332070468192e-01
2.045690471680243760e-01
2.045084296268233903e-01
2.033566963440045228e-01
2.035688577382078757e-01
2.028793332070468192e-01
2.028793332070468192e-01
2.028793332070468192e-01
2.030914946012503108e-01
2.033036559954538025e-01
2.026974805834438620e-01
2.026368630422429040e-01
2.025762455010417795e-01
2.026217086569424286e-01
2.028338700511460313e-01
2.032506156469029157e-01
2.034627770411062686e-01
2.026520174275431019e-01
2.028793332070468192e-01
2.027429437393445111e-01
2.025004735745405959e-01
2.029096419776472426e-01
2.027277893540442855e-01
2.026671718128433275e-01
2.026065542716423418e-01
2.010456525857168553e-01
2.025004735745405959e-01
2.028035612805456078e-01
2.025004735745405959e-01
2.026823261981435254e-01
2.026217086569425396e-01
2.001443455199851673e-01
1.873460882742943867e-01
2.025004735745405959e-01
2.025004735745405959e-01
1.956355370335294275e-01
2.026368630422429040e-01
2.009092631180149358e-01
2.019094525478315472e-01
2.025004735745405959e-01
2.025004735745405959e-01
2.027126349687440876e-01
1.965902633074450012e-01
1.989543474142828894e-01
2.013184315211217212e-01
2.025004735745405959e-01
2.025004735745405959e-01
2.025004735745405959e-01
1.958325440424323050e-01
1.983633263875738406e-01
2.007274104944117288e-01
1.880301193407845350e-01
2.025004735745405959e-01
2.025004735745405959e-01
1.961129001704875474e-01
1.977723053608638759e-01
2.001363894677027078e-01
2.025004735745405959e-01
1.900435688577386539e-01
2.025004735745405959e-01
1.946201932184128680e-01
1.970448948664517419e-01
1.994695965144915317e-01
2.012578139799215404e-01
1.891646145103240140e-01
1.949649554839937571e-01
1.940140178064026777e-01
1.964387194544424953e-01
1.956355370335288724e-01
2.001818526236033291e-01
2.025004735745405959e-01
1.909831407463536412e-01
1.934078423943934311e-01
1.958325440424323050e-01
1.982572456904720948e-01
1.873460882742943867e-01
1.879522636863045770e-01
1.907179390035989852e-01
1.928016669823832407e-01
1.952263686304230583e-01
1.873460882742943867e-01
