1.295959569142076218e+00
1.131561480694833977e+00
1.010928089205795244e+00
1.118460896609269506e+00
1.009432223317909383e+00
9.042687552150496799e-01
8.428411590684971033e-01
7.823196540999770576e-01
7.771827353409692662e-01
7.239782295380413624e-01
6.482405370552983825e-01
6.231036182962905734e-01
6.245634529318057071e-01
5.909136767048472905e-01
5.478218159751192529e-01
5.307168322840013497e-01
5.084957900326171343e-01
4.942342410680421461e-01
4.796218614882801212e-01
4.820450580292800491e-01
4.696408253053172555e-01
4.782674656754912768e-01
4.696245164226654500e-01
4.363415004172035982e-01
4.360160813168475480e-01
4.136008495790030604e-01
4.160870059925657616e-01
4.046120003034210377e-01
4.168023211712054699e-01
3.976826215580668844e-01
4.017135705074712515e-01
3.839831601304707354e-01
3.732109535007205325e-01
3.685807479329438197e-01
3.676098005006447345e-01
3.755442615489645308e-01
3.634984449670029538e-01
3.571853902753545640e-01
3.617234316923310100e-01
3.528350906470455461e-01
3.502306000151711451e-01
3.506030493817795524e-01
3.297731927482365211e-01
3.467951149207315065e-01
3.367734961693089057e-01
3.391944170522641633e-01
3.477964044602898097e-01
3.208222711067285071e-01
3.180622771751496214e-01
3.211256921793218533e-01
3.224182659485697044e-01
3.209436395357658789e-01
3.086952893878480153e-01
3.094743229917318317e-01
3.117594629447005827e-01
3.021770461958582232e-01
3.049495562466811305e-01
3.073970264734883218e-01
3.037548357733445004e-01
3.023901994993551945e-01
2.907229007054540904e-01
2.882500189638170784e-01
2.884775847682622407e-01
2.862777819919594124e-01
2.872597284381398497e-01
2.854831980581048478e-01
2.824850185845407258e-01
2.797238868239398935e-01
2.758097549874839460e-01
2.748843207160738267e-01
2.737920048547372032e-01
2.662519912007889067e-01
2.747477812334067626e-01
2.655086095729349283e-01
2.645680042478951721e-01
2.639611621027080912e-01
2.651938102101191186e-01
2.622020784343472299e-01
2.603959644997345113e-01
2.588181749222484007e-01
2.577410301145414695e-01
2.551922931047561627e-01
2.586209512250625675e-01
2.597436091936584091e-01
2.605931881969202335e-01
2.468975195327313688e-01
2.510050823029658651e-01
2.511719638928923137e-01
2.420389896078282144e-01
2.353182128498824133e-01
2.343927785784722662e-01
2.419783053933095285e-01
2.419631343396800305e-01
2.355852233937648088e-01
2.381536827732686490e-01
2.358795418341804173e-01
2.336342258969885677e-01
2.336645680042479800e-01
2.336342258969885677e-01
2.323166198892509249e-01
2.307213836000910900e-01
2.336342258969885677e-01
2.330804824395053820e-01
2.330880679663203392e-01
2.323598573920958865e-01
2.234392778578472849e-01
2.236213305014033426e-01
2.291739361298643918e-01
2.286884624137148492e-01
2.315406204960933634e-01
2.290829098080862658e-01
2.202078434347264357e-01
2.200906470454373209e-01
2.200561328984297904e-01
2.236835318212846979e-01
2.116058560267010669e-01
2.145186983235986555e-01
2.159751194720473944e-01
2.108776454524767530e-01
2.173101721914587614e-01
2.218774178866719793e-01
2.108776454524767530e-01
2.118197678828793173e-01
2.113327770613668832e-01
2.028673291360085229e-01
2.030038686186755592e-01
2.003565197602973080e-01
2.084806189789881192e-01
2.082833952818023970e-01
2.061442767200181436e-01
2.096032769475840996e-01
2.030645528331942451e-01
2.086019874080254910e-01
2.083653189714026466e-01
2.069635136160205557e-01
2.024728817416369675e-01
1.983615262079951591e-01
1.951604338921337500e-01
1.952969733748008974e-01
1.867329136008493429e-01
1.805643631950236694e-01
1.971478419176211916e-01
1.963741181825078563e-01
1.937191837973147868e-01
1.886823939922628313e-01
1.856481832663278431e-01
1.869832359857392101e-01
1.809754987483880584e-01
1.956762497155428160e-01
1.895623151027839293e-01
1.779629067738749404e-01
1.837214594553592262e-01
1.804445118713493279e-01
1.803079723886824581e-01
1.793977091709019478e-01
1.793977091709019478e-01
1.759083668360768293e-01
1.836622923462032930e-01
1.793825381172721722e-01
1.718880376242130081e-01
1.748683911097626553e-01
1.741636956686642701e-01
1.741333535614048578e-01
1.769551695365243760e-01
1.776075248426003395e-01
1.713297428506407039e-01
1.737085640597738900e-01
1.702647348858378484e-01
1.706743533338390406e-01
1.724797087157702857e-01
1.706743533338390406e-01
1.706743533338390406e-01
1.705271941136307090e-01
1.731017219145869757e-01
1.701281954031706733e-01
1.755290904953349107e-01
1.739361298642191633e-01
1.699006295987256776e-01
1.714025639080633268e-01
1.675601153000065013e-01
1.697034059015398444e-01
1.699916559205036648e-01
1.698096032769475794e-01
1.699613138132442525e-01
1.702343927785784083e-01
1.700371690813927139e-01
1.696123795797618572e-01
1.643631950238944317e-01
1.662444056739739995e-01
1.684442084502768278e-01
1.695365243116133958e-01
1.609648790108473004e-01
1.612834711370703944e-01
1.638928923613745259e-01
1.655313661533792113e-01
1.567018129409087079e-01
1.566411287263900221e-01
1.601001289539558392e-01
1.607676553136614395e-01
1.628309186072972314e-01
1.648941819009330234e-01
1.566411287263900221e-01
1.566866418872790712e-01
1.580065235530607737e-01
1.598270499886217944e-01
1.566411287263900221e-01
1.554350299628307341e-01
1.564590760828339366e-01
1.566714708336494344e-01
1.575513919441705324e-01
1.562986421906998602e-01
1.560342865812031077e-01
1.562921944929074880e-01
1.564287339755745243e-01
1.556094970795719734e-01
1.570962603352802633e-01
1.577789577486156392e-01
1.560949707957217936e-01
1.558522339376468835e-01
1.557308655086096505e-01
1.565197602973526225e-01
1.566411287263900221e-01
1.559736023666842830e-01
1.556398391868315245e-01
1.555184707577940140e-01
1.549237654555106480e-01
1.546688917545323283e-01
1.556853523477205736e-01
1.561404839566107039e-01
1.549267996662368752e-01
1.555488128650535651e-01
1.549723128271257855e-01
1.550026549343851978e-01
1.545778654327543689e-01
1.551240233634225973e-01
1.545475233254949565e-01
1.546688917545323283e-01
1.550329970416444714e-01
1.534096943032693117e-01
1.545475233254949565e-01
1.543958127891982834e-01
1.543654706819388711e-01
1.543654706819388711e-01
1.550936812561631850e-01
1.532731548206022754e-01
1.538193127512706426e-01
1.543654706819388711e-01
1.543654706819388711e-01
1.547902601835697278e-01
1.518015626185239275e-01
1.525904574072668995e-01
1.543654706819388711e-01
1.542289311992718626e-01
1.543654706819388711e-01
1.543654706819388711e-01
1.519381021011909361e-01
1.523932337100812051e-01
1.535462337859364590e-01
1.540923917166046875e-01
1.544261548964575570e-01
1.506182204354092335e-01
1.494348782522946784e-01
1.521960100128954829e-01
1.513919441705225688e-01
1.494348782522946784e-01
1.496624440567398129e-01
1.498938026245923427e-01
1.512098915269666499e-01
1.523932337100812051e-01
1.494348782522946784e-01
1.511492073124479363e-01
1.543654706819388711e-01
1.497989835394069602e-01
1.510126678297807890e-01
1.494348782522946784e-01
1.498850792687551892e-01
1.522699688993397749e-01
1.492073124478495438e-01
1.497079572176288620e-01
1.486914966244405889e-01
1.504361677918531481e-01
1.491314571797012212e-01
1.480543123719942622e-01
1.494348782522946784e-01
1.492224835014791806e-01
1.499810361829629068e-01
1.494348782522946784e-01
1.479481149965865272e-01
1.479560797997420685e-01
1.494348782522946784e-01
1.495259045740726378e-01
1.489038913752560866e-01
1.484791018736251189e-01
1.480725176363498763e-01
1.458089964348024126e-01
1.494348782522946784e-01
1.494348782522946784e-01
1.471895623151028010e-01
1.485852992490328539e-01
1.468144580141090283e-01
1.477357202457711682e-01
1.461731017219145556e-01
1.466585754380642370e-01
1.475290146400667357e-01
1.445953121444284450e-01
1.472502465296215146e-01
1.455662595767275025e-01
1.460517332928771839e-01
1.413031935067890488e-01
1.481605097474020249e-01
1.436395357657588856e-01
1.433664568004248407e-01
1.454448911476902695e-01
1.459303648638397843e-01
1.414093908821966450e-01
1.467799438671016088e-01
1.467799438671016088e-01
1.431388909959797062e-01
1.440491542137602166e-01
1.458089964348024126e-01
1.462944701509519552e-01
1.467799438671016088e-01
1.420010619737540614e-01
1.429113251915345717e-01
1.467799438671016088e-01
1.447318516270954536e-01
1.461731017219145556e-01
1.411969961313813138e-01
1.450936812561627043e-01
1.426837593870894649e-01
1.435940226048698365e-01
1.421527725100507344e-01
1.410907987559735510e-01
1.413031935067890488e-01
1.415459303648638201e-01
1.424561935826443304e-01
1.410907987559735510e-01
1.410907987559735510e-01
1.452055677766820319e-01
1.410907987559735510e-01
1.413183645604186855e-01
1.422286277781991959e-01
1.410907987559735510e-01
1.410907987559735510e-01
1.410907987559735510e-01
1.410907987559735510e-01
1.410907987559735510e-01
1.420010619737540614e-01
1.410907987559735510e-01
1.410907987559735510e-01
1.410907987559735510e-01
1.410907987559735510e-01
1.411969961313813138e-01
1.397254039293027994e-01
1.409132974285063622e-01
1.410907987559735510e-01
1.410907987559735510e-01
1.388151407115222891e-01
1.403512098915266348e-01
1.406356671470833097e-01
1.383600091026321588e-01
1.410907987559735510e-01
1.410907987559735510e-01
1.384358643707805092e-01
1.399529697337479339e-01
1.408632329515284443e-01
1.388151407115222891e-01
1.386937722824850283e-01
1.365770310248041186e-01
1.410907987559735510e-01
1.395736933930061263e-01
1.410907987559735510e-01
1.392702723204125304e-01
1.410907987559735510e-01
1.370097853295910439e-01
1.376773116892967830e-01
1.391944170522643465e-01
1.407115224152317712e-01
1.397254039293027994e-01
1.310779033603883537e-01
1.360843510581810356e-01
1.407115224152317712e-01
1.388151407115222891e-01
1.403322460744898525e-01
1.314571797011301613e-01
1.383600091026321588e-01
1.376773116892967830e-01
1.401046802700448568e-01
1.384358643707805092e-01
1.399529697337479339e-01
1.317606007737236185e-01
1.388151407115222891e-01
1.309261928240915696e-01
1.365394826670712769e-01
1.303193506789046552e-01
