9.183354663091393144e-01
8.623468828082148097e-01
8.071586730859081626e-01
7.549596766002395487e-01
6.935121985902042985e-01
6.772934568427894098e-01
6.434553192353789086e-01
6.374159505962174732e-01
6.182694456294307583e-01
5.985160582607105262e-01
5.746236821256627270e-01
5.564019745261746808e-01
5.393991102443781438e-01
5.379999796859445960e-01
5.347675056371503644e-01
5.310947244398398492e-01
4.835811648079307301e-01
4.815142096816786288e-01
4.598416519389765256e-01
4.666788550998434149e-01
4.391289333089564151e-01
4.347207833099721030e-01
4.278607268368981309e-01
4.258882320677677136e-01
4.112174213338209428e-01
4.050810530806260856e-01
3.929880959635970727e-01
4.023640481849391493e-01
4.084953379243099203e-01
3.844638105104921655e-01
3.655595506530967542e-01
3.693476141142057467e-01
3.715323907611675081e-01
3.648414487984234511e-01
3.727446320108881439e-01
3.451764275702359219e-01
3.465577833302861399e-01
3.265088264570255028e-01
3.183080423344908927e-01
3.190936884230197168e-01
3.123362179291852003e-01
3.227903386353018766e-01
3.124504844902187828e-01
3.021761431734613645e-01
3.011579011518068505e-01
2.947975704389869112e-01
3.097893432465924080e-01
2.935817742295894761e-01
2.929489914071545797e-01
2.879111056940297231e-01
2.816137485526234441e-01
2.740366059276413968e-01
2.719061693785930767e-01
2.715379771263738418e-01
2.732108395799052736e-01
2.743413167570642464e-01
2.668251162979666247e-01
2.665407195238385651e-01
2.622950819672132949e-01
2.679220752838889497e-01
2.631279582343023504e-01
2.566680886505374182e-01
2.559977248258070159e-01
2.552664188351921881e-01
2.549617080057692831e-01
2.428992219716823164e-01
2.455969285148395242e-01
2.478721027078636119e-01
2.420917382737112489e-01
2.385682653828184452e-01
2.446218538606862447e-01
2.427529607735592898e-01
2.386937046742641511e-01
2.378775875027932529e-01
2.357649257521280128e-01
2.330631563979118082e-01
2.305823023950269446e-01
2.296778190830237043e-01
2.290409734495298111e-01
2.220189123854793001e-01
2.244906250634814693e-01
2.194070327259430575e-01
2.247140796717247424e-01
2.263188900400188164e-01
2.282690393483251812e-01
2.143539114713470528e-01
2.080565543299409959e-01
2.153289861255003323e-01
2.153289861255003323e-01
2.245109391187764536e-01
2.147601925772443521e-01
1.995932110427203476e-01
2.067158266804803857e-01
2.101082739147214218e-01
2.110020923476952914e-01
2.119162248359639511e-01
1.909521197716700924e-01
1.959605501046171316e-01
1.984276921201781063e-01
1.995855932719848846e-01
1.959087492636155670e-01
2.027342718426879964e-01
1.905788490056269657e-01
1.927194425823228197e-01
1.906067808316574130e-01
1.911755743799135598e-01
1.909521197716700924e-01
1.899364170069270108e-01
1.889207142421841235e-01
1.893269953480812284e-01
1.896113921222095100e-01
1.834359193125724707e-01
1.868080524915188834e-01
1.840656550267130709e-01
1.851224937534277637e-01
1.884941190809921729e-01
1.881081520303896915e-01
1.808560342901253115e-01
1.809504946472462739e-01
1.775245292217685344e-01
1.826842992666628251e-01
1.716537672415543725e-01
1.738476852133990502e-01
1.785402319865112553e-01
1.791902817559470062e-01
1.772198183923456294e-01
1.713490564121314952e-01
1.715928250756697804e-01
1.716232961586117989e-01
1.745454730127773690e-01
1.716537672415543725e-01
1.717629552887642574e-01
1.713216324374833843e-01
1.710849736932984200e-01
1.698864444309018396e-01
1.697645600991327941e-01
1.695284092063299997e-01
1.701302130944401247e-01
1.701302130944401247e-01
1.701302130944401247e-01
1.700083287626710793e-01
1.694192211591201147e-01
1.695817336014789622e-01
1.651329554919050147e-01
1.686066589473256827e-01
1.666768236943142745e-01
1.701302130944401247e-01
1.639141121742134777e-01
1.691551384402870117e-01
1.657017490401608284e-01
1.656204928189815850e-01
1.667783939707883356e-01
1.667580799154937121e-01
1.652213216324368295e-01
1.647876165518921410e-01
1.645844759989438522e-01
1.654579803766227375e-01
1.644016495012900203e-01
1.664330550307760170e-01
1.605013508846770687e-01
1.616876917138968250e-01
1.603794665529080232e-01
1.621671034188555682e-01
1.599731854470108905e-01
1.603388384423184154e-01
1.602372681658441600e-01
1.599731854470108905e-01
1.597903589493570586e-01
1.599731854470108905e-01
1.625327564141630654e-01
1.593231356775755003e-01
1.559103743880390913e-01
1.598919292258314806e-01
1.599731854470108905e-01
1.578605236963454839e-01
1.574136144798587433e-01
1.591606232352164585e-01
1.596887886728828310e-01
1.597903589493572252e-01
1.593358319621344943e-01
1.588965405163833833e-01
1.565197960468848737e-01
1.582668048022427831e-01
1.556666057245008339e-01
1.562963414386414063e-01
1.567635647104231589e-01
1.573323582586791392e-01
1.556493387774997572e-01
1.584699453551912662e-01
1.550978121762446593e-01
1.554025230056675644e-01
1.562150852174619964e-01
1.554025230056675644e-01
1.556462916692058496e-01
1.545899607938732989e-01
1.549962418997704316e-01
1.554025230056675644e-01
1.554025230056675644e-01
1.554228370609625487e-01
1.554025230056675644e-01
1.544883905173990712e-01
1.548946716232960097e-01
1.543665061856296650e-01
1.558900603327441070e-01
1.554025230056675644e-01
1.554025230056675644e-01
1.543868202409246493e-01
1.547524732362321465e-01
1.532898612550023243e-01
1.529242082596948271e-01
1.530867207020536747e-01
1.534726877526561561e-01
1.540617953562069542e-01
1.546915310703475543e-01
1.523554147114388468e-01
1.553618948950777623e-01
1.527616958173359796e-01
1.534523736973611718e-01
1.523554147114388468e-01
1.523554147114388468e-01
1.524366709326182845e-01
1.523554147114388468e-01
1.521929022690799993e-01
1.523554147114388468e-01
1.523554147114388468e-01
1.519790968371013962e-01
1.496130172466330344e-01
1.518069352184776843e-01
1.525991833749771320e-01
1.520710179373107596e-01
1.458853881000259645e-01
1.486988847583643469e-01
1.513803400572855673e-01
1.523554147114388468e-01
1.518475633290674864e-01
1.521116460479005617e-01
1.500192983525301393e-01
1.457533467406098848e-01
1.479269506571597170e-01
1.523554147114388468e-01
1.518678773843623042e-01
1.418479696101723198e-01
1.443110488146748527e-01
1.454892640217768096e-01
1.472362727771345248e-01
1.477644382148008695e-01
1.523554147114388468e-01
1.521929022690799993e-01
1.427062384463811673e-01
1.447376439758669697e-01
1.467690495053527999e-01
1.488004550348387689e-01
1.508318605643245713e-01
1.392731631015499683e-01
1.423202713957788523e-01
1.442297925934954428e-01
1.462611981229812452e-01
1.459768013488531579e-01
1.495114469701587789e-01
1.387246836085888058e-01
1.409186015804336500e-01
1.431125195522783000e-01
1.441312694253151228e-01
1.379121213967945403e-01
1.377496089544356928e-01
1.381762041156276433e-01
1.376277246226664808e-01
1.383387165579864908e-01
1.376277246226664808e-01
1.376277246226664808e-01
1.377902370650253283e-01
1.376277246226664808e-01
1.398216425945112973e-01
1.376277246226664808e-01
1.381949946167748411e-01
1.376277246226664808e-01
1.365104515814493380e-01
1.374042700144231799e-01
1.376277246226664808e-01
1.376277246226664808e-01
1.376277246226664808e-01
1.376277246226664808e-01
1.360432283096675854e-01
1.371808154061795459e-01
1.376277246226664808e-01
1.349462693237450939e-01
1.376277246226664808e-01
1.347228147155017930e-01
1.357791455908343159e-01
1.368385235744613293e-01
1.376277246226664808e-01
1.376277246226664808e-01
1.371686269730025554e-01
1.376277246226664808e-01
1.355150628720012407e-01
1.365713937473339301e-01
1.376277246226664808e-01
1.358400877567189358e-01
1.295630446706076688e-01
1.376277246226664808e-01
1.352509801531679712e-01
1.363073110285006884e-01
1.373636419038333778e-01
1.362869969732056763e-01
1.343165336096044937e-01
1.339305665590021788e-01
1.349868974343348960e-01
1.337274260060535291e-01
1.370995591850001083e-01
1.306600036565301881e-01
1.326101529648363864e-01
1.291973916753001717e-01
1.347228147155017930e-01
1.357791455908343159e-01
1.368354764661670331e-01
1.308428301541836591e-01
1.328539216283748381e-01
1.293802181729540035e-01
1.329961200154387013e-01
1.282466938875008733e-01
1.311257033741632383e-01
1.198529262396653833e-01
1.302943506612226909e-01
1.295630446706076688e-01
1.269831596481607039e-01
1.270034737034555217e-01
1.220874723220998354e-01
1.206273995977815844e-01
1.304771771588761620e-01
1.278972921364293636e-01
1.273081845328783990e-01
1.243220184045343013e-01
1.310256566518374910e-01
1.205029760091007734e-01
1.203810916773317280e-01
1.283442013529161041e-01
1.291973916753001717e-01
1.247689276210210557e-01
1.229812907550735107e-01
1.213764803867798253e-01
1.305787474353505839e-01
1.285879700164543893e-01
1.270034737034555217e-01
1.252158368375079767e-01
1.224531253174071660e-01
1.216405631056129144e-01
1.198529262396653833e-01
1.290755073435309319e-01
1.271253580352245671e-01
1.251752087269181746e-01
1.227781502021250415e-01
1.214780506632540669e-01
1.201779511243830784e-01
1.295660917789019650e-01
1.198529262396653833e-01
1.261096552704818463e-01
1.237125967456883385e-01
1.218030755479717619e-01
1.205029760091007734e-01
1.198529262396653833e-01
1.198529262396653833e-01
1.198529262396653833e-01
1.234281999715602651e-01
1.216811912162025361e-01
1.208280008938184824e-01
1.198529262396653833e-01
1.198529262396653833e-01
1.179027769313588103e-01
1.198529262396653833e-01
1.224531253174071660e-01
1.211530257785363579e-01
1.198529262396653833e-01
1.183496861478457451e-01
1.232037296605520971e-01
1.198529262396653833e-01
1.227781502021250415e-01
1.192435045808196009e-01
1.172527271619234202e-01
1.175168098807566758e-01
1.195075872996526900e-01
1.181465455948972759e-01
1.186340829219738185e-01
1.212749101103052229e-01
1.195685294655372960e-01
1.170495866089747566e-01
1.191216202490503751e-01
1.180246612631280501e-01
1.185121985902045927e-01
1.188575375302172860e-01
1.181465455948970955e-01
1.169277022772057112e-01
1.174152396042822677e-01
1.179027769313588103e-01
1.183903142584355472e-01
1.187153391431532423e-01
