9.879605444679475656e-01
9.489791225972590283e-01
8.924570035868669704e-01
7.878244274809160785e-01
7.520831417272142438e-01
6.943097581164350274e-01
6.695484226984272924e-01
6.474183757932490124e-01
6.815791409914466747e-01
6.629081210337532948e-01
6.115883380851649953e-01
5.905453876575004202e-01
5.606208038259906656e-01
5.490743125172444783e-01
5.462011404396212022e-01
5.460401912995489493e-01
5.319989883196909464e-01
5.175066678929457487e-01
5.004322634047640994e-01
4.801305987308010503e-01
4.761970017474476680e-01
4.980226248505471576e-01
4.621567184769613812e-01
4.521291271958061686e-01
4.304607743952910126e-01
4.229255955118181864e-01
4.340108525705876907e-01
4.361740090131516201e-01
4.000367883748736086e-01
3.904230663110455635e-01
3.840126919893311341e-01
3.816816885864066644e-01
3.672399521751127383e-01
3.419056378184493483e-01
3.329899751678469522e-01
3.547907661179067751e-01
3.460866366228271818e-01
3.352984456911614064e-01
3.285220270394555442e-01
3.200404672123608463e-01
3.213096661454979408e-01
3.187712682792238628e-01
3.154428400625404194e-01
3.060424905729789979e-01
3.033201508323369877e-01
3.066494987583923137e-01
2.823507771544192524e-01
2.829536466476589296e-01
2.751586498666422909e-01
2.788632392164075435e-01
2.754120297985835353e-01
2.789478524786168645e-01
2.601857812931115954e-01
2.616757104754899310e-01
2.612659799503355695e-01
2.597912259725926321e-01
2.584383334866180992e-01
2.540605168766670863e-01
2.535454796284374313e-01
2.551641681228733471e-01
2.492044513933597272e-01
2.499770072657040432e-01
2.410190379839972086e-01
2.399383794720867102e-01
2.337533339464729909e-01
2.298353720224409757e-01
2.272877770624483762e-01
2.316196082038075865e-01
2.326174928722523350e-01
2.279039823415802135e-01
2.274809160305345246e-01
2.230295226708360889e-01
2.217603237376989944e-01
2.202887887427573965e-01
2.188724363101259562e-01
2.208774027407339469e-01
2.140163708268189025e-01
2.206382783040558571e-01
2.171249885036329597e-01
2.134461510162788955e-01
2.067138784144210706e-01
2.139450933505010199e-01
2.121033753333947114e-01
2.140531592016923501e-01
2.062972500689775057e-01
2.038618596523493753e-01
2.065046445323272528e-01
1.990067138784146206e-01
2.017290536190566030e-01
2.089579692817071788e-01
2.037340200496642606e-01
1.963602501609492124e-01
1.963138048376708300e-01
1.954111100892115538e-01
1.932677273981421862e-01
1.909960452497011796e-01
1.775039087648302982e-01
1.819001195622183820e-01
1.875103467304332083e-01
1.885956037892025650e-01
1.878414421042949589e-01
1.789754437597718961e-01
1.771019957693368840e-01
1.770992366412214858e-01
1.818817253747814777e-01
1.771240687942610137e-01
1.776142738894508355e-01
1.769240320058860227e-01
1.770440540789111339e-01
1.772463901407154707e-01
1.763818633311873274e-01
1.749287225236826337e-01
1.726110549066496025e-01
1.751126643980502329e-01
1.729062816150095383e-01
1.768233238296699206e-01
1.710659431619609427e-01
1.699990802906283238e-01
1.693920721052148415e-01
1.734203991538673939e-01
1.714706152855697552e-01
1.678469603605261817e-01
1.678681136760781512e-01
1.719488641589257960e-01
1.695208314172722830e-01
1.685275452956867259e-01
1.684907569208131117e-01
1.676529016830680952e-01
1.685643336705601736e-01
1.678469603605261817e-01
1.632116251264600082e-01
1.658235997424812869e-01
1.602317667617033370e-01
1.671479812379289276e-01
1.683252092338822226e-01
1.629908948772187949e-01
1.628805297525982576e-01
1.626266899659703224e-01
1.634691437505748357e-01
1.667984916766302728e-01
1.600294306998986948e-01
1.595695760139795305e-01
1.625135657132345535e-01
1.595695760139795305e-01
1.595695760139795305e-01
1.584659247677732974e-01
1.595695760139795305e-01
1.591281155154971039e-01
1.595695760139795305e-01
1.595695760139795305e-01
1.582451945185320841e-01
1.588338085165088287e-01
1.592752690149912553e-01
1.573254851466937554e-01
1.569208130230848042e-01
1.575094270210613545e-01
1.580980410190379326e-01
1.578037340200496574e-01
1.558907385266256329e-01
1.566384622459302822e-01
1.570863607100156656e-01
1.547870872804193720e-01
1.565345350869125352e-01
1.558907385266256329e-01
1.555044605904533639e-01
1.557803734020049291e-01
1.560746804009932320e-01
1.548974524050400758e-01
1.546086636622825972e-01
1.548606640301664616e-01
1.558907385266256329e-01
1.558907385266256329e-01
1.554492780281431785e-01
1.550078175296605854e-01
1.542168674698795316e-01
1.529660627241789805e-01
1.551549710291549034e-01
1.551733652165916411e-01
1.548790582176031716e-01
1.551181826542812892e-01
1.528740917869951810e-01
1.529476685367424094e-01
1.543824151568103931e-01
1.501333578589164885e-01
1.508691253563873569e-01
1.527821208498113814e-01
1.514209509794903208e-01
1.527269382875011960e-01
1.506851834820195912e-01
1.501885404212268127e-01
1.501885404212268127e-01
1.501885404212268127e-01
1.503540881081578684e-01
1.512370091051227217e-01
1.507955486066402950e-01
1.502805113584106123e-01
1.499126276096752475e-01
1.504276648579047637e-01
1.499126276096752475e-01
1.496735031729973242e-01
1.504460590453416402e-01
1.500045985468592136e-01
1.500045985468592136e-01
1.499126276096752475e-01
1.499126276096752475e-01
1.496551089855605865e-01
1.497286857353076761e-01
1.501149636714799174e-01
1.496735031729973242e-01
1.497470799227443861e-01
1.495631380483766204e-01
1.496367147981237100e-01
1.497102915478707719e-01
1.494527729237561109e-01
1.484778809896072915e-01
1.493240136116986971e-01
1.488089763634691809e-01
1.494527729237561109e-01
1.430019313896805089e-01
1.494527729237561109e-01
1.494527729237561109e-01
1.494527729237561109e-01
1.495263496735031727e-01
1.494527729237561109e-01
1.494527729237561109e-01
1.494527729237561109e-01
1.445783132530119863e-01
1.491805389496919099e-01
1.490664949875840084e-01
1.484226984272969396e-01
1.493791961740091878e-01
1.440264876299088559e-01
1.460314540605168465e-01
1.483123333026764024e-01
1.476501425549525959e-01
1.485698519267910633e-01
1.479812379288145130e-01
1.411202060148992743e-01
1.454612342499770061e-01
1.448358318771269804e-01
1.493056194242619594e-01
1.383150924307881002e-01
1.390048744596706076e-01
1.406971397038535854e-01
1.423894049480365631e-01
1.440927067046814947e-01
1.457739354364021855e-01
1.338728961648119609e-01
1.385818081486248909e-01
1.402740733928078687e-01
1.406419571415434000e-01
1.432907201324381541e-01
1.355127379747952665e-01
1.341488089763633595e-01
1.355099788466844479e-01
1.377908580888440038e-01
1.391520279591650644e-01
1.324013611698703630e-01
1.444541524878139027e-01
1.326956681688586659e-01
1.349397590361445798e-01
1.372206382783039691e-01
1.387662098776784037e-01
1.325485146693645144e-01
1.315184401729053432e-01
1.320886599834451836e-01
1.315184401729053432e-01
1.368159661546950179e-01
1.315184401729053432e-01
1.326956681688586659e-01
1.321070541708819213e-01
1.315184401729053432e-01
1.337993194150648990e-01
1.335785891658236857e-01
1.352579784788007500e-01
1.315184401729053432e-01
1.315184401729053432e-01
1.315184401729053432e-01
1.315184401729053432e-01
1.315184401729053432e-01
1.315184401729053432e-01
1.315184401729053432e-01
1.315184401729053432e-01
1.312241331739170680e-01
1.311137680492963642e-01
1.299107881909309092e-01
1.315184401729053432e-01
1.315184401729053432e-01
1.315184401729053432e-01
1.310769796744229165e-01
1.315184401729053432e-01
1.315184401729053432e-01
1.245746344155246876e-01
1.315184401729053432e-01
1.303412121769520204e-01
1.309298261749287651e-01
1.315184401729053432e-01
1.315184401729053432e-01
1.315184401729053432e-01
1.315184401729053432e-01
1.301940586774578967e-01
1.307826726754346136e-01
1.312793157362273921e-01
1.259633955670006744e-01
1.288696771820105891e-01
1.230203255771176452e-01
1.300469051779637453e-01
1.300836935528373595e-01
1.310401912995493023e-01
1.299733284282166834e-01
1.240871884484504306e-01
1.215855789570496615e-01
1.288880713694473268e-01
1.278396026855514178e-01
1.283288880713694402e-01
1.272142003127012255e-01
1.247125908213003037e-01
1.222109813298998537e-01
1.229734203991535435e-01
1.147061528556975601e-01
1.278396026855514178e-01
1.278396026855514178e-01
1.253379931941504821e-01
1.228363837027500460e-01
1.185689322174192373e-01
1.154787087280418900e-01
1.278396026855514178e-01
1.278396026855514178e-01
1.248597443207946078e-01
1.234617860756002383e-01
1.193414880897637337e-01
1.177503908764829105e-01
1.131610411110088865e-01
1.278396026855514178e-01
1.261473374413686066e-01
1.240871884484504306e-01
1.201140439621080636e-01
1.170238204727305636e-01
1.139335969833532164e-01
1.105674606824243178e-01
1.086728593764370171e-01
1.247125908213003037e-01
1.208865998344524073e-01
1.177963763450748935e-01
1.147061528556975601e-01
1.278396026855514178e-01
1.085257058769428656e-01
1.085257058769428656e-01
1.216591557067967372e-01
1.166375425365583085e-01
1.154787087280418900e-01
1.119286305527452258e-01
1.092982617492871955e-01
1.085257058769428656e-01
1.079003035040926733e-01
1.189828014347467378e-01
1.120206014899291919e-01
1.126092154879057561e-01
1.098914742941229650e-01
1.085257058769428656e-01
1.085257058769428656e-01
1.071461418191850673e-01
1.139335969833532164e-01
1.132898004230663003e-01
1.105674606824243178e-01
1.085257058769428656e-01
1.085257058769428656e-01
1.083785523774487281e-01
1.074220546307366325e-01
1.147061528556975601e-01
1.081578221282075009e-01
1.062264324473465860e-01
1.071829301940586815e-01
1.081490848891747125e-01
1.073300836935528330e-01
1.076979674422881839e-01
1.080658511910235486e-01
1.062264324473465860e-01
1.085257058769428656e-01
1.068702290076335021e-01
1.072381127563688669e-01
1.076059965051043843e-01
1.126092154879057561e-01
1.069805941322541920e-01
1.064103743217143516e-01
1.067782580704497025e-01
1.071461418191850673e-01
1.075140255679205847e-01
1.076611790674147362e-01
1.062264324473465860e-01
1.064655568840245231e-01
1.066862871332659030e-01
1.070541708820012677e-01
1.062264324473465860e-01
1.062264324473465860e-01
