4.877291084187637127e-01
4.209630319975148360e-01
3.870767319043182941e-01
3.467163715439578464e-01
2.907735321528426287e-01
3.066418142280212256e-01
2.708915812364088294e-01
2.657906182044112442e-01
2.581547064305684813e-01
2.407579993786888306e-01
2.339235787511649012e-01
2.253805529667599616e-01
2.165268716992855835e-01
2.098477788132961375e-01
2.103137620379000872e-01
1.959676918297607873e-01
1.882572227399813281e-01
1.840633737185460583e-01
1.877353215284250643e-01
1.722833178005589716e-01
1.792482137309724666e-01
1.662006834420627077e-01
1.736564150357254865e-01
1.627027027027025119e-01
1.553277415346381030e-01
1.536191363777569818e-01
1.553277415346381030e-01
1.511338925132029443e-01
1.543957750854302313e-01
1.411618515066791202e-01
1.506679092885989946e-01
1.374899036968003363e-01
1.506679092885989946e-01
1.296986641814227292e-01
1.323392357875116943e-01
1.276794035414726136e-01
1.323392357875116943e-01
1.255296675986330435e-01
1.307859583721653063e-01
1.168064616340477868e-01
1.205343274308792456e-01
1.144765455110281216e-01
1.205343274308792456e-01
1.073314694004348785e-01
1.205343274308792456e-01
1.039142590866729554e-01
9.319664492078275075e-02
1.040695868282075637e-01
9.319664492078275075e-02
1.037589313451382500e-01
9.319664492078275075e-02
1.012736874805838655e-01
9.319664492078275075e-02
9.925442684063363885e-02
8.698353525939724051e-02
9.863311587449510864e-02
8.698353525939724051e-02
9.428393911152532780e-02
8.698353525939724051e-02
8.592109350730037232e-02
8.698353525939724051e-02
8.449829139484309193e-02
8.449829139484309193e-02
8.061509785647713588e-02
8.449829139484309193e-02
7.766387076731905148e-02
7.642124883504197719e-02
7.704255980118061842e-02
7.642124883504197719e-02
7.517862690276466697e-02
7.642124883504197719e-02
7.504815159987554551e-02
7.642124883504197719e-02
7.238272755514130186e-02
6.803355079217140999e-02
7.129543336439883583e-02
6.803355079217140999e-02
6.725691208449838254e-02
6.648027337682511917e-02
6.694625660142894397e-02
5.809257533395456585e-02
6.616961789375569447e-02
5.809257533395456585e-02
6.375893134513808957e-02
5.809257533395456585e-02
6.492699596147860630e-02
5.809257533395456585e-02
6.244175209692433975e-02
5.809257533395456585e-02
6.182044113078591363e-02
5.809257533395456585e-02
6.182044113078591363e-02
5.716060888474681217e-02
5.762659210935063697e-02
5.716060888474681217e-02
5.762659210935063697e-02
5.747126436781613973e-02
5.762659210935063697e-02
5.716060888474681217e-02
5.762659210935063697e-02
5.716060888474681217e-02
5.762659210935063697e-02
5.716060888474681217e-02
5.716060888474681217e-02
5.716060888474681217e-02
5.669462566014299432e-02
5.716060888474681217e-02
5.519105312208755915e-02
5.716060888474681217e-02
5.498602050326198420e-02
5.716060888474681217e-02
5.483069276172726492e-02
5.716060888474681217e-02
5.467536502019254563e-02
5.716060888474681217e-02
5.467536502019254563e-02
5.219012115563827908e-02
5.436470953712311399e-02
5.219012115563827908e-02
5.405405405405400848e-02
5.219012115563827908e-02
5.327741534638097409e-02
5.219012115563827908e-02
5.219012115563839010e-02
5.219012115563827908e-02
5.234544889717310939e-02
5.219012115563827908e-02
5.219012115563827908e-02
5.219012115563827908e-02
5.219012115563827908e-02
5.219012115563827908e-02
5.219012115563839010e-02
5.219012115563827908e-02
5.032618825722266070e-02
5.219012115563827908e-02
5.032618825722266070e-02
5.219012115563827908e-02
5.110282696489581306e-02
5.219012115563827908e-02
5.094749922336109377e-02
5.219012115563827908e-02
4.970487729108423458e-02
5.219012115563827908e-02
4.970487729108423458e-02
5.219012115563827908e-02
5.094749922336109377e-02
5.094749922336120479e-02
4.970487729108423458e-02
4.846225535880693824e-02
4.970487729108423458e-02
4.781609195402235918e-02
4.908356632494558641e-02
4.846225535880693824e-02
4.908356632494558641e-02
4.721963342652985701e-02
4.970487729108423458e-02
4.721963342652985701e-02
4.908356632494558641e-02
4.721963342652985701e-02
4.908356632494558641e-02
4.721963342652985701e-02
4.908356632494558641e-02
4.721963342652985701e-02
4.908356632494558641e-02
4.721963342652985701e-02
4.721963342652985701e-02
4.721963342652985701e-02
4.287045666355997209e-02
4.721963342652985701e-02
4.473438956197570149e-02
4.721963342652985701e-02
4.416278347312802000e-02
4.721963342652985701e-02
4.287045666355997209e-02
4.721963342652985701e-02
4.504504504504491802e-02
4.721963342652985701e-02
4.287045666355997209e-02
4.721963342652985701e-02
4.287045666355997209e-02
4.721963342652985701e-02
4.287045666355997209e-02
4.721963342652985701e-02
4.224914569742132392e-02
4.721963342652985701e-02
4.224914569742132392e-02
4.721963342652985701e-02
4.224914569742132392e-02
4.721963342652985701e-02
4.224914569742132392e-02
4.721963342652985701e-02
4.224914569742132392e-02
4.721963342652985701e-02
4.224914569742132392e-02
3.727865796831301287e-02
4.224914569742132392e-02
4.721963342652985701e-02
4.224914569742132392e-02
3.727865796831301287e-02
4.224914569742132392e-02
3.727865796831301287e-02
4.224914569742132392e-02
3.727865796831301287e-02
4.162783473128289780e-02
3.727865796831301287e-02
4.224914569742132392e-02
3.727865796831301287e-02
4.224914569742132392e-02
3.727865796831301287e-02
4.162783473128289780e-02
3.727865796831301287e-02
4.162783473128289780e-02
3.727865796831301287e-02
4.224914569742132392e-02
3.727865796831301287e-02
4.162783473128289780e-02
3.727865796831301287e-02
4.224914569742132392e-02
3.727865796831301287e-02
3.727865796831301287e-02
3.727865796831301287e-02
3.727865796831301287e-02
3.727865796831301287e-02
3.945324634979795186e-02
3.727865796831301287e-02
3.960857409133267115e-02
3.727865796831301287e-02
3.727865796831301287e-02
3.727865796831301287e-02
3.727865796831301287e-02
3.727865796831301287e-02
3.727865796831301287e-02
3.727865796831301287e-02
3.324013668841244856e-02
3.727865796831301287e-02
3.324013668841244856e-02
3.727865796831301287e-02
3.324013668841244856e-02
3.727865796831301287e-02
3.727865796831301287e-02
3.727865796831301287e-02
3.510406958682806694e-02
3.727865796831301287e-02
3.675675675675663112e-02
3.727865796831301287e-02
3.727865796831301287e-02
3.727865796831301287e-02
3.324013668841244856e-02
3.727865796831301287e-02
3.261882572227402244e-02
3.727865796831301287e-02
3.324013668841244856e-02
3.727865796831301287e-02
3.324013668841244856e-02
3.727865796831301287e-02
3.261882572227402244e-02
3.727865796831301287e-02
3.261882572227402244e-02
2.920161540851189119e-02
3.261882572227402244e-02
2.920161540851189119e-02
3.261882572227402244e-02
3.727865796831301287e-02
3.261882572227402244e-02
2.920161540851189119e-02
3.261882572227402244e-02
3.603603603603593164e-02
3.261882572227402244e-02
3.727865796831301287e-02
3.261882572227402244e-02
3.603603603603593164e-02
3.261882572227402244e-02
3.727865796831301287e-02
3.261882572227402244e-02
2.795899347623481343e-02
3.261882572227402244e-02
2.920161540851189119e-02
3.261882572227402244e-02
2.795899347623481343e-02
3.013358185771975589e-02
2.795899347623481343e-02
3.261882572227402244e-02
2.795899347623481343e-02
3.199751475613537427e-02
2.795899347623481343e-02
3.199751475613537427e-02
2.795899347623481343e-02
3.261882572227402244e-02
2.795899347623481343e-02
3.147561354457888150e-02
2.795899347623481343e-02
3.199751475613537427e-02
2.795899347623481343e-02
2.842497670083874578e-02
2.795899347623481343e-02
2.951227089158110772e-02
2.795899347623481343e-02
2.795899347623481343e-02
2.795899347623481343e-02
2.858030444237346160e-02
2.795899347623481343e-02
2.842497670083874578e-02
2.795899347623481343e-02
2.795899347623481343e-02
2.795899347623481343e-02
2.795899347623481343e-02
2.795899347623481343e-02
2.795899347623481343e-02
2.795899347623481343e-02
2.951227089158110772e-02
2.795899347623481343e-02
2.803355079217137794e-02
2.795899347623481343e-02
2.795899347623481343e-02
2.795899347623481343e-02
2.795899347623481343e-02
2.795899347623481343e-02
2.795899347623481343e-02
2.795899347623481343e-02
2.795899347623481343e-02
2.795899347623481343e-02
2.795899347623481343e-02
2.795899347623481343e-02
2.795899347623481343e-02
2.795899347623481343e-02
2.795899347623481343e-02
2.795899347623481343e-02
2.795899347623481343e-02
2.795899347623481343e-02
2.795899347623481343e-02
2.795899347623481343e-02
2.795899347623481343e-02
2.795899347623481343e-02
2.795899347623481343e-02
2.795899347623481343e-02
2.795899347623481343e-02
2.795899347623481343e-02
2.795899347623481343e-02
2.795899347623481343e-02
2.795899347623481343e-02
2.795899347623481343e-02
2.795899347623481343e-02
2.795899347623481343e-02
2.593973283628459026e-02
2.795899347623481343e-02
2.795899347623481343e-02
2.795899347623481343e-02
2.795899347623481343e-02
2.795899347623481343e-02
2.795899347623481343e-02
2.795899347623481343e-02
2.593973283628459026e-02
2.795899347623481343e-02
2.547374961168065791e-02
2.795899347623481343e-02
2.547374961168065791e-02
2.795899347623481343e-02
2.593973283628459026e-02
2.795899347623481343e-02
2.593973283628459026e-02
2.795899347623481343e-02
2.593973283628459026e-02
2.795899347623481343e-02
2.593973283628459026e-02
2.795899347623481343e-02
2.407579993786908290e-02
2.795899347623481343e-02
2.407579993786908290e-02
2.795899347623481343e-02
2.345448897173043126e-02
2.795899347623481343e-02
2.345448897173043126e-02
2.795899347623481343e-02
2.345448897173043126e-02
2.795899347623481343e-02
2.345448897173043126e-02
2.795899347623481343e-02
2.345448897173043126e-02
2.392047219633436361e-02
2.345448897173043126e-02
2.795899347623481343e-02
2.345448897173043126e-02
2.298850574712639136e-02
2.345448897173043126e-02
2.795899347623481343e-02
2.345448897173043126e-02
2.795899347623481343e-02
2.345448897173043126e-02
2.298850574712639136e-02
2.345448897173043126e-02
1.894998446722594154e-02
2.345448897173043126e-02
1.894998446722594154e-02
2.345448897173043126e-02
2.298850574712639136e-02
