5.078422428490243501e-01
4.903474142830082094e-01
4.810977836711495259e-01
4.617313885205531765e-01
4.337506345898844984e-01
4.159045273726084124e-01
4.112142451221821871e-01
3.970827808297025530e-01
3.810139799204393940e-01
3.637701079749952604e-01
3.544459177874597078e-01
3.504830460314452556e-01
3.467853760181852096e-01
3.380867588558439385e-01
3.277893540443266307e-01
3.163726463345331030e-01
3.117635915893159915e-01
3.116726652775143047e-01
3.064747111195301188e-01
3.012767569615458219e-01
2.999810570183746861e-01
3.074445917787459459e-01
2.938511081644249456e-01
2.889865504830459453e-01
2.866924796362947392e-01
2.873801856412198097e-01
2.820988823640841470e-01
2.844478120856222536e-01
2.709225232051526433e-01
2.743625686683083265e-01
2.720515249100208810e-01
2.709604091684030269e-01
2.674982383027086907e-01
2.615722674749005328e-01
2.645728357643493123e-01
2.565940519037696599e-01
2.573608637999620363e-01
2.594203447622656089e-01
2.574578518658835469e-01
2.545406326955863552e-01
2.481833680621330640e-01
2.483424891077855579e-01
2.454886152680429423e-01
2.429854139041484618e-01
2.452358401212350603e-01
2.407652964576628696e-01
2.405758666414094249e-01
2.396666035233946113e-01
2.382745216897137475e-01
2.346429247963633669e-01
2.347338511081644985e-01
2.364205341920828096e-01
2.386209509376776283e-01
2.380375071036181511e-01
2.249338132222011011e-01
2.278386057965526568e-01
2.293616215192272045e-01
2.310892214434552838e-01
2.339382458799015574e-01
2.190339079371097508e-01
2.175487781776851981e-01
2.182989202500473791e-01
2.236105322977836873e-01
2.238226936919870402e-01
2.241830649744270820e-01
2.144800151543851952e-01
2.161773063080128787e-01
2.118431521121424410e-01
2.135374123887100462e-01
2.073650312559197351e-01
2.123811327903012691e-01
2.138662625497253222e-01
2.087895434741429412e-01
2.085016101534378496e-01
2.058192839552947240e-01
2.038340594809622541e-01
2.085622276946391129e-01
2.035461261602577177e-01
2.009016859253646980e-01
2.012350824019701612e-01
2.012350824019701612e-01
1.970827808297025419e-01
2.037961735177117317e-01
2.028566016290964946e-01
2.006743701458610085e-01
1.955391551430183672e-01
1.963250615646902342e-01
1.973025194165561325e-01
1.954385300246258839e-01
2.021822314832356360e-01
1.991210456525850658e-01
1.923849213866261065e-01
1.958173896571320793e-01
1.967872703163478787e-01
1.913392688009092624e-01
1.913316916082591634e-01
1.915135442318620929e-01
1.932184125781398476e-01
1.828497821557115433e-01
1.850880848645577170e-01
1.860579655237734886e-01
1.887857548778176520e-01
1.908088653154008107e-01
1.815874218602010481e-01
1.874976321272968927e-01
1.854587611290014482e-01
1.854517901117637146e-01
1.884902443644630166e-01
1.894525478310286892e-01
1.915135442318620929e-01
1.780716044705433487e-01
1.787080886531539625e-01
1.795188482667171292e-01
1.845804129569992846e-01
1.776775904527372052e-01
1.770335290774768811e-01
1.775336237923850480e-01
1.737147186967227530e-01
1.784883500663007605e-01
1.809130517143401617e-01
1.763591589316158836e-01
1.763591589316158836e-01
1.748740291721915807e-01
1.733888994127675276e-01
1.719037696533433635e-01
1.743739344572835248e-01
1.735934836143209203e-01
1.758763402159499722e-01
1.755256677401018650e-01
1.712293995074825048e-01
1.711990907368818038e-01
1.751846940708465805e-01
1.730403485508620054e-01
1.750558817957947877e-01
1.729342678537602596e-01
1.610608069710176837e-01
1.648418261034287902e-01
1.650767190755825786e-01
1.682970259518848100e-01
1.708808486455772324e-01
1.722523205152484971e-01
1.601424512218222462e-01
1.599542337563932548e-01
1.648948664519796492e-01
1.656222769463913946e-01
1.613814737639703567e-01
1.625307823451410949e-01
1.603182420913050465e-01
1.576738018564123045e-01
1.598863421102483529e-01
1.633388141693510598e-01
1.573025194165557916e-01
1.624322788406894480e-01
1.567266527751468574e-01
1.571206667929531398e-01
1.593332070467890493e-01
1.569615457473006459e-01
1.554764159878764818e-01
1.546732335669631364e-01
1.554233756393244015e-01
1.565675317294943636e-01
1.541200985035046378e-01
1.532487213487402355e-01
1.557264633453304958e-01
1.540670581549536400e-01
1.538018564121991227e-01
1.540443265770034542e-01
1.566508808486457849e-01
1.532487213487402355e-01
1.554309528319757217e-01
1.543398370903579786e-01
1.532487213487402355e-01
1.554612616025761451e-01
1.532487213487402355e-01
1.532487213487402355e-01
1.523621898086758575e-01
1.546126160257623172e-01
1.533093388899411935e-01
1.532487213487402355e-01
1.515286986171623662e-01
1.532487213487402355e-01
1.522636863042242383e-01
1.526577003220306594e-01
1.515286986171622552e-01
1.532487213487402355e-01
1.532487213487402355e-01
1.517711687819662814e-01
1.521651827997727302e-01
1.510740670581548484e-01
1.523167266527750974e-01
1.507027846182990016e-01
1.532487213487402355e-01
1.516726652775146622e-01
1.507861337374502841e-01
1.507861337374502841e-01
1.507861337374502841e-01
1.507861337374502841e-01
1.458154953589696767e-01
1.471566584580415726e-01
1.452320515249091171e-01
1.507861337374502841e-01
1.507861337374502841e-01
1.507861337374502841e-01
1.470581549535895094e-01
1.420875165751089020e-01
1.412312938056452249e-01
1.387762833870055390e-01
1.507861337374502841e-01
1.507027846182993902e-01
1.483008145482095086e-01
1.427391551430192973e-01
1.373745027467322410e-01
1.409282060996400465e-01
1.323205152491003234e-01
1.501496495548399479e-01
1.495434741428295078e-01
1.440803182420908046e-01
1.387156658458037484e-01
1.378064027277889347e-01
1.309566205720778531e-01
1.499374881606364562e-01
1.507861337374502841e-01
1.454214813411632279e-01
1.400568289448761716e-01
1.395188482667165386e-01
1.347149081265383574e-01
1.497253267664331033e-01
1.505739723432469312e-01
1.467626444402347352e-01
1.413979920439476790e-01
1.341466186777799108e-01
1.322598977078994764e-01
1.262587611290011402e-01
1.503618109490434396e-01
1.481038075393062148e-01
1.427391551430192973e-01
1.351771168781965571e-01
1.296760750142073315e-01
1.380670581549516551e-01
1.501496495548399479e-01
1.470505777609376619e-01
1.395340026520156818e-01
1.387156658458037484e-01
1.308050767190753194e-01
1.262890698996020911e-01
1.232581928395527771e-01
1.507861337374502841e-01
1.358439098314078441e-01
1.364500852434167022e-01
1.319340784239434738e-01
1.274180716044701067e-01
1.454820988823640748e-01
1.177950369388140878e-01
1.420950937677588621e-01
1.375790869482856338e-01
1.330630801288122667e-01
1.285470733093390661e-01
1.199999999999993572e-01
1.184263686304223018e-01
1.382534570941454377e-01
1.249327524152294561e-01
1.158173896571314393e-01
1.282136768327336029e-01
1.251600681947339644e-01
1.188709982951317579e-01
1.172570562606555233e-01
1.278651259708263321e-01
1.353210835385486865e-01
1.308050767190753194e-01
1.226823261981434265e-01
1.173176738018563703e-01
1.119530214055693140e-01
1.409660920628908465e-01
1.157795036938794320e-01
1.319340784239434738e-01
1.240234892972149200e-01
1.186588369009278637e-01
1.141049441182038354e-01
1.331161204773624873e-01
1.134381511649934782e-01
1.119530214055693140e-01
1.285470733093382334e-01
1.199999999999993572e-01
1.146353476037123009e-01
1.123773441939762974e-01
1.132259897707899865e-01
1.140746353476038144e-01
1.267058154953589755e-01
1.213411630990719192e-01
1.159765107027848630e-01
1.121651827997728057e-01
1.278651259708263321e-01
1.119530214055693140e-01
1.119530214055693140e-01
1.119530214055693140e-01
1.173176738018563703e-01
1.119530214055693140e-01
1.128016669823831419e-01
1.155976510702765025e-01
1.119530214055693140e-01
1.119530214055693140e-01
1.186588369009278637e-01
1.132941845046398638e-01
1.125895055881796503e-01
1.119530214055693140e-01
1.119530214055693140e-01
1.119530214055693140e-01
1.200000000000003009e-01
1.146353476037123009e-01
1.123773441939761586e-01
1.119530214055693140e-01
1.119530214055693140e-01
1.119530214055693140e-01
1.119530214055693140e-01
1.159765107027848630e-01
1.119530214055693140e-01
1.119530214055693140e-01
1.119530214055693140e-01
1.119530214055693140e-01
1.119530214055693140e-01
1.134684599355936380e-01
1.119530214055693140e-01
1.119530214055693140e-01
1.119530214055693140e-01
1.119530214055693140e-01
1.066868725137333496e-01
1.119530214055693140e-01
1.123318810380751209e-01
1.119530214055693140e-01
1.119530214055693140e-01
1.119530214055693140e-01
1.119530214055693140e-01
1.110816442508047591e-01
1.127107406705813303e-01
1.119530214055693140e-01
1.119530214055693140e-01
1.119530214055693140e-01
1.043379427921956731e-01
1.052168971396104658e-01
1.090661110058722544e-01
1.119530214055693140e-01
1.119530214055693140e-01
1.119530214055693140e-01
1.119530214055693140e-01
1.042545936730443906e-01
1.081038075393075254e-01
1.119530214055693140e-01
1.119530214055693140e-01
1.119530214055693140e-01
1.119530214055693140e-01
1.032922902064781628e-01
1.071415040727414364e-01
1.109907179390045712e-01
1.119530214055693140e-01
1.119530214055693140e-01
9.848077287365028520e-02
1.023299867399134200e-01
1.061792006061752086e-01
1.100284144724383434e-01
1.071642356506924271e-01
9.494222390604309392e-02
1.119530214055693140e-01
1.013676832733473310e-01
1.052168971396104658e-01
1.085660162909640875e-01
1.119530214055693140e-01
1.119530214055693140e-01
9.655616594051945334e-02
1.004053798067825881e-01
1.042545936730443906e-01
1.081038075393075254e-01
1.119530214055693140e-01
1.119530214055693140e-01
1.025042621708654456e-01
9.944307634021637421e-02
1.032922902064781628e-01
1.071415040727414364e-01
1.109907179390045712e-01
1.119530214055693140e-01
9.463155900738849657e-02
9.848077287365028520e-02
1.023299867399134200e-01
1.061792006061752086e-01
1.100284144724383434e-01
8.982004167455927279e-02
9.494222390604309392e-02
9.751846940708554234e-02
1.013676832733473310e-01
1.052168971396104658e-01
1.085660162909640875e-01
8.667550672475783646e-02
8.179579465807954031e-02
9.655616594051945334e-02
1.004053798067825881e-01
1.042545936730443906e-01
