4.852438645542094253e-01
4.164336750543645715e-01
3.870767319043182941e-01
3.486051568810189516e-01
2.960546753650203367e-01
3.099036968002485404e-01
2.799005902454178019e-01
2.707362534948741795e-01
2.516309412861137407e-01
2.407579993786890526e-01
2.339235787511649012e-01
2.263125194159678333e-01
2.165268716992855835e-01
2.072320596458527564e-01
1.966449207828517842e-01
1.907673190431810883e-01
1.882572227399813281e-01
1.832867350108729199e-01
1.876359117738428950e-01
1.772289530910220179e-01
1.792482137309724666e-01
1.665113389251320353e-01
1.662006834420628187e-01
1.620068344206274102e-01
1.565703634669151634e-01
1.523765144454800047e-01
1.553277415346381030e-01
1.505125815470644002e-01
1.506679092885989946e-01
1.446101273687480926e-01
1.506679092885989946e-01
1.309412861137000117e-01
1.506679092885989946e-01
1.303448275862068573e-01
1.323392357875116943e-01
1.300093196644920568e-01
1.323392357875116943e-01
1.193414103758930200e-01
1.220876048462256475e-01
1.175831003417210502e-01
1.205343274308792456e-01
1.183597390493942997e-01
9.474992233612915260e-02
1.076421248835040811e-01
1.189810500155328438e-01
1.051817334575956414e-01
9.474992233612915260e-02
1.063435849642746650e-01
9.319664492078275075e-02
1.031376203789997059e-01
9.319664492078275075e-02
9.987573780677229396e-02
9.257533395464420667e-02
9.443926685305993607e-02
8.760484622553578460e-02
9.040074557315948278e-02
8.760484622553578460e-02
8.977943460702084155e-02
8.698353525939724051e-02
8.869214041627836165e-02
7.890649269959612577e-02
8.574091332712027724e-02
7.642124883504197719e-02
7.858962410686542999e-02
7.642124883504197719e-02
7.688723205964589913e-02
7.642124883504197719e-02
7.533395464429949728e-02
7.642124883504197719e-02
7.440198819509163952e-02
7.642124883504197719e-02
7.269338303821062941e-02
6.803355079217140999e-02
7.253805529667591012e-02
7.642124883504197719e-02
7.207207207207208532e-02
5.809257533395456585e-02
6.896551724137928163e-02
6.803355079217140999e-02
6.725691208449838254e-02
5.809257533395456585e-02
6.699596147871991758e-02
5.809257533395456585e-02
6.648027337682511917e-02
5.809257533395456585e-02
6.679092885989433570e-02
5.809257533395456585e-02
6.430568499533996507e-02
5.809257533395456585e-02
5.949052500776636637e-02
5.809257533395456585e-02
5.809257533395456585e-02
5.747126436781613973e-02
5.809257533395456585e-02
5.716060888474681217e-02
5.793724759241985350e-02
5.716060888474681217e-02
5.762659210935063697e-02
5.716060888474681217e-02
5.747126436781602871e-02
5.716060888474681217e-02
5.716060888474681217e-02
5.716060888474681217e-02
5.560733146940029931e-02
5.716060888474681217e-02
5.514134824479648145e-02
5.716060888474681217e-02
5.498602050326176216e-02
5.716060888474681217e-02
5.483069276172726492e-02
5.716060888474681217e-02
5.436470953712311399e-02
5.716060888474681217e-02
5.467536502019254563e-02
5.591798695246973788e-02
5.467536502019254563e-02
5.716060888474681217e-02
5.405405405405411950e-02
5.343274308791536031e-02
5.436470953712311399e-02
5.219012115563827908e-02
5.436470953712311399e-02
5.219012115563827908e-02
5.405405405405400848e-02
5.219012115563827908e-02
5.343274308791558236e-02
5.219012115563827908e-02
5.234544889717310939e-02
5.219012115563827908e-02
5.234544889717310939e-02
5.219012115563827908e-02
5.110282696489581306e-02
5.219012115563827908e-02
5.110282696489581306e-02
5.219012115563827908e-02
5.094749922336109377e-02
5.219012115563827908e-02
5.094749922336109377e-02
5.219012115563827908e-02
5.032618825722266070e-02
5.219012115563827908e-02
4.980428704566638998e-02
5.219012115563827908e-02
4.908356632494558641e-02
5.219012115563827908e-02
4.970487729108423458e-02
4.846225535880693824e-02
4.908356632494558641e-02
4.846225535880693824e-02
4.970487729108423458e-02
4.846225535880693824e-02
4.908356632494558641e-02
4.721963342652985701e-02
4.970487729108423458e-02
4.721963342652985701e-02
4.908356632494558641e-02
4.721963342652985701e-02
4.908356632494558641e-02
4.721963342652985701e-02
4.908356632494558641e-02
4.721963342652985701e-02
4.908356632494558641e-02
4.721963342652985701e-02
4.908356632494558641e-02
4.721963342652985701e-02
4.721963342652985701e-02
4.721963342652985701e-02
4.721963342652985701e-02
4.721963342652985701e-02
4.473438956197570149e-02
4.721963342652985701e-02
4.721963342652985701e-02
4.721963342652985701e-02
4.473438956197570149e-02
4.721963342652985701e-02
4.411307859583705332e-02
4.721963342652985701e-02
4.287045666355997209e-02
4.721963342652985701e-02
4.287045666355997209e-02
4.721963342652985701e-02
4.287045666355997209e-02
4.721963342652985701e-02
4.224914569742132392e-02
4.721963342652985701e-02
4.224914569742132392e-02
3.727865796831301287e-02
4.224914569742132392e-02
4.721963342652985701e-02
4.224914569742132392e-02
4.721963342652985701e-02
4.224914569742132392e-02
4.721963342652985701e-02
4.224914569742132392e-02
3.727865796831301287e-02
4.224914569742132392e-02
3.727865796831301287e-02
4.224914569742132392e-02
3.727865796831301287e-02
4.224914569742132392e-02
3.727865796831301287e-02
4.224914569742132392e-02
3.727865796831301287e-02
4.224914569742132392e-02
3.727865796831301287e-02
4.162783473128289780e-02
3.727865796831301287e-02
4.162783473128289780e-02
3.727865796831301287e-02
4.167753960857386447e-02
3.727865796831301287e-02
4.162783473128289780e-02
3.727865796831301287e-02
4.162783473128289780e-02
3.727865796831301287e-02
3.960857409133267115e-02
3.727865796831301287e-02
3.960857409133267115e-02
3.727865796831301287e-02
4.162783473128289780e-02
3.727865796831301287e-02
3.727865796831301287e-02
3.727865796831301287e-02
3.727865796831301287e-02
3.727865796831301287e-02
3.727865796831301287e-02
3.727865796831301287e-02
3.727865796831301287e-02
3.727865796831301287e-02
3.324013668841244856e-02
3.727865796831301287e-02
3.727865796831301287e-02
3.727865796831301287e-02
3.324013668841244856e-02
3.727865796831301287e-02
3.727865796831301287e-02
3.727865796831301287e-02
3.324013668841244856e-02
3.727865796831301287e-02
3.727865796831301287e-02
3.727865796831301287e-02
3.324013668841244856e-02
3.727865796831301287e-02
3.665734700217457981e-02
3.727865796831301287e-02
3.448275862068964082e-02
3.727865796831301287e-02
3.324013668841244856e-02
3.727865796831301287e-02
3.727865796831301287e-02
3.727865796831301287e-02
3.261882572227402244e-02
3.727865796831301287e-02
3.261882572227402244e-02
3.727865796831301287e-02
3.324013668841244856e-02
3.727865796831301287e-02
3.261882572227402244e-02
3.727865796831301287e-02
3.261882572227402244e-02
2.920161540851189119e-02
3.261882572227402244e-02
3.727865796831301287e-02
3.261882572227402244e-02
3.727865796831301287e-02
3.261882572227402244e-02
2.920161540851189119e-02
3.261882572227402244e-02
2.795899347623481343e-02
3.261882572227402244e-02
3.727865796831301287e-02
3.261882572227402244e-02
2.920161540851189119e-02
3.261882572227402244e-02
3.603603603603593164e-02
3.261882572227402244e-02
2.920161540851189119e-02
3.261882572227402244e-02
2.795899347623481343e-02
3.261882572227402244e-02
3.603603603603593164e-02
3.013358185771975589e-02
2.795899347623481343e-02
3.261882572227402244e-02
2.795899347623481343e-02
3.261882572227402244e-02
2.795899347623481343e-02
3.013358185771975589e-02
2.795899347623481343e-02
3.013358185771975589e-02
2.795899347623481343e-02
2.951227089158110772e-02
2.795899347623481343e-02
2.904628766697739395e-02
2.795899347623481343e-02
2.951227089158110772e-02
2.795899347623481343e-02
2.951227089158110772e-02
2.795899347623481343e-02
2.953712333022659106e-02
2.795899347623481343e-02
3.013358185771975589e-02
2.795899347623481343e-02
2.951227089158110772e-02
2.795899347623481343e-02
2.795899347623481343e-02
2.795899347623481343e-02
2.795899347623481343e-02
2.795899347623481343e-02
2.795899347623481343e-02
2.795899347623481343e-02
2.795899347623481343e-02
2.795899347623481343e-02
2.795899347623481343e-02
2.795899347623481343e-02
2.795899347623481343e-02
2.795899347623481343e-02
2.795899347623481343e-02
2.795899347623481343e-02
2.795899347623481343e-02
2.795899347623481343e-02
2.795899347623481343e-02
2.795899347623481343e-02
2.795899347623481343e-02
2.795899347623481343e-02
2.795899347623481343e-02
2.795899347623481343e-02
2.795899347623481343e-02
2.795899347623481343e-02
2.795899347623481343e-02
2.795899347623481343e-02
2.795899347623481343e-02
2.795899347623481343e-02
2.795899347623481343e-02
2.795899347623481343e-02
2.795899347623481343e-02
2.795899347623481343e-02
2.795899347623481343e-02
2.795899347623481343e-02
2.795899347623481343e-02
2.795899347623481343e-02
2.795899347623481343e-02
2.795899347623481343e-02
2.656104380242323842e-02
2.795899347623481343e-02
2.795899347623481343e-02
2.795899347623481343e-02
2.795899347623481343e-02
2.795899347623481343e-02
2.593973283628459026e-02
2.795899347623481343e-02
2.345448897173043126e-02
2.795899347623481343e-02
2.795899347623481343e-02
2.795899347623481343e-02
2.593973283628459026e-02
2.795899347623481343e-02
2.593973283628459026e-02
2.795899347623481343e-02
2.656104380242323842e-02
2.795899347623481343e-02
2.795899347623481343e-02
2.795899347623481343e-02
2.407579993786908290e-02
2.298850574712639136e-02
2.345448897173043126e-02
2.795899347623481343e-02
2.547374961168065791e-02
2.795899347623481343e-02
2.593973283628459026e-02
2.795899347623481343e-02
2.345448897173043126e-02
2.298850574712639136e-02
2.547374961168065791e-02
2.795899347623481343e-02
2.345448897173043126e-02
2.795899347623481343e-02
2.407579993786908290e-02
2.795899347623481343e-02
2.345448897173043126e-02
2.298850574712639136e-02
2.345448897173043126e-02
2.392047219633436361e-02
2.345448897173043126e-02
2.795899347623481343e-02
2.345448897173043126e-02
2.795899347623481343e-02
2.345448897173043126e-02
2.298850574712639136e-02
2.345448897173043126e-02
2.795899347623481343e-02
2.345448897173043126e-02
2.298850574712639136e-02
2.345448897173043126e-02
1.894998446722594154e-02
