4.204548688986768368e-01
4.190270309220777700e-01
4.196953729474603434e-01
3.985368533880976893e-01
3.650329216994981918e-01
3.585130741030975732e-01
3.488817430936490549e-01
3.378640077102531003e-01
3.340088812026553167e-01
3.245299537925257494e-01
3.155078768881561802e-01
3.144450149070897593e-01
3.068075409156825750e-01
3.074874122913682228e-01
3.048071986380955223e-01
2.968177191702468520e-01
2.905900685455908294e-01
2.836310247610813184e-01
2.905846641626359528e-01
2.861332540690499360e-01
2.863962673728392416e-01
2.880085749542878881e-01
2.753352969258068828e-01
2.719499914430603127e-01
2.670936129200782716e-01
2.728132515470046426e-01
2.802460795705317698e-01
2.776199097468045607e-01
2.683636429144035662e-01
2.653552030696893493e-01
2.600736797542803624e-01
2.650543590852181275e-01
2.617000387314109555e-01
2.659226632799199241e-01
2.678336530926579973e-01
2.591347582889721446e-01
2.565280442438818698e-01
2.468001549256445548e-01
2.578521180677529889e-01
2.577710523234343354e-01
2.674805667396259468e-01
2.563478981453957695e-01
2.458500644022300619e-01
2.414678304104626860e-01
2.365768638365714494e-01
2.513668585222618157e-01
2.490519811567181441e-01
2.493041856945977797e-01
2.395024364759819890e-01
2.324425108763207293e-01
2.296106142081228429e-01
2.362165716395992765e-01
2.470883886832222487e-01
2.397384278649985212e-01
2.368020464596787555e-01
2.253822249844624481e-01
2.243269291395320608e-01
2.207780509993603479e-01
2.397924716945443180e-01
2.348427774925458400e-01
2.258311490618891137e-01
2.248223309103681844e-01
2.195800794444295323e-01
2.156168652777402939e-01
2.155538141432702393e-01
2.351897388782304421e-01
2.250475135334754906e-01
2.118878410390826472e-01
2.116086145864295442e-01
2.050152673818468052e-01
2.073074463389806277e-01
2.118968483440069051e-01
2.037542446924456019e-01
2.078885976526959889e-01
2.057311679772295676e-01
2.031327406526693413e-01
2.059051891083665820e-01
2.095279271489181028e-01
1.994667675484817493e-01
1.983858909575664797e-01
1.945304041577718135e-01
1.918105583628324229e-01
1.940443699840573299e-01
1.985119932265066167e-01
1.977733942227145048e-01
1.929454787832933504e-01
1.923059601336683799e-01
1.912070689329044004e-01
1.913692004215419573e-01
1.925131281469269762e-01
1.885859431999349911e-01
1.858207005881769014e-01
1.866223507264390957e-01
1.868954522117439176e-01
1.841723637870311681e-01
1.846407436430946292e-01
1.817223768476234347e-01
1.853252988173408056e-01
1.817223768476234347e-01
1.838661154196055969e-01
1.786418785635149886e-01
1.783896740256347146e-01
1.821277055692165081e-01
1.828032534385387042e-01
1.765071472964574173e-01
1.769304906278992007e-01
1.742913502850810814e-01
1.796687113248844614e-01
1.772547536051739814e-01
1.686077408778519360e-01
1.715621368930205504e-01
1.707334648399854160e-01
1.763720377225928559e-01
1.704272164725591787e-01
1.749128543248579803e-01
1.665180461354160701e-01
1.679700236892117948e-01
1.592671656713594841e-01
1.655092279838949743e-01
1.635186135956257503e-01
1.655092279838949743e-01
1.655092279838949743e-01
1.659394168670784153e-01
1.645904828816167620e-01
1.638698984876735265e-01
1.646265121013141819e-01
1.638879130975220699e-01
1.651849650066205266e-01
1.651579430918475311e-01
1.600147719800757151e-01
1.568351933418002941e-01
1.538447681069345929e-01
1.508543428720691970e-01
1.622276866538758799e-01
1.628070365066069392e-01
1.608074148134137904e-01
1.578530187982453425e-01
1.536466073986001157e-01
1.516019491807855668e-01
1.597265382224989927e-01
1.641581322452507208e-01
1.584384936183244885e-01
1.534304320804172339e-01
1.474495816106861368e-01
1.480981075652356982e-01
1.417209356788356467e-01
1.574026535520307302e-01
1.558894263247492529e-01
1.491879914610747537e-01
1.482152025292509112e-01
1.451527188549912029e-01
1.422703812792177058e-01
1.393339998738974961e-01
1.411804973833780119e-01
1.479449833815224269e-01
1.468280775709100427e-01
1.394330802280644710e-01
1.396132263265505713e-01
1.366588303113827618e-01
1.389106565424560458e-01
1.492960791201661808e-01
1.359652678322121611e-01
1.339836607488673892e-01
1.384873132110140959e-01
1.358571801731202622e-01
1.385863935651812651e-01
1.502022139955498936e-01
1.382621305879068174e-01
1.328577476333309138e-01
1.318489294818098179e-01
1.350555300348582344e-01
1.382621305879068174e-01
1.235445546338078265e-01
1.350998459750852310e-01
1.277866349609534380e-01
1.244359175291160219e-01
1.342538798965963731e-01
1.375955900235091844e-01
1.086100827771325772e-01
1.123210924059412086e-01
1.236612893056268231e-01
1.225894200196356587e-01
1.334522297583345118e-01
1.365867718719884216e-01
1.382621305879068174e-01
1.097450031975936435e-01
1.147530647355007316e-01
1.212473315859161627e-01
1.270390286522369017e-01
1.013772169229245484e-01
1.003864133812518433e-01
1.085380243377387088e-01
1.155276929589904161e-01
1.194548779059820681e-01
1.254357283757130126e-01
1.313084911863523496e-01
9.908035416722958677e-02
1.053494383945378920e-01
1.116185226218460169e-01
1.174192269930921378e-01
1.238324280991889570e-01
9.908035416722958677e-02
9.920285351419982911e-02
1.020257428774737768e-01
1.100512515650192286e-01
1.163203357923275200e-01
1.208780320840198708e-01
1.203498437232600193e-01
9.908035416722958677e-02
1.010439466407259818e-01
1.049711315877178003e-01
1.142126264400430968e-01
1.086234135884193430e-01
9.908035416722958677e-02
9.908035416722958677e-02
1.000621504039781867e-01
1.032687509570265894e-01
1.126093261635192078e-01
9.908035416722958677e-02
9.770223651381236551e-02
9.893623728844090637e-02
9.908035416722958677e-02
1.022509255005809026e-01
1.063222273263614154e-01
9.908035416722958677e-02
9.660334531304838601e-02
9.890020806874365300e-02
9.904432494753249994e-02
1.012331000441358680e-01
9.498203042667595353e-02
9.908035416722958677e-02
9.795444105169311133e-02
9.886417884904656617e-02
9.900829572783524657e-02
1.002152745876909862e-01
9.556750524675494685e-02
9.322560596643864050e-02
9.048738526945351857e-02
9.882814962934931280e-02
9.897226650813799320e-02
9.849487934715027426e-02
9.615298006683395404e-02
9.381108078651763382e-02
9.908035416722958677e-02
9.741400275623499083e-02
8.970374974103988153e-02
8.444348366525251948e-02
1.018546040839121147e-01
9.439655560659662714e-02
9.158627647021701235e-02
8.938849406868938641e-02
9.045135604975594601e-02
8.562344061033479170e-02
9.732392970699227375e-02
9.498203042667595353e-02
9.213572207059925190e-02
8.993793966907176474e-02
8.774015726754365307e-02
9.817962367480025099e-02
8.444348366525251948e-02
9.488295007250863167e-02
9.268516767098099185e-02
9.048738526945351857e-02
8.828960286792587875e-02
8.529917763306049672e-02
9.845885012745302090e-02
9.525224957440460438e-02
9.323461327136291221e-02
9.056845101377197782e-02
8.883904846830779911e-02
8.894713612739922615e-02
8.354275317282318369e-02
8.368687005161186410e-02
9.349582511416729136e-02
9.158627647021701235e-02
8.881202655353465092e-02
8.647012727321849723e-02
8.412822799290217701e-02
9.653128687365451766e-02
9.363994199295629095e-02
9.213572207059925190e-02
8.939750137361365812e-02
8.705560209329733790e-02
8.471370281298118421e-02
8.361481161221752390e-02
9.488295007250863167e-02
9.169436412930877245e-02
8.998297619369313716e-02
8.764107691337681694e-02
8.529917763306049672e-02
8.357878239252042318e-02
8.372289927130910359e-02
9.234289008385783426e-02
9.056845101377197782e-02
8.822655173345581026e-02
8.588465245313949004e-02
8.354275317282318369e-02
8.368687005161186410e-02
8.354275317282318369e-02
9.115392583385097114e-02
8.823555903837992931e-02
8.647012727321849723e-02
8.412822799290169129e-02
8.365084083191476338e-02
8.354275317282318369e-02
8.354275317282318369e-02
8.939750137361365812e-02
8.705560209329780974e-02
8.471370281298118421e-02
8.361481161221752390e-02
8.354275317282318369e-02
8.354275317282318369e-02
8.947856711793258921e-02
8.699255095882726940e-02
8.489384891146727063e-02
8.354275317282318369e-02
8.354275317282318369e-02
8.354275317282318369e-02
8.354275317282318369e-02
8.761405499860383528e-02
8.588465245313901819e-02
8.354275317282318369e-02
8.354275317282318369e-02
8.354275317282318369e-02
8.354275317282318369e-02
8.232676700804349157e-02
8.574954287927492869e-02
8.340764359895892766e-02
8.354275317282318369e-02
8.354275317282318369e-02
8.354275317282318369e-02
8.354275317282318369e-02
8.341665090388304671e-02
8.361481161221735736e-02
8.354275317282318369e-02
8.354275317282318369e-02
8.354275317282318369e-02
8.354275317282318369e-02
8.259698615577247549e-02
8.313742445122995761e-02
8.350672395312593033e-02
8.354275317282318369e-02
8.354275317282318369e-02
8.238981814251372660e-02
8.246187658190790026e-02
8.300231487736570157e-02
8.354275317282318369e-02
8.354275317282318369e-02
8.354275317282318369e-02
8.221867934895206453e-02
8.232676700804349157e-02
8.286720530350112635e-02
8.340764359895892766e-02
8.354275317282318369e-02
8.354275317282318369e-02
8.354275317282318369e-02
8.219165743417924941e-02
8.273209572963671765e-02
8.327253402509436631e-02
8.354275317282318369e-02
8.354275317282318369e-02
8.151610956485720594e-02
8.205654786031467418e-02
8.259698615577247549e-02
8.313742445122995761e-02
8.350672395312593033e-02
8.354275317282318369e-02
8.138099999099279724e-02
8.192143828645043202e-02
8.246187658190790026e-02
8.300231487736570157e-02
8.354275317282318369e-02
8.084956900045958683e-02
8.124589041712838855e-02
8.178632871258602333e-02
8.232676700804349157e-02
8.286720530350112635e-02
8.340764359895892766e-02
8.067843020689792477e-02
8.354275317282318369e-02
8.165121913872161463e-02
8.219165743417924941e-02
8.273209572963671765e-02
8.269606650993979735e-02
8.347069473342884349e-02
8.097567126939957116e-02
8.151610956485720594e-02
8.205654786031467418e-02
8.259698615577247549e-02
8.313742445122995761e-02
8.350672395312593033e-02
8.066041559704922870e-02
8.138099999099279724e-02
8.192143828645043202e-02
8.246187658190790026e-02
