5.057397234324683133e-01
4.933949611668876911e-01
4.840598598219359450e-01
4.609430573972341239e-01
4.337379049062322633e-01
4.215192271263497603e-01
4.100018942981626391e-01
3.993104754688387992e-01
3.899829513165371520e-01
3.758057207804506583e-01
3.598257245690471007e-01
3.442121613942031866e-01
3.428831218033717154e-01
3.422545179011177718e-01
3.370059480962303011e-01
3.150217844288691338e-01
3.136200037885962799e-01
3.138321651827996606e-01
3.081038075393067177e-01
2.991475658268611948e-01
3.044582686114793435e-01
3.032771358211782120e-01
2.951234703542335303e-01
2.944421291911346605e-01
2.858495927258949965e-01
2.865997347982573440e-01
2.868725137336617936e-01
2.865518469407081770e-01
2.708846372419017046e-01
2.699223337753362539e-01
2.674976321272967139e-01
2.709604091684030269e-01
2.677401022921006568e-01
2.628603902254215696e-01
2.645425269937488610e-01
2.610949043379429679e-01
2.543663572646334137e-01
2.531082401970071727e-01
2.537698806592155187e-01
2.536489486645200353e-01
2.494111763591587705e-01
2.487592347035417761e-01
2.451970448948662396e-01
2.429854139041484618e-01
2.415987876491759445e-01
2.475923470354233769e-01
2.405758666414094249e-01
2.411062701269180153e-01
2.361810949043380015e-01
2.355218791437773684e-01
2.367872703163478032e-01
2.358401212350826059e-01
2.395453684409926398e-01
2.375449895813600831e-01
2.240500094714910351e-01
2.254517901117637779e-01
2.275430952831975773e-01
2.313771547641599868e-01
2.342867967418071906e-01
2.355294563364271898e-01
2.176245501041865205e-01
2.187156658458041247e-01
2.216556165940519185e-01
2.270202689903389748e-01
2.282932373555599248e-01
2.158817957946579380e-01
2.116688766811896105e-01
2.141617730630800964e-01
2.108353854896762580e-01
2.207084675127864437e-01
2.123811327903012691e-01
2.138662625497253222e-01
2.099185451790113455e-01
2.037810191324115061e-01
2.037658647471111695e-01
2.039628717560144355e-01
2.057965523773440109e-01
2.042204963061185763e-01
2.045917787459746728e-01
2.015078613373746108e-01
1.993710930100399126e-01
1.976131843152111323e-01
1.965978405000947116e-01
2.028566016290964946e-01
1.964690282250427800e-01
2.003637052472057312e-01
1.960977457851865169e-01
1.963477931426405587e-01
1.946959651449137740e-01
1.928774389088843133e-01
1.994695965144905880e-01
1.923849213866261065e-01
1.958173896571320793e-01
1.923461261602574246e-01
1.926955862852814949e-01
1.909073688198521801e-01
2.025004735745405959e-01
1.915135442318620929e-01
1.848456146997539407e-01
1.857094146618678276e-01
1.900132600871377031e-01
1.888615268043189743e-01
1.909149460125025566e-01
1.907312748626627807e-01
1.811858306497443616e-01
1.830270884637241746e-01
1.854517901117637146e-01
1.871945444212920195e-01
1.898768706194355338e-01
1.777078992233377397e-01
1.781776851676455109e-01
1.787080886531539625e-01
1.835814358780072653e-01
1.829464671339266213e-01
1.856524341731394245e-01
1.766622466376207845e-01
1.775336237923850480e-01
1.730176169729115698e-01
1.784883500663007605e-01
1.797537412388711953e-01
1.781170676264443864e-01
1.763591589316158836e-01
1.772987308202311207e-01
1.733888994127675276e-01
1.759802992991097992e-01
1.751337753362376404e-01
1.750710361810949856e-01
1.762455010418640389e-01
1.752453116120476773e-01
1.737601818526236519e-01
1.711990907368818038e-01
1.684409926122377721e-01
1.693502557302518918e-01
1.750558817957947877e-01
1.650161015343813431e-01
1.672589505588180925e-01
1.689335101344952850e-01
1.650767190755825786e-01
1.658041295699943241e-01
1.679181663193786145e-01
1.719719643871939208e-01
1.664709225232052225e-01
1.680469785944307959e-01
1.648948664519796492e-01
1.648342489107786635e-01
1.681985224474331908e-01
1.625307823451410949e-01
1.575449895813590406e-01
1.576738018564123045e-01
1.598863421102483529e-01
1.626444402348932172e-01
1.598029929910972091e-01
1.540746353476034614e-01
1.590528509187344730e-01
1.571206667929531398e-01
1.645311612047735128e-01
1.569615457473006459e-01
1.554764159878764818e-01
1.547035423375635599e-01
1.543549914756583152e-01
1.565675317294943636e-01
1.573025194165562080e-01
1.554764159878766205e-01
1.558476984277324673e-01
1.553854896760750726e-01
1.538018564121991227e-01
1.540443265770034542e-01
1.566508808486457849e-01
1.532487213487402355e-01
1.554385300246260981e-01
1.543398370903579786e-01
1.532487213487402355e-01
1.532487213487402355e-01
1.532487213487402355e-01
1.532487213487402355e-01
1.523621898086758575e-01
1.546126160257623172e-01
1.523470354233757984e-01
1.502102670960404063e-01
1.532487213487402355e-01
1.532487213487402355e-01
1.522636863042242383e-01
1.513847319568100980e-01
1.533699564311421792e-01
1.532487213487402355e-01
1.452017427543092487e-01
1.532487213487402355e-01
1.521651827997727302e-01
1.525591968175790125e-01
1.518999810570184905e-01
1.514377723053607072e-01
1.504451600681927237e-01
1.516726652775146622e-01
1.520666792953210833e-01
1.507861337374502841e-01
1.520060617541200976e-01
1.507861337374502841e-01
1.458154953589696767e-01
1.471566584580415726e-01
1.466111005872314244e-01
1.507861337374502841e-01
1.507861337374502841e-01
1.511574161773062697e-01
1.470581549535895094e-01
1.420875165751089020e-01
1.412312938056452249e-01
1.507861337374502841e-01
1.507861337374502841e-01
1.507861337374502841e-01
1.483008145482095086e-01
1.437772305360853764e-01
1.373745027467322410e-01
1.360939571888614696e-01
1.507861337374502841e-01
1.501496495548399479e-01
1.495434741428295078e-01
1.440803182420908046e-01
1.387156658458037484e-01
1.378064027277889347e-01
1.309566205720778531e-01
1.507861337374502841e-01
1.507861337374502841e-01
1.454214813411632279e-01
1.400568289448761716e-01
1.346921765485881717e-01
1.278930100397802638e-01
1.497253267664331033e-01
1.505739723432469312e-01
1.467626444402347352e-01
1.413979920439476790e-01
1.360333396476606227e-01
1.368062132979734058e-01
1.288956241712437834e-01
1.503618109490434396e-01
1.481038075393062148e-01
1.427391551430192973e-01
1.351771168781965571e-01
1.296760750142073315e-01
1.277590452737261961e-01
1.501496495548399479e-01
1.470505777609376619e-01
1.321083538548952219e-01
1.362076150786130369e-01
1.308050767190753194e-01
1.262890698996020911e-01
1.250767190755824043e-01
1.507861337374502841e-01
1.436408410683845394e-01
1.372381132790295444e-01
1.319340784239434738e-01
1.274180716044701067e-01
1.229020647849968784e-01
1.496116688766813974e-01
1.352074256487967030e-01
1.208183368062131641e-01
1.330630801288122667e-01
1.285470733093390661e-01
1.240310664898650189e-01
1.153779124834242442e-01
1.427543095283185792e-01
1.243417313885197550e-01
1.341920818336805599e-01
1.296760750142073315e-01
1.255759045273723007e-01
1.159765107027848630e-01
1.134911915135450311e-01
1.278651259708263321e-01
1.353210835385486865e-01
1.308050767190753194e-01
1.226823261981434265e-01
1.173176738018563703e-01
1.119530214055693140e-01
1.306308012881231828e-01
1.172949422239041584e-01
1.319340784239434738e-01
1.240234892972149200e-01
1.186588369009278637e-01
1.132941845046408075e-01
1.125895055881796503e-01
1.208183368062131641e-01
1.142867967418071812e-01
1.253646523962864134e-01
1.199999999999993572e-01
1.146353476037123009e-01
1.123773441939762974e-01
1.132259897707899865e-01
1.140746353476038144e-01
1.267058154953589755e-01
1.213411630990719192e-01
1.159765107027848630e-01
1.121651827997728057e-01
1.130138283765866336e-01
1.119530214055693140e-01
1.119530214055693140e-01
1.119530214055693140e-01
1.173176738018563703e-01
1.119530214055693140e-01
1.128016669823831419e-01
1.155976510702765025e-01
1.119530214055693140e-01
1.119530214055693140e-01
1.186588369009278637e-01
1.132941845046398638e-01
1.125895055881796503e-01
1.119530214055693140e-01
1.119530214055693140e-01
1.119530214055693140e-01
1.112210645955669930e-01
1.146353476037123009e-01
1.119530214055693140e-01
1.119530214055693140e-01
1.119530214055693140e-01
1.119530214055693140e-01
1.108088653154015030e-01
1.130896003030878172e-01
1.119530214055693140e-01
1.119530214055693140e-01
1.119530214055693140e-01
1.119530214055693140e-01
1.119530214055693140e-01
1.173176738018554266e-01
1.119530214055693140e-01
1.119530214055693140e-01
1.119530214055693140e-01
1.119530214055693140e-01
1.082629285849587980e-01
1.105512407652969736e-01
1.109907179390045712e-01
1.119530214055693140e-01
1.119530214055693140e-01
1.119530214055693140e-01
1.119530214055693140e-01
1.102102670960407454e-01
1.127107406705813303e-01
1.119530214055693140e-01
1.119530214055693140e-01
1.119530214055693140e-01
1.043379427921956731e-01
1.052168971396104658e-01
1.090661110058722544e-01
1.119530214055693140e-01
1.119530214055693140e-01
9.846561848835047592e-02
1.031634779314275774e-01
1.078613373745030690e-01
1.081038075393075254e-01
1.119530214055693140e-01
1.119530214055693140e-01
1.119530214055693140e-01
1.031710551240771490e-01
1.032922902064781628e-01
1.071415040727414364e-01
1.109907179390045712e-01
1.119530214055693140e-01
9.680621329797402252e-02
1.008145482098881524e-01
1.023299867399134200e-01
1.061792006061752086e-01
1.100284144724383434e-01
1.119530214055693140e-01
1.119530214055693140e-01
1.119530214055693140e-01
1.013676832733473310e-01
1.052168971396104658e-01
1.090661110058722544e-01
1.095586285281291150e-01
1.119530214055693140e-01
9.655616594051945334e-02
1.004053798067825881e-01
1.078613373745030690e-01
1.074370145860967518e-01
1.119530214055693140e-01
1.119530214055693140e-01
1.119530214055693140e-01
9.944307634021637421e-02
1.032922902064781628e-01
1.071415040727414364e-01
1.108240197007019784e-01
1.119530214055693140e-01
1.119530214055693140e-01
9.848077287365028520e-02
1.023299867399134200e-01
1.061792006061752086e-01
1.096950179958330329e-01
8.503125591968238584e-02
9.494222390604309392e-02
9.751846940708554234e-02
1.013676832733473310e-01
1.052168971396104658e-01
8.789543474142831603e-02
1.095586285281291150e-01
9.376775904527337446e-02
9.646523962871657309e-02
1.004053798067825881e-01
1.042545936730443906e-01
