3.690283513097071810e-01
3.497750385208013291e-01
3.455697996918333792e-01
3.512634822804313051e-01
3.127294298921416971e-01
3.018181818181817078e-01
2.791848998459168230e-01
2.615291217257320056e-01
2.421263482280430757e-01
2.484616332819721551e-01
2.471044684129428681e-01
2.376409861325114725e-01
2.280662557781202027e-01
2.173497688751926671e-01
2.115026194144836169e-01
2.051617873651773449e-01
2.030046224961478962e-01
1.999537750385207702e-01
1.944255778120185518e-01
1.862865947611712369e-01
1.844298921417564241e-01
1.816255778120184905e-01
1.679969183359015239e-01
1.721879815100153532e-01
1.732751926040061730e-01
1.704622496147920052e-01
1.655624036979968516e-01
1.635362095531587012e-01
1.580508474576270417e-01
1.553775038520799623e-01
1.542681047765793179e-01
1.567026194144838791e-01
1.438459167950691953e-01
1.547842835130970873e-01
1.489445300462248767e-01
1.440061633281970177e-01
1.452619414483822813e-01
1.401309707241910063e-01
1.355932203389831614e-01
1.293913713405239474e-01
1.481818181818182478e-01
1.391756548536207949e-01
1.356394453004624023e-01
1.294067796610167131e-01
1.276656394453004328e-01
1.269876733436057503e-01
1.261556240369800519e-01
1.374268104776576183e-01
1.294761171032357550e-01
1.230662557781202066e-01
1.200770416024653370e-01
1.204160246533129697e-01
1.243137134052388765e-01
1.205778120184899244e-01
1.265023112480739009e-01
1.149306625577812963e-01
1.143682588597841887e-01
1.160631741140214918e-01
1.119183359013866119e-01
1.069953775038521987e-01
1.079815100154083302e-01
1.098613251155625553e-01
1.125423728813558510e-01
1.106471494607088740e-01
1.088212634822803976e-01
1.060708782742681849e-01
1.040832049306626150e-01
1.016178736517720227e-01
1.044761171032357189e-01
1.024114021571648631e-01
9.378274268104774825e-02
9.264252696456090619e-02
9.051617873651779389e-02
9.949152542372891039e-02
9.940030816640993416e-02
9.631741140215725749e-02
9.406779661016949345e-02
8.944530046224929976e-02
9.060862865947624800e-02
9.162557781201843832e-02
9.409090909090918331e-02
9.110169491525417496e-02
8.795069337442194823e-02
8.728043143297375961e-02
8.695685670261943390e-02
8.663328197226496941e-02
8.620955315870554303e-02
8.666409861325116704e-02
8.650231124807393479e-02
8.589368258859760019e-02
8.482280431432966117e-02
8.432665639445269257e-02
8.396764252696456432e-02
8.579352850539304076e-02
8.543143297380600965e-02
8.245762711864403072e-02
7.916024653312787873e-02
7.994607087827433622e-02
8.308936825885965272e-02
8.244221879815100129e-02
8.124036979969176397e-02
8.220338983050862192e-02
8.069337442218768586e-02
8.156394453004595091e-02
7.916024653312787873e-02
7.916024653312787873e-02
8.054699537750388549e-02
7.794298921417573689e-02
7.912942989214181988e-02
7.855932203389832946e-02
7.916024653312787873e-02
7.777349768875199687e-02
7.684899845916798311e-02
7.779661016949154795e-02
7.754237288135586159e-02
7.676425269645618943e-02
7.746533127889057568e-02
7.768104776579354276e-02
7.684899845916798311e-02
7.684899845916798311e-02
7.678736517719572663e-02
7.684899845916798311e-02
7.601694915254229856e-02
7.676486902927544265e-02
7.624807395993829506e-02
7.684899845916798311e-02
7.607858243451469382e-02
7.692604006163340780e-02
7.594761171032352043e-02
7.474576271186442189e-02
7.240369799691832864e-02
7.530816640986139066e-02
7.516178736517706294e-02
7.615562403697997973e-02
7.350539291217260407e-02
7.267334360554704442e-02
7.153312788906006359e-02
7.094761171032354374e-02
7.311248073959937532e-02
7.444530046224977216e-02
7.271186440677962493e-02
7.226502311248064747e-02
7.167950693374426641e-02
6.909090909090900845e-02
7.081664098613250913e-02
7.183359013867483822e-02
7.299691833590137013e-02
7.241140215716485029e-02
7.020801232665617453e-02
6.939137134052378308e-02
6.828197226502340234e-02
6.814329738058531871e-02
6.601694915254219254e-02
7.093990755007688331e-02
6.819722650231133110e-02
6.969183359013869650e-02
6.848998459167959796e-02
6.867488443759636740e-02
6.654853620955297755e-02
7.079352850539255559e-02
6.795839753466853539e-02
6.548536209553156018e-02
6.782742681047750077e-02
6.624036979969182004e-02
6.580893682588601079e-02
6.563944530046213199e-02
6.348228043143323840e-02
6.462249614791994168e-02
6.517719568567040267e-02
6.634822804314330358e-02
6.668721109399065872e-02
6.548536209553156018e-02
6.548536209553156018e-02
6.344375963020024156e-02
6.393682588597872363e-02
6.375192604006167663e-02
6.525423728813554980e-02
6.559322033898304372e-02
6.548536209553156018e-02
6.348998459167960740e-02
6.278890600924495746e-02
6.355932203389824675e-02
6.340523882896781371e-02
6.539291217257310607e-02
6.028505392912163890e-02
6.275038520801237696e-02
6.171032357473022617e-02
6.336671802773495565e-02
6.305855161787367325e-02
6.490755007704154811e-02
6.047765793528506184e-02
6.240369799691850711e-02
6.235747303543887066e-02
6.132511556240378275e-02
6.271186440677965768e-02
6.289676425269644100e-02
6.067026194144835294e-02
5.928351309707247108e-02
6.158705701078598382e-02
6.097842835130991984e-02
6.067026194144835294e-02
6.067026194144835294e-02
6.067026194144835294e-02
5.963020030816634093e-02
6.201848998459165430e-02
6.067026194144835294e-02
5.924499229583989751e-02
6.067026194144835294e-02
6.067026194144835294e-02
5.997688751926021078e-02
5.859013867488432892e-02
5.978428351309691968e-02
5.742681047765780394e-02
6.067026194144835294e-02
6.067026194144835294e-02
6.032357473035421247e-02
5.797380585516147267e-02
6.062403697996884833e-02
6.003852080123232848e-02
5.575500770416003810e-02
6.067026194144835294e-02
6.067026194144835294e-02
5.851309707241917485e-02
5.635593220338986492e-02
5.419876733436027744e-02
5.682588597842783834e-02
6.067026194144835294e-02
6.051617873651777418e-02
5.963020030816634093e-02
5.689522342064702587e-02
5.469953775038527422e-02
5.635593220339000370e-02
5.974576271186447796e-02
6.036209553158706359e-02
5.959167950693348981e-02
5.714175654853619057e-02
5.489214175654842653e-02
5.312018489984583064e-02
4.988443759630206698e-02
6.020801232665634606e-02
6.013097072419078259e-02
5.797380585516147267e-02
5.335130970724183408e-02
5.181047765793510285e-02
4.972634822804314347e-02
5.085516178736503023e-02
6.067026194144835294e-02
5.851309707241917485e-02
5.527734976887500179e-02
5.219568567026181688e-02
5.065485362095509259e-02
5.061633281972238024e-02
4.761016949152523103e-02
5.513097072419107653e-02
5.412172573189513031e-02
5.258089368258866969e-02
5.104006163328207724e-02
5.130200308166373013e-02
4.812788906009209111e-02
5.607858243451463442e-02
5.450693374422184434e-02
5.119414483821251721e-02
5.142526964560852065e-02
4.988443759630206698e-02
4.924499229583980536e-02
4.718798151001532548e-02
5.400616332819699328e-02
5.335130970724183408e-02
4.980739599383650351e-02
4.786594761171029944e-02
4.752696456086267368e-02
4.333590138674884434e-02
4.395223420647142304e-02
5.231895223420619800e-02
5.219568567026181688e-02
4.818952234206448637e-02
4.761171032357462002e-02
4.425608628659433164e-02
4.379815100154085122e-02
5.288135593220331249e-02
4.893682588597850908e-02
4.872881355932177916e-02
4.657164869029246923e-02
4.441448382126329114e-02
4.364406779661027247e-02
5.201078582434504743e-02
5.119414483821251721e-02
4.926810477657934950e-02
4.711093990755017141e-02
4.495377503852086148e-02
4.348998459167955494e-02
4.410631741140214057e-02
5.036979969183334738e-02
4.980739599383650351e-02
4.765023112480733236e-02
4.549306625577801549e-02
4.333590138674884434e-02
4.395223420647142304e-02
4.333590138674884434e-02
4.847457627118637036e-02
4.818952234206448637e-02
4.603235747303530828e-02
4.357473035439122372e-02
4.333590138674884434e-02
4.333590138674884434e-02
4.333590138674884434e-02
4.607087827426775001e-02
4.657164869029287863e-02
4.441448382126329114e-02
4.364406779661013369e-02
4.333590138674884434e-02
4.333590138674884434e-02
4.333590138674884434e-02
4.711093990754976202e-02
4.405238828967639880e-02
4.333590138674884434e-02
4.333590138674884434e-02
4.333590138674884434e-02
4.333590138674884434e-02
4.333590138674884434e-02
4.549306625577774488e-02
4.333590138674884434e-02
4.333590138674884434e-02
4.333590138674884434e-02
4.333590138674884434e-02
4.333590138674884434e-02
4.333590138674884434e-02
4.357473035439122372e-02
4.333590138674884434e-02
4.333590138674884434e-02
4.333590138674884434e-02
4.333590138674884434e-02
4.333590138674884434e-02
4.381355932203388065e-02
4.333590138674884434e-02
4.333590138674884434e-02
4.333590138674884434e-02
4.218798151001534186e-02
4.123266563944554680e-02
4.243451463790437472e-02
4.333590138674884434e-02
4.333590138674884434e-02
4.333590138674884434e-02
3.973035439137166669e-02
4.333590138674884434e-02
4.213405238828987764e-02
4.333590138674884434e-02
4.333590138674884434e-02
3.946070878274254151e-02
4.333590138674884434e-02
4.063174114021558814e-02
4.183359013867496423e-02
4.303543913713434033e-02
4.333590138674884434e-02
4.333590138674884434e-02
4.082434514637901107e-02
4.117873651771980503e-02
4.153312788906005082e-02
4.273497688751942691e-02
4.333590138674884434e-02
3.855161787365183473e-02
4.174576271186507259e-02
4.003081664098617071e-02
4.123266563944554680e-02
4.243451463790437472e-02
4.315870570107844389e-02
4.333590138674884434e-02
4.333590138674884434e-02
3.973035439137166669e-02
4.093220338983050155e-02
4.213405238828987764e-02
4.333590138674884434e-02
4.333590138674884434e-02
3.822804314329737718e-02
3.942989214175662144e-02
4.063174114021558814e-02
4.183359013867496423e-02
4.303543913713434033e-02
4.333590138674884434e-02
3.900616332819746568e-02
3.912942989214170803e-02
4.033127889060108412e-02
4.153312788906005082e-02
4.273497688751942691e-02
4.298151001540845978e-02
3.864406779661028885e-02
3.882896764252720401e-02
4.003081664098617071e-02
4.123266563944554680e-02
4.243451463790437472e-02
3.610169491525426488e-02
3.644067796610161308e-02
3.852850539291229059e-02
3.973035439137166669e-02
4.093220338983050155e-02
