4.725240852116235901e-01
4.555764150413130209e-01
4.745320667753357702e-01
4.300012365802934888e-01
4.021190489573379656e-01
3.735877690967343012e-01
3.427002416952391606e-01
3.315707942217978044e-01
3.604732730032038091e-01
3.538688100725085328e-01
3.293672081389463213e-01
3.176887190152323792e-01
2.924175144736103071e-01
2.809604856388061567e-01
2.890414254398286364e-01
3.096003597324490375e-01
2.915238041706482153e-01
2.711483334270136658e-01
2.612817716823113146e-01
2.472373672081388529e-01
2.536451014557922212e-01
2.717666235737170033e-01
2.655549435107636969e-01
2.416502726097465303e-01
2.305032881794164823e-01
2.192850317576301999e-01
2.177505480299026797e-01
2.072396155359449987e-01
2.246360519363721775e-01
2.176268900005619011e-01
2.116294755775391112e-01
2.006070485076721643e-01
1.802371985835533597e-01
1.963633297734808103e-01
1.925861390590746791e-01
2.018998369962339834e-01
1.972626608959585914e-01
1.733348322185372659e-01
1.746669664437075775e-01
1.579450283851386860e-01
1.860554212804226837e-01
1.738519476139621101e-01
1.736415041313022767e-01
1.632960485638806358e-01
1.607217132257883763e-01
1.477938283401718234e-01
1.385532010567140648e-01
1.638199089427236077e-01
1.621943679388454795e-01
1.570852678320498741e-01
1.450621100556461207e-01
1.383002641785170128e-01
1.255016581417571220e-01
1.269124838401436417e-01
1.276207070990951487e-01
1.457478500365347318e-01
1.359159125400483115e-01
1.285987296947895264e-01
1.231690180428305498e-01
1.204878871339442881e-01
1.254623124051486294e-01
1.252880670001687846e-01
1.268956213815974343e-01
1.282389972457987082e-01
1.213815974369063660e-01
1.162216851216908570e-01
1.189646450452477161e-01
1.191613737282896379e-01
1.169523916587038442e-01
1.167331796976000258e-01
1.158226069360907273e-01
1.149457590916756616e-01
1.134168961834636086e-01
1.132932381541226219e-01
1.143225226237985920e-01
1.172723287055252583e-01
1.138778033837335307e-01
1.126187398122639599e-01
1.104097577426789573e-01
1.089314822101063590e-01
1.100612669327188792e-01
1.120791411387782183e-01
1.103085829914002697e-01
1.060648642572087214e-01
1.071762126918104768e-01
1.056826485301558122e-01
1.082288797706705413e-01
1.073969984823788387e-01
1.058568939351358512e-01
1.061716598280029039e-01
1.052948119835872276e-01
1.049688044516890323e-01
1.034905289191164340e-01
1.048408745995170754e-01
1.049744252712045134e-01
1.034118374458996292e-01
1.025799561576077323e-01
1.030296217188465119e-01
1.016001348996683623e-01
1.006632567028271086e-01
1.044516890562643963e-01
1.036198077679724994e-01
1.026642684503400182e-01
1.023607441965039139e-01
1.020684615816985635e-01
1.000449665561239515e-01
1.013433758642010435e-01
1.015513461862741218e-01
1.021977404305548232e-01
1.010398516103647448e-01
9.843179135517943212e-02
9.898263166769689925e-02
9.878028216513951021e-02
9.948850542409080899e-02
9.948850542409080899e-02
1.017930414254396287e-01
9.715586532516422291e-02
9.770670563768191208e-02
9.722331515935009327e-02
9.819009611601371701e-02
9.744814793996958713e-02
9.513237029958962476e-02
9.721769433983462605e-02
9.513237029958962476e-02
9.513237029958962476e-02
9.600652015063787514e-02
9.513237029958962476e-02
9.761115170591808110e-02
9.712776122758687292e-02
9.464897982125780596e-02
9.405317295261635124e-02
9.513237029958962476e-02
9.513237029958962476e-02
9.554831094373557321e-02
9.423056601652490816e-02
9.513237029958962476e-02
9.251868922488902525e-02
9.321567084480919529e-02
9.199595300994871383e-02
9.278848856163249281e-02
9.155190826822560968e-02
9.226575234669218140e-02
9.234444381990879192e-02
9.090551402394450586e-02
9.077623517508844053e-02
9.200719464897985644e-02
9.513237029958962476e-02
9.147321679500859670e-02
9.099544713619225900e-02
8.953965488168134923e-02
9.077623517508844053e-02
9.035467371142741344e-02
9.407565623067863647e-02
8.974762520375462183e-02
8.837614524197619226e-02
8.752740149513787982e-02
8.743184756337445129e-02
8.774661345624150399e-02
9.112472598504851862e-02
9.009049519419902452e-02
8.767354280254036070e-02
8.821876229554256876e-02
8.774099263672623106e-02
7.988308695407783655e-02
8.843235343713092000e-02
9.033781125288060931e-02
8.819065819796501060e-02
7.823056601652519926e-02
7.855095272890792735e-02
8.748805575852977578e-02
8.765105952447867221e-02
9.077623517508844053e-02
8.870777359338985479e-02
8.663931201169126906e-02
7.553257264909213342e-02
7.703895227924209554e-02
7.843853633859808328e-02
8.971952110617745224e-02
8.893822719352462158e-02
7.431285481423186012e-02
7.414985104828275553e-02
7.551571019054571787e-02
7.730875161598556311e-02
8.866280703726626966e-02
7.083918835366180555e-02
7.461637906806815879e-02
7.388567253105496335e-02
7.494238659996614593e-02
7.529087740992641831e-02
7.481310775110988631e-02
5.927154179079274776e-02
7.343600696981637810e-02
7.362149401382717118e-02
7.467820808273854805e-02
7.353156090157941804e-02
7.568995559552575692e-02
7.124388735877680567e-02
6.993985723118424647e-02
7.335731549659917083e-02
7.441402956551054770e-02
7.299196222809287149e-02
7.160924062728370176e-02
5.900736327356494865e-02
6.065988421111798840e-02
7.242425945702878065e-02
7.029396886065980565e-02
7.245236355460614452e-02
7.046259344612497422e-02
5.935023326400955951e-02
5.987859029846554632e-02
6.355460626159259441e-02
6.879883086954079185e-02
6.480242819403063403e-02
6.904614692822216848e-02
5.986734865943440370e-02
5.909729638581330546e-02
6.837726940587897373e-02
6.835478612781768770e-02
6.452138721825621814e-02
6.082850879658235899e-02
6.038446405485904667e-02
5.831600247316046787e-02
6.144117812377022925e-02
6.099151256253165093e-02
6.389185543252172417e-02
6.297004103198207414e-02
6.090157945028349534e-02
5.855769771232637033e-02
6.065988421111798840e-02
5.882749704906963667e-02
5.831600247316046787e-02
6.205384745095830074e-02
6.003057725816374895e-02
5.879939295149207851e-02
5.831600247316046787e-02
5.831600247316046787e-02
5.831600247316046787e-02
5.831600247316046787e-02
5.828789837558310399e-02
5.904108819065798791e-02
5.822044854139724057e-02
5.758529593614787612e-02
5.831600247316046787e-02
5.501096059805519328e-02
5.862514754651224069e-02
5.727615086279549961e-02
5.831600247316046787e-02
5.793378674610755175e-02
5.831600247316046787e-02
5.831600247316046787e-02
5.896239671744117616e-02
5.761340003372463631e-02
5.804058231690172737e-02
5.460064077342491329e-02
5.831600247316046787e-02
5.446012028553751105e-02
5.556180091057266734e-02
5.795064920465357178e-02
5.741667135068290878e-02
5.335281884098727612e-02
5.308301950424381549e-02
5.418470012927877055e-02
5.528638075431392684e-02
5.828789837558310399e-02
5.143049856669097697e-02
5.239165870383952900e-02
5.295486481929020939e-02
5.390927997302003005e-02
5.501096059805519328e-02
5.611264122309034957e-02
5.143049856669097697e-02
5.143049856669097697e-02
5.214996346467322408e-02
5.363385981676128955e-02
5.473554044179645278e-02
5.583722106683160907e-02
5.370693047046282836e-02
5.143049856669097697e-02
5.197009724017771087e-02
5.268956213815955553e-02
5.143049856669097697e-02
5.556180091057286857e-02
5.143049856669097697e-02
5.143049856669097697e-02
5.179023101568219767e-02
5.250969591366424355e-02
5.322916081164628943e-02
5.394862570962833531e-02
5.143049856669097697e-02
5.143049856669097697e-02
5.161036479118668446e-02
5.232982968916873034e-02
5.304929458715077623e-02
5.018829745376861273e-02
5.143049856669097697e-02
5.143049856669097697e-02
5.143049856669097697e-02
5.214996346467322408e-02
5.066606711258495044e-02
5.143049856669097697e-02
5.143049856669097697e-02
5.143049856669097697e-02
5.143049856669097697e-02
5.197009724017771087e-02
5.076162104434817773e-02
5.037940531729526855e-02
5.143049856669097697e-02
5.143049856669097697e-02
5.013771007812956038e-02
5.179023101568199644e-02
5.085717497611140503e-02
5.047495924905829462e-02
5.143049856669097697e-02
4.971052779495246932e-02
5.143049856669097697e-02
5.086841661514215213e-02
5.095272890787483355e-02
5.057051318082172314e-02
5.018829745376880702e-02
5.143049856669097697e-02
5.143049856669097697e-02
5.143049856669097697e-02
5.104828283963785962e-02
5.066606711258495044e-02
5.028385138553184003e-02
4.849080996009179356e-02
5.143049856669097697e-02
4.849080996009259154e-02
5.114383677140128814e-02
4.904165027260967702e-02
5.037940531729526855e-02
4.999718959024215120e-02
4.755213310100592922e-02
4.897420043842380666e-02
4.990163565847932636e-02
5.085717497611140503e-02
5.047495924905829462e-02
5.009274352200538544e-02
4.518576808498711572e-02
4.738912933505683850e-02
4.904165027260967702e-02
4.904165027260967702e-02
5.057051318082172314e-02
4.601202855376373968e-02
4.931707042886861181e-02
4.683828902253975301e-02
4.904165027260967702e-02
4.904165027260967702e-02
5.066606711258495044e-02
4.188072620988144562e-02
4.408408745995136269e-02
4.628744871002187650e-02
4.849080996009259154e-02
4.913720420437290431e-02
4.904165027260967702e-02
5.037940531729526855e-02
4.353324714743427720e-02
4.573660839750420121e-02
4.793996964757471502e-02
4.904165027260967702e-02
4.310044404474192015e-02
4.077904558484648362e-02
4.298240683491640068e-02
4.518576808498711572e-02
4.738912933505683850e-02
4.904165027260967702e-02
4.904165027260967702e-02
3.869934236411675527e-02
4.243156652239932214e-02
4.463492777246923920e-02
4.683828902253975301e-02
4.904165027260967702e-02
3.656905176774817579e-02
3.805294811983565145e-02
4.188072620988144562e-02
4.408408745995136269e-02
4.628744871002187650e-02
4.849080996009259154e-02
4.904165027260967702e-02
3.740655387555533867e-02
3.999213085267817186e-02
4.257770782980180302e-02
4.573660839750420121e-02
4.785003653532696188e-02
4.904165027260967702e-02
3.676015963127423486e-02
3.934573660839786602e-02
4.193131358552069227e-02
4.518576808498711572e-02
3.316845596087887593e-02
3.380360856612923959e-02
3.611376538699312411e-02
3.869934236411675527e-02
4.128491934124038643e-02
4.387049631836321267e-02
