6.108078586057801296e-01
5.820374725024652918e-01
4.878470757794127755e-01
4.364863839793672873e-01
4.055016308882650189e-01
3.736023666843661384e-01
3.587681104452702940e-01
3.465523780626563188e-01
3.325039824015779133e-01
3.215826443146477809e-01
3.093226124554349088e-01
2.994128802245314969e-01
2.857261624819844026e-01
2.808162026852766280e-01
2.805977395130090923e-01
2.698171888037623201e-01
2.652658727148601847e-01
2.548500341348706733e-01
2.454676477281347580e-01
2.399344610483197526e-01
2.339831601304712128e-01
2.260486990821512776e-01
2.231510278388834645e-01
2.287036334673443472e-01
2.234696199651065585e-01
2.153379352196009289e-01
2.132291587650762266e-01
2.075551847075780831e-01
2.071910794204658013e-01
2.025639080634150657e-01
1.973298945611772770e-01
1.990442236213305349e-01
2.008799211105210814e-01
2.019874080254874249e-01
1.913676704847151744e-01
1.886065387241143698e-01
1.889038913752560667e-01
1.854509595691420099e-01
1.857998938026246549e-01
1.835861336569823421e-01
1.845862095122505486e-01
1.795494197071985931e-01
1.737540772206629391e-01
1.766365774103011432e-01
1.754684062808160860e-01
1.735265114162178046e-01
1.767427747857088782e-01
1.691724190245012527e-01
1.675187741788666806e-01
1.675794583933855053e-01
1.682166426458316932e-01
1.701433664568004489e-01
1.674732610179777426e-01
1.595084578623985616e-01
1.640901160585602481e-01
1.580520367139496840e-01
1.606614579382538432e-01
1.534703785177879976e-01
1.528028521580823973e-01
1.532883258742319399e-01
1.550936812561632960e-01
1.546688917545323283e-01
1.506485625426685071e-01
1.524690889782295278e-01
1.521049836911173847e-01
1.524539179245998910e-01
1.521656679056360706e-01
1.491314571797010824e-01
1.464765227945081516e-01
1.437609041947963961e-01
1.503694151558824244e-01
1.517105362967458015e-01
1.495865887885913237e-01
1.480694834256238990e-01
1.440491542137600778e-01
1.415611014184934568e-01
1.396495486611545878e-01
1.397405749829325750e-01
1.440794963210194901e-01
1.442014715922020074e-01
1.435940226048698365e-01
1.405598118789348483e-01
1.374042327239625993e-01
1.353257983766971706e-01
1.357961010392172152e-01
1.427747857088675631e-01
1.398012591974512608e-01
1.372676932412955908e-01
1.369946142759614072e-01
1.352651141621786235e-01
1.306834559660167983e-01
1.322915876507621824e-01
1.364751573996813572e-01
1.341879693544715535e-01
1.335204429947660643e-01
1.304558901615716637e-01
1.297125085337176020e-01
1.303193506789046552e-01
1.297125085337176020e-01
1.305620875369794265e-01
1.305450959569136871e-01
1.291056663885305489e-01
1.293332321929758222e-01
1.301676401426078433e-01
1.273160889023739473e-01
1.279374952590457692e-01
1.272851399529695282e-01
1.286353637260106431e-01
1.289539558522338758e-01
1.217477053781384072e-01
1.237806265645149117e-01
1.255404687855571078e-01
1.275733899719334874e-01
1.262079951452627080e-01
1.219752711825835417e-01
1.295001137829021043e-01
1.233649396950618066e-01
1.210194948039141072e-01
1.192444815292421495e-01
1.202306000151709825e-01
1.200030342107258619e-01
1.202306000151709825e-01
1.208981263748765966e-01
1.215656527345823357e-01
1.222938633088067745e-01
1.191382841538344006e-01
1.181825077751649800e-01
1.188597436091935883e-01
1.199120078889478885e-01
1.203974816050974173e-01
1.208071000530986233e-01
1.178790867025713840e-01
1.180611393461275943e-01
1.182431919896836658e-01
1.190927709929453515e-01
1.189258894030190417e-01
1.165136918759007573e-01
1.161344155351589635e-01
1.154517181218234489e-01
1.155275733899719104e-01
1.181976788287946167e-01
1.178032314344230475e-01
1.163923234468633716e-01
1.168777971630129003e-01
1.153000075855267897e-01
1.153000075855267897e-01
1.183342183114616392e-01
1.152393233710080900e-01
1.151786391564894041e-01
1.146476522794508124e-01
1.084639308199952384e-01
1.153606918000454756e-01
1.153758628536751124e-01
1.152544944246377268e-01
1.151938102101190409e-01
9.974725024652883465e-02
1.035424410225290331e-01
1.123416521277402630e-01
1.115982704998863262e-01
1.152696654782673774e-01
1.152089812637488164e-01
9.428809830842754813e-02
9.636653265569297688e-02
1.029355988773418412e-01
1.095198361526207587e-01
1.152848365318971391e-01
1.146173101721914001e-01
1.140711522415231716e-01
9.375711143138883152e-02
9.988621709777735502e-02
1.075931123416521418e-01
1.153000075855267897e-01
1.147538496548585613e-01
8.727907153151778785e-02
9.010452855950837336e-02
9.795949328680872426e-02
1.033148752180838986e-01
1.133732837745581590e-01
1.140711522415231716e-01
8.051278161268292377e-02
8.682393992262767146e-02
9.504665098991126049e-02
1.016005461579307656e-01
1.114465599635895282e-01
1.144807706895243776e-01
7.840400515815822147e-02
8.624743988470003064e-02
9.219449290753248261e-02
9.973450656148055704e-02
1.062884017295000622e-01
6.937722824850173220e-02
7.532428127133432294e-02
8.324357126602445478e-02
9.040430857923073549e-02
9.695820374725011570e-02
1.041189410604565352e-01
6.371842524463322555e-02
7.320033376317998386e-02
7.926875521504968269e-02
8.861412425092940470e-02
9.440946673746493378e-02
1.021770461958581289e-01
6.449214897974658856e-02
6.949859667753911785e-02
7.775164985208225799e-02
8.491238716528853869e-02
9.110217704619590073e-02
9.914283546992314067e-02
6.399150420996740918e-02
6.757187286657048708e-02
7.587043920200267633e-02
8.116513691875890113e-02
8.852309792915130648e-02
6.467420162330278499e-02
6.412804369263443161e-02
6.564514905560185631e-02
7.335204429947676796e-02
8.105893954335129103e-02
8.476067662899201827e-02
6.481074110596980742e-02
6.365774103011453966e-02
6.371842524463322555e-02
6.896760980050066492e-02
7.345824167488425316e-02
6.371842524463322555e-02
6.494728058863682985e-02
6.364256997648490288e-02
6.385496472730024797e-02
6.621922172494854042e-02
6.371842524463322555e-02
6.371842524463322555e-02
6.371842524463322555e-02
6.362739892285512733e-02
6.368808313737395199e-02
6.408253053174524372e-02
7.239626792080720852e-02
6.371842524463322555e-02
6.204960934536900979e-02
6.265645149055591723e-02
6.326329363574297038e-02
6.371842524463322555e-02
6.371842524463322555e-02
6.371842524463322555e-02
6.371842524463322555e-02
6.250474095425925802e-02
6.311158309944631117e-02
6.371842524463322555e-02
6.371842524463322555e-02
6.371842524463322555e-02
6.371842524463322555e-02
6.235303041796246698e-02
6.295987256314951319e-02
6.338466206478035603e-02
6.289918834863082731e-02
6.371842524463322555e-02
6.159447773647875463e-02
6.220131988166580084e-02
6.280816202685271521e-02
6.341500417203976836e-02
6.317226731396501094e-02
6.371842524463322555e-02
6.076006978684657389e-02
6.204960934536900979e-02
6.265645149055591723e-02
6.258059622240773334e-02
6.344534627929905579e-02
5.931881969202747878e-02
6.101797769855111381e-02
6.189789880907221181e-02
6.250474095425925802e-02
6.238337252522187931e-02
5.992566183721453194e-02
6.053250398240158509e-02
6.113934612758849946e-02
6.174618827277555261e-02
6.071455662595765662e-02
5.992566183721453194e-02
5.992566183721453194e-02
6.133656982477407593e-02
5.907608283395284626e-02
5.989531972995525144e-02
6.220131988166580084e-02
6.171584616551613334e-02
5.992566183721453194e-02
5.968292497913976064e-02
5.919745126299023191e-02
5.871197754684056441e-02
5.760449063187433882e-02
6.138208298566326382e-02
5.992566183721453194e-02
5.974360919365845346e-02
5.931881969202747878e-02
5.746795114920731640e-02
5.892437229765604828e-02
5.713418796935444688e-02
5.992566183721453194e-02
5.992566183721453194e-02
5.944018812106499627e-02
5.895471440491532877e-02
5.664871425320477938e-02
5.757414852461505833e-02
5.992566183721453194e-02
5.992566183721453194e-02
5.910642494121212676e-02
5.907608283395284626e-02
5.692179321853895607e-02
5.582947735720237420e-02
5.555639839186832935e-02
5.992566183721453194e-02
5.968292497913976064e-02
5.828718804520972158e-02
5.719487218387313970e-02
5.610255632253655089e-02
5.649700371690811324e-02
5.992566183721453194e-02
5.965258287188034830e-02
5.856026701054376643e-02
5.746795114920731640e-02
5.637563528787059575e-02
5.528331942653414571e-02
5.533186679814874886e-02
5.992566183721453194e-02
5.883334597587794312e-02
5.774103011454136125e-02
5.664871425320477938e-02
5.555639839186819057e-02
5.446408253053160869e-02
5.974360919365845346e-02
5.910642494121212676e-02
5.801410907987554488e-02
5.692179321853895607e-02
5.582947735720237420e-02
5.364484563452920352e-02
5.355381931275123714e-02
5.937950390654630345e-02
5.828718804520972158e-02
5.719487218387313970e-02
5.610255632253655089e-02
5.501024046119996902e-02
5.337176666919515866e-02
5.959189865736166242e-02
5.856026701054376643e-02
5.746795114920731640e-02
5.616324053705524372e-02
5.528331942653414571e-02
5.346279299097313198e-02
5.309868770386098197e-02
5.883334597587794312e-02
5.774103011454136125e-02
5.664871425320477938e-02
5.391792459986338715e-02
5.355381931275109836e-02
5.318971402563908712e-02
5.309868770386098197e-02
5.758931957824470205e-02
5.604187210801785807e-02
5.582947735720237420e-02
5.364484563452920352e-02
5.355381931275123714e-02
5.309868770386098197e-02
5.387059091253811050e-02
5.385724038534469432e-02
5.409997724341945868e-02
5.373587195630730867e-02
5.337176666919515866e-02
5.309868770386098197e-02
5.021618751422279175e-02
5.018584540696337942e-02
5.419100356519743200e-02
5.382689827808541383e-02
5.346279299097313198e-02
5.309868770386098197e-02
5.309868770386098197e-02
5.121747705378126847e-02
5.428202988697553716e-02
5.391792459986338715e-02
5.355381931275109836e-02
5.318971402563908712e-02
5.309868770386098197e-02
5.431237199423494949e-02
5.370552984904802818e-02
5.400895092164135353e-02
5.364484563452920352e-02
5.320427823712345350e-02
5.309868770386098197e-02
5.054995069407566127e-02
5.385724038534469432e-02
5.325039824015764117e-02
5.373587195630730867e-02
5.337176666919515866e-02
5.309868770386098197e-02
4.945763483273907940e-02
5.018584540696337942e-02
5.340210877645443915e-02
5.279526663126752478e-02
