5.840108401084010969e-01
5.068473351400177851e-01
4.993224932249323844e-01
4.512375790424569821e-01
4.561878952122853659e-01
4.138211382113820558e-01
4.342818428184282431e-01
3.764679313459801668e-01
4.087624209575429490e-01
3.597560975609755962e-01
3.588527551942186089e-01
3.313504968383016447e-01
3.317524841915085454e-01
3.113143631436313674e-01
3.073622402890695549e-01
2.982158988256550236e-01
2.940379403794038393e-01
2.737669376693766532e-01
2.897470641373079969e-01
2.600496838301716296e-01
2.678410117434507631e-01
2.469692863595302768e-01
2.472899728997290658e-01
2.365627822944894876e-01
2.384823848238481203e-01
2.354336043360432951e-01
2.369015356820233786e-01
2.234056007226737639e-01
2.357723577235771861e-01
2.091779584462511166e-01
2.219963866305330880e-01
2.070912375790423254e-01
2.219963866305330880e-01
1.948961156278229967e-01
2.129629629629631038e-01
1.917344173441734856e-01
1.771093044263714333e-01
1.824751580849141297e-01
1.702800361336948010e-01
1.761517615176151075e-01
1.580849141824751669e-01
1.720867208672087756e-01
1.580849141824751669e-01
1.652348690153568334e-01
1.580849141824751669e-01
1.628274616079495862e-01
1.472448057813912081e-01
1.532475158084913025e-01
1.463414634146340820e-01
1.430668473351398851e-01
1.355013550135501232e-01
1.457768744354111523e-01
1.355013550135501232e-01
1.377597109304426748e-01
1.355013550135501232e-01
1.352755194218607793e-01
1.154019873532068502e-01
1.281029810298102145e-01
1.154019873532068502e-01
1.282746160794941137e-01
1.154019873532068502e-01
1.280487804878047420e-01
1.154019873532068502e-01
1.204832881662150079e-01
1.093044263775970193e-01
1.192411924119241434e-01
1.086269196025294037e-01
1.141598915989159857e-01
1.086269196025294037e-01
1.136314363143630796e-01
1.086269196025294037e-01
1.091915085817526665e-01
1.086269196025294037e-01
1.091915085817526665e-01
1.086269196025294037e-01
1.061427280939476608e-01
1.086269196025294037e-01
1.063685636856370326e-01
1.029810298102981497e-01
1.061427280939476608e-01
9.801264679313451134e-02
1.053523035230352067e-01
9.801264679313451134e-02
1.033197831978320408e-01
9.801264679313451134e-02
1.030939476061426691e-01
9.801264679313451134e-02
1.029810298102981497e-01
9.801264679313451134e-02
9.930442637759689939e-02
9.801264679313451134e-02
9.801264679313451134e-02
9.733514001806689575e-02
9.801264679313451134e-02
9.801264679313451134e-02
9.767389340560078681e-02
9.733514001806689575e-02
9.767389340560078681e-02
9.733514001806689575e-02
9.801264679313451134e-02
9.733514001806689575e-02
9.688346883468831883e-02
9.733514001806689575e-02
9.643179765130990844e-02
9.733514001806689575e-02
9.733514001806689575e-02
9.733514001806689575e-02
9.564137308039762086e-02
9.733514001806689575e-02
9.575429087624214020e-02
9.733514001806689575e-02
9.586720867208665953e-02
9.552845528455293500e-02
9.564137308039762086e-02
9.552845528455293500e-02
9.473803071364063355e-02
9.733514001806689575e-02
9.485094850948515288e-02
9.575429087624214020e-02
9.564137308039762086e-02
9.394760614272817945e-02
9.473803071364063355e-02
9.394760614272817945e-02
9.168925022583564177e-02
9.394760614272817945e-02
9.473803071364063355e-02
9.394760614272817945e-02
9.089882565492318767e-02
9.394760614272817945e-02
9.372177055103880772e-02
9.394760614272817945e-02
9.428635953026190397e-02
9.394760614272817945e-02
9.089882565492318767e-02
9.394760614272817945e-02
8.999548328816636689e-02
9.394760614272817945e-02
8.999548328816636689e-02
9.394760614272817945e-02
9.089882565492318767e-02
9.394760614272817945e-02
8.976964769647716169e-02
8.604336043360438779e-02
8.976964769647716169e-02
9.394760614272817945e-02
8.931797651309858477e-02
9.394760614272817945e-02
8.976964769647716169e-02
8.559168925022581087e-02
8.976964769647716169e-02
8.604336043360438779e-02
8.909214092140921304e-02
8.604336043360438779e-02
8.909214092140921304e-02
8.559168925022581087e-02
8.841463414634159745e-02
8.559168925022581087e-02
8.909214092140921304e-02
8.559168925022581087e-02
8.909214092140921304e-02
8.559168925022581087e-02
8.615627822944890712e-02
8.559168925022581087e-02
8.615627822944890712e-02
8.559168925022581087e-02
8.464769647696469834e-02
8.559168925022581087e-02
8.559168925022581087e-02
8.559168925022581087e-02
8.344625112917795906e-02
8.559168925022581087e-02
8.344625112917795906e-02
8.559168925022581087e-02
8.322041553748860121e-02
8.559168925022581087e-02
8.536585365853660567e-02
8.559168925022581087e-02
8.344625112917795906e-02
8.559168925022581087e-02
8.231707317073161390e-02
8.559168925022581087e-02
8.322041553748860121e-02
8.559168925022581087e-02
8.322041553748860121e-02
8.559168925022581087e-02
8.186540198735320351e-02
8.559168925022581087e-02
8.193766937669375028e-02
8.084914182475154421e-02
8.186540198735320351e-02
8.084914182475154421e-02
8.186540198735320351e-02
8.084914182475154421e-02
8.186540198735320351e-02
7.813911472448059614e-02
8.186540198735320351e-02
7.813911472448059614e-02
7.983288166215003756e-02
7.813911472448059614e-02
8.186540198735320351e-02
7.813911472448059614e-02
7.983288166215003756e-02
7.813911472448059614e-02
7.915537488708225544e-02
7.813911472448059614e-02
7.983288166215003756e-02
7.813911472448059614e-02
8.017163504968392862e-02
7.813911472448059614e-02
7.915537488708225544e-02
7.813911472448059614e-02
7.881662149954837826e-02
7.813911472448059614e-02
7.824751580849134691e-02
7.813911472448059614e-02
7.813911472448059614e-02
7.813911472448059614e-02
7.870370370370369240e-02
7.813911472448059614e-02
7.813911472448059614e-02
7.813911472448059614e-02
7.847786811201448720e-02
7.813911472448059614e-02
7.813911472448059614e-02
7.813911472448059614e-02
7.813911472448059614e-02
7.813911472448059614e-02
7.813911472448059614e-02
7.813911472448059614e-02
7.813911472448059614e-02
7.813911472448059614e-02
7.813911472448059614e-02
7.813911472448059614e-02
7.553748870822039885e-02
7.813911472448059614e-02
7.746160794941281402e-02
7.813911472448059614e-02
7.542908762420964808e-02
7.813911472448059614e-02
7.813911472448059614e-02
7.813911472448059614e-02
7.610659439927743020e-02
7.813911472448059614e-02
7.813911472448059614e-02
7.407407407407409772e-02
7.542908762420964808e-02
7.813911472448059614e-02
7.542908762420964808e-02
7.813911472448059614e-02
7.542908762420964808e-02
7.678410117434504578e-02
7.542908762420964808e-02
7.407407407407409772e-02
7.542908762420964808e-02
7.407407407407409772e-02
7.542908762420964808e-02
7.407407407407409772e-02
7.542908762420964808e-02
7.407407407407409772e-02
7.542908762420964808e-02
7.271906052393854736e-02
7.542908762420964808e-02
7.271906052393854736e-02
7.475158084914187984e-02
7.407407407407409772e-02
7.542908762420964808e-02
7.271906052393854736e-02
7.542908762420964808e-02
7.271906052393854736e-02
7.362240289069552079e-02
7.271906052393854736e-02
7.475158084914187984e-02
7.271906052393854736e-02
7.271906052393854736e-02
7.271906052393854736e-02
7.475158084914187984e-02
7.271906052393854736e-02
7.362240289069552079e-02
7.271906052393854736e-02
7.339656729900631560e-02
7.271906052393854736e-02
7.362240289069552079e-02
7.271906052393854736e-02
7.362240289069552079e-02
7.271906052393854736e-02
7.339656729900631560e-02
7.271906052393854736e-02
7.271906052393854736e-02
7.271906052393854736e-02
7.271906052393854736e-02
7.271906052393854736e-02
7.271906052393854736e-02
7.271906052393854736e-02
7.271906052393854736e-02
7.271906052393854736e-02
7.271906052393854736e-02
7.271906052393854736e-02
7.271906052393854736e-02
7.271906052393854736e-02
7.271906052393854736e-02
7.271906052393854736e-02
7.271906052393854736e-02
7.271906052393854736e-02
7.271906052393854736e-02
7.271906052393854736e-02
7.271906052393854736e-02
7.271906052393854736e-02
7.271906052393854736e-02
7.271906052393854736e-02
7.271906052393854736e-02
7.271906052393854736e-02
7.271906052393854736e-02
7.271906052393854736e-02
7.271906052393854736e-02
7.271906052393854736e-02
7.113821138211379180e-02
7.271906052393854736e-02
7.158988256549235485e-02
7.271906052393854736e-02
7.113821138211379180e-02
7.271906052393854736e-02
7.113821138211379180e-02
7.271906052393854736e-02
7.000903342366759929e-02
7.271906052393854736e-02
7.158988256549235485e-02
7.271906052393854736e-02
7.113821138211379180e-02
7.271906052393854736e-02
7.000903342366759929e-02
7.271906052393854736e-02
7.140018066847318712e-02
7.271906052393854736e-02
6.933152664859981718e-02
7.271906052393854736e-02
7.113821138211379180e-02
7.271906052393854736e-02
7.000903342366759929e-02
7.271906052393854736e-02
7.046070460704600968e-02
7.271906052393854736e-02
6.933152664859981718e-02
7.271906052393854736e-02
6.933152664859981718e-02
7.271906052393854736e-02
6.934959349593491917e-02
7.271906052393854736e-02
6.933152664859981718e-02
7.046070460704600968e-02
6.933152664859981718e-02
7.271906052393854736e-02
6.933152664859981718e-02
6.820234869015347201e-02
6.933152664859981718e-02
7.271906052393854736e-02
6.933152664859981718e-02
7.046070460704600968e-02
6.933152664859981718e-02
7.271906052393854736e-02
6.914182475158064944e-02
7.271906052393854736e-02
6.933152664859981718e-02
6.594399277326094821e-02
6.933152664859981718e-02
6.594399277326094821e-02
6.933152664859981718e-02
6.820234869015347201e-02
6.933152664859981718e-02
6.820234869015347201e-02
6.933152664859981718e-02
6.594399277326094821e-02
6.933152664859981718e-02
6.594399277326094821e-02
6.933152664859981718e-02
6.594399277326094821e-02
6.763775971093038963e-02
6.594399277326094821e-02
6.820234869015347201e-02
6.594399277326094821e-02
6.876693766937673480e-02
6.594399277326094821e-02
6.820234869015347201e-02
6.594399277326094821e-02
6.876693766937673480e-02
6.594399277326094821e-02
6.933152664859981718e-02
6.594399277326094821e-02
6.594399277326094821e-02
6.594399277326094821e-02
6.594399277326094821e-02
6.594399277326094821e-02
6.820234869015347201e-02
6.594399277326094821e-02
6.820234869015347201e-02
6.594399277326094821e-02
