4.841456916418410694e-01
4.601618796020460755e-01
4.689562138159744098e-01
4.271085380248439423e-01
4.031553032432129147e-01
3.720757686470686498e-01
3.443032994210555309e-01
3.471845315046933611e-01
3.502714855825977969e-01
3.491117981001630177e-01
3.344724860884716877e-01
3.114541060086560287e-01
2.959489629587991888e-01
2.778591422629418939e-01
2.942049350795342688e-01
2.867348659434543756e-01
2.892878421673878986e-01
2.711856556685963704e-01
2.574110505311674735e-01
2.467708391883536578e-01
2.457085042999268831e-01
2.717666235737170033e-01
2.565454443257826900e-01
2.390278230566016682e-01
2.334551177561688118e-01
2.220785790568265139e-01
2.063121803158899925e-01
2.233290989826316464e-01
2.246360519363721775e-01
2.171210162441681857e-01
2.081164633803606612e-01
1.967848912371421288e-01
1.819027598223819653e-01
1.995671968973077859e-01
1.939238941037602637e-01
1.850618852228650135e-01
1.945084593333707701e-01
1.814119498622898674e-01
1.691810465965938870e-01
1.600827384632677319e-01
1.837122140408067317e-01
1.757394188072621266e-01
1.734058793772131346e-01
1.669495812489455999e-01
1.599123152155583483e-01
1.473216795008711610e-01
1.385532010567140648e-01
1.360125906357149972e-01
1.489798212579394598e-01
1.565537631386655637e-01
1.489236130627845378e-01
1.420943173514695734e-01
1.299814512955989043e-01
1.301950424371874360e-01
1.283514136361083580e-01
1.385576977123254838e-01
1.359709965712997959e-01
1.285987296947895264e-01
1.262717104153784076e-01
1.204878871339442881e-01
1.254623124051486294e-01
1.256815243662526282e-01
1.268956213815974343e-01
1.276600528357034747e-01
1.245517396436401081e-01
1.158001236580294413e-01
1.169130459220953377e-01
1.212017312124108598e-01
1.196560058456523912e-01
1.196784891237144821e-01
1.164296554437637271e-01
1.097465010398516461e-01
1.113484346017650228e-01
1.147265471305714407e-01
1.148614467989433757e-01
1.132876173346075432e-01
1.118543083581587244e-01
1.133044797931541670e-01
1.102573211174190659e-01
1.099319880838628277e-01
1.100612669327188792e-01
1.120791411387782183e-01
1.097127761227586068e-01
1.103085829914002697e-01
1.088359282783429444e-01
1.080490135461746187e-01
1.090157945028384506e-01
1.073969984823788387e-01
1.080883592827835277e-01
1.050587375639367993e-01
1.049350795345962012e-01
1.040132651340565512e-01
1.051093249395762402e-01
1.031312461356865134e-01
1.042437187341913180e-01
1.034118374458996292e-01
1.051093249395762402e-01
1.029846551627227325e-01
1.019953909279974202e-01
1.025799561576077323e-01
1.014670338935416277e-01
1.030015176212691480e-01
1.024562981282671481e-01
1.020572199426676152e-01
1.020684615816985635e-01
1.000449665561239515e-01
9.872969478950024969e-02
9.966837164858591280e-02
1.019841492889662776e-01
1.011972345567983683e-01
9.668933730537902782e-02
9.898263166769689925e-02
9.828002922826147014e-02
9.780788038896061354e-02
9.627901748074856048e-02
9.892642347254218538e-02
9.923556854589395126e-02
9.903321904333654835e-02
9.722331515935009327e-02
9.652633353942993710e-02
9.666123320780166395e-02
9.513237029958962476e-02
9.721769433983462605e-02
9.513237029958962476e-02
9.513237029958962476e-02
9.670057894440997615e-02
9.617222190995458608e-02
9.534034062166249490e-02
9.550334438761158562e-02
9.513237029958962476e-02
9.405317295261635124e-02
9.338991624978923434e-02
9.513237029958962476e-02
9.513237029958962476e-02
9.537968635827100139e-02
9.513237029958962476e-02
9.375526951829572797e-02
9.321567084480919529e-02
9.199595300994871383e-02
9.278848856163249281e-02
9.461525490416497486e-02
9.226575234669218140e-02
9.047833174076760909e-02
9.077623517508844053e-02
9.098420549716150496e-02
9.200719464897985644e-02
9.513237029958962476e-02
9.147321679500859670e-02
9.099544713619225900e-02
8.953965488168134923e-02
8.653251644089729466e-02
9.035467371142741344e-02
9.016918666741623178e-02
9.011859929177679085e-02
9.084368500927410273e-02
8.955606767466686713e-02
8.743184756337445129e-02
9.009611601371449174e-02
9.077623517508844053e-02
8.974200438423894644e-02
8.871901523242059495e-02
8.560508122084177496e-02
8.024844022258453835e-02
8.247990557023202052e-02
9.077623517508844053e-02
9.025911977966379063e-02
8.819065819796501060e-02
7.721319768422252316e-02
7.903434320723953799e-02
7.788769602608060227e-02
8.765105952447867221e-02
9.077623517508844053e-02
8.940475521331001096e-02
7.587004665280171201e-02
7.553257264909213342e-02
7.738182226968669253e-02
7.739868472823331624e-02
8.971952110617745224e-02
8.893822719352462158e-02
7.431285481423186012e-02
7.414985104828275553e-02
7.520656511719393811e-02
8.597043448934947596e-02
8.866280703726626966e-02
8.955089652071249184e-02
7.387443089202401503e-02
7.388567253105496335e-02
7.494238659996614593e-02
7.721881850373779610e-02
7.675229048395240672e-02
7.104153785621941664e-02
7.256477994491598860e-02
7.362149401382717118e-02
7.467820808273854805e-02
7.096284638300280612e-02
7.321589567758957084e-02
5.831600247316046787e-02
7.191838570063507907e-02
7.259288404249314430e-02
7.083356753414653262e-02
7.299196222809287149e-02
7.160924062728370176e-02
5.900736327356494865e-02
7.026586476308224749e-02
7.242425945702878065e-02
7.221066831544044329e-02
6.815243662525968804e-02
7.368826934967187547e-02
5.935023326400955951e-02
5.987859029846554632e-02
6.824236973750763546e-02
6.895171716036178899e-02
6.674723174638862166e-02
6.193581024113298944e-02
5.986734865943440370e-02
5.909729638581330546e-02
5.831600247316046787e-02
6.233488842673251540e-02
7.013096509471090922e-02
6.245292563655763241e-02
6.038446405485904667e-02
5.831600247316046787e-02
6.144117812377022925e-02
5.988421111798081925e-02
6.968692035298759690e-02
6.144117812377002802e-02
6.090157945028349534e-02
5.855769771232637033e-02
6.065988421111798840e-02
5.882749704906963667e-02
6.450452475970980259e-02
6.205384745095830074e-02
5.795064920465357178e-02
5.879939295149207851e-02
5.831600247316046787e-02
5.831600247316046787e-02
6.511719408689767286e-02
5.963689505929964385e-02
5.828789837558310399e-02
5.904108819065798791e-02
5.822044854139724057e-02
5.831600247316046787e-02
5.831600247316046787e-02
5.831600247316046787e-02
5.611264122309034957e-02
5.797313248271566272e-02
5.831600247316046787e-02
5.565735484233589464e-02
5.831600247316046787e-02
5.473554044179645278e-02
5.583722106683160907e-02
5.848462705862483152e-02
5.791130346804566204e-02
5.831600247316046787e-02
5.831600247316046787e-02
5.446012028553751105e-02
5.556180091057266734e-02
5.666348153560783057e-02
5.776516216064298687e-02
5.354392670451373765e-02
5.777078298015865532e-02
5.418470012927877055e-02
5.528638075431392684e-02
5.638806137934909007e-02
5.555055927154152473e-02
5.239165870383952900e-02
5.280759934798507499e-02
5.390927997302003005e-02
5.501096059805519328e-02
5.611264122309034957e-02
5.469057388567227090e-02
5.143049856669097697e-02
5.214996346467322408e-02
5.363385981676128955e-02
5.473554044179645278e-02
5.583722106683160907e-02
5.143049856669097697e-02
5.698948906750622018e-02
5.197009724017771087e-02
5.268956213815955553e-02
5.080861109549721782e-02
5.556180091057286857e-02
5.278511606992338651e-02
5.143049856669097697e-02
5.179023101568219767e-02
5.250969591366424355e-02
5.322916081164628943e-02
5.143049856669097697e-02
5.143049856669097697e-02
5.143049856669097697e-02
5.161036479118668446e-02
5.232982968916873034e-02
5.057051318082172314e-02
5.018829745376861273e-02
5.143049856669097697e-02
5.143049856669097697e-02
5.143049856669097697e-02
5.214996346467322408e-02
5.066606711258495044e-02
5.028385138553184003e-02
4.990163565847892391e-02
5.143049856669097697e-02
5.143049856669097697e-02
5.197009724017771087e-02
5.268956213815975675e-02
5.037940531729526855e-02
4.999718959024215120e-02
5.143049856669097697e-02
5.143049856669097697e-02
5.179023101568199644e-02
5.250969591366424355e-02
5.047495924905829462e-02
5.009274352200538544e-02
5.143049856669097697e-02
5.143049856669097697e-02
5.066606711258454798e-02
5.095272890787483355e-02
5.057051318082172314e-02
5.018829745376880702e-02
4.980608172671569661e-02
4.942386599966258620e-02
5.143049856669097697e-02
4.904165027260967702e-02
5.066606711258495044e-02
5.028385138553184003e-02
4.990163565847892391e-02
4.819852734528703997e-02
5.078410432241066419e-02
5.114383677140128814e-02
5.076162104434817773e-02
5.037940531729526855e-02
4.999718959024215120e-02
4.573660839750420121e-02
4.932269124838388474e-02
4.904165027260967702e-02
5.085717497611140503e-02
5.047495924905829462e-02
5.009274352200538544e-02
4.971052779495246932e-02
4.738912933505683850e-02
5.066606711258454798e-02
4.904165027260967702e-02
5.057051318082172314e-02
4.601202855376373968e-02
4.463492777246923920e-02
4.683828902253975301e-02
5.143049856669097697e-02
4.904165027260967702e-02
5.066606711258495044e-02
5.028385138553184003e-02
4.408408745995136269e-02
4.628744871002187650e-02
4.900792535551663776e-02
4.904165027260967702e-02
5.076162104434817773e-02
5.037940531729526855e-02
4.353324714743427720e-02
4.573660839750420121e-02
4.793996964757471502e-02
4.904165027260967702e-02
4.022820527232880139e-02
4.353324714743467966e-02
4.298240683491640068e-02
4.518576808498711572e-02
4.727581361362458851e-02
4.904165027260967702e-02
4.904165027260967702e-02
4.904165027260967702e-02
4.530245629812892916e-02
4.463492777246923920e-02
4.683828902253975301e-02
4.904165027260967702e-02
3.656905176774817579e-02
4.188072620988104316e-02
4.188072620988144562e-02
4.322410207408210886e-02
4.628744871002187650e-02
4.849080996009259154e-02
3.564723736720813024e-02
3.865460064077402835e-02
3.999213085267817186e-02
4.353324714743427720e-02
4.573660839750420121e-02
4.793996964757471502e-02
3.417458265415060370e-02
3.841268056882707338e-02
3.934573660839786602e-02
4.193131358552069227e-02
4.451689056264432343e-02
4.725422966668510472e-02
4.904165027260967702e-02
3.611376538699312411e-02
3.869934236411675527e-02
4.128491934124038643e-02
4.351076386937219320e-02
