6.335325574079899713e-01
5.769109782950613274e-01
5.492293173954072572e-01
4.870462409562754669e-01
4.882038376848066297e-01
4.395470273670965544e-01
4.322113872286882374e-01
4.035860333438187619e-01
4.045297263290342782e-01
3.840830449826987958e-01
3.774771940861906261e-01
3.576596413966657839e-01
3.497955331865366668e-01
3.344322113872285618e-01
3.302925448254168117e-01
3.230575652720980018e-01
3.151934570619691622e-01
3.051273985530039701e-01
2.938030827304183856e-01
2.860899653979237511e-01
2.900283107895564316e-01
2.812205095942119648e-01
2.812205095942119648e-01
2.690531613715003711e-01
2.692670651148159622e-01
2.598301352626611327e-01
2.554262346649889270e-01
2.538534130229632146e-01
2.485058194400754650e-01
2.547971060081787309e-01
2.453601761560239292e-01
2.410569361434413416e-01
2.434727901855929244e-01
2.308902170493866146e-01
2.396980182447309704e-01
2.283737024221454970e-01
2.139037433155079326e-01
2.158414595784837742e-01
2.139037433155079326e-01
2.132746146586977365e-01
2.126454860018873183e-01
2.123309216734821092e-01
2.132746146586977365e-01
2.069707455174580879e-01
2.120163573450771499e-01
2.060396351053791764e-01
2.120163573450771499e-01
2.016357345077069430e-01
2.069833280905945816e-01
1.991192198804655200e-01
2.050959421201636879e-01
1.962881409248189712e-01
2.000629128656811195e-01
1.887385970430954241e-01
2.000629128656811195e-01
1.840201321170179816e-01
1.906259830135263456e-01
1.811890531613714328e-01
2.000629128656811195e-01
1.808744888329661127e-01
1.553947782321483950e-01
1.774142812205096176e-01
1.906259830135263456e-01
1.733249449512424822e-01
1.553947782321483950e-01
1.723812519660271880e-01
1.553947782321483950e-01
1.723812519660271880e-01
1.553947782321483950e-01
1.695501730103808613e-01
1.553947782321483950e-01
1.550802139037432970e-01
1.541365209185278085e-01
1.673482227115445364e-01
1.535073922617175013e-01
1.547656495753381156e-01
1.535073922617175013e-01
1.531928279333122922e-01
1.535073922617175013e-01
1.519345706196916779e-01
1.535073922617175013e-01
1.519345706196916779e-01
1.535073922617175013e-01
1.525636992765020961e-01
1.522491349480968870e-01
1.503617489776658545e-01
1.522491349480968870e-01
1.513054419628812597e-01
1.522491349480968870e-01
1.465869770368039282e-01
1.491034916640452401e-01
1.446995910663731177e-01
1.491034916640452401e-01
1.497326203208554363e-01
1.491034916640452401e-01
1.450141553947783268e-01
1.491034916640452401e-01
1.456432840515885230e-01
1.491034916640452401e-01
1.446995910663731177e-01
1.491034916640452401e-01
1.428122050959420852e-01
1.491034916640452401e-01
1.434413337527525034e-01
1.491034916640452401e-01
1.421830764391316948e-01
1.491034916640452401e-01
1.371500471846491265e-01
1.491034916640452401e-01
1.421830764391316948e-01
1.352626612142183438e-01
1.371500471846491265e-01
1.352626612142183438e-01
1.371500471846491265e-01
1.352626612142183438e-01
1.358917898710285399e-01
1.352626612142183438e-01
1.352626612142182327e-01
1.352626612142183438e-01
1.352626612142183438e-01
1.352626612142183438e-01
1.349480968858132457e-01
1.352626612142183438e-01
1.333752752437874223e-01
1.352626612142183438e-01
1.333752752437874223e-01
1.352626612142183438e-01
1.349480968858132457e-01
1.352626612142183438e-01
1.277131173324944635e-01
1.352626612142183438e-01
1.277131173324944635e-01
1.352626612142183438e-01
1.277131173324944635e-01
1.352626612142183438e-01
1.327461465869770041e-01
1.352626612142183438e-01
1.277131173324944635e-01
1.352626612142183438e-01
1.277131173324944635e-01
1.201635734507708053e-01
1.277131173324944635e-01
1.201635734507708053e-01
1.270839886756842674e-01
1.201635734507708053e-01
1.277131173324944635e-01
1.201635734507708053e-01
1.277131173324944635e-01
1.201635734507708053e-01
1.277131173324944635e-01
1.201635734507708053e-01
1.201635734507708053e-01
1.201635734507708053e-01
1.270839886756842674e-01
1.201635734507708053e-01
1.201635734507708053e-01
1.201635734507708053e-01
1.201635734507708053e-01
1.201635734507708053e-01
1.189053161371499689e-01
1.201635734507708053e-01
1.201635734507708053e-01
1.201635734507708053e-01
1.201635734507708053e-01
1.201635734507708053e-01
1.201635734507708053e-01
1.201635734507708053e-01
1.182761874803397867e-01
1.201635734507708053e-01
1.189053161371499689e-01
1.201635734507708053e-01
1.182761874803397867e-01
1.201635734507708053e-01
1.182761874803397867e-01
1.163888015099087542e-01
1.182761874803397867e-01
1.201635734507708053e-01
1.182761874803397867e-01
1.163888015099087542e-01
1.182761874803397867e-01
1.201635734507708053e-01
1.182761874803397867e-01
1.201635734507708053e-01
1.182761874803397867e-01
1.201635734507708053e-01
1.182761874803397867e-01
1.163888015099087542e-01
1.182761874803397867e-01
1.201635734507708053e-01
1.163888015099087542e-01
1.201635734507708053e-01
1.182761874803397867e-01
1.163888015099087542e-01
1.085246932997796787e-01
1.163888015099087542e-01
1.163888015099087542e-01
1.163888015099087542e-01
1.163888015099087542e-01
1.163888015099087542e-01
1.163888015099087542e-01
1.163888015099087542e-01
1.163888015099087542e-01
1.163888015099087542e-01
1.163888015099087542e-01
1.163888015099087542e-01
1.163888015099087542e-01
1.163888015099087542e-01
1.163888015099087542e-01
1.163888015099087542e-01
1.163888015099087542e-01
1.163888015099087542e-01
1.135577225542623303e-01
1.163888015099087542e-01
1.163888015099087542e-01
1.163888015099087542e-01
1.163888015099087542e-01
1.163888015099087542e-01
1.126140295690469251e-01
1.163888015099087542e-01
9.782950613400438755e-02
1.163888015099087542e-01
1.126140295690469251e-01
1.163888015099087542e-01
9.751494180559928948e-02
1.163888015099087542e-01
1.069518716577539663e-01
1.163888015099087542e-01
9.845863479081480574e-02
1.163888015099087542e-01
9.782950613400438755e-02
1.163888015099087542e-01
9.782950613400438755e-02
1.163888015099087542e-01
9.751494180559928948e-02
1.163888015099087542e-01
9.782950613400438755e-02
1.163888015099087542e-01
9.594212016357336892e-02
1.163888015099087542e-01
9.594212016357336892e-02
1.163888015099087542e-01
9.751494180559928948e-02
1.163888015099087542e-01
9.594212016357336892e-02
1.163888015099087542e-01
9.594212016357336892e-02
1.163888015099087542e-01
9.594212016357336892e-02
7.549543881723808081e-02
9.594212016357336892e-02
7.730732934885026220e-02
9.594212016357336892e-02
1.163888015099087542e-01
9.594212016357336892e-02
7.549543881723808081e-02
9.594212016357336892e-02
8.681975463982379015e-02
9.436929852154765652e-02
8.681975463982379015e-02
9.594212016357336892e-02
7.549543881723808081e-02
9.594212016357336892e-02
1.050644856873230587e-01
9.594212016357336892e-02
1.050644856873230587e-01
9.594212016357336892e-02
7.549543881723808081e-02
9.027996225228050731e-02
7.549543881723808081e-02
9.562755583516827085e-02
7.549543881723808081e-02
9.436929852154765652e-02
7.549543881723808081e-02
9.436929852154765652e-02
7.549543881723808081e-02
8.933626926706511595e-02
7.549543881723808081e-02
8.870714061025480879e-02
7.549543881723808081e-02
9.436929852154765652e-02
7.549543881723808081e-02
7.549543881723808081e-02
7.549543881723808081e-02
8.870714061025480879e-02
7.549543881723808081e-02
9.405473419314255845e-02
7.549543881723808081e-02
8.367411135577226822e-02
7.549543881723808081e-02
7.549543881723808081e-02
7.549543881723808081e-02
8.367411135577226822e-02
7.549543881723808081e-02
7.549543881723808081e-02
7.549543881723808081e-02
7.549543881723808081e-02
7.549543881723808081e-02
7.549543881723808081e-02
7.549543881723808081e-02
7.549543881723808081e-02
7.549543881723808081e-02
7.549543881723808081e-02
7.549543881723808081e-02
7.549543881723808081e-02
7.549543881723808081e-02
7.549543881723808081e-02
7.549543881723808081e-02
7.549543881723808081e-02
7.549543881723808081e-02
7.549543881723808081e-02
7.549543881723808081e-02
7.549543881723808081e-02
7.549543881723808081e-02
7.549543881723808081e-02
7.549543881723808081e-02
7.549543881723808081e-02
7.549543881723808081e-02
7.549543881723808081e-02
7.549543881723808081e-02
7.518087448883298274e-02
7.549543881723808081e-02
7.549543881723808081e-02
7.549543881723808081e-02
7.549543881723808081e-02
7.549543881723808081e-02
7.549543881723808081e-02
7.549543881723808081e-02
7.549543881723808081e-02
7.549543881723808081e-02
7.549543881723808081e-02
7.549543881723808081e-02
7.392261717521227127e-02
7.549543881723808081e-02
7.360805284680717320e-02
7.549543881723808081e-02
7.392261717521227127e-02
7.549543881723808081e-02
7.392261717521227127e-02
7.549543881723808081e-02
7.360805284680717320e-02
7.549543881723808081e-02
7.518087448883298274e-02
7.549543881723808081e-02
7.360805284680717320e-02
7.549543881723808081e-02
7.518087448883298274e-02
7.549543881723808081e-02
7.360805284680717320e-02
7.549543881723808081e-02
7.360805284680717320e-02
7.234979553318644785e-02
7.360805284680717320e-02
7.486631016042788467e-02
7.360805284680717320e-02
7.549543881723808081e-02
7.360805284680717320e-02
7.549543881723808081e-02
7.365838313935187120e-02
7.549543881723808081e-02
7.360805284680717320e-02
7.549543881723808081e-02
7.360805284680717320e-02
7.549543881723808081e-02
7.360805284680717320e-02
7.234979553318644785e-02
7.360805284680717320e-02
7.486631016042788467e-02
7.360805284680717320e-02
7.234979553318644785e-02
7.360805284680717320e-02
7.234979553318644785e-02
7.360805284680717320e-02
7.486631016042788467e-02
7.360805284680717320e-02
7.234979553318644785e-02
7.203523120478134978e-02
7.172066687637625171e-02
7.360805284680717320e-02
7.172066687637625171e-02
7.360805284680717320e-02
7.486631016042788467e-02
7.360805284680717320e-02
7.172066687637625171e-02
7.360805284680717320e-02
7.486631016042788467e-02
7.329348851840207513e-02
7.172066687637625171e-02
7.228688266750522839e-02
7.172066687637625171e-02
7.360805284680717320e-02
7.172066687637625171e-02
7.360805284680717320e-02
7.172066687637625171e-02
7.360805284680717320e-02
7.172066687637625171e-02
