1.178689939939939979e+00
1.179617117117117031e+00
1.214151651651651509e+00
1.091715465465465495e+00
1.008962087087086790e+00
9.412556306306304466e-01
9.018393393393392410e-01
9.018036786786786108e-01
9.312781531531528767e-01
9.039508258258255324e-01
8.673592342342342221e-01
8.267642642642643036e-01
8.023085585585584267e-01
8.013795045045043475e-01
8.026463963963963444e-01
8.386467717717716042e-01
7.913382132132131819e-01
7.594313063063063973e-01
7.199774774774773123e-01
7.274361861861861067e-01
7.363457207207207977e-01
7.847691441441441151e-01
7.294819819819816642e-01
6.937875375375374132e-01
6.598160660660661314e-01
6.677458708708707835e-01
6.749718468468468568e-01
6.727665165165163108e-01
6.764733483483482690e-01
6.463963963963963444e-01
6.194707207207206245e-01
6.111580330330331767e-01
6.344069069069069311e-01
6.336805555555555802e-01
6.059496996996996954e-01
6.065127627627626694e-01
5.640015015015014122e-01
5.668168168168167265e-01
5.915446696696697870e-01
5.691159909909909720e-01
5.766704204204203821e-01
5.583708708708708945e-01
5.536786786786785930e-01
5.151088588588588202e-01
5.304054054054053724e-01
5.381006006006007203e-01
5.536786786786785930e-01
4.952139639639639435e-01
4.960153903903902206e-01
4.829673423423424539e-01
4.968093093093093326e-01
5.238832582582584330e-01
4.790728228228229302e-01
4.292117117117117964e-01
4.375469219219220163e-01
4.641047297297297147e-01
4.516234984984985323e-01
4.581456456456456938e-01
4.126783033033033510e-01
4.177646396396395567e-01
4.286786786786787040e-01
4.398085585585582713e-01
4.087368618618618110e-01
4.528903903903903627e-01
4.082207207207206312e-01
4.078453453453451671e-01
4.061092342342342842e-01
3.843299549549548666e-01
3.988832582582582664e-01
3.470852102102101044e-01
4.023085585585584045e-01
4.011824324324322899e-01
3.945664414414413734e-01
3.868243243243242868e-01
3.392454954954953195e-01
3.304241741741741345e-01
4.011824324324322899e-01
4.013701201201199664e-01
3.897804054054051504e-01
3.602665165165161998e-01
3.430930930930931044e-01
3.244650900900900581e-01
3.209928678678677927e-01
2.861768018018017168e-01
3.889827327327325945e-01
3.659909909909908610e-01
3.481606606606605370e-01
3.259196696696695650e-01
3.078078078078075319e-01
2.927458708708705615e-01
3.939095345345342558e-01
3.699793543543540841e-01
3.447822822822824151e-01
3.311280030030030463e-01
3.086993243243242868e-01
2.862706456456455273e-01
2.686280030030028798e-01
3.720908408408406531e-01
3.496621621621619491e-01
3.287349849849848238e-01
3.083239489489487117e-01
2.888044294294291880e-01
2.708314564564562321e-01
2.804973723723595547e-01
3.521959459459455544e-01
3.284534534534531147e-01
3.047578828828825248e-01
2.933089339339338131e-01
2.714433183183181941e-01
2.664695945945945166e-01
2.662819069069068401e-01
2.552552552552552756e-01
2.965146396396393658e-01
2.828922672672673500e-01
2.728509759759759068e-01
2.654373123123123235e-01
2.507976726726726113e-01
3.261073573573574635e-01
3.011805555555553959e-01
2.863644894894896153e-01
2.530499249249248406e-01
2.662819069069068401e-01
2.625281531531530876e-01
2.545983483483484355e-01
2.559121621621620601e-01
2.740709459459457209e-01
2.550206456456456383e-01
2.486392642642642481e-01
2.447916666666666574e-01
2.453547297297298813e-01
2.463400900900900303e-01
2.463400900900900303e-01
2.485454204204202155e-01
2.463400900900900303e-01
2.462462462462461921e-01
2.426801801801800884e-01
2.369557057057056215e-01
2.257882882882882025e-01
2.396771771771770143e-01
2.463400900900900303e-01
2.457301051051050123e-01
2.393018018018016890e-01
2.378941441441441706e-01
2.341403903903904182e-01
2.358765015015014399e-01
2.463400900900900303e-01
2.228791291291291610e-01
2.439001501501501523e-01
2.388325825825824977e-01
2.056118618618619220e-01
2.136824324324324287e-01
2.387481231231229073e-01
2.261167417417417058e-01
2.419763513513512598e-01
2.364864864864862637e-01
2.027496246246248968e-01
2.259290540540542513e-01
2.104917417417418724e-01
2.286974474474472441e-01
1.558746246246249523e-01
1.853415915915918033e-01
1.951951951951953479e-01
2.001689189189191642e-01
2.084271771771771253e-01
2.157000750750751594e-01
2.228791291291291610e-01
1.668074324324324842e-01
1.898460960960962063e-01
1.981043543543543894e-01
2.037349849849850181e-01
2.131193693693694269e-01
1.478040540540542236e-01
1.598160660660661592e-01
1.836524024024025759e-01
1.904091591591592081e-01
2.013419669669669620e-01
2.109140390390390196e-01
1.487424924924925507e-01
1.592060810810813354e-01
1.688250750750752149e-01
1.888138138138138467e-01
1.989489489489491003e-01
1.975412912912913876e-01
1.496809309309310998e-01
1.528716216216218504e-01
1.658220720720723351e-01
1.778340840840842707e-01
1.899868618618618665e-01
1.543731231231232071e-01
1.506193693693696489e-01
1.503378378378379399e-01
1.608483483483483245e-01
1.748310810810811966e-01
1.823385885885887014e-01
1.478040540540542236e-01
1.478040540540542236e-01
1.478040540540542236e-01
1.561092342342346451e-01
1.662443693693694824e-01
1.478040540540542236e-01
1.478040540540542236e-01
1.461617867867868181e-01
1.474756006006006925e-01
1.505724474474472163e-01
1.478040540540542236e-01
1.478040540540542236e-01
1.445195195195196347e-01
1.461486486486485159e-01
1.484027777777774393e-01
1.468656156156158965e-01
1.558746246246247302e-01
1.431118618618619220e-01
1.478040540540542236e-01
1.455048798798799781e-01
1.468186936936938802e-01
1.473348348348350600e-01
1.454579579579579618e-01
1.478040540540542236e-01
1.478040540540542236e-01
1.451764264264266691e-01
1.464902402402403492e-01
1.478040540540542236e-01
1.459271771771773474e-01
1.440503003003004712e-01
1.478040540540542236e-01
1.448479729729731658e-01
1.461617867867870402e-01
1.465840840840841874e-01
1.463963963963965109e-01
1.445195195195196347e-01
1.380442942942942952e-01
1.384196696696696205e-01
1.455518018018020221e-01
1.470533033033035453e-01
1.468656156156158965e-01
1.387481231231231515e-01
1.381850600600601497e-01
1.441910660660663257e-01
1.432995495495497928e-01
1.441441441441443094e-01
1.412819069069068678e-01
1.388888888888890061e-01
1.383258258258260043e-01
1.438626126126127946e-01
1.368243243243242313e-01
1.463025525525526727e-01
1.395927177177178624e-01
1.390296546546548606e-01
1.384665915915916368e-01
1.372935435435436169e-01
1.369181681681680696e-01
1.302083333333332593e-01
1.395927177177178624e-01
1.390296546546548606e-01
1.382789039039039880e-01
1.380442942942942952e-01
1.325544294294295211e-01
1.354166666666667407e-01
1.290071321321316911e-01
1.285191441441440319e-01
1.387481231231231515e-01
1.381850600600601497e-01
1.371058558558559404e-01
1.311467717717718084e-01
1.320852102102101355e-01
1.281906906906907229e-01
1.295045045045045973e-01
1.371527777777779844e-01
1.371996996996997786e-01
1.316159909909909720e-01
1.297391141141140958e-01
1.278622372372372196e-01
1.367774024024024371e-01
1.372935435435438389e-01
1.339620870870870117e-01
1.320852102102101355e-01
1.302083333333332593e-01
1.292229729729728882e-01
1.288475975975975629e-01
1.338213213213213515e-01
1.339151651651651898e-01
1.325544294294295211e-01
1.306775525525526171e-01
1.288006756756755466e-01
1.278622372372372196e-01
1.278622372372372196e-01
1.344313063063063973e-01
1.330236486486486847e-01
1.311467717717718084e-01
1.292698948948949322e-01
1.278622372372372196e-01
1.278622372372372196e-01
1.278622372372372196e-01
1.328828828828828301e-01
1.316159909909909720e-01
1.295514264264264193e-01
1.278622372372372196e-01
1.278622372372372196e-01
1.358389639639641100e-01
1.333990240240240099e-01
1.275075075075072784e-01
1.302083333333332593e-01
1.282845345345343668e-01
1.278622372372372196e-01
1.278622372372372196e-01
1.278622372372372196e-01
1.273930180180180283e-01
1.303960210210211301e-01
1.287068318318317084e-01
1.278622372372372196e-01
1.278622372372372196e-01
1.278622372372372196e-01
1.318506006006006648e-01
1.275337837837836885e-01
1.291291291291290777e-01
1.278622372372372196e-01
1.278622372372372196e-01
1.278622372372372196e-01
1.323198198198198283e-01
1.274868618618618665e-01
1.285660660660660759e-01
1.278622372372372196e-01
1.278622372372372196e-01
1.278622372372372196e-01
1.272522522522521737e-01
1.309121621621621157e-01
1.290352852852852394e-01
1.282845345345343668e-01
1.278622372372372196e-01
1.278622372372372196e-01
1.272053303303303795e-01
1.273930180180180283e-01
1.275807057057057048e-01
1.266891891891891719e-01
1.274399399399398503e-01
1.278622372372372196e-01
1.271584084084083632e-01
1.273460960960960120e-01
1.275337837837836885e-01
1.280968468468466903e-01
1.270645645645645250e-01
1.269237987987988647e-01
1.271114864864865412e-01
1.272991741741742178e-01
1.274868618618618665e-01
1.285660660660660759e-01
1.266891891891891719e-01
1.278622372372372196e-01
1.270645645645645250e-01
1.272522522522521737e-01
1.274399399399398503e-01
1.276276276276275268e-01
1.266891891891891719e-01
1.278153153153153976e-01
1.270176426426427030e-01
1.272053303303303795e-01
1.273930180180180283e-01
1.266891891891891719e-01
1.266891891891891719e-01
1.266891891891891719e-01
1.269707207207206867e-01
1.271584084084083632e-01
1.273460960960960120e-01
1.275337837837836885e-01
1.266891891891891719e-01
1.267361111111112160e-01
1.269237987987988647e-01
1.271114864864865412e-01
1.272991741741742178e-01
1.266891891891891719e-01
1.266891891891891719e-01
1.266891891891891719e-01
1.268768768768768485e-01
1.270645645645645250e-01
1.272522522522521737e-01
1.266891891891891719e-01
1.266891891891891719e-01
1.266891891891891719e-01
1.266891891891891719e-01
1.270176426426427030e-01
1.266891891891891719e-01
1.266891891891891719e-01
1.266891891891891719e-01
1.266891891891891719e-01
1.266891891891891719e-01
1.269707207207206867e-01
1.271584084084083632e-01
1.266891891891891719e-01
1.266891891891891719e-01
1.266891891891891719e-01
1.266891891891891719e-01
1.269237987987988647e-01
1.271114864864865412e-01
1.266891891891891719e-01
1.266891891891891719e-01
