6.268365298840320454e-01
6.101890053523638668e-01
6.177592551293487055e-01
5.920913247100803023e-01
5.731071587867972994e-01
5.608413247100799692e-01
5.323093220338984688e-01
5.141648082069580905e-01
5.174225022301517374e-01
4.944240633363066739e-01
4.821604594112398057e-01
4.891698260481713856e-01
4.644853925066903533e-01
4.695863068688667652e-01
4.682064005352363223e-01
4.655580954504907054e-01
4.462840098126673039e-01
4.266837644959857734e-01
4.262377341659232544e-01
4.303635147190008614e-01
4.308792372881356525e-01
4.324403434433541360e-01
4.050161685994647653e-01
3.954755798394290478e-01
3.993504683318465642e-01
4.018359723461195632e-01
3.945974576271186751e-01
4.039919714540587958e-01
3.844642060660125038e-01
3.695500669045495012e-01
3.696749553969663760e-01
3.716408340767171636e-01
3.763286128456734270e-01
3.700657894736841258e-01
3.708742194469221154e-01
3.576326940231930873e-01
3.495065789473683071e-01
3.420355709188223625e-01
3.549565120428187504e-01
3.583574933095449722e-01
3.557510035682425742e-01
3.392032783229261828e-01
3.257917038358607575e-01
3.187070695807308618e-01
3.321905664585192985e-01
3.477224576271187306e-01
3.428858162355038486e-01
3.313169045495084619e-01
3.092462087421943839e-01
3.191207627118644585e-01
3.132532337198929984e-01
3.193298394290813302e-01
3.208491302408563173e-01
3.053077609277423665e-01
3.055447145405886245e-01
2.989518287243534966e-01
3.021855486173060101e-01
2.990912132024978187e-01
2.892227921498663479e-01
2.890415923282786403e-01
2.924704504906334712e-01
2.963314005352361558e-01
2.878289473684212396e-01
2.846927966101695517e-01
2.888743309545047655e-01
2.851248884924175164e-01
2.860169491525419438e-01
2.742807760927743477e-01
2.698204727921501567e-01
2.761764049955395262e-01
2.832989518287244435e-01
2.780720338983052042e-01
2.796888938447816275e-01
2.689562890276529505e-01
2.662801070472789466e-01
2.688447814451381257e-01
2.632275869759144182e-01
2.774029884032115922e-01
2.753958519179304787e-01
2.532476583407672344e-01
2.577776538804642525e-01
2.598823595004456921e-01
2.617779884032108706e-01
2.767339429081179247e-01
2.664752453166818191e-01
2.549063336306862659e-01
2.563280553077602053e-01
2.594591882247990200e-01
2.525646743978591791e-01
2.528295049063334354e-01
2.471426181980373726e-01
2.545160570918820753e-01
2.470589875111506295e-01
2.400340098126671484e-01
2.423756690454950957e-01
2.493448929527205260e-01
2.470589875111506295e-01
2.480486173059773258e-01
2.377759812667262218e-01
2.394485950044601963e-01
2.391558876003566647e-01
2.444106824264047073e-01
2.471398305084746005e-01
2.365215209634255467e-01
2.365215209634254079e-01
2.356852140945583096e-01
2.236396074933086342e-01
2.417902542372881436e-01
2.426432872435325960e-01
2.288832515611062823e-01
2.342495539696689555e-01
2.242696253345222435e-01
2.125892060660120875e-01
2.045188447814452193e-01
2.324236173059767430e-01
2.300680196253341303e-01
2.231545495093665010e-01
2.295662355040142821e-01
2.074041034790349014e-01
2.071532114183760875e-01
2.312527876895628109e-01
2.324236173059767430e-01
2.226667038358602357e-01
2.126170829616410574e-01
2.098293933987507021e-01
2.011736173059767707e-01
1.962533452274757562e-01
2.310158340767174412e-01
2.230151650312216793e-01
2.147636039250667706e-01
2.014942016057092722e-01
1.929081177520066692e-01
1.879739072256908783e-01
1.791369313113289896e-01
2.245344558429973048e-01
2.115577609277425053e-01
2.036407225691343748e-01
1.909567350579836897e-01
1.892980597680643806e-01
1.780079170383574716e-01
1.653518064228370055e-01
2.108887154326492819e-01
2.031528768956289699e-01
1.933959634255122129e-01
1.836390499553964550e-01
1.785097011596785410e-01
1.641252230151650504e-01
2.029716770740394027e-01
2.023583853702047297e-01
1.874721231043695591e-01
1.860782783229249504e-01
1.759729036574484706e-01
1.666062667261369312e-01
1.650033452274755619e-01
1.843220338983049544e-01
1.838202497769847732e-01
1.713035236396077410e-01
1.720701382694026504e-01
1.667735280999103342e-01
1.641252230151650504e-01
1.487092997323823385e-01
1.799453612845670347e-01
1.689339875111506017e-01
1.608496877787690682e-01
1.680976806422838365e-01
1.634283006244426351e-01
1.466324710080294802e-01
1.489183764495991269e-01
1.732549063336302209e-01
1.628707627118641255e-01
1.689200490633361584e-01
1.641252230151650504e-01
1.418794603033005086e-01
1.453780107047276948e-01
1.632749776984821488e-01
1.540895405887604264e-01
1.671219892952709452e-01
1.643036351471899581e-01
1.401371543264942898e-01
1.412243532560214510e-01
1.485141614629793549e-01
1.547864629794829805e-01
1.509115744870662135e-01
1.362483273862622746e-01
1.376700490633365748e-01
1.387572479928635971e-01
1.473990856378235015e-01
1.518593889384479423e-01
1.482214540588759621e-01
1.362483273862622746e-01
1.366664808206956849e-01
1.383390945584301868e-01
1.462840098126676480e-01
1.492389607493312675e-01
1.465070249776988243e-01
1.514133586083856731e-01
1.362483273862622746e-01
1.379209411239963601e-01
1.395935548617304733e-01
1.396353702051742196e-01
1.443047502230159485e-01
1.362483273862622746e-01
1.361228813559322570e-01
1.375027876895629497e-01
1.389663247100803856e-01
1.336373773416589805e-01
1.421024754683315738e-01
1.362483273862622746e-01
1.359974353256022395e-01
1.370846342551295116e-01
1.363737734165924032e-01
1.292791034790364835e-01
1.362483273862622746e-01
1.362483273862622746e-01
1.358719892952720831e-01
1.358580508474574178e-01
1.327637154326491153e-01
1.299760258697588988e-01
1.271883363068686823e-01
1.301711641391606333e-01
1.308680865298838258e-01
1.362483273862622746e-01
1.334606378233720581e-01
1.306729482604818415e-01
1.278852586975911254e-01
1.239685548617303762e-01
1.286518733273843973e-01
1.361228813559322570e-01
1.347429750223015643e-01
1.291118421052631915e-01
1.285821810883140404e-01
1.257944915254238238e-01
1.346593443354118236e-01
1.343816904549511027e-01
1.332376226583402434e-01
1.320667930419267000e-01
1.292791034790364835e-01
1.251115075825155742e-01
1.228256021409455390e-01
1.256528768956287623e-01
1.331623550401408451e-01
1.287215655664578629e-01
1.188252676181980327e-01
1.256829839429079720e-01
1.233970785013379645e-01
1.184768064228367002e-01
1.188252676181980327e-01
1.227001561106157712e-01
1.285403657448702941e-01
1.262544603033003976e-01
1.239685548617303762e-01
1.216826494201603548e-01
1.331121766280106977e-01
1.260871989295268836e-01
1.234528322925958765e-01
1.268259366636931840e-01
1.226583407671722747e-01
1.198706512042815586e-01
1.170829616413913421e-01
1.159400089206066436e-01
1.248327386262261945e-01
1.169435771632471588e-01
1.233552631578947040e-01
1.205675735950044875e-01
1.177798840321142709e-01
1.158145628902766261e-01
1.163163470115968212e-01
1.168181311329171412e-01
1.256829839429079720e-01
1.212644959857269167e-01
1.184768064228367002e-01
1.156891168599464836e-01
1.161909009812666788e-01
1.166926851025869988e-01
1.247491079393395624e-01
1.156891168599464836e-01
1.191737288135591294e-01
1.163860392506689129e-01
1.160654549509366612e-01
1.156891168599464836e-01
1.156891168599464836e-01
1.156891168599464836e-01
1.156891168599464836e-01
1.170829616413913421e-01
1.159400089206066436e-01
1.164417930419268388e-01
1.156891168599464836e-01
1.156891168599464836e-01
1.205675735950044875e-01
1.177798840321142709e-01
1.158145628902766261e-01
1.156891168599464836e-01
1.156891168599464836e-01
1.156891168599464836e-01
1.156891168599464836e-01
1.172641614629795354e-01
1.156891168599464836e-01
1.161909009812666788e-01
1.156891168599464836e-01
1.156891168599464836e-01
1.156891168599464836e-01
1.130408117752010749e-01
1.163860392506684133e-01
1.156891168599464836e-01
1.156891168599464836e-01
1.156891168599464836e-01
1.156891168599464836e-01
1.156891168599464836e-01
1.137656110615525851e-01
1.156891168599464836e-01
1.156891168599464836e-01
1.156891168599464836e-01
1.156891168599464836e-01
1.112148751115083628e-01
1.128038581623549558e-01
1.156891168599464836e-01
1.156891168599464836e-01
1.156891168599464836e-01
1.156891168599464836e-01
1.156891168599464836e-01
1.118421052631587004e-01
1.156891168599464836e-01
1.156891168599464836e-01
1.156891168599464836e-01
1.156891168599464836e-01
1.090404772524528193e-01
1.108803523639610711e-01
1.147273639607502144e-01
1.156891168599464836e-01
1.156891168599464836e-01
1.156891168599464836e-01
1.156891168599464836e-01
1.099185994647634418e-01
1.137656110615525851e-01
1.140722569134704212e-01
1.156891168599464836e-01
1.156891168599464836e-01
1.051098349687779043e-01
1.089568465655670476e-01
1.128038581623549558e-01
1.148806868867078279e-01
1.156891168599464836e-01
1.156891168599464836e-01
1.041480820695816351e-01
1.079950936663694183e-01
1.118421052631587004e-01
1.156891168599464836e-01
1.156891168599464836e-01
1.092634924174840233e-01
1.031863291703840058e-01
1.070333407671717890e-01
1.108803523639610711e-01
1.147273639607502144e-01
1.132638269402319042e-01
1.100301070472785442e-01
1.022245762711863765e-01
1.060715878679755336e-01
1.099185994647634418e-01
1.137656110615525851e-01
1.140722569134704212e-01
1.108385370205171860e-01
1.076048171275639648e-01
1.051098349687779043e-01
1.089568465655670476e-01
1.128038581623549558e-01
1.148806868867078279e-01
9.241190900981258172e-02
9.302743086529899341e-02
1.020015611061546867e-01
1.079950936663694183e-01
1.118421052631587004e-01
1.156891168599464836e-01
1.124553969669932485e-01
9.933931757359486248e-02
1.031863291703840058e-01
1.070333407671717890e-01
1.105318911685997246e-01
9.164529438001779715e-02
9.210526315789474561e-02
9.271855486173065375e-02
1.022245762711863765e-01
1.060715878679755336e-01
1.095004460303298788e-01
1.137656110615525851e-01
9.220283229259566837e-02
9.331790811775203531e-02
9.317852363960758832e-02
1.051098349687779043e-01
1.089568465655670476e-01
1.126282337198928341e-01
9.179861730597678460e-02
9.241190900981258172e-02
9.302520071364861476e-02
1.020015611061546867e-01
1.074375557537914222e-01
