1.194553303303303116e+00
1.181259384384383937e+00
1.177620120120119740e+00
1.091873123123122902e+00
9.975900900900901425e-01
9.385792042042041539e-01
9.166197447447446134e-01
9.155405405405403485e-01
9.268018018018014947e-01
9.014639639639637769e-01
8.788945195195195792e-01
8.370870870870871228e-01
8.133783783783782306e-01
7.992680180180178340e-01
8.329222972972969430e-01
8.338701201201200730e-01
8.169106606606605370e-01
7.562706456456457227e-01
7.353603603603603434e-01
7.443693693693693714e-01
7.363926426426427030e-01
7.296358858858859042e-01
7.201576576576576016e-01
6.842323573573568796e-01
6.681681681681682639e-01
6.656343843843842700e-01
6.871715465465464412e-01
6.672766516516513979e-01
6.840746996996994733e-01
6.438626126126124616e-01
6.116497747747745573e-01
6.184309309309311553e-01
6.264076576576577127e-01
6.243900150150151207e-01
6.081081081081081141e-01
6.089996246246244249e-01
5.649399399399397392e-01
5.723648648648645976e-01
5.830518018018017168e-01
5.688344594594594295e-01
5.921077327327327611e-01
5.771396396396394346e-01
5.303584834834834671e-01
5.260885885885886459e-01
5.338776276276275823e-01
5.551801801801802272e-01
5.536786786786785930e-01
4.948986486486485759e-01
4.941873123123117773e-01
4.811373873873873719e-01
5.075544294294296321e-01
5.252909159159158126e-01
4.781813063063063418e-01
4.888325825825826643e-01
4.491610360360359100e-01
4.648554804804805873e-01
4.349099099099095200e-01
4.589902402402401549e-01
4.673423423423422873e-01
4.125375375375373577e-01
4.134759759759759068e-01
4.126783033033032400e-01
4.131006006006003872e-01
4.236580330330332322e-01
4.048423423423422873e-01
4.036692942942941009e-01
4.075168918918917749e-01
3.875750750750750484e-01
3.523836336336337305e-01
3.475975975975976184e-01
4.023085585585584045e-01
4.011824324324322899e-01
3.896396396396393791e-01
3.670701951951951814e-01
3.429054054054052059e-01
3.254973723723720291e-01
3.157845345345342003e-01
4.013701201201199664e-01
3.911880630630628630e-01
3.635510510510507887e-01
3.428584834834834116e-01
3.244650900900900581e-01
3.073855105105104957e-01
4.009947447447446134e-01
3.880442942942941564e-01
3.637387387387385207e-01
3.481606606606604259e-01
3.259196696696695650e-01
3.033971471471469394e-01
2.858014264264261972e-01
3.903622372372367311e-01
3.699793543543540841e-01
3.452984234234233729e-01
3.311280030030030463e-01
3.086993243243242868e-01
2.854260510510509552e-01
2.686280030030028798e-01
3.741554054054052059e-01
3.506944444444442532e-01
3.250750750750748819e-01
3.083239489489487117e-01
2.906813063063060643e-01
2.710679429429427301e-01
2.669857357357356964e-01
3.521959459459455544e-01
3.289695945945942945e-01
3.127346096096094152e-01
2.933089339339338131e-01
2.714433183183181941e-01
2.664695945945945166e-01
2.668449699699698141e-01
3.312687687687683180e-01
3.040071321321321518e-01
2.809215465465466077e-01
2.718656156156155634e-01
2.654373123123123235e-01
2.662819069069068401e-01
3.158933933933935068e-01
3.020364114114113541e-01
2.886167417417419001e-01
2.727571321321320963e-01
2.662819069069068401e-01
2.461524024024023538e-01
2.527214714714713373e-01
2.559121621621620601e-01
2.715371621621619491e-01
2.472785285285285795e-01
2.463400900900900303e-01
2.461993243243241758e-01
2.460116366366367213e-01
2.463400900900900303e-01
2.463400900900900303e-01
2.552102102102096204e-01
2.463400900900900303e-01
2.453078078078076429e-01
2.426801801801800884e-01
2.463400900900900303e-01
2.257882882882882025e-01
2.413194444444445030e-01
2.408033033033030179e-01
2.236768018018018278e-01
2.416478978978979231e-01
2.378941441441441706e-01
2.084740990990991416e-01
2.358765015015014399e-01
2.343280780780780947e-01
2.228791291291291610e-01
2.405217717717717252e-01
2.350788288288287453e-01
2.067379879879879256e-01
2.141047297297297702e-01
2.301520270270267787e-01
2.261167417417417058e-01
2.419763513513512598e-01
1.886730480480479921e-01
1.940221471471471060e-01
2.022334834834836892e-01
2.104917417417418724e-01
2.293543543543540841e-01
2.244744744744745224e-01
1.867492492492494882e-01
1.902683933933935756e-01
2.001689189189191642e-01
2.084271771771771253e-01
2.166854354354355028e-01
1.516985735735736363e-01
1.684966216216202406e-01
1.876407657657656047e-01
1.981043543543543894e-01
2.063626126126125726e-01
2.133070570570571034e-01
2.228791291291291610e-01
1.630067567567569098e-01
1.718280780780783168e-01
1.960397897897898645e-01
2.013419669669669620e-01
2.029373123123123512e-01
2.204391891891892830e-01
1.568130630630632794e-01
1.688250750750752149e-01
1.808370870870873726e-01
1.949605855855854608e-01
1.534346846846848522e-01
1.496809309309310998e-01
1.554054054054057887e-01
1.658220720720723351e-01
1.729072822822824984e-01
1.862331081081083084e-01
1.478040540540542236e-01
1.506193693693696489e-01
1.503378378378379399e-01
1.628190690690692610e-01
1.695758258258258933e-01
1.829016516516517032e-01
1.890953453453453337e-01
1.515578078078079760e-01
1.478040540540542236e-01
1.561092342342346451e-01
1.662443693693694824e-01
1.478040540540542236e-01
1.478040540540542236e-01
1.508539789789791197e-01
1.484140390390390474e-01
1.495401651651650510e-01
1.445195195195196347e-01
1.478040540540542236e-01
1.478040540540542236e-01
1.458333333333335091e-01
1.471471471471473835e-01
1.468656156156158965e-01
1.449887387387387983e-01
1.478040540540542236e-01
1.478040540540542236e-01
1.455048798798799781e-01
1.468186936936938802e-01
1.473348348348350600e-01
1.454579579579579618e-01
1.442567567567563935e-01
1.438626126126127946e-01
1.451764264264266691e-01
1.463025525525526727e-01
1.478040540540542236e-01
1.459271771771773474e-01
1.440503003003004712e-01
1.433765015015014688e-01
1.448479729729731658e-01
1.461617867867870402e-01
1.474286786786788983e-01
1.463963963963965109e-01
1.386073573573574913e-01
1.382789039039039880e-01
1.376313813813813680e-01
1.425487987987989202e-01
1.395927177177178624e-01
1.453171921921923293e-01
1.449887387387387983e-01
1.381850600600601497e-01
1.376219969969971479e-01
1.432995495495497928e-01
1.395927177177178624e-01
1.472879129129130438e-01
1.454579579579579618e-01
1.383258258258260043e-01
1.377627627627627804e-01
1.368243243243242313e-01
1.334928678678676262e-01
1.278622372372372196e-01
1.390296546546548606e-01
1.384665915915916368e-01
1.372935435435436169e-01
1.373404654654654389e-01
1.370120120120119078e-01
1.395927177177178624e-01
1.390296546546548606e-01
1.386073573573574913e-01
1.373873873873874552e-01
1.325544294294295211e-01
1.366366366366367768e-01
1.288006756756755466e-01
1.381850600600601497e-01
1.298329579579579063e-01
1.349005255255255609e-01
1.371058558558559404e-01
1.311467717717718084e-01
1.292698948948949322e-01
1.281906906906907229e-01
1.360735735735737750e-01
1.383258258258260043e-01
1.334928678678678482e-01
1.316159909909909720e-01
1.297391141141140958e-01
1.278622372372372196e-01
1.388419669669671841e-01
1.298329579579581283e-01
1.339620870870870117e-01
1.320852102102101355e-01
1.302083333333332593e-01
1.283314564564563831e-01
1.288475975975975629e-01
1.374343093093092771e-01
1.339977477477476420e-01
1.325544294294295211e-01
1.306775525525526171e-01
1.288006756756755466e-01
1.278622372372372196e-01
1.375750750750751317e-01
1.278622372372372196e-01
1.330236486486486847e-01
1.311467717717718084e-01
1.291291291291290777e-01
1.278622372372372196e-01
1.278622372372372196e-01
1.303021771771772919e-01
1.278622372372372196e-01
1.316159909909909720e-01
1.295514264264264193e-01
1.278622372372372196e-01
1.278622372372372196e-01
1.278622372372372196e-01
1.278622372372372196e-01
1.314545795795794836e-01
1.299737237237235665e-01
1.282845345345343668e-01
1.278622372372372196e-01
1.278622372372372196e-01
1.278622372372372196e-01
1.313813813813814735e-01
1.303960210210211301e-01
1.287068318318317084e-01
1.278622372372372196e-01
1.278622372372372196e-01
1.271584084084083632e-01
1.273460960960960120e-01
1.299737237237237608e-01
1.291291291291290777e-01
1.278622372372372196e-01
1.278622372372372196e-01
1.278622372372372196e-01
1.272991741741742178e-01
1.274868618618618665e-01
1.295514264264264193e-01
1.278622372372372196e-01
1.278622372372372196e-01
1.278622372372372196e-01
1.272522522522521737e-01
1.274399399399398503e-01
1.290352852852852394e-01
1.274399399399398503e-01
1.278622372372372196e-01
1.278622372372372196e-01
1.272053303303303795e-01
1.273930180180180283e-01
1.275807057057057048e-01
1.277683933933933813e-01
1.278622372372372196e-01
1.278622372372372196e-01
1.271584084084083632e-01
1.273460960960960120e-01
1.275337837837836885e-01
1.277214714714713650e-01
1.270645645645645250e-01
1.269237987987988647e-01
1.271114864864865412e-01
1.272991741741742178e-01
1.274868618618618665e-01
1.276745495495495430e-01
1.278622372372372196e-01
1.268768768768768485e-01
1.270645645645645250e-01
1.272522522522521737e-01
1.274399399399398503e-01
1.276276276276275268e-01
1.269707207207206867e-01
1.278622372372372196e-01
1.270176426426427030e-01
1.272053303303303795e-01
1.273930180180180283e-01
1.275807057057057048e-01
1.266891891891891719e-01
1.267830330330330102e-01
1.269707207207206867e-01
1.271584084084083632e-01
1.273460960960960120e-01
1.275337837837836885e-01
1.266891891891891719e-01
1.267361111111112160e-01
1.269237987987988647e-01
1.271114864864865412e-01
1.272991741741742178e-01
1.274868618618618665e-01
1.266891891891891719e-01
1.266891891891891719e-01
1.268768768768768485e-01
1.270645645645645250e-01
1.272522522522521737e-01
1.266891891891891719e-01
1.266891891891891719e-01
1.266891891891891719e-01
1.268299549549550265e-01
1.270176426426427030e-01
1.272053303303303795e-01
1.266891891891891719e-01
1.266891891891891719e-01
1.266891891891891719e-01
1.267830330330330102e-01
1.266891891891891719e-01
1.266891891891891719e-01
1.266891891891891719e-01
1.266891891891891719e-01
1.266891891891891719e-01
1.266891891891891719e-01
1.269237987987988647e-01
1.271114864864865412e-01
1.266891891891891719e-01
1.266891891891891719e-01
