8.947092718700889735e-01
7.635725510738605726e-01
7.459402828706129807e-01
6.778418019905710912e-01
7.008905185961237239e-01
6.372865374541643035e-01
6.495547407019381936e-01
5.893137768465164239e-01
6.008381351492928513e-01
5.641697223677318851e-01
5.547407019381875859e-01
5.319539025667889831e-01
5.411210057621790304e-01
5.010476689366161196e-01
5.154531168150865428e-01
4.824515453116813846e-01
4.955474070193819358e-01
4.753797799895232989e-01
4.803562074384493674e-01
4.533787323205865638e-01
4.751178627553693246e-01
4.358302776322682259e-01
4.594028287061288629e-01
4.305919329491880720e-01
4.326872708224200337e-01
4.164484023048717343e-01
4.138292299633314908e-01
4.083289680460974180e-01
4.138292299633314908e-01
4.070193818753273796e-01
3.913043478260870844e-01
3.873755893137767470e-01
3.782084861183866997e-01
3.829229963331588493e-01
3.876375065479309434e-01
3.706024096385540090e-01
3.745416448402306142e-01
3.617077003666840929e-01
3.745416448402306142e-01
3.658983761131482382e-01
3.745416448402306142e-01
3.572551073860660287e-01
3.614457831325301185e-01
3.501833420639078320e-01
3.614457831325301185e-01
3.509690937663698662e-01
3.577789418543740330e-01
3.308014667365113404e-01
3.478260869565217850e-01
3.247773703509690413e-01
3.441592456783656440e-01
3.163960188580408062e-01
2.881089575694080751e-01
3.171817705605028959e-01
3.441592456783656440e-01
3.153483499214247976e-01
2.881089575694080751e-01
3.129910948140386395e-01
2.865374541644839512e-01
3.129910948140386395e-01
2.865374541644839512e-01
2.929491880565739947e-01
2.865374541644839512e-01
2.917757988475641606e-01
2.865374541644839512e-01
2.885385018334205576e-01
2.865374541644839512e-01
2.878470403352541007e-01
2.833944473546359255e-01
2.873232058669460409e-01
2.771084337349399296e-01
2.771084337349397075e-01
2.771084337349399296e-01
2.702985856469355963e-01
2.771084337349399296e-01
2.664955474070193064e-01
2.771084337349399296e-01
2.721320062860136391e-01
2.771084337349399296e-01
2.616553169198533868e-01
2.771084337349399296e-01
2.600838135149294850e-01
2.771084337349399296e-01
2.640125720272395449e-01
2.519643792561550022e-01
2.577265584075433269e-01
2.519643792561550022e-01
2.540597171293871859e-01
2.519643792561550022e-01
2.534415924567834932e-01
2.519643792561550022e-01
2.464641173389208184e-01
2.519643792561550022e-01
2.444106862231535393e-01
2.519643792561550022e-01
2.401781037192247670e-01
2.519643792561550022e-01
2.320586694604504785e-01
2.519643792561550022e-01
2.320586694604504785e-01
2.519643792561550022e-01
2.312729177579884443e-01
2.320586694604504785e-01
2.312729177579884443e-01
2.121529596647459825e-01
2.320586694604504785e-01
2.320586694604504785e-01
2.253745416448401651e-01
2.121529596647459825e-01
2.247249869041382520e-01
2.121529596647459825e-01
2.288632792037715857e-01
2.121529596647459825e-01
2.221058145625983138e-01
2.121529596647459825e-01
2.213200628601362796e-01
2.121529596647459825e-01
2.111052907281297797e-01
2.121529596647459825e-01
2.121529596647459825e-01
2.121529596647459825e-01
2.084861183865898693e-01
2.121529596647459825e-01
2.084861183865898693e-01
2.121529596647459825e-01
2.111052907281297797e-01
2.121529596647459825e-01
2.003666841278155808e-01
2.121529596647459825e-01
2.077003666841278073e-01
2.105814562598218864e-01
2.003666841278155808e-01
2.105814562598218864e-01
2.003666841278155808e-01
1.901519119958092752e-01
1.984389732844419330e-01
2.105814562598218864e-01
1.995809324253535189e-01
2.105814562598218864e-01
1.995809324253535189e-01
1.885804085908851790e-01
1.969617600838136084e-01
1.885804085908851790e-01
1.995809324253535189e-01
1.885804085908851790e-01
1.969617600838136084e-01
1.885804085908851790e-01
1.885804085908851790e-01
1.885804085908851790e-01
1.905290728129907241e-01
1.885804085908851790e-01
1.987008905185958796e-01
1.885804085908851790e-01
1.841278156102671981e-01
1.885804085908851790e-01
1.917234154007333713e-01
1.885804085908851790e-01
1.856993190151911000e-01
1.885804085908851790e-01
1.749607124148767068e-01
1.885804085908851790e-01
1.749607124148767068e-01
1.885804085908851790e-01
1.749607124148767068e-01
1.885804085908851790e-01
1.749607124148767068e-01
1.885804085908851790e-01
1.749607124148767068e-01
1.885804085908851790e-01
1.731272917757988306e-01
1.613410162388684288e-01
1.723415400733367686e-01
1.833420639078051362e-01
1.749607124148767068e-01
1.613410162388684288e-01
1.723415400733367686e-01
1.833420639078051362e-01
1.731272917757988306e-01
1.833420639078051362e-01
1.697223677317968582e-01
1.561026715557883859e-01
1.723415400733367686e-01
1.561026715557883859e-01
1.723415400733367686e-01
1.561026715557883859e-01
1.723415400733367686e-01
1.561026715557883859e-01
1.697223677317966639e-01
1.561026715557883859e-01
1.678889470927187877e-01
1.561026715557883859e-01
1.671031953902567535e-01
1.561026715557883859e-01
1.671031953902567535e-01
1.561026715557883859e-01
1.671031953902567535e-01
1.561026715557883859e-01
1.639601885804085335e-01
1.561026715557883859e-01
1.678889470927187877e-01
1.561026715557883859e-01
1.644840230487166488e-01
1.561026715557883859e-01
1.561026715557883859e-01
1.561026715557883859e-01
1.561026715557883859e-01
1.561026715557883859e-01
1.561026715557883859e-01
1.561026715557883859e-01
1.639601885804085335e-01
1.561026715557883859e-01
1.558826610790989831e-01
1.561026715557883859e-01
1.534834992142482812e-01
1.561026715557883859e-01
1.512833944473541692e-01
1.561026715557883859e-01
1.561026715557883859e-01
1.561026715557883859e-01
1.534834992142482812e-01
1.561026715557883859e-01
1.508643268727083708e-01
1.561026715557883859e-01
1.561026715557883859e-01
1.561026715557883859e-01
1.482451545311682384e-01
1.561026715557883859e-01
1.508643268727081765e-01
1.508643268727083708e-01
1.508643268727081765e-01
1.456259821896279394e-01
1.482451545311682384e-01
1.561026715557883859e-01
1.482451545311682384e-01
1.561026715557883859e-01
1.482451545311682384e-01
1.561026715557883859e-01
1.477213200628601508e-01
1.403876375065479243e-01
1.482451545311682384e-01
1.508643268727083708e-01
1.508643268727081765e-01
1.403876375065479243e-01
1.482451545311682384e-01
1.403876375065479243e-01
1.482451545311682384e-01
1.508643268727083708e-01
1.482451545311682384e-01
1.508643268727083708e-01
1.482451545311682384e-01
1.508643268727083708e-01
1.482451545311682384e-01
1.403876375065479243e-01
1.451021477213202404e-01
1.403876375065479243e-01
1.482451545311682384e-01
1.403876375065479243e-01
1.451021477213202404e-01
1.403876375065479243e-01
1.424829753797801080e-01
1.403876375065479243e-01
1.430068098480880290e-01
1.403876375065479243e-01
1.456259821896281337e-01
1.403876375065479243e-01
1.424829753797801080e-01
1.403876375065479243e-01
1.424829753797801080e-01
1.403876375065479243e-01
1.424829753797801080e-01
1.403876375065479243e-01
1.403876375065479243e-01
1.403876375065479243e-01
1.403876375065479243e-01
1.403876375065479243e-01
1.403876375065479243e-01
1.403876375065479243e-01
1.403876375065479243e-01
1.403876375065479243e-01
1.403876375065479243e-01
1.403876375065479243e-01
1.403876375065479243e-01
1.403876375065479243e-01
1.403876375065479243e-01
1.403876375065479243e-01
1.403876375065479243e-01
1.403876375065479243e-01
1.403876375065479243e-01
1.403876375065479243e-01
1.403876375065479243e-01
1.403876375065479243e-01
1.403876375065479243e-01
1.403876375065479243e-01
1.403876375065479243e-01
1.403876375065479243e-01
1.403876375065479243e-01
1.403876375065479243e-01
1.403876375065479243e-01
1.403876375065479243e-01
1.403876375065479243e-01
1.403876375065479243e-01
1.403876375065477300e-01
1.403876375065479243e-01
1.403876375065477300e-01
1.403876375065479243e-01
1.403876375065479243e-01
1.403876375065479243e-01
1.403876375065479243e-01
1.403876375065479243e-01
1.403876375065479243e-01
1.403876375065479243e-01
1.403876375065479243e-01
1.403876375065479243e-01
1.403876375065479243e-01
1.403876375065479243e-01
1.372446306966998986e-01
1.403876375065479243e-01
1.403876375065477300e-01
1.403876375065479243e-01
1.372446306966998986e-01
1.403876375065479243e-01
1.367207962283918110e-01
1.403876375065479243e-01
1.372446306966997043e-01
1.403876375065479243e-01
1.372446306966998986e-01
1.403876375065479243e-01
1.377684651650078196e-01
1.403876375065479243e-01
1.372446306966997043e-01
1.403876375065479243e-01
1.372446306966997043e-01
1.403876375065479243e-01
1.372446306966998986e-01
1.403876375065479243e-01
1.346254583551597939e-01
1.351073860660024217e-01
1.346254583551597939e-01
1.351492928234676871e-01
1.346254583551597939e-01
1.403876375065479243e-01
1.346254583551597939e-01
1.403876375065479243e-01
1.346254583551597939e-01
1.403876375065479243e-01
1.346254583551597939e-01
1.403876375065479243e-01
1.346254583551597939e-01
1.403876375065479243e-01
1.346254583551597939e-01
1.351492928234676871e-01
1.346254583551597939e-01
1.403876375065479243e-01
1.346254583551597939e-01
1.351492928234676871e-01
1.346254583551597939e-01
1.288632792037716635e-01
1.346254583551597939e-01
1.288632792037716635e-01
1.346254583551597939e-01
1.351492928234676871e-01
1.346254583551597939e-01
1.288632792037716635e-01
1.346254583551597939e-01
1.288632792037716635e-01
1.346254583551597939e-01
1.288632792037716635e-01
1.344054478784703632e-01
1.288632792037716635e-01
1.346254583551597939e-01
1.288632792037716635e-01
1.346254583551597939e-01
1.288632792037716635e-01
1.346254583551597939e-01
1.288632792037716635e-01
1.320062860136196614e-01
1.288632792037716635e-01
1.288632792037716635e-01
1.288632792037716635e-01
1.346254583551597939e-01
1.288632792037716635e-01
1.309586170770038471e-01
1.288632792037716635e-01
1.346254583551597939e-01
1.288632792037716635e-01
1.288632792037716635e-01
1.288632792037716635e-01
1.314824515453117681e-01
1.288632792037716635e-01
1.288632792037716635e-01
1.288632792037716635e-01
1.309586170770038471e-01
1.288632792037716635e-01
1.288632792037716635e-01
1.288632792037716635e-01
