1.282503037667071411e+00
1.163466990684487223e+00
1.094015795868772623e+00
9.784325637910084028e-01
8.870028351559333668e-01
8.453057918185499231e-01
8.216889428918588978e-01
8.110652085864721306e-01
7.802247873633046948e-01
7.289388416362897472e-01
7.078270554880519150e-01
6.835155933576347875e-01
6.872296476306196666e-01
6.801336573511543859e-01
6.780072904009719625e-01
6.806399351964358413e-01
6.467699473471038019e-01
6.379829890643983203e-01
6.296577561765897002e-01
6.289995949777237305e-01
6.381125961927905932e-01
6.505670311867151057e-01
6.024969623329280433e-01
5.901680842446334063e-01
5.801437829080597908e-01
5.766767922235720434e-01
5.913325232887808314e-01
5.715370595382746055e-01
5.639935196435803544e-01
5.514884568651277075e-01
5.451093560145807704e-01
5.450081004455246125e-01
5.475901174564601348e-01
5.488558120696638287e-01
5.424260834345888682e-01
5.269339813689752905e-01
5.080498177399759285e-01
5.208586472255973820e-01
5.149858242203321224e-01
5.243013365735114117e-01
5.203523693803158157e-01
5.034933171324422752e-01
4.976711219117049834e-01
5.027845281490481710e-01
4.982280275415147952e-01
5.002531389226407832e-01
5.075435398946941401e-01
4.894694208181448736e-01
4.723066018631021934e-01
4.769643580396920601e-01
4.781794248683676196e-01
4.817233697853381402e-01
4.858748481166464406e-01
4.878999594977723175e-01
4.697245848521668932e-01
4.703321182665046174e-01
4.569157553665449956e-01
4.615228837586067279e-01
4.700789793438637787e-01
4.773673552045359370e-01
4.548400162008909287e-01
4.462839206156337668e-01
4.467395706763873098e-01
4.428412312677195706e-01
4.401579586877280570e-01
4.578270554880515819e-01
4.463244228432563521e-01
4.357533414337788069e-01
4.275010125556903962e-01
4.298076144187928938e-01
4.349432968813283784e-01
4.189449169704334008e-01
4.317355204536248992e-01
4.243114621304169276e-01
4.254759011745645747e-01
4.194005670311867773e-01
4.242608343458890152e-01
4.206156338598621147e-01
4.200081004455246125e-01
4.180579181854999771e-01
4.106925880923452121e-01
4.166666666666666852e-01
4.123126771972457916e-01
4.198055893074119083e-01
4.177298501417579524e-01
4.103888213851761280e-01
4.062879708383961841e-01
3.903908464965571978e-01
3.927197245848522700e-01
4.102875658161198036e-01
4.155528554070473390e-01
4.118570271364923041e-01
4.050546780072900588e-01
3.855305791818548489e-01
3.904921020656136887e-01
4.063385986229242075e-01
4.176792223572296514e-01
4.128189550425273580e-01
3.727217496962333398e-01
3.656338598622924652e-01
3.719117051437830224e-01
3.842648845686512660e-01
4.113507492912111818e-01
4.075030376670715770e-01
3.627480761441878587e-01
3.646213041717296099e-01
3.680639935196436952e-01
3.747974888618874623e-01
3.211320372620493080e-01
3.535763466990673454e-01
3.477116241393276574e-01
3.435095180234915002e-01
3.545970028351558279e-01
3.515087079789386282e-01
3.720635884973672591e-01
3.180437424058323304e-01
3.397124341838801964e-01
3.417881733495342078e-01
3.193094370190360243e-01
3.422944511948156077e-01
3.202207371405427216e-01
3.151579586877277794e-01
3.264985824220332788e-01
3.196638315107330208e-01
3.151579586877277794e-01
3.248784933171324774e-01
3.214864317537464156e-01
3.161198865937626667e-01
3.236634264884570289e-01
3.295362494937221221e-01
3.109052247873633212e-01
3.151579586877277794e-01
3.209295261239367147e-01
3.107027136492507280e-01
3.151579586877277794e-01
3.151579586877277794e-01
3.106014580801944591e-01
3.118165249088699076e-01
3.130315917375455781e-01
3.075637910085053939e-01
3.130315917375455781e-01
3.151579586877277794e-01
3.102976913730253750e-01
2.990583232077763665e-01
3.127278250303767160e-01
3.075637910085053939e-01
3.075637910085053939e-01
3.002733900364520370e-01
3.076144187930334173e-01
2.990846496557304501e-01
2.849331713244226960e-01
3.075637910085053939e-01
3.075637910085053939e-01
3.020959902794653207e-01
2.948055893074117972e-01
3.018934791413526719e-01
2.883252328878086468e-01
2.850850546780069883e-01
3.069562575941678917e-01
3.039185905224784934e-01
2.966281895504251365e-01
2.866646415552850380e-01
2.796678817334951050e-01
2.883232077764272261e-01
3.034629404617252280e-01
3.054374240583231370e-01
2.969319562575941096e-01
2.657168894289184680e-01
2.901478331308222636e-01
2.524301336573510635e-01
2.948055893074119083e-01
3.075637910085053939e-01
2.990583232077763665e-01
2.905528554070472835e-01
2.442284325637911757e-01
2.521769947347103913e-01
2.554171729445118832e-01
3.043742405832320364e-01
3.004252733900362737e-01
2.373936816524910010e-01
2.663406237343052263e-01
2.437727825030376605e-01
2.480255164034021464e-01
2.539995949777236195e-01
3.028047792628592028e-01
2.345078979343865055e-01
2.414945321992710836e-01
2.427095990279465321e-01
2.512656946132035829e-01
2.512150668286756150e-01
2.544046172539489170e-01
2.303564196030782885e-01
2.351154313487241188e-01
2.416464155528552926e-01
2.426589712434183699e-01
2.479242608343458776e-01
2.544046172539489170e-01
1.874240583232080204e-01
2.294451194815713690e-01
2.405832320777643862e-01
2.398238153098420089e-01
2.458383961117859562e-01
1.767922235722965418e-01
1.842345078979341910e-01
2.299230457675166817e-01
2.097509113001214121e-01
2.397225597407857123e-01
1.874240583232079094e-01
1.789185905224786877e-01
1.810449574726608057e-01
1.938031591737547632e-01
2.328878088294854543e-01
2.040421223167219189e-01
1.895504252733901662e-01
1.810449574726609168e-01
1.778554070473876703e-01
1.906136087484814057e-01
2.226609963547993565e-01
2.316727420008100058e-01
1.873734305386796362e-01
1.831713244228431736e-01
1.746658566221142850e-01
1.874240583232080204e-01
1.932968813284731135e-01
1.919805589307409244e-01
1.897529364115026207e-01
1.852976913730253195e-01
1.763872012960713831e-01
1.753240178209800326e-01
1.860571081409478078e-01
1.746658566221142850e-01
1.746658566221142850e-01
1.826144187930337226e-01
1.769441069258808619e-01
1.775010125556903129e-01
1.861077359254760533e-01
1.746658566221142850e-01
1.746658566221142850e-01
1.821587687322804294e-01
1.798298906439854961e-01
1.744127176994735851e-01
1.794754961522884718e-01
1.746658566221142850e-01
1.746658566221142850e-01
1.873734305386796362e-01
1.730457675172134835e-01
1.746658566221142850e-01
1.746658566221142850e-01
1.746658566221142850e-01
1.746658566221142850e-01
1.710206561360875233e-01
1.726407452409883247e-01
1.741089509923046119e-01
1.746658566221142850e-01
1.746658566221142850e-01
1.746658566221142850e-01
1.706156338598623645e-01
1.722357229647631660e-01
1.738558120696639953e-01
1.741595787768328574e-01
1.731470230862697524e-01
1.685905224787364043e-01
1.702106115836372058e-01
1.718307006885380350e-01
1.734507897934388365e-01
1.744127176994735851e-01
1.734001620089104800e-01
1.681855002025112455e-01
1.698055893074120748e-01
1.714256784123126542e-01
1.730457675172134835e-01
1.645402997164844838e-01
1.736533009315513187e-01
1.677804779262861146e-01
1.694005670311869161e-01
1.710206561360875233e-01
1.718813284730660584e-01
1.645402997164844838e-01
1.739064398541920187e-01
1.728938841636290524e-01
1.662110166059133087e-01
1.706156338598623645e-01
1.713244228432563576e-01
1.645402997164844838e-01
1.677298501417576193e-01
1.654515998379910424e-01
1.660591332523288777e-01
1.702106115836372058e-01
1.718307006885380350e-01
1.729951397326854323e-01
1.678817334953422724e-01
1.652997164844066114e-01
1.659072498987445576e-01
1.665147833130822819e-01
1.645402997164844838e-01
1.645402997164844838e-01
1.645402997164844838e-01
1.651478331308223191e-01
1.657553665451601543e-01
1.674260834345889792e-01
1.696537059538275327e-01
1.645402997164844838e-01
1.645402997164844838e-01
1.649959497772378880e-01
1.656034831915754735e-01
1.640846496557310796e-01
1.607432158768732633e-01
1.645402997164844838e-01
1.645402997164844838e-01
1.648440664236533459e-01
1.654515998379910424e-01
1.637808829485621065e-01
1.645402997164844838e-01
1.599837991089509970e-01
1.589712434183880307e-01
1.646921830700689149e-01
1.652997164844066114e-01
1.626670716889429269e-01
1.646921830700689149e-01
1.602369380315917247e-01
1.645402997164844838e-01
1.645402997164844838e-01
1.651478331308223191e-01
1.631733495342242712e-01
1.615026326447954186e-01
1.604900769542324246e-01
1.594775212636694584e-01
1.645402997164844838e-01
1.634649655731063578e-01
1.627683272579992235e-01
1.617557715674362573e-01
1.607432158768732633e-01
1.597306601863102693e-01
1.629708383961116780e-01
1.640340218712030285e-01
1.593762656946132727e-01
1.620089104900769572e-01
1.609963547995139910e-01
1.599837991089509970e-01
1.645402997164844838e-01
1.582118266504657644e-01
1.632746051032806511e-01
1.622620494127177959e-01
1.612494937221546909e-01
1.602369380315917247e-01
1.592243823410287307e-01
1.582118266504657644e-01
1.582118266504657644e-01
1.625151883353584958e-01
1.615026326447954186e-01
1.604900769542324246e-01
1.594775212636694584e-01
1.583130822195219223e-01
1.582118266504657644e-01
1.585155933576347376e-01
1.617557715674362573e-01
1.607432158768732633e-01
1.597306601863102693e-01
1.584143377885783299e-01
1.582118266504657644e-01
1.582118266504657644e-01
1.620089104900769572e-01
1.609963547995139910e-01
1.599837991089509970e-01
1.585155933576346265e-01
1.582118266504657644e-01
1.582118266504657644e-01
1.582118266504657644e-01
1.612494937221546909e-01
1.602369380315917247e-01
1.586168489266910064e-01
1.582118266504657644e-01
1.582118266504657644e-01
1.582118266504657644e-01
1.615026326447954186e-01
1.604900769542324246e-01
1.587181044957471920e-01
1.583130822195219223e-01
1.582118266504657644e-01
1.582118266504657644e-01
1.582118266504657644e-01
1.582118266504657644e-01
1.588193600648034609e-01
1.584143377885783299e-01
1.582118266504657644e-01
1.582118266504657644e-01
1.582118266504657644e-01
1.565411097610366897e-01
1.582118266504657644e-01
1.585155933576346265e-01
1.582118266504657644e-01
1.582118266504657644e-01
1.582118266504657644e-01
1.582118266504657644e-01
1.602369380315917247e-01
