8.080346952750512290e-01
7.434375713307463940e-01
7.162748230997488808e-01
6.418625884501254486e-01
6.523624743209311960e-01
5.889431636612644239e-01
6.067107966217757387e-01
5.462223236703946938e-01
5.505592330518145339e-01
5.128965989500113842e-01
5.131248573385071010e-01
4.845925587765349540e-01
4.624514950924413226e-01
4.576580689340332131e-01
4.478429582287150046e-01
4.432777904587993922e-01
4.391691394658753800e-01
4.272997032640950543e-01
4.341474549189681675e-01
4.131476831773569502e-01
4.177128509472722295e-01
3.967130792056610122e-01
3.880757817849797009e-01
3.857566765578636092e-01
3.930609449897284891e-01
3.672677470897056096e-01
3.779958913490069627e-01
3.565761241725631803e-01
3.779958913490069627e-01
3.485505592330517266e-01
3.524309518374801331e-01
3.428440995206572528e-01
3.446701666286235977e-01
3.378224149737502069e-01
3.318876968728600163e-01
3.312029217073728660e-01
3.035836566993836416e-01
3.186852316822640918e-01
3.026706231454005525e-01
3.067792741383245092e-01
3.026706231454005525e-01
3.044966902533667308e-01
3.026706231454005525e-01
3.019858479799133466e-01
2.857795023967129588e-01
2.956311344441906463e-01
2.771056836338735563e-01
2.919424788860988662e-01
2.771056836338735563e-01
2.800730426843185406e-01
2.725405158639581105e-01
2.810591189226202546e-01
2.725405158639581105e-01
2.702579319790002765e-01
2.743665829719241223e-01
2.725405158639581105e-01
2.698014152020086764e-01
2.688883816480255873e-01
2.698014152020086764e-01
2.668340561515635256e-01
2.602145628851859627e-01
2.659210225975804365e-01
2.583884957772197843e-01
2.631819219356311690e-01
2.602145628851859627e-01
2.623784524081259617e-01
2.583884957772197843e-01
2.570189454462450951e-01
2.583884957772197843e-01
2.599863044966902459e-01
2.583884957772197843e-01
2.551928783382789168e-01
2.583884957772197843e-01
2.542798447842959941e-01
2.538233280073041720e-01
2.535950696188082887e-01
2.565624286692536060e-01
2.519972608993379937e-01
2.519972608993379937e-01
2.508559689568591877e-01
2.519972608993379937e-01
2.515407441223465601e-01
2.519972608993379937e-01
2.499429354028760986e-01
2.519972608993379937e-01
2.492581602373887539e-01
2.519972608993379937e-01
2.444647340789772583e-01
2.519972608993379937e-01
2.433234421364985911e-01
2.392147911435744401e-01
2.440082173019857970e-01
2.488016434603971261e-01
2.424104085825155019e-01
2.488016434603971261e-01
2.408125998630449016e-01
2.360191737046335447e-01
2.424104085825153354e-01
2.360191737046335447e-01
2.419538918055238741e-01
2.360191737046335447e-01
2.401278246975575292e-01
2.360191737046335447e-01
2.385300159780872342e-01
2.360191737046335447e-01
2.360191737046335447e-01
2.360191737046335447e-01
2.344213649851631109e-01
2.360191737046335447e-01
2.401278246975575292e-01
2.360191737046335447e-01
2.339648482081716496e-01
2.360191737046335447e-01
2.323670394887013546e-01
2.328235562656928159e-01
2.328235562656928159e-01
2.328235562656928159e-01
2.321387811002054713e-01
2.328235562656928159e-01
2.321387811002054713e-01
2.319105227117097268e-01
2.176763296051128227e-01
2.319105227117097268e-01
2.198128281214333513e-01
2.319105227117097268e-01
2.198128281214333513e-01
2.319105227117097268e-01
2.195845697329376067e-01
2.319105227117097268e-01
2.195845697329376067e-01
2.319105227117097268e-01
2.182424104085821659e-01
2.319105227117097268e-01
2.163889522939967114e-01
2.319105227117097268e-01
2.163889522939967114e-01
2.314540059347180989e-01
2.163889522939967114e-01
2.319105227117097268e-01
2.161606939055009946e-01
2.319105227117097268e-01
2.161606939055009946e-01
2.008673818762838903e-01
2.161606939055009946e-01
2.004108650992922624e-01
2.161606939055009946e-01
2.008673818762838903e-01
2.090846838621319981e-01
2.004108650992922624e-01
2.104542341931065486e-01
2.004108650992922624e-01
2.104542341931065486e-01
2.004108650992922624e-01
2.088564254736361148e-01
2.004108650992922624e-01
2.088564254736361148e-01
2.004108650992922624e-01
2.088564254736361148e-01
2.004108650992922624e-01
2.049760328692078748e-01
2.004108650992922624e-01
2.047477744807121303e-01
2.004108650992922624e-01
1.965304724948639947e-01
2.004108650992922624e-01
1.969869892718556226e-01
2.004108650992922624e-01
1.965304724948639947e-01
2.004108650992922624e-01
1.969869892718556226e-01
2.004108650992922624e-01
1.965304724948639947e-01
2.004108650992922624e-01
1.969869892718556226e-01
2.004108650992922624e-01
2.006391234877881458e-01
2.004108650992922624e-01
1.963022141063682779e-01
2.004108650992922624e-01
1.894544624514950260e-01
2.004108650992922624e-01
1.892262040629992814e-01
2.004108650992922624e-01
1.963022141063682779e-01
2.004108650992922624e-01
1.892262040629992814e-01
2.004108650992922624e-01
1.892262040629992814e-01
2.004108650992922624e-01
1.892262040629992814e-01
1.921935631134442934e-01
1.851175530700752969e-01
1.921935631134442934e-01
1.892262040629992814e-01
1.780415430267061616e-01
1.892262040629992814e-01
1.793563113444407164e-01
1.851175530700752969e-01
1.780415430267061616e-01
1.846610362930836691e-01
1.780415430267061616e-01
1.851175530700752969e-01
1.780415430267061616e-01
1.851175530700752969e-01
1.780415430267061616e-01
1.851175530700752969e-01
1.780415430267061616e-01
1.851175530700752969e-01
1.780415430267061616e-01
1.851175530700752969e-01
1.780415430267061616e-01
1.830632275736132353e-01
1.780415430267061616e-01
1.810089020771511459e-01
1.780415430267061616e-01
1.821501940196301461e-01
1.780415430267061616e-01
1.691394658753708202e-01
1.780415430267061616e-01
1.780415430267061616e-01
1.780415430267061616e-01
1.780415430267061616e-01
1.780415430267061616e-01
1.780415430267061616e-01
1.780415430267061616e-01
1.780415430267061616e-01
1.780415430267061616e-01
1.691394658753708202e-01
1.780415430267061616e-01
1.780415430267061616e-01
1.780415430267061616e-01
1.689112074868751034e-01
1.780415430267061616e-01
1.691394658753708202e-01
1.780415430267061616e-01
1.736315909609670027e-01
1.780415430267061616e-01
1.689112074868751034e-01
1.780415430267061616e-01
1.650308148824468635e-01
1.780415430267061616e-01
1.648025564939511189e-01
1.780415430267061616e-01
1.739328920337821771e-01
1.780415430267061616e-01
1.648025564939511189e-01
1.780415430267061616e-01
1.657155900479342081e-01
1.780415430267061616e-01
1.648025564939511189e-01
1.780415430267061616e-01
1.606939055010271344e-01
1.515635699611960763e-01
1.606939055010271344e-01
1.780415430267061616e-01
1.606939055010271344e-01
1.780415430267061616e-01
1.606939055010271344e-01
1.780415430267061616e-01
1.606939055010271344e-01
1.698242410408581926e-01
1.606939055010271344e-01
1.698242410408581926e-01
1.606939055010271344e-01
1.433462679753481073e-01
1.606939055010271344e-01
1.433462679753481073e-01
1.606939055010271344e-01
1.433462679753481073e-01
1.606939055010271344e-01
1.698242410408581926e-01
1.606939055010271344e-01
1.433462679753481073e-01
1.606939055010271344e-01
1.433462679753481073e-01
1.606939055010271344e-01
1.433462679753481073e-01
1.565852545081031499e-01
1.433462679753481073e-01
1.574982880620862391e-01
1.433462679753481073e-01
1.533896370691622546e-01
1.433462679753481073e-01
1.606939055010271344e-01
1.433462679753481073e-01
1.433462679753481073e-01
1.433462679753481073e-01
1.554804839077835732e-01
1.433462679753481073e-01
1.446245149509232664e-01
1.433462679753481073e-01
1.533896370691622546e-01
1.433462679753481073e-01
1.565852545081031499e-01
1.433462679753481073e-01
1.433462679753481073e-01
1.433462679753481073e-01
1.433462679753481073e-01
1.433462679753481073e-01
1.513353115727001930e-01
1.433462679753481073e-01
1.433462679753481073e-01
1.433462679753481073e-01
1.533896370691622546e-01
1.433462679753481073e-01
1.433462679753481073e-01
1.433462679753481073e-01
1.446245149509232664e-01
1.433462679753481073e-01
1.433462679753481073e-01
1.433462679753481073e-01
1.433462679753481073e-01
1.433462679753481073e-01
1.433462679753481073e-01
1.433462679753481073e-01
1.433462679753481073e-01
1.433462679753481073e-01
1.433462679753481073e-01
1.433462679753481073e-01
1.433462679753481073e-01
1.433462679753481073e-01
1.433462679753481073e-01
1.433462679753481073e-01
1.433462679753481073e-01
1.433462679753481073e-01
1.433462679753481073e-01
1.433462679753481073e-01
1.433462679753481073e-01
1.433462679753481073e-01
1.433462679753481073e-01
1.433462679753481073e-01
1.433462679753481073e-01
1.433462679753481073e-01
1.298790230540971813e-01
1.433462679753481073e-01
1.433462679753481073e-01
1.433462679753481073e-01
1.410636840903903011e-01
1.433462679753481073e-01
1.433462679753481073e-01
1.433462679753481073e-01
1.298790230540971813e-01
1.433462679753481073e-01
1.433462679753481073e-01
1.433462679753481073e-01
1.339876740470213323e-01
1.433462679753481073e-01
1.298790230540971813e-01
1.433462679753481073e-01
1.433462679753481073e-01
1.433462679753481073e-01
1.266834056151562860e-01
1.433462679753481073e-01
1.266834056151562860e-01
1.433462679753481073e-01
1.339876740470213323e-01
1.433462679753481073e-01
1.298790230540971813e-01
1.433462679753481073e-01
1.266834056151562860e-01
1.433462679753481073e-01
1.307920566080804370e-01
1.433462679753481073e-01
1.266834056151562860e-01
1.207212965076428085e-01
1.266834056151562860e-01
1.433462679753481073e-01
1.298790230540971813e-01
1.433462679753481073e-01
1.266834056151562860e-01
1.164117781328464080e-01
1.266834056151562860e-01
1.433462679753481073e-01
1.266834056151562860e-01
1.369550330974663166e-01
1.266834056151562860e-01
1.433462679753481073e-01
1.266834056151562860e-01
1.433462679753481073e-01
1.266834056151562860e-01
1.100205432549646173e-01
1.266834056151562860e-01
1.433462679753481073e-01
1.266834056151562860e-01
1.100205432549646173e-01
1.266834056151562860e-01
1.369550330974663166e-01
1.266834056151562860e-01
1.164117781328464080e-01
1.266834056151562860e-01
1.100205432549646173e-01
1.266834056151562860e-01
1.100205432549646173e-01
1.266834056151562860e-01
1.100205432549646173e-01
