1.284066423653300371e+00
1.153554070473876036e+00
1.093307006885378518e+00
9.729141352774400842e-01
8.793033616848926481e-01
8.425131632239771795e-01
8.255265289590927313e-01
8.090826245443498710e-01
7.724787363304981280e-01
7.304070473876063119e-01
7.129404617253947141e-01
6.996759821790198286e-01
6.884447144592950041e-01
6.781065208586471993e-01
6.805893074119075958e-01
6.834750911300121468e-01
6.530984204131223825e-01
6.349230457675172357e-01
6.225192385581207466e-01
6.270028351559334689e-01
6.357837181044955210e-01
6.505670311867151057e-01
5.991798298906440001e-01
5.746233292831104400e-01
5.875354394491696386e-01
5.776123936816524029e-01
5.885479951397326603e-01
5.693094370190361353e-01
5.626265694613203916e-01
5.450587282300526359e-01
5.415147833130822264e-01
5.472863507492912172e-01
5.382381530984201579e-01
5.531085459700281204e-01
5.424220332118263599e-01
5.280984204131224935e-01
5.214661806399351063e-01
5.126569461320372723e-01
5.234406642365330153e-01
5.251073309031991654e-01
5.200992304576751435e-01
4.995646010530578329e-01
5.006581611988658587e-01
4.992405832320777059e-01
5.022782503037666046e-01
4.937221547185094983e-01
4.910895099230456751e-01
4.923045767517213456e-01
4.770858647225593163e-01
4.756986634264883662e-01
4.716484406642365568e-01
4.852673147023086053e-01
4.871911705143784355e-01
4.834447144592952106e-01
4.697245848521668932e-01
4.583839611178613938e-01
4.670413122721749355e-01
4.590927501012555534e-01
4.770149858242204721e-01
4.714621304171727756e-01
4.535236938031590448e-01
4.470433373835560609e-01
4.467395706763873098e-01
4.428412312677195706e-01
4.417780477926284144e-01
4.603078169299309463e-01
4.445119481571483955e-01
4.353989469420816993e-01
4.310955852571890512e-01
4.382341028756579493e-01
4.268934791413525609e-01
4.353989469420816993e-01
4.331206966383150947e-01
4.263365735115429711e-01
4.248177399756986050e-01
4.217638720129595065e-01
4.229951397326853213e-01
4.195524503847710696e-01
4.232989064398541834e-01
4.226407452409881582e-01
4.182361279870393522e-01
4.181855002025112178e-01
4.078554070473875415e-01
4.146921830700688871e-01
4.184892669096801909e-01
4.172742000810044094e-01
4.075536654515997670e-01
4.066929931146212041e-01
4.007877683272579317e-01
4.125658161198866303e-01
4.155528554070473390e-01
4.113507492912109598e-01
4.067436208991495605e-01
3.764175779667880417e-01
3.828473066018631688e-01
3.882644795463749410e-01
4.176792223572296514e-01
4.041433778857838055e-01
3.913527744025921407e-01
3.631591737545565302e-01
3.800121506682866412e-01
3.862899959497772540e-01
4.119582827055489060e-01
4.075030376670715770e-01
3.627480761441878587e-01
3.646213041717296099e-01
3.680639935196436952e-01
3.721648440664237500e-01
4.061867152693400818e-01
3.241697043337384843e-01
3.437626569461320059e-01
3.488558120696634290e-01
3.654313487241796499e-01
3.729242608343459331e-01
3.723673552045361212e-01
3.187019036046980780e-01
3.397124341838801964e-01
3.539388416362899692e-01
3.581409477521263485e-01
3.422944511948156077e-01
3.635581206966382317e-01
3.151579586877277794e-01
3.264985824220332788e-01
3.371810449574726976e-01
3.151579586877277794e-01
3.151579586877277794e-01
3.199675982179018829e-01
3.161198865937626667e-01
3.227703523693802312e-01
3.156136087484809893e-01
3.151579586877277794e-01
3.151579586877277794e-01
3.209295261239367147e-01
3.107027136492507280e-01
3.109052247873632102e-01
3.151579586877277794e-01
3.106014580801944591e-01
3.119684082624541999e-01
3.130315917375455781e-01
3.075637910085053939e-01
3.130315917375455781e-01
3.045261239368165507e-01
3.102976913730253750e-01
3.071081409477519619e-01
3.075637910085053939e-01
3.075637910085053939e-01
3.075637910085053939e-01
3.002733900364520370e-01
3.019117051437820720e-01
3.075637910085053939e-01
2.993620899149453396e-01
3.075637910085053939e-01
3.075637910085053939e-01
3.020959902794653207e-01
3.043742405832313147e-01
3.018934791413526719e-01
2.951599837991086828e-01
2.941980558930741840e-01
3.011846901579588454e-01
3.039185905224784934e-01
2.948055893074117972e-01
2.863001215066826588e-01
2.881733495342240770e-01
2.612899959497771984e-01
2.979951397326852658e-01
3.057411907654919991e-01
2.969319562575941096e-01
2.884264884568651377e-01
2.574929121101660057e-01
2.611887403807209296e-01
2.948055893074119083e-01
2.544046172539489170e-01
2.990583232077763665e-01
2.786877278250283196e-01
2.405832320777643862e-01
2.496962332928309991e-01
2.554171729445118832e-01
3.039692183070068499e-01
3.011846901579585123e-01
2.549108950992306499e-01
2.428614823815310741e-01
2.437727825030376605e-01
2.574422843256378712e-01
2.539995949777236195e-01
3.011846901579584013e-01
2.345078979343865055e-01
2.637707573916568959e-01
2.427095990279465321e-01
2.441271769947346570e-01
2.537970838396111928e-01
1.781591737545565324e-01
2.333940866747672427e-01
2.351154313487241188e-01
2.416464155528552926e-01
2.458991494532200006e-01
2.535945727014984885e-01
1.746658566221142850e-01
2.286350749291210793e-01
2.343053867962736903e-01
2.405832320777643862e-01
2.442284325637910647e-01
2.470635884973673146e-01
1.767922235722965418e-01
1.842345078979341910e-01
2.334953422438235116e-01
2.395200486026731468e-01
2.364317537464559471e-01
1.874240583232079094e-01
1.789185905224786877e-01
1.810449574726608057e-01
1.938031591737547632e-01
2.359254759011745195e-01
2.347104090724989600e-01
1.895504252733901662e-01
1.810449574726609168e-01
1.778554070473876703e-01
1.906136087484814057e-01
2.033718104495746692e-01
1.863608748481164479e-01
1.916767922235723953e-01
1.831713244228431736e-01
1.746658566221142850e-01
1.874240583232080204e-01
1.907148643175374525e-01
1.992709599027944756e-01
1.800324017820980615e-01
1.832725799918993592e-01
1.763872012960713831e-01
1.762353179424866190e-01
1.897023086269745973e-01
2.012454434993921903e-01
1.746658566221142850e-01
1.826144187930337226e-01
1.781085459700283702e-01
1.805386796273793781e-01
1.861077359254760533e-01
1.746658566221142850e-01
1.746658566221142850e-01
1.821587687322804294e-01
1.798298906439854961e-01
1.746658566221142850e-01
1.746658566221142850e-01
1.746658566221142850e-01
1.746658566221142850e-01
1.714256784123126542e-01
1.762353179424866190e-01
1.746658566221142850e-01
1.746658566221142850e-01
1.746658566221142850e-01
1.746658566221142850e-01
1.746658566221142850e-01
1.726407452409883247e-01
1.742608343458891540e-01
1.739064398541920187e-01
1.746658566221142850e-01
1.689955447549615353e-01
1.706156338598623645e-01
1.722357229647631660e-01
1.738558120696639953e-01
1.741595787768328574e-01
1.731470230862697524e-01
1.695625759416760359e-01
1.702106115836372058e-01
1.718307006885380350e-01
1.734507897934388365e-01
1.744127176994735851e-01
1.746658566221142850e-01
1.681855002025112455e-01
1.698055893074120748e-01
1.714256784123126542e-01
1.730457675172134835e-01
1.746658566221142850e-01
1.736533009315513187e-01
1.726407452409883247e-01
1.694005670311869161e-01
1.710206561360875233e-01
1.726407452409883247e-01
1.741089509923046119e-01
1.739064398541920187e-01
1.656034831915754735e-01
1.689955447549615353e-01
1.668185500202511440e-01
1.722357229647631660e-01
1.735520453624951331e-01
1.712231672742000887e-01
1.654515998379910424e-01
1.660591332523288777e-01
1.685398946942081311e-01
1.700587282300526637e-01
1.729951397326854323e-01
1.646921830700689149e-01
1.652997164844066114e-01
1.659072498987445576e-01
1.679829890643986801e-01
1.702106115836372058e-01
1.724382341028757593e-01
1.645402997164844838e-01
1.651478331308223191e-01
1.657553665451601543e-01
1.663628999594978508e-01
1.696537059538275327e-01
1.645402997164844838e-01
1.645402997164844838e-01
1.649959497772378880e-01
1.656034831915754735e-01
1.640846496557310796e-01
1.607432158768732633e-01
1.645402997164844838e-01
1.645402997164844838e-01
1.648440664236533459e-01
1.654515998379910424e-01
1.660591332523288777e-01
1.609963547995139910e-01
1.645402997164844838e-01
1.645402997164844838e-01
1.646921830700689149e-01
1.652997164844066114e-01
1.634771162413932444e-01
1.612494937221546909e-01
1.602369380315917247e-01
1.645402997164844838e-01
1.645402997164844838e-01
1.651478331308223191e-01
1.631733495342242712e-01
1.615026326447954186e-01
1.604900769542324246e-01
1.594775212636694584e-01
1.645402997164844838e-01
1.631733495342244933e-01
1.627683272579992235e-01
1.617557715674362573e-01
1.607432158768732633e-01
1.597306601863102693e-01
1.587181044957471920e-01
1.636289995949777865e-01
1.630214661806399512e-01
1.620089104900769572e-01
1.609963547995139910e-01
1.599837991089509970e-01
1.589712434183880307e-01
1.635095180234912848e-01
1.602369380315917247e-01
1.622620494127177959e-01
1.612494937221546909e-01
1.602369380315917247e-01
1.592243823410287307e-01
1.582118266504657644e-01
1.635277440259214898e-01
1.582118266504657644e-01
1.615026326447954186e-01
1.604900769542324246e-01
1.587181044957471920e-01
1.604394491697041791e-01
1.582118266504657644e-01
1.627683272579992235e-01
1.617557715674362573e-01
1.607432158768732633e-01
1.597306601863102693e-01
1.584143377885783299e-01
1.582118266504657644e-01
1.582118266504657644e-01
1.582118266504657644e-01
1.609963547995139910e-01
1.589206156338598686e-01
1.585155933576346265e-01
1.582118266504657644e-01
1.582118266504657644e-01
1.582118266504657644e-01
1.612494937221546909e-01
1.602369380315917247e-01
1.586168489266910064e-01
1.582118266504657644e-01
1.582118266504657644e-01
1.582118266504657644e-01
1.582118266504657644e-01
1.604900769542324246e-01
1.587181044957471920e-01
1.583130822195219223e-01
1.582118266504657644e-01
1.582118266504657644e-01
1.617557715674362573e-01
1.607432158768732633e-01
1.597306601863102693e-01
1.584143377885783299e-01
1.582118266504657644e-01
1.582118266504657644e-01
1.582118266504657644e-01
1.582118266504657644e-01
1.589206156338598686e-01
1.585155933576346265e-01
1.582118266504657644e-01
1.582118266504657644e-01
1.582118266504657644e-01
1.582118266504657644e-01
1.569967598217900939e-01
