4.775523777851680141e-01
4.376454938476887491e-01
4.183571666112403942e-01
3.782241436647819643e-01
3.638177585633520783e-01
3.551712670435649977e-01
3.431992018623211127e-01
3.205853009644163976e-01
3.358829398071166428e-01
3.049551047555702499e-01
3.026272031925507644e-01
2.903225806451611990e-01
2.999667442633853209e-01
2.753574991686066342e-01
2.740272697040240235e-01
2.690389092118389280e-01
2.696907216494843218e-01
2.573994013967410011e-01
2.667110076488192760e-01
2.490854672430994898e-01
2.460924509477885602e-01
2.401064183571667010e-01
2.414366478217491729e-01
2.274692384436316495e-01
2.414366478217491729e-01
2.251413368806117754e-01
2.148320585300963481e-01
2.144995011639506399e-01
2.268041237113402053e-01
2.135018290655137374e-01
2.061855670103092397e-01
2.061855670103091287e-01
1.935483870967740772e-01
1.998669770535416723e-01
1.935483870967740772e-01
1.915530428999000501e-01
1.935483870967740772e-01
1.868972397738611346e-01
1.842367808446955524e-01
1.812437645493846228e-01
1.822414366478216363e-01
1.815763219155302199e-01
1.822414366478216363e-01
1.735949451280346667e-01
1.749251745926171664e-01
1.712670435650149037e-01
1.662786830728300580e-01
1.663851014299965458e-01
1.589624210176255881e-01
1.639507815098104337e-01
1.589624210176255881e-01
1.659461257066844608e-01
1.503159294978384797e-01
1.563019620884603389e-01
1.503159294978384797e-01
1.523112736947125068e-01
1.503159294978384797e-01
1.519787163285669096e-01
1.503159294978384797e-01
1.499833721316928825e-01
1.503159294978384797e-01
1.493182573994014661e-01
1.489857000332556192e-01
1.466577984702361059e-01
1.483205853009643138e-01
1.429996674426338710e-01
1.483205853009643138e-01
1.426671100764880518e-01
1.483205853009643138e-01
1.413368806119053023e-01
1.483205853009643138e-01
1.383970734951780468e-01
1.483205853009643138e-01
1.376787495843030673e-01
1.310276022613900138e-01
1.306950448952444166e-01
1.270369138676421816e-01
1.330761556368473542e-01
1.270369138676421816e-01
1.286997006983703895e-01
1.270369138676421816e-01
1.283671433322247923e-01
1.270369138676421816e-01
1.277020285999333760e-01
1.270369138676421816e-01
1.250415696707681268e-01
1.270369138676421816e-01
1.230994346524775240e-01
1.270369138676421816e-01
1.190555370801462676e-01
1.084137013634852570e-01
1.177253076155636569e-01
1.217159960093116139e-01
1.160625207848353241e-01
1.030927835051546892e-01
1.150648486863984354e-01
1.084137013634852570e-01
1.160625207848353241e-01
1.030927835051546892e-01
1.141735949451280069e-01
1.030927835051546892e-01
1.160625207848354490e-01
1.030927835051546892e-01
1.114067176587961866e-01
1.030927835051546892e-01
1.120718323910874920e-01
1.030927835051546892e-01
1.027602261390089672e-01
1.030927835051546892e-01
1.030927835051546892e-01
1.024276687728633839e-01
1.030927835051546892e-01
1.030927835051546892e-01
1.024276687728633839e-01
1.017625540405719536e-01
1.024276687728633839e-01
1.010974393082806483e-01
1.014299966744262455e-01
1.030927835051546892e-01
1.020951114067176618e-01
1.024276687728633839e-01
1.010974393082806483e-01
1.010974393082806483e-01
1.014299966744262455e-01
1.010974393082806483e-01
1.010974393082806483e-01
1.010974393082806483e-01
1.014299966744262455e-01
1.010974393082806483e-01
9.743930828067841332e-02
1.010974393082806483e-01
1.000997672098437458e-01
1.010974393082806483e-01
9.743930828067852434e-02
1.010974393082806483e-01
9.411373461922187267e-02
1.010974393082806483e-01
9.411373461922199757e-02
1.010974393082806483e-01
9.444629198536759473e-02
1.010974393082806483e-01
9.444629198536746983e-02
9.577652144995008054e-02
9.411373461922199757e-02
9.662786830728216370e-02
9.344861988693056731e-02
1.010974393082806483e-01
9.411373461922187267e-02
8.713002993016298603e-02
9.411373461922187267e-02
8.713002993016298603e-02
9.178583305620212351e-02
8.713002993016298603e-02
9.145327569005654023e-02
8.713002993016298603e-02
9.411373461922187267e-02
8.713002993016298603e-02
9.145327569005654023e-02
8.713002993016298603e-02
9.089457931493159781e-02
8.713002993016298603e-02
8.912537412703702699e-02
8.713002993016298603e-02
8.513468573328894506e-02
8.713002993016298603e-02
8.214166943797801546e-02
8.713002993016298603e-02
8.047888260724980758e-02
8.713002993016298603e-02
8.846025939474559674e-02
8.713002993016298603e-02
8.413701363485204254e-02
8.713002993016298603e-02
8.413701363485204254e-02
8.713002993016298603e-02
8.446957100099763971e-02
8.713002993016298603e-02
8.047888260724980758e-02
8.713002993016298603e-02
8.047888260724980758e-02
8.713002993016298603e-02
8.646491519787168067e-02
8.713002993016298603e-02
8.014632524110409939e-02
8.713002993016298603e-02
7.981376787495837732e-02
8.713002993016298603e-02
7.981376787495837732e-02
8.713002993016298603e-02
7.781842367808446126e-02
8.713002993016298603e-02
7.715330894579315590e-02
6.850681742600593649e-02
7.715330894579315590e-02
6.717658796142332578e-02
7.715330894579315590e-02
6.850681742600593649e-02
7.715330894579315590e-02
6.717658796142332578e-02
7.715330894579315590e-02
6.717658796142332578e-02
7.715330894579315590e-02
6.717658796142332578e-02
7.715330894579315590e-02
6.850681742600593649e-02
7.715330894579315590e-02
6.717658796142332578e-02
7.481210508812738413e-02
6.717658796142332578e-02
7.715330894579315590e-02
6.717658796142332578e-02
7.449285001662780958e-02
6.717658796142332578e-02
7.382773528433650423e-02
6.717658796142332578e-02
7.648819421350185055e-02
6.717658796142332578e-02
6.784170269371463113e-02
6.717658796142332578e-02
7.582307948121054519e-02
6.717658796142332578e-02
7.382773528433650423e-02
6.717658796142332578e-02
6.717658796142332578e-02
6.717658796142332578e-02
6.717658796142332578e-02
6.717658796142332578e-02
6.717658796142332578e-02
6.717658796142332578e-02
6.717658796142332578e-02
6.717658796142332578e-02
6.717658796142332578e-02
6.717658796142332578e-02
6.551380113069500688e-02
6.717658796142332578e-02
6.551380113069500688e-02
6.717658796142332578e-02
6.717658796142332578e-02
6.717658796142332578e-02
6.551380113069500688e-02
6.717658796142332578e-02
6.551380113069500688e-02
6.717658796142332578e-02
6.484868639840370153e-02
6.717658796142332578e-02
6.484868639840370153e-02
6.717658796142332578e-02
6.484868639840370153e-02
6.717658796142332578e-02
6.484868639840370153e-02
6.717658796142332578e-02
6.551380113069500688e-02
6.717658796142332578e-02
6.484868639840370153e-02
6.252078483538406339e-02
6.484868639840370153e-02
6.717658796142332578e-02
6.418357166611239617e-02
6.252078483538406339e-02
6.418357166611239617e-02
6.717658796142332578e-02
6.418357166611239617e-02
6.717658796142332578e-02
6.428999002327887013e-02
6.717658796142332578e-02
6.418357166611239617e-02
6.584635849684071507e-02
6.418357166611239617e-02
6.584635849684071507e-02
6.418357166611239617e-02
6.252078483538406339e-02
6.418357166611239617e-02
6.119055537080145962e-02
6.418357166611239617e-02
6.119055537080145962e-02
6.418357166611239617e-02
6.252078483538406339e-02
6.190887928167606441e-02
6.119055537080145962e-02
6.418357166611239617e-02
6.252078483538406339e-02
6.418357166611239617e-02
6.119055537080145962e-02
6.418357166611239617e-02
6.252078483538406339e-02
6.351845693382109082e-02
6.119055537080145962e-02
6.152311273694704985e-02
6.119055537080145962e-02
6.119055537080145962e-02
6.119055537080145962e-02
6.185567010309276498e-02
6.119055537080145962e-02
6.351845693382109082e-02
6.119055537080145962e-02
6.152311273694704985e-02
6.119055537080145962e-02
6.152311273694704985e-02
6.119055537080145962e-02
6.152311273694704985e-02
6.119055537080145962e-02
6.119055537080145962e-02
6.119055537080145962e-02
6.119055537080145962e-02
6.119055537080145962e-02
6.119055537080145962e-02
6.119055537080145962e-02
6.119055537080145962e-02
6.119055537080145962e-02
6.119055537080145962e-02
6.119055537080145962e-02
6.119055537080145962e-02
6.119055537080145962e-02
6.119055537080145962e-02
6.119055537080145962e-02
6.119055537080145962e-02
6.119055537080145962e-02
6.119055537080145962e-02
6.119055537080145962e-02
6.119055537080145962e-02
6.119055537080145962e-02
6.119055537080145962e-02
6.119055537080145962e-02
6.119055537080145962e-02
6.119055537080145962e-02
6.119055537080145962e-02
6.119055537080145962e-02
6.119055537080145962e-02
6.119055537080145962e-02
6.119055537080145962e-02
6.119055537080145962e-02
6.119055537080145962e-02
6.119055537080145962e-02
6.119055537080145962e-02
6.119055537080145962e-02
6.119055537080145962e-02
6.119055537080145962e-02
6.119055537080145962e-02
6.119055537080145962e-02
6.057864981709345370e-02
6.119055537080145962e-02
6.119055537080145962e-02
6.119055537080145962e-02
6.119055537080145962e-02
6.119055537080145962e-02
5.919521117392753662e-02
6.119055537080145962e-02
5.986032590621873095e-02
6.119055537080145962e-02
6.119055537080145962e-02
6.119055537080145962e-02
5.986032590621873095e-02
6.119055537080145962e-02
5.986032590621873095e-02
6.119055537080145962e-02
5.919521117392753662e-02
6.119055537080145962e-02
5.986032590621873095e-02
6.119055537080145962e-02
5.919521117392753662e-02
6.119055537080145962e-02
5.786498170934468999e-02
6.119055537080145962e-02
5.986032590621873095e-02
6.119055537080145962e-02
5.719986697705350259e-02
6.119055537080145962e-02
6.119055537080145962e-02
5.719986697705350259e-02
5.719986697705350259e-02
6.119055537080145962e-02
5.719986697705350259e-02
6.119055537080145962e-02
5.786498170934468999e-02
6.119055537080145962e-02
5.719986697705350259e-02
6.119055537080145962e-02
5.719986697705350259e-02
6.119055537080145962e-02
5.719986697705350259e-02
5.783837712005263088e-02
5.719986697705350259e-02
6.119055537080145962e-02
5.719986697705350259e-02
6.119055537080145962e-02
5.719986697705350259e-02
6.119055537080145962e-02
5.719986697705350259e-02
5.719986697705350259e-02
5.719986697705350259e-02
5.719986697705350259e-02
5.719986697705350259e-02
6.119055537080145962e-02
5.719986697705350259e-02
5.719986697705350259e-02
