6.211870565841839387e-01
5.747499567399202425e-01
5.426544384841667235e-01
5.187042740958643927e-01
4.980197265962967856e-01
4.744211801349714208e-01
4.556428447828344552e-01
4.422564457518601277e-01
4.572126665513062682e-01
4.477937359404740580e-01
4.311472573109533246e-01
4.092403530022494240e-01
3.946952759993078153e-01
3.929108842360271581e-01
4.044298321508911775e-01
4.079017130991519080e-01
3.767087731441426945e-01
3.620349541443156349e-01
3.355251773663263659e-01
3.521467381899982541e-01
3.705360789063851246e-01
3.711714829555285422e-01
3.209897906212146879e-01
2.862432946876621309e-01
3.002249524139125048e-01
3.124762069562207478e-01
3.155355597854298533e-01
3.100536424987022643e-01
2.563806887004673740e-01
2.606817788544729120e-01
2.551998615677453230e-01
2.600795985464613436e-01
2.402837861221663596e-01
2.377920055372900465e-01
2.392455442118013587e-01
2.398338812943416054e-01
2.296245025090846159e-01
2.109015400588335476e-01
2.057795466343657342e-01
2.228067139643535866e-01
2.236719155563245132e-01
2.232220107284995925e-01
2.122221837688181290e-01
1.980965564976638060e-01
1.882332583491952982e-01
1.795812424294860321e-01
2.180308011766741438e-01
2.094826094480014556e-01
2.065409240353002218e-01
1.938743727288456675e-01
1.767433812078214039e-01
1.718290361654264409e-01
1.588856203495415398e-01
2.005191209551824560e-01
1.940128049835611601e-01
1.845994116629174064e-01
1.751168022149161563e-01
1.689911749437619515e-01
1.598892541962277924e-01
1.566360962104171584e-01
1.892022841322028026e-01
1.801349714483473641e-01
1.695449039626231447e-01
1.632462363730748656e-01
1.555563246236374153e-01
1.503374286208687127e-01
1.512372382765185264e-01
1.766395570167848261e-01
1.630898079252466326e-01
1.600969025783007815e-01
1.551133414085481832e-01
1.496798754109708030e-01
1.314760339159024571e-01
1.345215435196401021e-01
1.578473784391762336e-01
1.561169752552342693e-01
1.508911576397300447e-01
1.473265270808098160e-01
1.278767952933033136e-01
1.315535559785431241e-01
1.344177193286036631e-01
1.410278594912613703e-01
1.441425852223568449e-01
1.247274614985291047e-01
1.249005018169233455e-01
1.242083405433466736e-01
1.263194324277557290e-01
1.287073888215954642e-01
1.337684720539886185e-01
1.215435196400761197e-01
1.219242083405432109e-01
1.214743035127184567e-01
1.249351098806022603e-01
1.194670358193458126e-01
1.237238276518428520e-01
1.187402664820902398e-01
1.150718117321335998e-01
1.150718117321335998e-01
1.168368229797543262e-01
1.187402664820902398e-01
1.180134971448346670e-01
1.162830939608929942e-01
1.149679875410971747e-01
1.156947568783525948e-01
1.150718117321335998e-01
1.153486762415642658e-01
1.161100536424987534e-01
1.142758262675201975e-01
1.141373940128048575e-01
1.148641633500604442e-01
1.135490569302647773e-01
1.119570860010382918e-01
1.093960892888043157e-01
1.131337601661186187e-01
1.136182730576224403e-01
1.105035473265269796e-01
1.116110053642497962e-01
1.095691296071984039e-01
1.106765876449213731e-01
1.079079425506143941e-01
1.114891849801003254e-01
1.038241910365115955e-01
1.093268731614466388e-01
1.071119570860010056e-01
1.069735248312856657e-01
1.060044990482783278e-01
1.050354732652708512e-01
1.058314587298840870e-01
1.072849974043950938e-01
1.056238103478109314e-01
1.063851877487454189e-01
1.034781103997231139e-01
1.045135836649940392e-01
1.070081328949645805e-01
1.038241910365115955e-01
1.038241910365115955e-01
1.064197958124241811e-01
1.031320297629347849e-01
1.035819345907598443e-01
1.024744765530368751e-01
1.037203668454750177e-01
1.005364249870220467e-01
1.012631943242776195e-01
1.020591797888908692e-01
1.035473265270807769e-01
1.018861394704967810e-01
9.690257830074415490e-02
9.759473957432097946e-02
9.911749437618980196e-02
1.021283959162483795e-01
1.005018169233431319e-01
1.001903443502337177e-01
1.021283959162486848e-01
9.742169925592673863e-02
9.884062986675898332e-02
9.801003633846683272e-02
9.776777989271491498e-02
1.009171136874892905e-01
9.607198477245200430e-02
9.724865893753249779e-02
9.794082021110915581e-02
9.586433639037900134e-02
9.645267347291940074e-02
9.745630731960550075e-02
9.565668800830601226e-02
9.707561861913825696e-02
9.690257830074400225e-02
9.596816058141557915e-02
9.551825575359067233e-02
9.690257830074415490e-02
9.524139124416000635e-02
9.690257830074415490e-02
9.648728153659816287e-02
9.607198477245200430e-02
9.358020418757569125e-02
9.316490742342969922e-02
9.396089288804278239e-02
9.645267347291924809e-02
8.963488492818823261e-02
9.617580896348858210e-02
9.299186710503545839e-02
9.517217511680234332e-02
9.389167676068511936e-02
9.607198477245200430e-02
9.565668800830601226e-02
9.005018169233423853e-02
9.084616715694762701e-02
9.213081848070611701e-02
9.188440906731262792e-02
9.555286381726943445e-02
8.482436407682986124e-02
8.928880429139990360e-02
8.932341235507880450e-02
9.056930264751680837e-02
9.153832843052429891e-02
9.403010901540061195e-02
8.392455442118003373e-02
8.735075272538507518e-02
8.911576397300581542e-02
9.025783007440739414e-02
9.150372036684538413e-02
8.444367537636261745e-02
8.427063505796837661e-02
8.517044471361819025e-02
8.683163177020235268e-02
8.880429139989608200e-02
8.946184460979414443e-02
8.454749956739919525e-02
8.413220280325303668e-02
8.475514794947219821e-02
8.641633500605634677e-02
8.911576397300566277e-02
8.897733171829047549e-02
8.465132375843562040e-02
8.423602699428961449e-02
8.433985118532603964e-02
8.600103824191034085e-02
8.783526561688889678e-02
9.015400588337081633e-02
8.475514794947219821e-02
8.433985118532603964e-02
8.392455442118003373e-02
8.534348503201258374e-02
8.665859145180825063e-02
8.402837861221661153e-02
8.392455442118003373e-02
8.444367537636261745e-02
8.399377054853771063e-02
8.392455442118003373e-02
8.392455442118003373e-02
8.392455442118003373e-02
8.496279633154518729e-02
8.433985118532619230e-02
8.406298667589537366e-02
8.395916248485894851e-02
8.444367537636261745e-02
8.392455442118003373e-02
8.392455442118003373e-02
8.440906731268370267e-02
8.413220280325303668e-02
8.392455442118003373e-02
8.392455442118003373e-02
8.392455442118003373e-02
8.357570513929732381e-02
8.364768991174936774e-02
8.378612216646470767e-02
8.392455442118003373e-02
8.392455442118003373e-02
8.392455442118003373e-02
8.347464959335512691e-02
8.361308184807046684e-02
8.375151410278579289e-02
8.399377054853771063e-02
8.361308184807046684e-02
8.392455442118003373e-02
8.392455442118003373e-02
8.357847378439170472e-02
8.371690603910703077e-02
8.371690603910703077e-02
8.392455442118003373e-02
8.392455442118003373e-02
8.340543346599746388e-02
8.354386572071278994e-02
8.368229797542812987e-02
8.305935282920912099e-02
8.340543346599746388e-02
8.392455442118003373e-02
8.337082540231870176e-02
8.350925765703404169e-02
8.364768991174936774e-02
8.323239314760337570e-02
8.305935282920912099e-02
8.350925765703404169e-02
8.250562381034778903e-02
8.347464959335512691e-02
8.305935282920912099e-02
8.311472573109517092e-02
8.305935282920912099e-02
8.285170444713613191e-02
8.257483993770546593e-02
8.344004152967636478e-02
8.254023187402670381e-02
8.305935282920912099e-02
8.305935282920912099e-02
8.292092057449379494e-02
8.264405606506312896e-02
8.236719155563231032e-02
8.274788025609970676e-02
8.305935282920912099e-02
8.305935282920912099e-02
8.299013670185145797e-02
8.271327219242079198e-02
8.243640768299012600e-02
8.295552863817270972e-02
8.305935282920912099e-02
8.305935282920912099e-02
8.305935282920912099e-02
8.264405606506312896e-02
8.250562381034778903e-02
8.305935282920912099e-02
8.139816577262497244e-02
8.150198996366155024e-02
8.299013670185145797e-02
8.160581415469797539e-02
8.233258349195354819e-02
8.191728672780755616e-02
8.305935282920912099e-02
8.118636442291039812e-02
8.305935282920912099e-02
8.209032704620164433e-02
8.243640768299012600e-02
8.202111091884396743e-02
8.160581415469797539e-02
8.119051739055196948e-02
8.108669319951539167e-02
8.254023187402655115e-02
8.254023187402655115e-02
8.212493510988054524e-02
8.132894964526730941e-02
8.129434158158839463e-02
8.305935282920912099e-02
8.305935282920912099e-02
8.264405606506312896e-02
8.222875930091712304e-02
8.181346253677097835e-02
8.132894964526730941e-02
8.098286900847896652e-02
8.299013670185145797e-02
8.274788025609955411e-02
8.233258349195354819e-02
8.191728672780755616e-02
8.150198996366155024e-02
8.108669319951539167e-02
8.074061256272706266e-02
8.046374805329639668e-02
8.046374805329639668e-02
8.202111091884396743e-02
8.160581415469797539e-02
8.119051739055196948e-02
8.056757224433297448e-02
8.215954317355930736e-02
8.046374805329639668e-02
8.046374805329639668e-02
8.132894964526730941e-02
8.074061256272706266e-02
8.101747707215788130e-02
8.305935282920912099e-02
8.164042221837672364e-02
8.067139643536939964e-02
8.132894964526730941e-02
8.077522062640597744e-02
8.063678837169063751e-02
8.049835611697531146e-02
8.046374805329639668e-02
8.233258349195354819e-02
8.191728672780755616e-02
8.080982869008487834e-02
8.067139643536939964e-02
8.053296418065405970e-02
8.046374805329639668e-02
8.046374805329639668e-02
7.942550614293124311e-02
8.084443675376364047e-02
8.070600449904830054e-02
8.056757224433297448e-02
8.046374805329639668e-02
8.046374805329639668e-02
7.966776258868314697e-02
7.963315452500439873e-02
8.074061256272706266e-02
8.060218030801172273e-02
8.046374805329639668e-02
7.914864163350057713e-02
7.928707388821590318e-02
8.091365288112130350e-02
8.077522062640597744e-02
8.063678837169063751e-02
8.049835611697531146e-02
8.046374805329639668e-02
7.921785776085824016e-02
7.949472227028890614e-02
7.977158677971972478e-02
8.067139643536939964e-02
8.053296418065405970e-02
7.894099325142757417e-02
7.914864163350057713e-02
7.942550614293124311e-02
7.970237065236206175e-02
7.997923516179272774e-02
8.056757224433297448e-02
7.880256099671223424e-02
7.907942550614290023e-02
7.935629001557358009e-02
7.963315452500439873e-02
7.991001903443506471e-02
