5.193817878028403889e-01
4.838882921589686692e-01
4.679828141783027307e-01
4.467401837928154373e-01
4.221740064446831142e-01
3.937610693400164785e-01
3.814393125671319829e-01
3.631459601384413594e-01
3.583038548752833785e-01
3.511636233440743049e-01
3.469387755102040227e-01
3.246807494927796411e-01
3.193817878028403778e-01
3.096417233560089244e-01
3.013724788160875856e-01
3.069578708676452550e-01
2.942952619644350065e-01
2.922735409953455266e-01
2.825874209332854270e-01
2.756653538608424547e-01
2.687671559852011227e-01
2.700202888172812954e-01
2.637546246568803765e-01
2.601260293591118322e-01
2.581911922663800429e-01
2.530870032223413446e-01
2.496121255519752336e-01
2.497887576083063221e-01
2.490153956319369477e-01
2.382265186776463817e-01
2.371652941878506227e-01
2.351712614870508644e-01
2.351235230934476950e-01
2.371762740183790685e-01
2.396586704857378847e-01
2.298245614035086259e-01
2.248478338703901735e-01
2.198591717388707345e-01
2.156939968970043309e-01
2.204917054541114529e-01
2.174125790667144620e-01
2.161952500298363056e-01
2.103592314118630513e-01
2.079126387397063347e-01
2.039159804272585308e-01
1.992137486573569982e-01
2.139276763336913911e-01
2.063372717508054899e-01
2.044487408998686973e-01
1.991426184508887920e-01
1.869077455543620148e-01
1.849266022198350623e-01
2.071488244420574276e-01
1.969447428094042163e-01
1.953813104189043859e-01
1.859649122807014443e-01
1.815252416756176768e-01
1.824680749492776366e-01
1.776646377849384062e-01
1.709273182957394277e-01
1.873851294903925158e-01
1.763336913712852394e-01
1.750447547440027729e-01
1.727055734574529933e-01
1.687671559852010061e-01
1.596252536102159281e-01
1.613557703783267683e-01
1.639360305525717487e-01
1.668337510442773342e-01
1.605680868838763042e-01
1.590285236901777532e-01
1.590285236901777532e-01
1.428690774555437804e-01
1.496001909535749075e-01
1.507697815968493671e-01
1.530335362215059225e-01
1.512710347296813418e-01
1.509502327246678433e-01
1.382503878744481551e-01
1.401599236185702424e-01
1.416756176154671254e-01
1.492421530015516640e-01
1.407805227354098909e-01
1.299081035923138616e-01
1.357321876118867954e-01
1.358754027926959707e-01
1.394557823129253527e-01
1.384532760472606538e-01
1.379400883160280533e-01
1.291204200978633698e-01
1.250745912400046400e-01
1.328917531925048467e-01
1.291084854994628550e-01
1.282267573696144469e-01
1.284759517842223586e-01
1.254206945936268414e-01
1.232247284878862231e-01
1.256116481680390473e-01
1.239885427855351302e-01
1.238214584079245090e-01
1.232247284878862231e-01
1.227473445518560413e-01
1.233440744718939108e-01
1.218999880654013518e-01
1.203007518796992276e-01
1.232247284878862231e-01
1.177944862155387296e-01
1.206110514381188992e-01
1.225563909774434190e-01
1.221506146318174502e-01
1.183821458407923327e-01
1.128416278792218480e-01
1.176937582050362058e-01
1.175915980427256896e-01
1.138441341448853672e-01
1.161355770378328239e-01
1.169590643274852071e-01
1.139038071368897870e-01
1.167442415562714164e-01
1.083900226757370383e-01
1.084854994629428221e-01
1.148705096073516368e-01
1.105740541830763923e-01
1.120539443847716754e-01
1.115049528583361288e-01
1.062775987588017862e-01
1.060389067907866467e-01
1.025778732545643973e-01
1.014440864064924674e-01
1.116601026375461242e-01
1.116362334407445395e-01
1.095596133190116089e-01
1.055973266499579261e-01
1.010860484544696403e-01
1.125313283208019682e-01
1.064924215300150356e-01
1.066356367108242942e-01
1.065640291204200812e-01
1.047022317699009275e-01
1.040696980546609585e-01
1.010383100608665957e-01
1.047261009667022902e-01
1.059911683971832691e-01
1.060985797827899979e-01
1.043561284162789482e-01
1.007280105024466188e-01
9.965389664637783196e-02
1.014440864064924674e-01
1.002267573696145331e-01
1.005131877312329391e-01
1.033416875522135264e-01
1.023391812865495770e-01
1.001909535744120033e-01
9.965389664637792910e-02
1.001551497792099038e-01
9.965389664637783196e-02
9.965389664637783196e-02
9.900942833273659871e-02
9.869912877431639975e-02
9.965389664637772094e-02
9.965389664637783196e-02
9.965389664637783196e-02
9.675378923499219908e-02
9.756534192624405355e-02
9.911683971834354956e-02
9.940327007996184461e-02
9.929585869435490764e-02
9.288697935314450815e-02
9.315383697338611158e-02
9.449815013724800761e-02
9.707602339181291284e-02
9.965389664637783196e-02
9.836496001909537934e-02
9.669602577873195881e-02
9.425945816923317344e-02
9.385368182360688538e-02
9.643155507817179062e-02
9.900942833273670973e-02
9.868719417591588494e-02
9.915264351354564909e-02
9.063134025540031669e-02
9.320921350996533294e-02
9.478458049886662184e-02
9.745793054063721372e-02
8.549946294307218808e-02
8.941401121852270151e-02
8.927079603771334582e-02
9.156223893066006703e-02
9.278338703902602735e-02
9.721923857262196322e-02
8.280224370449906779e-02
8.515335958944998673e-02
8.869793531447695001e-02
9.098937820742356020e-02
9.194414607948446505e-02
9.640768588137010875e-02
9.965389664637783196e-02
8.483112543262916194e-02
8.690774555436189819e-02
9.041651748418685908e-02
9.120420097863735087e-02
8.354218880534670932e-02
8.236066356367087449e-02
8.368540398615585685e-02
8.626327724072077596e-02
8.829215896885066195e-02
8.843537414965969845e-02
8.218164458765962743e-02
8.189521422604111034e-02
8.304093567251473462e-02
8.487886382623252568e-02
8.748060627759891850e-02
8.867406611767517099e-02
8.225325217806425671e-02
8.196682181644573961e-02
8.239646735887361240e-02
8.515335958944998673e-02
8.487886382623252568e-02
8.812507459124013787e-02
8.232485976846866393e-02
8.137009189640766194e-02
8.175199904523207384e-02
8.175199904523207384e-02
8.406731113498015773e-02
8.607232366630888920e-02
8.239646735887329321e-02
8.127461510920157284e-02
8.165652225802606801e-02
8.175199904523207384e-02
8.175199904523207384e-02
8.366153478935428600e-02
8.246807494927792248e-02
8.175199904523207384e-02
8.156104547081975686e-02
8.160878386442260712e-02
8.175199904523207384e-02
8.175199904523207384e-02
8.175199904523207384e-02
8.058240840195718402e-02
8.146556868361366777e-02
8.175199904523207384e-02
8.175199904523207384e-02
8.175199904523207384e-02
8.175199904523207384e-02
8.041532402434656279e-02
8.137009189640766194e-02
8.175199904523207384e-02
8.175199904523207384e-02
8.175199904523207384e-02
8.175199904523207384e-02
8.024823964673594157e-02
8.091657715717863464e-02
8.148943788041534964e-02
7.925766797947263187e-02
8.128654970760230969e-02
7.941281775868240522e-02
8.008115526912511217e-02
8.074949277956801341e-02
8.122687671559851441e-02
7.894689103711664824e-02
8.160878386442281529e-02
7.924573338107178400e-02
7.991407089151449095e-02
8.058240840195718402e-02
8.096431555078158204e-02
8.150137247881597546e-02
7.715717866093800559e-02
7.907864900346105175e-02
7.974698651390385584e-02
8.041532402434656279e-02
8.070175438596485784e-02
7.757488960496482233e-02
7.810001193459815971e-02
7.690655209452190721e-02
7.957990213629313747e-02
8.024823964673594157e-02
7.757488960496482233e-02
7.757488960496482233e-02
7.732426303854894600e-02
7.699009428332748151e-02
7.765843179377018846e-02
7.608306480486921874e-02
8.017663205633131229e-02
7.757488960496482233e-02
7.740780522735409008e-02
7.707363647213263946e-02
7.530731590881947768e-02
7.719298245614031329e-02
7.757488960496482233e-02
7.757488960496482233e-02
7.749134741615945621e-02
7.715717866093800559e-02
7.682300990571665211e-02
7.757488960496482233e-02
7.757488960496482233e-02
7.757488960496482233e-02
7.757488960496482233e-02
7.724072084974337171e-02
7.690655209452190721e-02
7.456737080797214146e-02
7.420933285594921713e-02
7.757488960496482233e-02
7.757488960496482233e-02
7.732426303854894600e-02
7.582050364005239740e-02
7.531925050722042270e-02
7.453156701276993090e-02
7.324263038548768645e-02
7.757488960496482233e-02
7.707363647213284763e-02
7.607113020646848189e-02
7.506862394080411616e-02
7.406611767514016675e-02
7.306361140947600918e-02
7.757488960496482233e-02
7.684687910251780663e-02
7.632175677288478843e-02
7.531925050722042270e-02
7.431674424155647329e-02
7.331423797589210756e-02
7.757488960496482233e-02
7.757488960496482233e-02
7.567012770020231649e-02
7.556987707363650719e-02
7.456737080797214146e-02
7.420933285594963347e-02
7.256235827664382632e-02
7.747941281775871936e-02
7.682300990571676313e-02
7.582050364005239740e-02
7.481799737438844800e-02
7.381549110872408226e-02
7.233178183554106466e-02
7.161952500298356117e-02
7.707363647213284763e-02
7.396586704857331662e-02
7.506862394080411616e-02
7.406611767514016675e-02
7.239527389903331611e-02
7.177467478219355657e-02
7.657238333930024843e-02
7.481799737438844800e-02
7.531925050722042270e-02
7.431674424155605696e-02
7.331423797589210756e-02
7.192982456140334380e-02
7.130922544456379242e-02
7.130922544456379242e-02
7.556987707363650719e-02
7.456737080797214146e-02
7.270557345745308486e-02
7.208497434061332532e-02
7.146437522377357965e-02
7.130922544456379242e-02
7.130922544456379242e-02
7.348132235350283981e-02
7.381549110872408226e-02
7.224012411982332071e-02
7.161952500298356117e-02
7.130922544456379242e-02
7.356486454230798389e-02
7.130922544456379242e-02
7.406611767514016675e-02
7.239527389903331611e-02
7.177467478219355657e-02
7.130922544456379242e-02
7.256235827664382632e-02
6.978159684926597828e-02
7.431674424155605696e-02
7.255042367824308946e-02
7.192982456140334380e-02
7.130922544456379242e-02
7.130922544456379242e-02
7.528344671201800398e-02
7.006802721088428720e-02
7.270557345745308486e-02
7.208497434061332532e-02
7.135696383816694799e-02
7.130922544456379242e-02
6.959064327485378620e-02
7.348132235350283981e-02
7.286072323666287209e-02
7.224012411982332071e-02
7.161952500298356117e-02
6.944742809404431949e-02
6.949516648764768323e-02
6.987707363647208125e-02
7.301587301587285361e-02
7.239527389903331611e-02
6.969805466046062603e-02
7.130922544456379242e-02
6.939968970044137209e-02
6.978159684926597828e-02
7.016350399809039018e-02
7.255042367824308946e-02
