4.312356796504502876e-01
4.149127013729773661e-01
3.952924459601073748e-01
4.097262926058152788e-01
3.814219996092430565e-01
3.662862116125822909e-01
3.512371005843592520e-01
3.415569883305802912e-01
3.368195946786026185e-01
3.177414255519439568e-01
3.148690076552815298e-01
3.119234116623151309e-01
3.002191790554340489e-01
2.981829807641072083e-01
2.909717411768885653e-01
2.782188593453048253e-01
2.695014298147455634e-01
2.668179961279549817e-01
2.652663362995327789e-01
2.546135947851726478e-01
2.567094723006697055e-01
2.517717269675493474e-01
2.383439015292801166e-01
2.333777375179837965e-01
2.338146746949432420e-01
2.301372977389390118e-01
2.352959982948787387e-01
2.264435800429833723e-01
2.225892968153318219e-01
2.135336850144757548e-01
2.113106339141401224e-01
2.088772845953003054e-01
2.097120832667271895e-01
2.134775581250779042e-01
2.138683149500009706e-01
1.937443384664571944e-01
1.973428535905220882e-01
1.963908278716187394e-01
1.890552565673787599e-01
1.942146675902741149e-01
1.851121649704268735e-01
1.868528090087210880e-01
1.814710218290973565e-01
1.780074954263688725e-01
1.764224436510896665e-01
1.801033729418660967e-01
1.740644038294169582e-01
1.772792667981030745e-01
1.727678016376262837e-01
1.692332285394573810e-01
1.730342267455284577e-01
1.662492673309529656e-01
1.717731479014584506e-01
1.718797179446192314e-01
1.702811672972061596e-01
1.672972060887017165e-01
1.625193158203230848e-01
1.632674375233118813e-01
1.683096214987301331e-01
1.695962771531585311e-01
1.656453704197083376e-01
1.603879149571056373e-01
1.584874158540700295e-01
1.577236638780840083e-01
1.575993321610631437e-01
1.574039537486013607e-01
1.618976572352179011e-01
1.561442958384395840e-01
1.539049039981526812e-01
1.514537930054529191e-01
1.521322889469108042e-01
1.567467718157759815e-01
1.526971101756629812e-01
1.531233903483065761e-01
1.480655760998917381e-01
1.453437771975630843e-01
1.480435516243050753e-01
1.512228912452709406e-01
1.506722793556064810e-01
1.514182696577325571e-01
1.443136001136747226e-01
1.446688335908777323e-01
1.391271913465126076e-01
1.498552423580400139e-01
1.504946626170049762e-01
1.371023605264561074e-01
1.379122928544787852e-01
1.356459032699241785e-01
1.358768050301059904e-01
1.387541961954494862e-01
1.243139553471521580e-01
1.356103799222039552e-01
1.303884478073213393e-01
1.278307667714603246e-01
1.305305411982023156e-01
1.287543738121878778e-01
1.229995914815012054e-01
1.318449050638532682e-01
1.259863945578238165e-01
1.248823289106767154e-01
1.271558231647751391e-01
1.219338910498926482e-01
1.229285447860606340e-01
1.229995914815012054e-01
1.163212021100869520e-01
1.205840038365214861e-01
1.174934725848565953e-01
1.196959201435144338e-01
1.226088346565781528e-01
1.229995914815012054e-01
1.142253245945900331e-01
1.174934725848564426e-01
1.151574572387702583e-01
1.177954210404788260e-01
9.973179872471160667e-02
9.866609829310320212e-02
1.061260013143638936e-01
1.122715404699739516e-01
1.116498818848686153e-01
1.169961457167724428e-01
9.953642031225015674e-02
9.768920623079516141e-02
1.015967744800273243e-01
1.059839079234827508e-01
1.082218788298609652e-01
1.075646968970355721e-01
9.866609829310320212e-02
9.802667803413775416e-02
1.000870322019147690e-01
1.022894797605726214e-01
1.026091898900551025e-01
9.911014013960657565e-02
9.854176657608200440e-02
9.680112253778795639e-02
9.726292605815174686e-02
9.841743485906176425e-02
9.768920623079516141e-02
9.632155734356406818e-02
9.681888421164805414e-02
9.664126747304654930e-02
9.747606614447344719e-02
9.706754764569013039e-02
9.736949610131251376e-02
9.619722562654302311e-02
9.397701639402492035e-02
9.591303884478073749e-02
9.458091330526985363e-02
9.683664588550816577e-02
9.529138025967570647e-02
9.564661373687856349e-02
9.458091330526985363e-02
9.475853004387151113e-02
9.426120317578735863e-02
9.406582476332575604e-02
9.520257189037488466e-02
9.506047849949374184e-02
9.404806308946549176e-02
9.458091330526985363e-02
9.394149304630471098e-02
9.394149304630471098e-02
9.369282961226263473e-02
9.493614678247286331e-02
9.408358643718585379e-02
9.170352213992651047e-02
9.284026926697579174e-02
9.381716132928367979e-02
9.298236265785757293e-02
9.369282961226263473e-02
9.188113887852754347e-02
9.141933535816422485e-02
9.255608248521335346e-02
9.369282961226263473e-02
9.159979396458296785e-02
8.925241114722642921e-02
8.964316797214996746e-02
9.113514857640193922e-02
9.227189570345123437e-02
9.330207278733942955e-02
9.006944814479338202e-02
8.880836930072290303e-02
8.921688779950621984e-02
9.049572831743665779e-02
9.134828866272381998e-02
9.181009218308776310e-02
8.623292659100194324e-02
8.797357062929615779e-02
8.889717767002358606e-02
9.017601818795401014e-02
8.909255608248518865e-02
9.086872346849961257e-02
8.596650148309976924e-02
8.712101028400916214e-02
8.754729045665257670e-02
8.857746754054109106e-02
9.056677501287722920e-02
8.570007637519759525e-02
8.570007637519759525e-02
8.626844993872231915e-02
8.744072041349164326e-02
8.953659792898903402e-02
8.570007637519759525e-02
8.570007637519759525e-02
8.570007637519759525e-02
8.612635654784100980e-02
8.733415037033087636e-02
8.776043054297429091e-02
8.570007637519759525e-02
8.570007637519759525e-02
8.577112307063816665e-02
8.598426315695986699e-02
8.655263672048459089e-02
8.605530985240043840e-02
8.360419885970052367e-02
8.570007637519759525e-02
8.570007637519759525e-02
8.584216976607889071e-02
8.482620202127842679e-02
8.527379620255416681e-02
8.570007637519759525e-02
8.570007637519759525e-02
8.570007637519759525e-02
8.570007637519759525e-02
8.498960942079188119e-02
8.601978650468007637e-02
8.403047903234378557e-02
8.570007637519759525e-02
8.516722615939323338e-02
8.559350633203681447e-02
8.516722615939323338e-02
8.445675920498736666e-02
8.374629225058166648e-02
8.303582529617596630e-02
8.221878829860979065e-02
8.548693628887588103e-02
8.534484289799458556e-02
8.463437594358887150e-02
8.392390898918301867e-02
8.243192838493103303e-02
8.495408607307151916e-02
8.538036624571494759e-02
8.504289444237188300e-02
8.427914246638618101e-02
8.239640503721067100e-02
8.211221825544823272e-02
8.182803147368609975e-02
8.154384469192366147e-02
8.570007637519759525e-02
8.260954512353238521e-02
8.427914246638586182e-02
8.218326495088895678e-02
8.189907816912651850e-02
7.966110726274830411e-02
8.463437594358919069e-02
8.271611516669331865e-02
8.253849842809181381e-02
8.225431164632952818e-02
8.197012486456724256e-02
8.168593808280480428e-02
7.955453721958784252e-02
8.239640503721067100e-02
7.973215395818904205e-02
8.232535834177009959e-02
8.204117156000781397e-02
8.079785438979775192e-02
7.982096232748955855e-02
8.125965791016138973e-02
8.028276584785333514e-02
8.239640503721067100e-02
8.211221825544823272e-02
8.182803147368609975e-02
7.930587378554546096e-02
7.859540683113974691e-02
7.902168700378317534e-02
8.246745173265124240e-02
8.218326495088895678e-02
8.019395747855266599e-02
7.948349052414696581e-02
7.880854691746146112e-02
7.891511696062239456e-02
7.934139713326582299e-02
7.976767730590925143e-02
8.037157421715417083e-02
7.966110726274830411e-02
7.895064030834260393e-02
7.880854691746146112e-02
7.923482709010504221e-02
7.859540683113974691e-02
7.859540683113974691e-02
7.983872400134997549e-02
7.912825704694410878e-02
7.870197687430068034e-02
7.912825704694410878e-02
7.859540683113974691e-02
7.859540683113974691e-02
8.001634073995131380e-02
7.930587378554546096e-02
7.859540683113974691e-02
7.902168700378317534e-02
7.859540683113974691e-02
7.859540683113974691e-02
8.019395747855266599e-02
7.948349052414696581e-02
7.877302356974109909e-02
7.891511696062239456e-02
7.859540683113974691e-02
7.859540683113974691e-02
7.859540683113974691e-02
7.876591890019699060e-02
7.895064030834260393e-02
7.859540683113974691e-02
7.859540683113974691e-02
7.859540683113974691e-02
7.859540683113974691e-02
7.859540683113974691e-02
7.912825704694410878e-02
7.859540683113974691e-02
7.859540683113974691e-02
7.859540683113974691e-02
7.859540683113974691e-02
7.859540683113974691e-02
7.710342622688792780e-02
7.859540683113974691e-02
7.859540683113974691e-02
7.859540683113974691e-02
7.859540683113974691e-02
7.859540683113974691e-02
7.673043107582465383e-02
7.822241168007711132e-02
7.859540683113974691e-02
7.859540683113974691e-02
7.859540683113974691e-02
7.468783858190837510e-02
7.529173549315267000e-02
7.784941652901383735e-02
7.859540683113974691e-02
7.859540683113974691e-02
7.859540683113974691e-02
7.859540683113974691e-02
7.859540683113974691e-02
7.694357116214621539e-02
7.859540683113974691e-02
7.859540683113974691e-02
7.859540683113974691e-02
7.198806415516653678e-02
7.859540683113974691e-02
7.639295927248222762e-02
7.859540683113974691e-02
7.859540683113974691e-02
7.859540683113974691e-02
7.333013623203829545e-02
7.363989982415929114e-02
7.584234738281744881e-02
7.804479494147575913e-02
7.859540683113974691e-02
6.943038311930568862e-02
7.205911085060648369e-02
7.308928793449530337e-02
7.529173549315267000e-02
7.749418305181099420e-02
7.859540683113974691e-02
6.877320118647997638e-02
7.140192891778171513e-02
7.253867604483052456e-02
7.474112360348884876e-02
7.694357116214621539e-02
7.859540683113974691e-02
7.859540683113974691e-02
6.978561659650822646e-02
7.198806415516653678e-02
7.419051171382406995e-02
7.639295927248222762e-02
7.859540683113974691e-02
6.745883732082949558e-02
6.923500470684344765e-02
7.143745226550175798e-02
7.363989982415929114e-02
7.584234738281744881e-02
7.804479494147575913e-02
7.715671124846792961e-02
7.859540683113974691e-02
7.088684037583697917e-02
7.308928793449530337e-02
7.529173549315267000e-02
7.667714605424451324e-02
7.763627644269212313e-02
6.813378092751483373e-02
7.033622848617299139e-02
7.253867604483052456e-02
7.474112360348884876e-02
7.571801566579625109e-02
7.811584163691555338e-02
6.811601925365426413e-02
6.831139766611603326e-02
7.198806415516653678e-02
7.419051171382406995e-02
