4.514755095832063692e-01
4.119257681776695157e-01
4.021904472163067013e-01
3.507757833891085864e-01
3.486461819288104169e-01
3.075752966230602681e-01
3.042287800425919064e-01
2.808518405841192167e-01
2.573775479160327340e-01
2.519014298752660919e-01
2.464253118344994498e-01
2.346090660176451403e-01
2.354730757529661378e-01
2.135686035898996804e-01
2.135686035898994584e-01
2.059628840888346468e-01
2.007909948281106360e-01
1.898387587465775739e-01
1.855795558259810407e-01
1.858837846060236998e-01
1.837541831457255304e-01
1.783267417097657015e-01
1.825372680255551994e-01
1.743230909644053195e-01
1.788865226650441786e-01
1.609370246425311235e-01
1.691512017036812254e-01
1.545482202616366707e-01
1.387283236994220070e-01
1.533313051414664507e-01
1.527228475813812714e-01
1.472467295406146293e-01
1.387283236994220070e-01
1.378156373592940021e-01
1.314268329783996325e-01
1.353818071189533123e-01
1.314268329783996325e-01
1.274718588378460915e-01
1.314268329783996325e-01
1.259507149376328794e-01
1.271676300578035435e-01
1.241253422573775911e-01
1.271676300578035435e-01
1.186492242166108380e-01
1.186492242166109351e-01
1.134773349558868272e-01
1.143900212960146379e-01
1.122604198357163713e-01
1.143900212960146379e-01
1.086096744752052395e-01
1.143900212960146379e-01
1.059202920596287317e-01
1.143900212960146379e-01
1.062731974444781763e-01
1.046547003346516846e-01
1.003954974140552625e-01
1.046547003346516846e-01
9.522360815333126560e-02
1.046547003346516846e-01
9.491937937328884245e-02
1.046547003346516846e-01
9.461515059324608623e-02
9.248554913294783353e-02
9.339823547307575524e-02
1.046547003346516846e-01
8.913903255247966617e-02
8.457560085184050169e-02
8.670520231213875439e-02
8.457560085184050169e-02
8.518405841192577821e-02
8.457560085184050169e-02
8.457560085184050169e-02
8.457560085184050169e-02
8.062062671128694680e-02
6.875570428962583802e-02
7.909948281107395673e-02
6.388804380894436141e-02
7.453605111043490328e-02
6.388804380894436141e-02
7.103133556434441942e-02
6.388804380894436141e-02
7.271067843017950394e-02
6.388804380894436141e-02
7.123821113477321609e-02
6.388804380894436141e-02
6.936416184971100352e-02
6.388804380894436141e-02
7.027684818983860604e-02
6.388804380894436141e-02
6.368116823851545372e-02
6.084575600851839516e-02
6.480073014907195006e-02
5.902038332826288480e-02
5.932461210830552306e-02
5.597809552783691855e-02
6.145421356860367862e-02
5.597809552783691855e-02
5.749923942805001270e-02
5.597809552783691855e-02
5.749923942805001270e-02
5.597809552783691855e-02
5.536963796775185714e-02
5.597809552783691855e-02
5.597809552783691855e-02
5.597809552783691855e-02
5.749923942805001270e-02
5.597809552783691855e-02
5.384849406753876994e-02
5.597809552783691855e-02
5.384849406753876994e-02
4.685123212655913777e-02
5.293580772741106333e-02
4.685123212655913777e-02
5.384849406753876994e-02
5.597809552783691855e-02
5.141466382719797612e-02
5.597809552783691855e-02
5.080620626711291471e-02
4.685123212655913777e-02
5.141466382719797612e-02
4.685123212655913777e-02
5.141466382719797612e-02
4.685123212655913777e-02
5.141466382719797612e-02
4.685123212655913777e-02
4.806814724672948264e-02
4.685123212655913777e-02
5.141466382719797612e-02
4.685123212655913777e-02
5.080620626711291471e-02
4.685123212655913777e-02
4.441740188621845498e-02
4.685123212655913777e-02
4.472163066626098915e-02
4.685123212655913777e-02
4.320048676604811705e-02
4.685123212655913777e-02
4.259202920596304870e-02
4.685123212655913777e-02
4.320048676604811705e-02
4.685123212655913777e-02
4.259202920596304870e-02
4.685123212655913777e-02
4.320048676604811705e-02
3.954974140553687428e-02
4.320048676604811705e-02
4.685123212655913777e-02
4.259202920596304870e-02
4.685123212655913777e-02
4.259202920596283359e-02
3.833282628536652942e-02
4.259202920596304870e-02
3.954974140553687428e-02
4.259202920596304870e-02
3.833282628536652942e-02
4.198357164587777218e-02
3.833282628536652942e-02
4.198357164587777218e-02
3.833282628536652942e-02
3.924551262549455521e-02
3.833282628536652942e-02
4.167934286583523801e-02
3.833282628536652942e-02
4.137511408579249567e-02
3.833282628536652942e-02
3.863705506540927870e-02
3.833282628536652942e-02
4.116823851536358103e-02
3.833282628536652942e-02
3.863705506540927870e-02
3.833282628536652942e-02
3.924551262549434011e-02
3.833282628536652942e-02
4.107088530574996149e-02
3.833282628536652942e-02
3.650745360511090803e-02
3.833282628536652942e-02
3.650745360511090803e-02
3.833282628536652942e-02
3.833282628536652942e-02
3.833282628536652942e-02
3.833282628536652942e-02
3.833282628536652942e-02
3.650745360511090803e-02
3.833282628536652942e-02
3.650745360511090803e-02
3.346516580468494872e-02
3.559476726498331245e-02
3.833282628536652942e-02
3.589899604502584662e-02
3.711591116519618455e-02
3.529053848494057011e-02
3.711591116519618455e-02
3.529053848494057011e-02
3.346516580468494872e-02
3.529053848494057011e-02
3.346516580468494872e-02
3.529053848494057011e-02
3.346516580468494872e-02
3.529053848494057011e-02
3.224825068451460386e-02
3.529053848494057011e-02
3.711591116519618455e-02
3.529053848494057011e-02
3.711591116519618455e-02
3.498630970489825104e-02
3.224825068451460386e-02
3.529053848494057011e-02
3.224825068451460386e-02
3.529053848494057011e-02
3.224825068451460386e-02
3.498630970489782083e-02
3.224825068451460386e-02
3.498630970489825104e-02
3.224825068451460386e-02
3.468208092485550176e-02
3.224825068451460386e-02
3.285670824459988038e-02
3.224825068451460386e-02
3.437785214481297452e-02
3.224825068451460386e-02
3.255247946455713803e-02
3.224825068451460386e-02
3.437785214481297452e-02
3.224825068451460386e-02
3.255247946455713803e-02
3.224825068451460386e-02
3.224825068451460386e-02
3.224825068451460386e-02
3.224825068451460386e-02
3.224825068451460386e-02
3.224825068451460386e-02
3.224825068451460386e-02
3.437785214481297452e-02
3.224825068451460386e-02
3.224825068451460386e-02
3.224825068451460386e-02
3.194402190447206968e-02
3.224825068451460386e-02
3.224825068451460386e-02
3.224825068451460386e-02
3.224825068451460386e-02
3.224825068451460386e-02
3.163979312442954245e-02
3.224825068451460386e-02
3.224825068451460386e-02
3.224825068451460386e-02
3.163979312442954245e-02
3.224825068451460386e-02
3.224825068451460386e-02
3.224825068451460386e-02
3.163979312442954245e-02
3.224825068451460386e-02
3.194402190447206968e-02
3.224825068451460386e-02
3.163979312442954245e-02
3.224825068451460386e-02
3.163979312442954245e-02
3.224825068451460386e-02
3.163979312442954245e-02
3.224825068451460386e-02
3.163979312442954245e-02
3.103133556434447757e-02
3.163979312442954245e-02
3.163979312442954245e-02
3.163979312442954245e-02
3.163979312442954245e-02
3.163979312442954245e-02
3.163979312442954245e-02
3.163979312442954245e-02
3.224825068451460386e-02
3.163979312442954245e-02
3.163979312442954245e-02
3.163979312442954245e-02
3.103133556434447757e-02
3.133556434438700827e-02
3.103133556434447757e-02
3.133556434438700827e-02
3.103133556434447757e-02
3.163979312442954245e-02
3.163979312442954245e-02
3.163979312442954245e-02
3.103133556434447757e-02
3.133556434438700827e-02
3.103133556434447757e-02
3.133556434438700827e-02
3.103133556434447757e-02
3.103133556434447757e-02
3.103133556434447757e-02
3.103133556434447757e-02
3.103133556434447757e-02
3.103133556434447757e-02
3.103133556434447757e-02
3.103133556434447757e-02
3.103133556434447757e-02
3.103133556434447757e-02
3.103133556434447757e-02
3.103133556434447757e-02
3.103133556434447757e-02
3.103133556434447757e-02
3.103133556434447757e-02
3.103133556434447757e-02
3.103133556434447757e-02
3.103133556434447757e-02
3.103133556434447757e-02
3.103133556434447757e-02
3.103133556434447757e-02
3.103133556434447757e-02
3.103133556434447757e-02
3.103133556434447757e-02
3.103133556434447757e-02
3.103133556434447757e-02
3.103133556434447757e-02
3.103133556434447757e-02
3.103133556434447757e-02
3.103133556434447757e-02
3.103133556434447757e-02
3.103133556434447757e-02
3.103133556434447757e-02
3.103133556434447757e-02
3.103133556434447757e-02
3.103133556434447757e-02
3.103133556434447757e-02
3.103133556434447757e-02
3.103133556434447757e-02
3.103133556434447757e-02
3.103133556434447757e-02
3.103133556434447757e-02
3.103133556434447757e-02
3.103133556434447757e-02
3.103133556434447757e-02
3.103133556434447757e-02
3.103133556434447757e-02
3.103133556434447757e-02
3.103133556434447757e-02
3.103133556434447757e-02
3.103133556434447757e-02
3.103133556434447757e-02
3.103133556434447757e-02
3.077578338910843050e-02
3.103133556434447757e-02
2.738059020383323480e-02
3.103133556434447757e-02
3.103133556434447757e-02
3.103133556434447757e-02
2.555521752357783200e-02
3.103133556434447757e-02
3.103133556434447757e-02
3.103133556434447757e-02
2.864618192881027842e-02
3.103133556434447757e-02
2.525098874353508271e-02
3.103133556434447757e-02
2.616367508366289341e-02
3.103133556434447757e-02
2.555521752357783200e-02
3.103133556434447757e-02
2.525098874353508271e-02
3.103133556434447757e-02
2.859750532400357620e-02
3.103133556434447757e-02
2.768481898387598408e-02
3.103133556434447757e-02
2.525098874353508271e-02
3.103133556434447757e-02
2.555521752357783200e-02
3.103133556434447757e-02
2.494675996349233690e-02
3.103133556434447757e-02
2.525098874353508271e-02
3.103133556434447757e-02
2.525098874353508271e-02
3.103133556434447757e-02
2.499543656829903565e-02
3.103133556434447757e-02
2.494675996349233690e-02
2.616367508366289341e-02
2.494675996349233690e-02
3.103133556434447757e-02
2.859750532400357620e-02
3.103133556434447757e-02
2.494675996349233690e-02
3.103133556434447757e-02
2.494675996349233690e-02
2.616367508366289341e-02
2.494675996349233690e-02
2.616367508366289341e-02
2.494675996349233690e-02
1.886218436264062645e-02
2.494675996349233690e-02
2.616367508366289341e-02
2.494675996349233690e-02
3.103133556434447757e-02
2.494675996349233690e-02
2.372984484332221061e-02
