4.775523777851680141e-01
4.353175922846689860e-01
4.097106750914531470e-01
3.791153974060523790e-01
3.811107416029265171e-01
3.516727635517126749e-01
3.431992018623211127e-01
3.262387761888925208e-01
3.338875956102426157e-01
3.026272031925506534e-01
3.139341536415033440e-01
2.853874293315598609e-01
2.999667442633853209e-01
2.746923844363152178e-01
2.740272697040240235e-01
2.623877618889258745e-01
2.713668107748588021e-01
2.554040571998670850e-01
2.667110076488192760e-01
2.464250083139342684e-01
2.460924509477885602e-01
2.324575989358164951e-01
2.414366478217491729e-01
2.301296973727969819e-01
2.414366478217491729e-01
2.174925174592616806e-01
2.414366478217491729e-01
2.164948453608246670e-01
2.148320585300963481e-01
2.141669437978051538e-01
2.061855670103092397e-01
1.992018623212503670e-01
2.061855670103092397e-01
1.995344196873959641e-01
1.935483870967740772e-01
1.922181576321914664e-01
1.935483870967740772e-01
1.842367808446956912e-01
1.935483870967740772e-01
1.795809777186564149e-01
1.822414366478216363e-01
1.786365147988025759e-01
1.822414366478216363e-01
1.725972730295975421e-01
1.662786830728300580e-01
1.709344861988691955e-01
1.749251745926171664e-01
1.652810109743930445e-01
1.589624210176255881e-01
1.626205520452278230e-01
1.589624210176255881e-01
1.622879946790822259e-01
1.589624210176255881e-01
1.529763884270037011e-01
1.503159294978384797e-01
1.539740605254407146e-01
1.503159294978384797e-01
1.513136015962752712e-01
1.503159294978384797e-01
1.501429996674425449e-01
1.503159294978384797e-01
1.489857000332557579e-01
1.503159294978384797e-01
1.449950116395077870e-01
1.489857000332556192e-01
1.406717658796142467e-01
1.496508147655471743e-01
1.420019953441969685e-01
1.483205853009643138e-01
1.383438643165947335e-01
1.483205853009643138e-01
1.363485201197204566e-01
1.483205853009643138e-01
1.360159627535748594e-01
1.483205853009643138e-01
1.353508480212834431e-01
1.443298969072164817e-01
1.330229464582640408e-01
1.270369138676421816e-01
1.283671433322247923e-01
1.270369138676421816e-01
1.260392417692051681e-01
1.270369138676421816e-01
1.233787828400398218e-01
1.270369138676421816e-01
1.207183239108747114e-01
1.270369138676421816e-01
1.197738609910209973e-01
1.270369138676421816e-01
1.183904223478549622e-01
1.217159960093116139e-01
1.192151646158960548e-01
1.217159960093116139e-01
1.177253076155636569e-01
1.084137013634852570e-01
1.157299634186896159e-01
1.030927835051546892e-01
1.153974060525440187e-01
1.217159960093116139e-01
1.147322913202528383e-01
1.030927835051546892e-01
1.140671765879614080e-01
1.030927835051546892e-01
1.094113734619222705e-01
1.030927835051546892e-01
1.030927835051546892e-01
1.030927835051546892e-01
1.134020618556699916e-01
1.030927835051546892e-01
1.029198536747587545e-01
1.030927835051546892e-01
1.050881277020286053e-01
1.030927835051546892e-01
1.024276687728633839e-01
1.030927835051546892e-01
1.017625540405720785e-01
1.017625540405719536e-01
1.014299966744262455e-01
1.010974393082806483e-01
1.020951114067176618e-01
1.010974393082806483e-01
1.014299966744262455e-01
1.010974393082806483e-01
1.014299966744262455e-01
1.010974393082806483e-01
1.000997672098437458e-01
1.010974393082806483e-01
1.010974393082806483e-01
1.010974393082806483e-01
9.943465247755244041e-02
1.010974393082806483e-01
9.743930828067841332e-02
1.010974393082806483e-01
9.511140671765877519e-02
1.010974393082806483e-01
9.511140671765877519e-02
1.010974393082806483e-01
9.511140671765877519e-02
1.010974393082806483e-01
9.444629198536746983e-02
1.010974393082806483e-01
9.511140671765877519e-02
1.010974393082806483e-01
9.411373461922187267e-02
1.010974393082806483e-01
9.444629198536746983e-02
1.010974393082806483e-01
9.444629198536746983e-02
9.245094778849355377e-02
9.411373461922187267e-02
1.010974393082806483e-01
9.411373461922187267e-02
8.713002993016298603e-02
9.145327569005654023e-02
8.713002993016298603e-02
9.089457931493170884e-02
9.245094778849355377e-02
9.411373461922187267e-02
8.713002993016298603e-02
9.078816095776522099e-02
8.713002993016298603e-02
9.344861988693056731e-02
8.713002993016298603e-02
9.078816095776522099e-02
8.713002993016298603e-02
8.446957100099763971e-02
8.713002993016298603e-02
8.995011639507799472e-02
8.713002993016298603e-02
8.413701363485204254e-02
8.713002993016298603e-02
8.081143997339540475e-02
8.713002993016298603e-02
8.047888260724980758e-02
8.713002993016298603e-02
8.047888260724980758e-02
8.713002993016298603e-02
7.914865314266707197e-02
8.713002993016298603e-02
8.047888260724980758e-02
8.713002993016298603e-02
8.047888260724980758e-02
8.713002993016298603e-02
8.713002993016298603e-02
8.579980046558037532e-02
8.047888260724980758e-02
8.713002993016298603e-02
7.981376787495837732e-02
8.579980046558037532e-02
7.715330894579315590e-02
8.579980046558037532e-02
7.715330894579315590e-02
6.850681742600593649e-02
7.981376787495850222e-02
8.579980046558037532e-02
7.715330894579315590e-02
6.850681742600593649e-02
7.715330894579315590e-02
6.717658796142332578e-02
7.648819421350185055e-02
6.850681742600593649e-02
7.715330894579315590e-02
6.717658796142332578e-02
7.648819421350185055e-02
6.717658796142332578e-02
7.715330894579315590e-02
6.717658796142332578e-02
7.648819421350185055e-02
6.717658796142332578e-02
7.715330894579304488e-02
6.717658796142332578e-02
6.784170269371463113e-02
6.717658796142332578e-02
7.582307948121054519e-02
6.717658796142332578e-02
7.715330894579315590e-02
6.717658796142332578e-02
7.382773528433650423e-02
6.717658796142332578e-02
6.717658796142332578e-02
6.717658796142332578e-02
6.717658796142332578e-02
6.717658796142332578e-02
6.717658796142332578e-02
6.717658796142332578e-02
6.717658796142332578e-02
6.717658796142332578e-02
6.717658796142332578e-02
6.717658796142332578e-02
6.717658796142332578e-02
6.717658796142332578e-02
7.382773528433650423e-02
6.717658796142332578e-02
6.717658796142332578e-02
6.717658796142332578e-02
6.551380113069500688e-02
6.717658796142332578e-02
6.717658796142332578e-02
6.717658796142332578e-02
6.717658796142332578e-02
6.717658796142332578e-02
6.551380113069500688e-02
6.717658796142332578e-02
6.551380113069500688e-02
6.717658796142332578e-02
6.551380113069500688e-02
6.717658796142332578e-02
6.484868639840370153e-02
6.717658796142332578e-02
6.484868639840370153e-02
6.717658796142332578e-02
6.551380113069500688e-02
6.717658796142332578e-02
6.418357166611239617e-02
6.717658796142332578e-02
6.418357166611239617e-02
6.717658796142332578e-02
6.484868639840370153e-02
6.717658796142332578e-02
6.484868639840370153e-02
6.717658796142332578e-02
6.418357166611239617e-02
6.717658796142332578e-02
6.418357166611239617e-02
6.252078483538406339e-02
6.418357166611239617e-02
6.717658796142332578e-02
6.418357166611239617e-02
6.717658796142332578e-02
6.418357166611239617e-02
6.252078483538406339e-02
6.418357166611239617e-02
6.119055537080145962e-02
6.418357166611239617e-02
6.119055537080145962e-02
6.418357166611239617e-02
6.584635849684071507e-02
6.418357166611239617e-02
6.252078483538406339e-02
6.418357166611239617e-02
6.119055537080145962e-02
6.418357166611239617e-02
6.119055537080145962e-02
6.418357166611239617e-02
6.119055537080145962e-02
6.218822746923835521e-02
6.119055537080145962e-02
6.152311273694704985e-02
6.119055537080145962e-02
6.351845693382109082e-02
6.119055537080145962e-02
6.152311273694704985e-02
6.119055537080145962e-02
6.218822746923835521e-02
6.119055537080145962e-02
6.152311273694704985e-02
6.119055537080145962e-02
6.119055537080145962e-02
6.119055537080145962e-02
6.119055537080145962e-02
6.119055537080145962e-02
6.119055537080145962e-02
6.119055537080145962e-02
6.119055537080145962e-02
6.119055537080145962e-02
6.119055537080145962e-02
6.119055537080145962e-02
6.119055537080145962e-02
6.119055537080145962e-02
6.119055537080145962e-02
6.119055537080145962e-02
6.119055537080145962e-02
6.119055537080145962e-02
6.119055537080145962e-02
6.119055537080145962e-02
6.119055537080145962e-02
6.119055537080145962e-02
6.119055537080145962e-02
6.119055537080145962e-02
6.119055537080145962e-02
6.119055537080145962e-02
6.119055537080145962e-02
6.119055537080145962e-02
6.119055537080145962e-02
6.119055537080145962e-02
6.119055537080145962e-02
6.119055537080145962e-02
6.119055537080145962e-02
6.119055537080145962e-02
6.119055537080145962e-02
6.119055537080145962e-02
6.119055537080145962e-02
6.119055537080145962e-02
6.119055537080145962e-02
6.119055537080145962e-02
6.119055537080145962e-02
6.119055537080145962e-02
6.119055537080145962e-02
6.119055537080145962e-02
6.119055537080145962e-02
6.119055537080145962e-02
6.119055537080145962e-02
6.119055537080145962e-02
6.119055537080145962e-02
6.119055537080145962e-02
6.119055537080145962e-02
6.119055537080145962e-02
5.986032590621873095e-02
6.119055537080145962e-02
5.786498170934468999e-02
6.119055537080145962e-02
5.919521117392753662e-02
6.119055537080145962e-02
6.119055537080145962e-02
6.119055537080145962e-02
6.119055537080145962e-02
6.119055537080145962e-02
5.986032590621873095e-02
6.119055537080145962e-02
5.719986697705350259e-02
6.119055537080145962e-02
5.919521117392741866e-02
6.119055537080145962e-02
5.886265380778171047e-02
6.119055537080145962e-02
5.719986697705350259e-02
6.119055537080145962e-02
5.719986697705350259e-02
6.119055537080145962e-02
6.119055537080145962e-02
6.119055537080145962e-02
5.719986697705350259e-02
6.119055537080145962e-02
5.719986697705350259e-02
6.119055537080145962e-02
5.719986697705350259e-02
6.119055537080145962e-02
5.919521117392753662e-02
6.119055537080145962e-02
5.719986697705350259e-02
5.719986697705350259e-02
5.719986697705350259e-02
5.719986697705350259e-02
5.719986697705350259e-02
5.719986697705350259e-02
5.719986697705350259e-02
5.719986697705350259e-02
5.719986697705350259e-02
5.719986697705350259e-02
5.719986697705350259e-02
5.719986697705350259e-02
5.719986697705350259e-02
5.320917858330554556e-02
5.719986697705350259e-02
5.719986697705350259e-02
