4.261501210653753091e-01
3.919612590799029794e-01
3.542026980283638493e-01
3.306814251124179371e-01
3.113109650639916959e-01
2.933241093047387338e-01
2.781044621238326631e-01
2.736630923555861683e-01
2.615012106537529801e-01
2.514700795572465952e-01
2.483569699066066894e-01
2.383258388101003322e-01
2.462815634728467984e-01
2.252369422345209815e-01
2.393635420269802083e-01
2.203389830508474811e-01
2.352127291594604264e-01
2.099619508820477487e-01
2.178069872016580311e-01
1.988931165686613489e-01
2.082324455205810942e-01
1.916291940505015223e-01
1.943964026288481917e-01
1.923209961950882729e-01
1.943964026288481917e-01
1.798685575925286217e-01
1.840193704600484315e-01
1.729505361466620594e-01
1.694915254237287505e-01
1.705292286406087654e-01
1.549636803874090973e-01
1.622276029055689239e-01
1.549636803874090973e-01
1.578415773088895913e-01
1.521964718090625668e-01
1.526530612244896556e-01
1.521964718090625668e-01
1.483915600138360213e-01
1.521964718090625668e-01
1.445866482186094759e-01
1.411276374956763058e-01
1.383604289173296364e-01
1.411276374956763058e-01
1.352473192666897306e-01
1.411276374956763058e-01
1.321342096160496860e-01
1.182981667243169083e-01
1.304600484261502213e-01
1.182981667243169083e-01
1.279833967485297652e-01
1.182981667243169083e-01
1.241784849533034696e-01
1.141473538567969737e-01
1.228502248356970056e-01
1.120719474230369578e-01
1.203735731580766882e-01
1.120719474230369578e-01
1.131096506399169727e-01
1.120719474230369578e-01
1.144932549290903628e-01
1.120719474230369578e-01
1.131096506399169727e-01
1.093047388446904272e-01
1.131096506399169727e-01
1.093047388446904272e-01
1.099965409892770529e-01
1.079211345555171619e-01
1.106883431338638174e-01
1.079211345555171619e-01
1.082670356278105372e-01
1.079211345555171619e-01
1.079211345555171619e-01
1.079211345555171619e-01
1.075752334832237728e-01
1.079211345555171619e-01
1.068834313386371471e-01
1.051539259771704926e-01
1.061916291940505075e-01
1.044621238325838669e-01
1.054998270494637569e-01
1.051539259771704926e-01
1.054998270494637569e-01
1.044621238325838669e-01
1.058457281217572571e-01
1.044621238325838669e-01
1.044621238325838669e-01
1.044621238325838669e-01
1.044621238325838669e-01
1.044621238325838669e-01
1.044621238325838669e-01
1.044621238325838669e-01
1.034244206157039769e-01
1.044621238325838669e-01
1.034244206157039769e-01
1.030785195434106016e-01
1.034244206157039769e-01
1.044621238325838669e-01
1.030785195434104767e-01
1.030785195434106016e-01
1.020408163265307117e-01
1.030785195434106016e-01
1.014043583535108733e-01
1.030785195434106016e-01
1.010031131096505719e-01
1.030785195434106016e-01
1.016949152542373364e-01
1.030785195434106016e-01
1.013490141819439472e-01
1.030785195434106016e-01
1.010031131096505719e-01
1.030785195434106016e-01
1.010031131096505719e-01
9.961950882047730660e-02
9.961950882047730660e-02
1.023867173988239621e-01
1.006572120373573215e-01
1.023867173988239621e-01
9.892770667589068090e-02
9.892770667589068090e-02
9.892770667589068090e-02
9.892770667589068090e-02
9.858180560359741662e-02
9.892770667589068090e-02
9.858180560359741662e-02
9.892770667589068090e-02
9.546869595295738586e-02
9.892770667589068090e-02
9.373919059149074529e-02
9.892770667589068090e-02
9.650639916983740074e-02
9.892770667589068090e-02
9.315807679003783315e-02
9.892770667589068090e-02
9.235558630231759103e-02
9.892770667589068090e-02
9.270148737461085531e-02
9.892770667589068090e-02
9.270148737461085531e-02
9.892770667589068090e-02
9.062608094085095045e-02
9.892770667589068090e-02
9.097198201314420085e-02
9.892770667589068090e-02
9.102732618471125192e-02
9.892770667589068090e-02
9.062608094085095045e-02
9.892770667589068090e-02
9.062608094085095045e-02
8.785887236250429499e-02
9.062608094085095045e-02
8.785887236250429499e-02
9.028017986855757515e-02
9.339328951919748101e-02
9.028017986855757515e-02
8.232445520581110898e-02
9.062608094085095045e-02
8.785887236250429499e-02
8.958837772397081067e-02
8.232445520581110898e-02
8.993427879626419985e-02
8.232445520581110898e-02
8.578346592874439014e-02
8.232445520581110898e-02
8.751297129021091969e-02
8.232445520581110898e-02
8.785887236250429499e-02
8.232445520581110898e-02
8.578346592874439014e-02
8.232445520581110898e-02
8.578346592874439014e-02
8.232445520581110898e-02
8.232445520581110898e-02
8.232445520581110898e-02
8.336215842269110998e-02
8.232445520581110898e-02
8.232445520581110898e-02
8.232445520581110898e-02
8.232445520581110898e-02
8.232445520581110898e-02
8.163265306122446940e-02
8.232445520581110898e-02
8.163265306122446940e-02
8.232445520581110898e-02
8.163265306122446940e-02
8.232445520581110898e-02
8.163265306122446940e-02
8.232445520581110898e-02
7.955724662746443965e-02
8.232445520581110898e-02
7.955724662746443965e-02
8.232445520581110898e-02
8.163265306122446940e-02
7.817364233829117437e-02
7.955724662746443965e-02
8.094085091663782983e-02
7.955724662746443965e-02
7.817364233829117437e-02
7.955724662746443965e-02
8.094085091663782983e-02
7.955724662746443965e-02
8.094085091663782983e-02
7.955724662746443965e-02
8.232445520581110898e-02
7.955724662746443965e-02
7.679003804911790909e-02
7.886544448287781395e-02
7.679003804911790909e-02
7.955724662746443965e-02
7.679003804911790909e-02
7.886544448287781395e-02
7.679003804911790909e-02
7.886544448287781395e-02
7.679003804911790909e-02
7.886544448287781395e-02
7.679003804911790909e-02
7.886544448287781395e-02
7.679003804911790909e-02
7.886544448287781395e-02
7.679003804911790909e-02
7.679003804911790909e-02
7.679003804911790909e-02
7.886544448287781395e-02
7.679003804911790909e-02
7.886544448287781395e-02
7.679003804911790909e-02
7.609823590453115849e-02
7.679003804911790909e-02
7.402282947077125363e-02
7.679003804911790909e-02
7.679003804911790909e-02
7.679003804911790909e-02
7.493600830162559789e-02
7.679003804911790909e-02
7.679003804911790909e-02
7.679003804911790909e-02
7.402282947077125363e-02
7.679003804911790909e-02
7.679003804911790909e-02
7.679003804911790909e-02
7.679003804911790909e-02
7.679003804911790909e-02
7.090971982013147268e-02
7.679003804911790909e-02
7.090971982013147268e-02
7.679003804911790909e-02
7.090971982013147268e-02
7.679003804911790909e-02
7.021791767554470820e-02
7.679003804911790909e-02
7.021791767554470820e-02
7.679003804911790909e-02
7.021791767554470820e-02
7.679003804911790909e-02
7.021791767554470820e-02
7.679003804911790909e-02
7.021791767554470820e-02
7.679003804911790909e-02
7.021791767554470820e-02
7.679003804911790909e-02
7.021791767554470820e-02
7.679003804911790909e-02
7.021791767554470820e-02
7.679003804911790909e-02
7.021791767554470820e-02
7.679003804911790909e-02
7.021791767554470820e-02
7.679003804911790909e-02
7.021791767554470820e-02
7.679003804911790909e-02
7.021791767554470820e-02
6.364579730197163221e-02
7.021791767554470820e-02
7.679003804911790909e-02
7.021791767554470820e-02
6.364579730197163221e-02
7.021791767554470820e-02
6.364579730197163221e-02
7.021791767554470820e-02
6.364579730197163221e-02
6.952611553095808250e-02
6.364579730197163221e-02
6.952611553095808250e-02
6.364579730197163221e-02
7.021791767554470820e-02
6.364579730197163221e-02
6.952611553095808250e-02
6.364579730197163221e-02
7.021791767554470820e-02
6.364579730197163221e-02
6.952611553095808250e-02
6.364579730197163221e-02
6.952611553095808250e-02
6.364579730197163221e-02
7.021791767554470820e-02
6.364579730197163221e-02
7.021791767554470820e-02
6.364579730197163221e-02
6.859910065721191996e-02
6.364579730197163221e-02
7.021791767554470820e-02
6.364579730197163221e-02
6.952611553095808250e-02
6.364579730197163221e-02
6.364579730197163221e-02
6.364579730197163221e-02
6.364579730197163221e-02
6.364579730197163221e-02
6.364579730197163221e-02
6.364579730197163221e-02
6.364579730197163221e-02
6.364579730197163221e-02
6.952611553095808250e-02
6.364579730197163221e-02
6.364579730197163221e-02
6.364579730197163221e-02
6.364579730197163221e-02
6.364579730197163221e-02
6.364579730197163221e-02
6.364579730197163221e-02
6.364579730197163221e-02
6.364579730197163221e-02
6.364579730197163221e-02
6.364579730197163221e-02
6.364579730197163221e-02
6.364579730197163221e-02
6.364579730197163221e-02
6.364579730197163221e-02
6.364579730197163221e-02
6.364579730197163221e-02
6.364579730197163221e-02
6.364579730197163221e-02
6.364579730197163221e-02
6.364579730197163221e-02
6.364579730197163221e-02
6.364579730197163221e-02
6.364579730197163221e-02
6.364579730197163221e-02
6.364579730197163221e-02
6.364579730197163221e-02
6.364579730197163221e-02
6.364579730197163221e-02
6.295399515738486773e-02
6.364579730197163221e-02
6.364579730197163221e-02
6.364579730197163221e-02
6.364579730197163221e-02
6.364579730197163221e-02
6.364579730197163221e-02
6.364579730197163221e-02
6.364579730197163221e-02
6.364579730197163221e-02
6.364579730197163221e-02
6.364579730197163221e-02
6.364579730197163221e-02
6.364579730197163221e-02
6.364579730197163221e-02
6.364579730197163221e-02
6.364579730197163221e-02
6.364579730197163221e-02
6.364579730197163221e-02
6.364579730197163221e-02
6.364579730197163221e-02
6.364579730197163221e-02
6.364579730197163221e-02
6.364579730197163221e-02
6.295399515738486773e-02
6.364579730197163221e-02
6.295399515738486773e-02
6.364579730197163221e-02
6.295399515738486773e-02
6.364579730197163221e-02
6.295399515738486773e-02
6.364579730197163221e-02
6.295399515738486773e-02
6.364579730197163221e-02
6.295399515738486773e-02
6.364579730197163221e-02
6.295399515738486773e-02
6.226219301279824203e-02
6.295399515738486773e-02
6.364579730197163221e-02
6.295399515738486773e-02
6.248356969906582181e-02
6.295399515738486773e-02
6.226219301279824203e-02
6.295399515738486773e-02
6.248356969906582181e-02
6.295399515738486773e-02
6.364579730197163221e-02
6.295399515738486773e-02
6.364579730197163221e-02
6.295399515738486773e-02
6.226219301279824203e-02
6.295399515738486773e-02
6.364579730197163221e-02
