4.700382963908553147e-01
4.322850179876986942e-01
4.233878766778850222e-01
3.783652469923795558e-01
3.528869289389192088e-01
3.251711732621561657e-01
3.108196974971955129e-01
2.962020811574021528e-01
2.956945572705118597e-01
3.104328652663341237e-01
2.819202351939963380e-01
2.632393331012339854e-01
2.507833352674944671e-01
2.432927159490930469e-01
2.460639820509844811e-01
2.425824919732312290e-01
2.337704537542068250e-01
2.156202854821863690e-01
2.138408572202234181e-01
2.091215040037134321e-01
2.030869212022745618e-01
2.021198406251208946e-01
1.872654829600403359e-01
1.825322037832194377e-01
1.795087230668057920e-01
1.820076592781709746e-01
1.686588526556030976e-01
1.605802483462923369e-01
1.500676956404004003e-01
1.580596495299989579e-01
1.528760976364552659e-01
1.516382344976985042e-01
1.479633283045142800e-01
1.373254419558237738e-01
1.326447719623999877e-01
1.396077521179064918e-01
1.390661869947004692e-01
1.321805732853662818e-01
1.269583381687361678e-01
1.259525743684962729e-01
1.252562763529458667e-01
1.233994816448106407e-01
1.242891957757920190e-01
1.225097675138292624e-01
1.169007001663378842e-01
1.158949363660979892e-01
1.121813469498278842e-01
1.145023403349966495e-01
1.158175699199257003e-01
1.137286758732736214e-01
1.129163281884646985e-01
1.112142663726742170e-01
1.120374453599475711e-01
1.116010986035356478e-01
1.106727012494678614e-01
1.086611736489884183e-01
1.092801052183668825e-01
1.076940930718347511e-01
1.109048005879848947e-01
1.080422420796099542e-01
1.068430621639394201e-01
1.065722796023363395e-01
1.057212486944410085e-01
1.060693977022163920e-01
1.055278325790103833e-01
1.009245290317589000e-01
1.013500444857063920e-01
1.035163049785307599e-01
1.038257707632199017e-01
1.027426405168077178e-01
1.005763800239835304e-01
1.005763800239835304e-01
1.002467989632895157e-01
9.728830606166126438e-02
1.005763800239835304e-01
9.918378399288219072e-02
1.004139104870218485e-01
1.009632122548449612e-01
9.953193300065757421e-02
9.573324049359790977e-02
9.674674093845490874e-02
9.535414490735358295e-02
9.744303895400566184e-02
9.995744845460523276e-02
9.918378399288219072e-02
9.353603342230476514e-02
9.303315152218481765e-02
9.527677846118129401e-02
9.322656763761560939e-02
9.616649259216267231e-02
9.349735019921835699e-02
9.187265482960034479e-02
8.997717689837907151e-02
9.233685350663423108e-02
8.939692855208700162e-02
8.757881706703800340e-02
9.380681598390767928e-02
8.928087888282848494e-02
8.974507755986220470e-02
8.668910293605662509e-02
8.823643185950236223e-02
8.665041971297039736e-02
8.556728946655821344e-02
8.928087888282831841e-02
8.812038219024401209e-02
8.614753781285044987e-02
8.568333913581673011e-02
8.626358748210896654e-02
8.502572434335220475e-02
8.510309078952449369e-02
8.475494178174912407e-02
8.626358748210880001e-02
8.661173648988416962e-02
8.413601021237082644e-02
8.518045723569678263e-02
8.444547599705996832e-02
8.278209740435572839e-02
8.105837298363689769e-02
8.378786120459545683e-02
8.630227070519502774e-02
8.506440756643843248e-02
8.413601021237082644e-02
8.289814707361406465e-02
8.231789872732184210e-02
8.309156318904487026e-02
8.169896715794354447e-02
8.316892963521715920e-02
8.436810955088769326e-02
8.309156318904487026e-02
8.169896715794354447e-02
7.910719121117168462e-02
8.297551351978635359e-02
7.988085567289454625e-02
8.343971219682025375e-02
8.212448261189103649e-02
8.169896715794371100e-02
7.891377509574105942e-02
7.798537774167343950e-02
8.239526517349411716e-02
7.694093071834749720e-02
8.313024641213093147e-02
8.026768790375599094e-02
7.914587443425791236e-02
7.821747708019030632e-02
7.821747708019030632e-02
8.123476848090982472e-02
8.123476848090982472e-02
8.046110401918678268e-02
7.411705543305860400e-02
7.705698038760583346e-02
7.566438435650450767e-02
7.601253336427987728e-02
7.322734130207722569e-02
7.287919229430202261e-02
7.584696916947104850e-02
7.504545278712621004e-02
7.543228501798764085e-02
7.461993733317855149e-02
7.276314262504350594e-02
7.276314262504350594e-02
7.253104328652663912e-02
7.639936559514130809e-02
7.543228501798764085e-02
7.334339097133574237e-02
7.392363931762779838e-02
7.933929054968871797e-02
7.272445940195744474e-02
6.986190089358232380e-02
7.125449692468364959e-02
7.345944064059424516e-02
7.299524196356035888e-02
7.253104328652663912e-02
7.253104328652663912e-02
6.982321767049626260e-02
7.090634791690844652e-02
7.357549030985259531e-02
7.253104328652663912e-02
7.201114076824881305e-02
7.253104328652663912e-02
6.835325519322264787e-02
6.928165254729026779e-02
6.904955320877340097e-02
7.113844725542531333e-02
6.742485783915504183e-02
7.121581370159760227e-02
6.881745387025636762e-02
6.904955320877340097e-02
6.997795056284084048e-02
7.009400023209935715e-02
7.067424857839141317e-02
6.707670883137983875e-02
6.846930486248116454e-02
6.846930486248099801e-02
6.398205098448803141e-02
6.974585122432398754e-02
6.835325519322264787e-02
6.672855982360445526e-02
6.765695717767207518e-02
6.858535453173951468e-02
6.800510618544744479e-02
6.672855982360445526e-02
6.730880816989669169e-02
6.707670883137983875e-02
6.545201346176147961e-02
6.514254767707232385e-02
6.692197593903526087e-02
6.672855982360445526e-02
6.672855982360445526e-02
6.649646048508760232e-02
6.587752891570913816e-02
6.417546709991865661e-02
6.556806313102016281e-02
6.672855982360445526e-02
6.672855982360445526e-02
6.672855982360445526e-02
6.630304436965679671e-02
6.344048586128185618e-02
6.081002669142393513e-02
6.672855982360445526e-02
6.111949247611308395e-02
6.672855982360445526e-02
6.672855982360445526e-02
6.409810065374638155e-02
6.146764148388846050e-02
6.336311941510956725e-02
6.247340528412818200e-02
6.672855982360445526e-02
6.661251015434595246e-02
6.475571544621089304e-02
6.212525627635281239e-02
5.949479710649489828e-02
6.034582801439004884e-02
5.562647479788022237e-02
6.649646048508760232e-02
6.541333023867541840e-02
6.278287106881733082e-02
6.015241189895941670e-02
5.638776062821533597e-02
5.407914587443431870e-02
5.295733240493590704e-02
6.607094503113994377e-02
6.344048586128185618e-02
6.081002669142393513e-02
5.678697149046452175e-02
5.740590305984298591e-02
5.384704653591728535e-02
6.672855982360445526e-02
6.409810065374638155e-02
5.949479710649489828e-02
5.732853661367069698e-02
5.516227612084632914e-02
5.473676066689867059e-02
5.055897257359485281e-02
6.429151676917717328e-02
6.166105759931909264e-02
5.787010173687670567e-02
5.570384124405233783e-02
5.353758075122831694e-02
5.082975513519776695e-02
4.808324629608133616e-02
5.964952999883946921e-02
5.841166686008288089e-02
5.624540636725851306e-02
5.392441298208974776e-02
4.935979265792432569e-02
5.028819001199176519e-02
6.034582801439022232e-02
5.895323198328888958e-02
5.527832579010484582e-02
5.264786662024675823e-02
5.001740745038867758e-02
4.738694828053075653e-02
4.785114695756447628e-02
5.825693396773813648e-02
5.593594058256937118e-02
5.330548141271128360e-02
5.067502224285319601e-02
4.804456307299528189e-02
6.173842404549154811e-02
5.895323198328888958e-02
5.616803992108623106e-02
5.570384124405233783e-02
5.133263703531788791e-02
4.870217786545980032e-02
4.761904761904761640e-02
5.964952999883946921e-02
5.841166686008288089e-02
5.462071099764032739e-02
5.199025182778241327e-02
4.935979265792432569e-02
4.750299794978927320e-02
4.796719662682299296e-02
4.843139530385671271e-02
5.326679818962522239e-02
5.264786662024675823e-02
5.001740745038867758e-02
4.738694828053075653e-02
4.785114695756447628e-02
4.738694828053075653e-02
5.407914587443431870e-02
5.082975513519794042e-02
5.067502224285319601e-02
4.804456307299528189e-02
4.773509728830613308e-02
4.738694828053075653e-02
4.738694828053075653e-02
5.396309620517580202e-02
5.133263703531788791e-02
4.870217786545980032e-02
4.738694828053075653e-02
4.738694828053075653e-02
4.738694828053075653e-02
4.738694828053075653e-02
4.920505976557974781e-02
4.750299794978927320e-02
4.750299794978927320e-02
4.738694828053075653e-02
4.738694828053075653e-02
4.738694828053075653e-02
4.738694828053075653e-02
4.734826505744470226e-02
4.738694828053075653e-02
4.738694828053075653e-02
4.738694828053075653e-02
4.738694828053075653e-02
4.738694828053075653e-02
4.758036439596138867e-02
4.676801671115246584e-02
4.738694828053075653e-02
4.738694828053075653e-02
4.738694828053075653e-02
4.738694828053075653e-02
4.367335886426049196e-02
4.614908514177400167e-02
4.738694828053075653e-02
4.738694828053075653e-02
4.738694828053075653e-02
4.220339638698704376e-02
4.460175621832809800e-02
4.553015357239571098e-02
4.738694828053075653e-02
4.738694828053075653e-02
4.738694828053075653e-02
4.738694828053075653e-02
4.388843758461946631e-02
4.754168117287533440e-02
4.738694828053075653e-02
4.738694828053075653e-02
4.738694828053075653e-02
4.738694828053075653e-02
4.181656415612543948e-02
4.429229043363895613e-02
4.676801671115246584e-02
4.738694828053075653e-02
4.738694828053075653e-02
4.738694828053075653e-02
4.293837762562385113e-02
4.367335886426049196e-02
4.614908514177400167e-02
4.738694828053075653e-02
4.738694828053075653e-02
3.810297473985534145e-02
4.057870101736885809e-02
4.305442729488219433e-02
4.553015357239571098e-02
4.723221538818618559e-02
4.738694828053075653e-02
3.748404317047705075e-02
3.995976944799038699e-02
4.243549572550390364e-02
4.491122200301742029e-02
4.738694828053075653e-02
3.578198135468656921e-02
4.738694828053075653e-02
3.934083787861209630e-02
4.181656415612543948e-02
4.429229043363895613e-02
4.676801671115246584e-02
3.411860276198215580e-02
3.705852771652938527e-02
3.872190630923363214e-02
4.119763258674714879e-02
4.367335886426049196e-02
4.614908514177400167e-02
4.707748249584161465e-02
3.562724846234199827e-02
3.810297473985534145e-02
4.057870101736885809e-02
4.305442729488219433e-02
4.553015357239571098e-02
4.723221538818618559e-02
3.558856523925577053e-02
3.748404317047705075e-02
3.995976944799038699e-02
4.243549572550390364e-02
