4.962155138810687705e-01
4.725193815236690131e-01
4.451608991294554452e-01
4.122742431460867940e-01
3.726432500324830532e-01
3.442175927931050428e-01
3.324093724284291618e-01
3.159946294772402742e-01
3.108683788817186988e-01
3.241803456191259536e-01
2.932998397505305888e-01
2.782277274892803742e-01
2.648880419247261475e-01
2.636320325696218103e-01
2.564857724457532129e-01
2.291203603447530823e-01
2.356100307505736846e-01
2.260695569318722786e-01
2.182424531162024395e-01
2.166451557018493068e-01
2.101433583091514845e-01
2.013946034908397353e-01
1.971068474165186268e-01
1.982762354367879898e-01
1.926891593399452651e-01
1.882021741955044181e-01
1.875351899172765513e-01
1.832041231755379695e-01
1.696911949413140164e-01
1.768374550651826138e-01
1.721165923166876888e-01
1.665295162198449919e-01
1.661830308805057332e-01
1.606825761184979828e-01
1.586469747498808203e-01
1.582138680757070315e-01
1.587335960847156002e-01
1.579522716445060093e-01
1.544458400103944917e-01
1.560916453722551167e-01
1.554679717614445289e-01
1.528866559833687855e-01
1.464333665381782890e-01
1.482524145697084461e-01
1.492052492528909979e-01
1.463900558707608157e-01
1.429252024773702001e-01
1.419290571267701750e-01
1.393737277491446658e-01
1.406297371042487809e-01
1.386374464030490916e-01
1.405431157694140010e-01
1.423621638009441859e-01
1.359521850231711348e-01
1.357789423535014361e-01
1.338299623197192201e-01
1.362120490276754192e-01
1.345229329983973210e-01
1.369916410411884666e-01
1.333535449781283466e-01
1.311880116072589308e-01
1.275499155441986165e-01
1.314045649443457420e-01
1.323573996275280995e-01
1.330503703062063947e-01
1.286326822296332273e-01
1.279830222183724331e-01
1.236086448092165585e-01
1.205768980899995652e-01
1.250812075014076652e-01
1.267270128632681236e-01
1.277664688812854277e-01
1.249945861665727187e-01
1.203638096063060492e-01
1.172419766988608142e-01
1.266663779288837721e-01
1.264671488587638393e-01
1.275066048767811433e-01
1.249079648317379526e-01
1.216163541080168831e-01
1.154662393347479360e-01
1.121746286110268526e-01
1.080601152063752624e-01
1.248213434969032004e-01
1.210966260990081200e-01
1.171120446966087691e-01
1.152063753302438459e-01
1.110918619255922557e-01
1.062410671748451052e-01
1.039456018017236721e-01
1.204469660877473258e-01
1.175884620382000451e-01
1.150331326605741333e-01
1.088830178873055748e-01
1.053748538264974999e-01
1.023864177746979798e-01
1.212698687686776383e-01
1.174585300359478057e-01
1.145134046515655785e-01
1.093161245614793775e-01
1.044653298107324213e-01
1.019966217679414699e-01
9.714582701719431945e-02
1.176317727056173240e-01
1.108995625622589271e-01
1.078868725367055498e-01
1.017800684308544645e-01
9.883494304647223727e-02
9.675603101043799004e-02
9.389752696089051498e-02
1.062843778422623842e-01
1.022131751050280729e-01
1.029927671185413007e-01
9.978777772965478909e-02
9.601974966434242975e-02
9.350773095413381086e-02
9.398414829572528106e-02
1.014768937589327069e-01
9.770886569362015328e-02
9.731906968686383774e-02
9.640954567109875917e-02
9.311793494737748145e-02
9.381090562605556848e-02
7.891203603447545512e-02
8.575512148642208676e-02
9.212178959677763679e-02
9.181861492485587917e-02
9.203516826194288458e-02
9.298800294512524212e-02
7.713629867036257692e-02
8.090432673567513056e-02
8.921997487981288277e-02
8.844038286629984924e-02
9.203516826194288458e-02
9.294469227770796316e-02
7.570704664558892960e-02
7.752609467711908675e-02
8.220364675819653855e-02
8.584174282125685285e-02
8.973970288882143764e-02
6.834423318463354879e-02
7.297847459829349959e-02
7.609684265234525902e-02
8.008142405474462378e-02
8.410931612456144790e-02
8.861362553596936753e-02
6.713153449694671260e-02
7.024990255099826386e-02
7.510069730174560865e-02
7.908527870414497341e-02
8.229026809303129075e-02
8.510546147516129256e-02
6.704491316211194651e-02
6.916713586556386129e-02
7.323833860279797825e-02
7.808913335354493446e-02
8.120750140759669389e-02
6.630863181601638623e-02
6.695829182727718043e-02
6.812767984754654338e-02
7.167915457577210547e-02
7.579366798042369568e-02
6.652518515310339164e-02
6.635194248343385948e-02
6.591883580926005681e-02
6.617869981376434119e-02
6.951362120490270358e-02
6.604876781151210186e-02
6.607648663865926808e-02
6.639525315085115231e-02
6.552903980250354699e-02
6.604876781151210186e-02
6.726146649919875764e-02
7.068300922517226081e-02
6.661180648793814385e-02
6.526917579799906832e-02
6.583221447442530461e-02
6.591883580926005681e-02
6.661180648793794956e-02
6.604876781151210186e-02
6.483606912382526566e-02
6.518255446316431612e-02
6.578890380700783136e-02
6.500931179349479783e-02
6.604876781151210186e-02
6.557235046992082594e-02
6.474944778899051345e-02
6.509593312832955003e-02
6.574559313959034423e-02
6.401316644289495317e-02
6.375330243839047450e-02
6.496600112607750499e-02
6.466282645415574737e-02
6.500931179349479783e-02
6.388323444064271384e-02
6.518255446316431612e-02
6.388323444064271384e-02
6.359218675559759337e-02
6.284377842262559022e-02
6.492269045866003174e-02
6.526917579799906832e-02
6.388323444064271384e-02
6.388323444064271384e-02
6.349343843388620401e-02
6.297371042487763526e-02
6.483606912382526566e-02
6.388323444064290813e-02
6.388323444064271384e-02
6.388323444064271384e-02
6.362337043613842946e-02
6.310364242712987459e-02
6.236736108103412002e-02
6.132790506301700334e-02
6.388323444064271384e-02
6.388323444064271384e-02
6.375330243839047450e-02
6.323357442938191963e-02
6.193425440686032429e-02
6.388323444064271384e-02
6.388323444064271384e-02
6.353674910130367726e-02
6.388323444064271384e-02
6.301702109229492810e-02
6.215080774394731583e-02
6.184763307202555821e-02
6.080817705400824724e-02
6.345012776646891117e-02
6.379661310580796163e-02
6.349343843388620401e-02
6.236736108103412002e-02
6.124128372818223726e-02
6.106804105851271897e-02
6.336350643163415897e-02
6.370999177097319555e-02
6.345012776646891117e-02
6.258391441812112543e-02
6.171770106977352011e-02
6.085148772142572049e-02
5.937892502923480115e-02
6.362337043613842946e-02
6.366668110355572230e-02
6.280046775520811697e-02
6.054831304950396287e-02
6.002858504049559535e-02
5.950885703148683925e-02
6.306379661310550222e-02
6.388323444064271384e-02
6.128459439559952315e-02
6.137121573043447659e-02
6.015851704274764039e-02
5.963878903373907858e-02
5.911906102473032248e-02
5.968209970115617019e-02
6.210749707653003687e-02
6.090519294902309311e-02
6.028844904499968543e-02
5.976872103599112362e-02
5.950885703148683925e-02
5.803629433929572562e-02
6.258391441812112543e-02
5.682359565160888942e-02
6.041838104725191783e-02
5.989865303824335602e-02
5.907575035731304353e-02
5.994196370566064191e-02
5.647711031226984590e-02
5.737797219455139514e-02
6.054831304950396287e-02
6.002858504049559535e-02
5.916237169214780267e-02
5.717008099094793294e-02
5.630386764260032761e-02
5.946554636406936600e-02
6.067824505175620220e-02
6.015851704274764039e-02
5.963878903373907858e-02
5.911906102473032248e-02
5.652042097968732609e-02
5.656373164710460505e-02
5.691021698644364857e-02
5.968209970115636448e-02
5.846940101346952828e-02
5.760318766512192296e-02
5.673697431677413028e-02
5.647711031226984590e-02
5.682359565160888942e-02
5.976872103599131791e-02
5.942223569665208011e-02
5.781974100220892143e-02
5.695352765386112875e-02
5.639048897743508676e-02
5.673697431677413028e-02
5.639048897743508676e-02
5.691021698644364857e-02
5.803629433929572562e-02
5.717008099094793294e-02
5.630386764260032761e-02
5.665035298193937113e-02
5.630386764260032761e-02
5.630386764260032761e-02
5.825284767638272410e-02
5.738663432803492448e-02
5.652042097968732609e-02
5.656373164710460505e-02
5.630386764260032761e-02
5.630386764260032761e-02
5.630386764260032761e-02
5.760318766512192296e-02
5.673697431677413028e-02
5.630386764260032761e-02
5.652042097968732609e-02
5.630386764260032761e-02
5.630386764260032761e-02
5.781974100220892143e-02
5.695352765386112875e-02
5.630386764260032761e-02
5.630386764260032761e-02
5.630386764260032761e-02
5.630386764260032761e-02
5.630386764260032761e-02
5.630386764260032761e-02
5.630386764260032761e-02
5.630386764260032761e-02
5.630386764260032761e-02
5.630386764260032761e-02
5.630386764260032761e-02
5.717008099094793294e-02
5.647711031226984590e-02
5.630386764260032761e-02
5.630386764260032761e-02
5.630386764260032761e-02
5.630386764260032761e-02
5.604400363809604324e-02
5.621724630776556847e-02
5.630386764260032761e-02
5.630386764260032761e-02
5.630386764260032761e-02
5.630386764260032761e-02
5.600069297067856999e-02
5.617393564034808828e-02
5.630386764260032761e-02
5.630386764260032761e-02
5.630386764260032761e-02
5.630386764260032761e-02
5.630386764260032761e-02
5.630386764260032761e-02
5.630386764260032761e-02
5.630386764260032761e-02
5.630386764260032761e-02
5.574082896617429256e-02
5.591407163584381085e-02
5.608731430551332914e-02
5.626055697518285437e-02
5.630386764260032761e-02
5.630386764260032761e-02
5.579453419377185253e-02
5.587076096842652495e-02
5.604400363809604324e-02
5.621724630776556847e-02
5.630386764260032761e-02
5.630386764260032761e-02
5.565420763133952647e-02
5.582745030100905170e-02
5.600069297067856999e-02
5.617393564034808828e-02
5.587076096842652495e-02
5.630386764260032761e-02
5.630386764260032761e-02
5.578413963359176581e-02
5.595738230326128410e-02
5.613062497293080932e-02
5.630386764260032761e-02
5.457144094590492961e-02
5.210273290311397132e-02
5.574082896617429256e-02
5.591407163584381085e-02
5.608731430551332914e-02
5.591407163584381085e-02
5.561089696392224752e-02
5.613062497293080932e-02
5.569751829875700666e-02
5.587076096842652495e-02
5.604400363809604324e-02
5.552427562908748837e-02
5.630386764260032761e-02
5.600069297067856999e-02
5.565420763133952647e-02
5.582745030100905170e-02
5.600069297067856999e-02
5.617393564034808828e-02
5.491792628524416048e-02
5.543765429425272229e-02
5.561089696392224752e-02
5.578413963359176581e-02
5.595738230326128410e-02
