6.221491607544556990e-01
5.667347291919017094e-01
5.360096902578300737e-01
5.271403356982176103e-01
5.013116456134277810e-01
4.733344869354561557e-01
4.613254888388995112e-01
4.497068697006401661e-01
4.576279633154523019e-01
4.402837861221663984e-01
4.321854992213186031e-01
4.060356463055891374e-01
3.953279114033570463e-01
3.996885274268904831e-01
4.101401626578992099e-01
4.091711368748917610e-01
3.835404049143448790e-01
3.647800657553211257e-01
3.332673472919189805e-01
3.540750994981832211e-01
3.677009863298147385e-01
3.711714829555285422e-01
3.172521197439003848e-01
2.902896694929919530e-01
3.002249524139125048e-01
3.148295552863815683e-01
3.081848070600449185e-01
3.080463748053295925e-01
2.546115244852050763e-01
2.570340889427237263e-01
2.670704274095864750e-01
2.519467035819344947e-01
2.394531925938743755e-01
2.387610313202975509e-01
2.433292957259043099e-01
2.368921958816403994e-01
2.277210590067485496e-01
2.176847205398856344e-01
2.011766741650805324e-01
2.207302301436232794e-01
2.314241218203842432e-01
2.161273576743380775e-01
2.106177539366672069e-01
2.003114725731096057e-01
1.880256099671223091e-01
1.837342100709465076e-01
2.180308011766741438e-01
2.106938916767605308e-01
2.026315971621387158e-01
1.933206437099845021e-01
1.801003633846684771e-01
1.732133587125800900e-01
2.058487627617233973e-01
1.998961758089632945e-01
1.957432081675029856e-01
1.875577089461843427e-01
1.761550441252813237e-01
1.685066620522581438e-01
1.596816058141547756e-01
1.944973178750648291e-01
1.885793389859837799e-01
1.777124069908288806e-01
1.721751168022149503e-01
1.628655476726077744e-01
1.558055026821249800e-01
1.541097075618620693e-01
1.512372382765185264e-01
1.661187056584184085e-01
1.640768299013670162e-01
1.609967122339504564e-01
1.554594220453364983e-01
1.496798754109708030e-01
1.492645786468247970e-01
1.376708773144143250e-01
1.541000173040317223e-01
1.520678318048105382e-01
1.508911576397300447e-01
1.474649593355253085e-01
1.281882678664129083e-01
1.302647516871432154e-01
1.307146565149679696e-01
1.479494722270289775e-01
1.495414431562556157e-01
1.247274614985291047e-01
1.232047066966602822e-01
1.247274614985294100e-01
1.278767952933033136e-01
1.360789063851876590e-01
1.251773663263538450e-01
1.223741131683682842e-01
1.208859664301780573e-01
1.218203841495069384e-01
1.216473438311125449e-01
1.217511680221491227e-01
1.200207648382072972e-01
1.194324277556670644e-01
1.150718117321335998e-01
1.150718117321335998e-01
1.170790794255062439e-01
1.179844263713443753e-01
1.160062294514621756e-01
1.176674165080464768e-01
1.146911230316665087e-01
1.147603391590240191e-01
1.136182730576224403e-01
1.138605295033743442e-01
1.150718117321335998e-01
1.144488665859145909e-01
1.141027859491261093e-01
1.141720020764837723e-01
1.114725731095344702e-01
1.103997231354907071e-01
1.093960892888043157e-01
1.128915037203667149e-01
1.136182730576224403e-01
1.108150198996365604e-01
1.103997231354905545e-01
1.107111957085999826e-01
1.094306973524832166e-01
1.057899290534695252e-01
1.113341408548191303e-01
1.038241910365115955e-01
1.093268731614466388e-01
1.079425506142931562e-01
1.069735248312856657e-01
1.069389167676069174e-01
1.055545942204534210e-01
1.064544038761032485e-01
1.044471361827307571e-01
1.074580377227893346e-01
1.072157812770375834e-01
1.029589894445405301e-01
1.042394878006576014e-01
1.070081328949645805e-01
1.042394878006576014e-01
1.038241910365115955e-01
1.043433119916940266e-01
1.050797715867796411e-01
1.035819345907598443e-01
1.024744765530368751e-01
1.038241910365115955e-01
9.932514275826280492e-02
1.012631943242776195e-01
1.007094653054162875e-01
1.034781103997231139e-01
1.020245717252121070e-01
9.690257830074415490e-02
9.842533310261297741e-02
9.911749437618980196e-02
1.008825056238102230e-01
9.904827824883198628e-02
1.010555459422046304e-01
1.032704620176502636e-01
9.804464440214573362e-02
9.884062986675898332e-02
9.690257830074415490e-02
9.776777989271491498e-02
9.690257830074415490e-02
9.690257830074415490e-02
9.724865893753249779e-02
9.627963315452500725e-02
9.690257830074415490e-02
9.690257830074415490e-02
9.690257830074415490e-02
9.690257830074415490e-02
9.707561861913825696e-02
9.638345734556158506e-02
9.596816058141557915e-02
9.551825575359067233e-02
9.690257830074415490e-02
9.524139124416000635e-02
9.690257830074415490e-02
9.759473957432097946e-02
9.423775739747361491e-02
9.358020418757569125e-02
9.316490742342969922e-02
9.482609448001384778e-02
9.648728153659816287e-02
9.627963315452500725e-02
9.378785256964869421e-02
9.382246063332760899e-02
9.119224779373596990e-02
9.420314933379485278e-02
9.600276864509434127e-02
9.648728153659816287e-02
9.005018169233423853e-02
8.963488492818823261e-02
9.209205744938578353e-02
9.382246063332760899e-02
9.430697352483127793e-02
8.721232047066974913e-02
8.755840110745807814e-02
8.932341235507880450e-02
9.056930264751680837e-02
9.181519293995496489e-02
9.361481225125445338e-02
8.652015919709292457e-02
8.558574147776434882e-02
8.818134625367722579e-02
9.025783007440739414e-02
9.119224779373581724e-02
9.223048970410097080e-02
8.427063505796837661e-02
8.589721405087392958e-02
8.797369787160408405e-02
8.921958816404192139e-02
9.084616715694762701e-02
8.454749956739919525e-02
8.461671569475670562e-02
8.530887696833353018e-02
8.641633500605634677e-02
8.963488492818823261e-02
8.973870911922496307e-02
8.465132375843562040e-02
8.423602699428961449e-02
8.433985118532603964e-02
8.600103824191034085e-02
8.710849627963317132e-02
8.807752206264066186e-02
8.475514794947219821e-02
8.433985118532603964e-02
8.392455442118003373e-02
8.558574147776434882e-02
8.398546461325469281e-02
8.755840110745807814e-02
8.392455442118003373e-02
8.444367537636261745e-02
8.399377054853771063e-02
8.440906731268370267e-02
8.620868662398334381e-02
8.392455442118003373e-02
8.496279633154518729e-02
8.433985118532619230e-02
8.406298667589537366e-02
8.395916248485894851e-02
8.392455442118003373e-02
8.392455442118003373e-02
8.392455442118003373e-02
8.368229797542812987e-02
8.413220280325303668e-02
8.392455442118003373e-02
8.392455442118018638e-02
8.392455442118003373e-02
8.392455442118003373e-02
8.364768991174936774e-02
8.420141893061069971e-02
8.392455442118003373e-02
8.392455442118003373e-02
8.392455442118003373e-02
8.392455442118003373e-02
8.361308184807046684e-02
8.375151410278579289e-02
8.388994635750113282e-02
8.392455442118003373e-02
8.371690603910719730e-02
8.344004152967636478e-02
8.357847378439170472e-02
8.371690603910703077e-02
8.305935282920912099e-02
8.371690603910703077e-02
8.392455442118003373e-02
8.340543346599746388e-02
8.354386572071278994e-02
8.368229797542812987e-02
8.361308184807046684e-02
8.382073023014345592e-02
8.271327219242079198e-02
8.243640768299012600e-02
8.340543346599761654e-02
8.364768991174936774e-02
8.323239314760337570e-02
8.305935282920912099e-02
8.350925765703404169e-02
8.263851877487435327e-02
8.347464959335512691e-02
8.361308184807046684e-02
8.305935282920912099e-02
8.305935282920912099e-02
8.285170444713613191e-02
8.257483993770546593e-02
8.229797542827479995e-02
8.305935282920912099e-02
8.305935282920912099e-02
8.305935282920912099e-02
8.292092057449379494e-02
8.264405606506312896e-02
8.236719155563231032e-02
8.323239314760337570e-02
8.305935282920912099e-02
8.305935282920912099e-02
8.299013670185145797e-02
8.271327219242079198e-02
8.227444194497296470e-02
8.170963834573455320e-02
8.305935282920912099e-02
8.305935282920912099e-02
8.305935282920912099e-02
8.278248831977845501e-02
8.222875930091712304e-02
8.222875930091697039e-02
8.305935282920912099e-02
8.305935282920912099e-02
8.305935282920912099e-02
8.285170444713613191e-02
8.257483993770546593e-02
8.191728672780755616e-02
8.150198996366155024e-02
8.108669319951539167e-02
8.305935282920912099e-02
8.202111091884396743e-02
8.243640768299012600e-02
8.202111091884396743e-02
8.160581415469797539e-02
8.191728672780755616e-02
8.285170444713613191e-02
8.225506142931288123e-02
8.271327219242079198e-02
8.212493510988054524e-02
8.170963834573455320e-02
8.129434158158839463e-02
8.198650285516521918e-02
8.305935282920912099e-02
8.264405606506312896e-02
8.222875930091712304e-02
8.181346253677097835e-02
8.077522062640597744e-02
8.098286900847896652e-02
8.060218030801172273e-02
8.274788025609955411e-02
8.233258349195354819e-02
8.191728672780755616e-02
8.150198996366155024e-02
8.067139643536939964e-02
8.074061256272706266e-02
8.202111091884396743e-02
8.046374805329639668e-02
8.202111091884396743e-02
8.132894964526730941e-02
8.119051739055196948e-02
8.056757224433297448e-02
8.046374805329639668e-02
8.254023187402655115e-02
8.046374805329639668e-02
8.170963834573455320e-02
8.074061256272706266e-02
8.060218030801172273e-02
8.046374805329639668e-02
8.046374805329639668e-02
8.132894964526730941e-02
7.997923516179272774e-02
8.132894964526730941e-02
8.115590932687322123e-02
8.060218030801172273e-02
8.150198996366139759e-02
8.046374805329639668e-02
8.132894964526730941e-02
8.080982869008487834e-02
8.067139643536939964e-02
8.053296418065405970e-02
8.046374805329639668e-02
8.046374805329639668e-02
8.143969544903954805e-02
8.084443675376364047e-02
8.070600449904830054e-02
8.056757224433297448e-02
8.046374805329639668e-02
8.046374805329639668e-02
7.966776258868314697e-02
8.087904481744255525e-02
8.074061256272706266e-02
8.060218030801172273e-02
8.046374805329639668e-02
8.046374805329639668e-02
7.956393839764656917e-02
8.091365288112130350e-02
7.984080290707738781e-02
8.063678837169063751e-02
8.049835611697531146e-02
8.046374805329639668e-02
7.921785776085824016e-02
8.094826094480006562e-02
7.977158677971972478e-02
8.067139643536939964e-02
8.039453192593873365e-02
7.887177712406991115e-02
7.914864163350057713e-02
7.942550614293124311e-02
7.970237065236206175e-02
8.070600449904830054e-02
8.035992386225997153e-02
7.883716906039114902e-02
7.907942550614290023e-02
7.935629001557358009e-02
8.087904481744255525e-02
8.074061256272706266e-02
