5.160338942594581146e-01
4.867716911325933316e-01
4.660460675498268035e-01
4.475569877073635183e-01
4.218379281537175673e-01
3.956534192624416302e-01
3.789593030194532419e-01
3.641016827783744580e-01
3.580737558181166791e-01
3.409356725146198142e-01
3.485738154911085518e-01
3.337486573576798343e-01
3.182121971595655019e-01
3.155388471177942855e-01
3.060360424871703122e-01
3.087241914309581947e-01
2.979472490750683655e-01
2.910729203962287848e-01
2.837092731829573555e-01
2.756653538608424547e-01
2.687313521899988289e-01
2.700202888172812954e-01
2.645065043561285467e-01
2.602577873254564578e-01
2.595059076262082876e-01
2.489647929347176269e-01
2.519990452321277385e-01
2.515335958944979744e-01
2.501849862752117404e-01
2.463301109917649945e-01
2.381429764888411127e-01
2.312328440147987663e-01
2.293233082706765402e-01
2.330469029717147644e-01
2.408282611290127606e-01
2.286769304212914466e-01
2.227592791502567005e-01
2.130445160520345882e-01
2.218522496717984238e-01
2.233918128654968638e-01
2.179257667979472846e-01
2.149206349206347622e-01
2.138560687432866647e-01
2.066809881847471997e-01
2.033297529538130310e-01
2.072681704260649072e-01
2.139276763336913911e-01
2.065759637188207265e-01
2.050602697219238713e-01
1.945100847356483476e-01
1.932330827067668400e-01
1.879102518200262695e-01
1.845313283208017407e-01
2.013008712256830202e-01
1.955841985917172177e-01
1.867048573815489887e-01
1.813462226996060134e-01
1.807494927795678386e-01
1.739825754863347229e-01
1.704499343597088157e-01
1.795856307435249322e-01
1.731113498030790732e-01
1.719417591598040029e-01
1.720969089390141926e-01
1.697696622508651498e-01
1.590881966821815485e-01
1.739467716911325124e-01
1.707893543382264789e-01
1.656880295978040152e-01
1.604845446950709242e-01
1.622389306599830439e-01
1.590285236901777532e-01
1.459472490750688967e-01
1.477383936030554068e-01
1.552810597923379443e-01
1.504117436448262068e-01
1.507936507936508408e-01
1.482396467358870762e-01
1.401360544217686854e-01
1.414965986394557673e-01
1.466642797469864257e-01
1.457214464733259385e-01
1.446473326172572627e-01
1.286191669650315061e-01
1.283088674066116264e-01
1.363050483351235243e-01
1.394557823129253527e-01
1.380217209690888236e-01
1.287862513426422384e-01
1.291204200978633698e-01
1.264948084496957392e-01
1.300274495763217575e-01
1.291084854994628550e-01
1.256116481680390473e-01
1.248478338703901402e-01
1.254665234514857064e-01
1.232247284878862231e-01
1.234634204559016957e-01
1.253729562000240050e-01
1.226757369614510929e-01
1.232247284878862231e-01
1.215538847117792615e-01
1.232724668814893787e-01
1.218999880654013518e-01
1.204081632653059564e-01
1.232247284878862231e-01
1.213151927437641220e-01
1.206110514381188992e-01
1.225563909774434190e-01
1.215061463181762169e-01
1.195250029836496947e-01
1.173767752715120238e-01
1.183554123403745967e-01
1.176154672395271633e-01
1.159923618570229409e-01
1.216135577037828347e-01
1.143334526793171324e-01
1.137013963480122125e-01
1.122329633607828253e-01
1.109440267335003727e-01
1.085093686597446150e-01
1.148705096073516368e-01
1.127700202888170106e-01
1.126745435016110186e-01
1.084258264709391378e-01
1.092135099653896296e-01
1.056808688387637085e-01
1.035087719298241477e-01
1.132951426184506671e-01
1.116601026375461242e-01
1.089628833989735313e-01
1.060985797827901089e-01
1.060269721923854797e-01
1.033851294903925383e-01
1.021124239169352715e-01
1.070652822532517368e-01
1.062775987588015780e-01
1.063492063492061934e-01
1.047022317699009275e-01
1.028404344193816489e-01
1.014440864064924674e-01
1.014440864064924674e-01
1.059911683971832691e-01
1.060985797827899979e-01
1.039503520706527573e-01
1.018021243585151836e-01
9.965389664637783196e-02
9.994032700799623803e-02
1.002267573696145331e-01
1.036281179138318215e-01
1.033416875522135264e-01
1.005489915264352607e-01
1.001909535744120033e-01
9.965389664637792910e-02
1.001551497792099038e-01
9.965389664637783196e-02
1.019214703425227603e-01
9.910872419143083867e-02
9.965389664637783196e-02
9.965389664637772094e-02
1.000835421888053856e-01
9.965389664637783196e-02
9.496359947487766073e-02
9.526196443489680366e-02
9.775629550065624562e-02
9.965389664637772094e-02
9.929585869435490764e-02
9.299439073875198636e-02
9.519035684449249357e-02
9.449815013724800761e-02
9.707602339181291284e-02
9.965389664637783196e-02
9.936746628475952303e-02
8.929466523451481952e-02
9.397302780761487839e-02
9.385368182360688538e-02
9.643155507817179062e-02
9.900942833273670973e-02
9.868719417591588494e-02
9.106098579782787028e-02
9.063134025540031669e-02
9.320921350996533294e-02
9.578708676453066839e-02
9.804224847833908907e-02
8.695548394796558112e-02
8.697935314476673563e-02
8.927079603771334582e-02
9.156223893066006703e-02
9.514261845088912983e-02
9.721923857262196322e-02
9.933166248955732636e-02
8.551139754147302208e-02
8.869793531447695001e-02
9.098937820742356020e-02
9.316147511636239942e-02
9.602577873254571073e-02
8.354218880534670932e-02
8.432987229979697907e-02
8.812507459123992970e-02
9.041651748418685908e-02
9.034490989378234083e-02
9.314954051796175971e-02
8.236066356367087449e-02
8.390022675736963365e-02
8.626327724072077596e-02
8.884115049528568120e-02
9.046425587778959831e-02
8.336316982933460185e-02
8.189521422604111034e-02
8.304093567251473462e-02
8.561880892707965374e-02
8.569041651748426913e-02
8.253968253968255175e-02
8.225325217806425671e-02
8.196682181644573961e-02
8.239646735887361240e-02
8.497434061343853151e-02
8.487886382623252568e-02
8.812507459124013787e-02
8.184365676094981779e-02
8.203842940685036889e-02
8.175199904523207384e-02
8.432987229979697907e-02
8.406731113498015773e-02
8.607232366630888920e-02
8.239646735887329321e-02
8.211003699725499816e-02
8.165652225802606801e-02
8.175199904523207384e-02
8.203842940685036889e-02
8.175199904523207384e-02
8.175199904523207384e-02
8.218164458765962743e-02
8.156104547081975686e-02
8.175199904523207384e-02
8.175199904523207384e-02
8.175199904523207384e-02
8.175199904523207384e-02
8.058240840195718402e-02
8.125074591239998811e-02
8.175199904523207384e-02
8.175199904523207384e-02
8.175199904523207384e-02
8.175199904523207384e-02
8.098818474758316677e-02
8.137009189640766194e-02
8.175199904523207384e-02
8.074949277956791627e-02
8.175199904523207384e-02
7.957990213629313747e-02
8.024823964673594157e-02
8.091657715717863464e-02
8.148943788041534964e-02
7.925766797947263187e-02
8.157154791741241806e-02
7.941281775868240522e-02
8.008115526912511217e-02
8.074949277956801341e-02
8.141783029001072036e-02
7.883995703544591227e-02
7.912638739706411017e-02
7.924573338107178400e-02
7.991407089151449095e-02
8.058240840195718402e-02
8.096431555078158204e-02
8.150137247881597546e-02
7.715717866093800559e-02
7.796873135218984618e-02
7.974698651390385584e-02
7.965150972669765572e-02
7.757488960496482233e-02
7.757488960496482233e-02
7.724072084974337171e-02
7.812388113139995260e-02
7.750328201456019306e-02
8.024823964673594157e-02
7.757488960496482233e-02
7.757488960496482233e-02
7.732426303854894600e-02
7.699009428332748151e-02
7.765843179377018846e-02
7.912638739706411017e-02
7.953216374269019007e-02
7.757488960496482233e-02
7.740780522735409008e-02
7.707363647213263946e-02
7.781358157298007283e-02
7.535505430242263325e-02
7.757488960496482233e-02
7.757488960496482233e-02
7.749134741615945621e-02
7.715717866093800559e-02
7.531925050722042270e-02
7.620241078887679542e-02
7.757488960496482233e-02
7.757488960496482233e-02
7.757488960496482233e-02
7.724072084974337171e-02
7.556987707363629903e-02
7.474638978398318034e-02
7.420933285594921713e-02
7.757488960496482233e-02
7.757488960496482233e-02
7.682300990571676313e-02
7.699009428332727334e-02
7.489819787564155895e-02
7.381549110872408226e-02
7.757488960496482233e-02
7.757488960496482233e-02
7.611886860007184563e-02
7.607113020646848189e-02
7.506862394080411616e-02
7.406611767514016675e-02
7.356486454230798389e-02
7.757488960496482233e-02
7.732426303854873784e-02
7.309941520467864995e-02
7.531925050722042270e-02
7.431674424155647329e-02
7.388709869912871153e-02
7.259816207184603687e-02
7.757488960496482233e-02
7.724072084974337171e-02
7.556987707363650719e-02
7.456737080797214146e-02
7.356486454230820593e-02
7.292039622866676452e-02
7.757488960496482233e-02
7.488960496479286910e-02
7.582050364005239740e-02
7.481799737438844800e-02
7.381549110872408226e-02
7.224012411982332071e-02
7.161952500298356117e-02
7.578469984485060318e-02
7.220432032462090199e-02
7.506862394080411616e-02
7.406611767514016675e-02
7.306361140947600918e-02
7.198949755340744439e-02
7.632175677288394189e-02
7.309941520467864995e-02
7.531925050722042270e-02
7.431674424155605696e-02
7.255042367824308946e-02
7.192982456140334380e-02
7.130922544456379242e-02
7.130922544456379242e-02
7.556987707363650719e-02
7.393483709273186710e-02
7.270557345745308486e-02
7.208497434061332532e-02
7.146437522377357965e-02
7.130922544456379242e-02
7.130922544456379242e-02
7.348132235350283981e-02
7.381549110872408226e-02
7.224012411982332071e-02
7.161952500298356117e-02
7.130922544456379242e-02
7.607113020646848189e-02
7.130922544456379242e-02
7.301587301587285361e-02
7.239527389903331611e-02
7.177467478219355657e-02
7.130922544456379242e-02
7.130922544456379242e-02
7.128535624776231872e-02
7.317102279508264084e-02
7.054541114691478820e-02
7.192982456140334380e-02
7.130922544456379242e-02
7.130922544456379242e-02
6.968612006205988918e-02
7.332617257429263624e-02
7.270557345745308486e-02
7.208497434061332532e-02
7.146437522377357965e-02
6.970998925886136288e-02
6.959064327485378620e-02
6.997255042367818423e-02
7.035445757250258225e-02
7.224012411982332071e-02
7.161952500298356117e-02
7.130922544456379242e-02
7.049767275331184080e-02
7.363647213271240499e-02
7.025898078529647928e-02
7.239527389903331611e-02
6.967418546365893028e-02
6.984079245733398889e-02
6.939968970044137209e-02
6.978159684926597828e-02
7.016350399809039018e-02
7.054541114691478820e-02
