5.151324897775202416e-01
4.748607488972600987e-01
4.782027753630188061e-01
4.816961267265527646e-01
4.492694549084000344e-01
4.197134485978298857e-01
4.152580572458868802e-01
4.047458063685243634e-01
4.124408384043272702e-01
4.078148040825525511e-01
3.895489230174828954e-01
3.631797546604847438e-01
3.514549727937150703e-01
3.544505618339287567e-01
3.652725457999291825e-01
3.531182587977720333e-01
3.446601629157410862e-01
3.311439518336070642e-01
3.217424900994881320e-01
3.267168936540134072e-01
3.229659679963940433e-01
3.328342831385427414e-01
3.250587591358382045e-01
3.157216909752407763e-01
3.007057535657938763e-01
2.986251972053189929e-01
2.957274863968575307e-01
3.051611449177370483e-01
3.108277793876169093e-01
2.955182072829131701e-01
2.833317234939953799e-01
2.611964325960269839e-01
2.826877877587818388e-01
2.954377153160115399e-01
2.963070285585499009e-01
2.432467239769469658e-01
2.446150874142761777e-01
2.538716636079720312e-01
2.654844006568142234e-01
2.692456292861974410e-01
2.317041759232428833e-01
2.310924369747893725e-01
2.289674490485849312e-01
2.425705914549725339e-01
2.384494027496056323e-01
2.100840336134453257e-01
2.100840336134453257e-01
2.130783347821885720e-01
2.233330113654656834e-01
2.106957725618982813e-01
2.054315979265268488e-01
2.008274574197493056e-01
2.091342284040051402e-01
2.064779934962494290e-01
2.045622846839884879e-01
2.010528349270735426e-01
1.850510319070156340e-01
1.955793811777583324e-01
1.838758491902506564e-01
1.964164976335362189e-01
1.886570720242119747e-01
1.852925078077208854e-01
1.841656202710968138e-01
1.782414115071315475e-01
1.821050259184131548e-01
1.920055378473230212e-01
1.831997166682761968e-01
1.804668534080297593e-01
1.779194436395247492e-01
1.716249718278116676e-01
1.770823271837470014e-01
1.770823271837470014e-01
1.773399014778324345e-01
1.761969155478277649e-01
1.721884155961231344e-01
1.622396084870729172e-01
1.769213432499435468e-01
1.772433111175504561e-01
1.717215621880933407e-01
1.756012749927556849e-01
1.673106024018805593e-01
1.596960623329783113e-01
1.733153031327473448e-01
1.758266525000805047e-01
1.726391706107730517e-01
1.687916545928705991e-01
1.662159116520166569e-01
1.520493254773170322e-01
1.443059982613736358e-01
1.433278598795822423e-01
1.743295019157084513e-01
1.671818152548374126e-01
1.596155703660775138e-01
1.478315464116683187e-01
1.463504942206764192e-01
1.398789400817797013e-01
1.762774075147299779e-01
1.665539779130044418e-01
1.487813516211074771e-01
1.463182974339159448e-01
1.361602112109210894e-01
1.349850284941565282e-01
1.314111851637203843e-01
1.299945265462507105e-01
1.485398757204030862e-01
1.443059982613734971e-01
1.367558517659935857e-01
1.334717795164041820e-01
1.308960365755498234e-01
1.163591873531020643e-01
1.440967191474282483e-01
1.427122573167194652e-01
1.369007373064167477e-01
1.329624263498503656e-01
1.206574583856525745e-01
1.157313500112689547e-01
1.180817154447986461e-01
1.392189059531858397e-01
1.331337132554166747e-01
1.311858076563958420e-01
1.228629382787598256e-01
1.151035126694355676e-01
1.160050226987346805e-01
1.365465726520490863e-01
1.302360024469555178e-01
1.258411410541227793e-01
1.177597475771918756e-01
1.162786953862002676e-01
1.139927235261920802e-01
1.056054605750346986e-01
1.121897034675938404e-01
1.181622074117000265e-01
1.154093821436617540e-01
1.138478379857690570e-01
1.006954505940306638e-01
1.047200489391160311e-01
1.109179303905471758e-01
1.081973019092695165e-01
1.119263337518913992e-01
1.115779645191413150e-01
1.000515148588171088e-01
1.036736533693937562e-01
1.017257477703724933e-01
1.075694645674362543e-01
1.096944524936412785e-01
1.104027818023761848e-01
9.940757912360341508e-02
1.008403361344539645e-01
1.014681734762870741e-01
1.063137898837698964e-01
1.090183199716671103e-01
9.940757912360341508e-02
9.232428603625301988e-02
9.945587430374447369e-02
9.952026787726582502e-02
1.022003284072247886e-01
9.932708715670146571e-02
9.889243053543314566e-02
9.449756914259867246e-02
9.140667761357432197e-02
9.950416948388537963e-02
1.012588943623427135e-01
9.699282011655237234e-02
9.274284426414233784e-02
9.667085224894574058e-02
9.077884027174064341e-02
9.111690653272729035e-02
9.644547474162121214e-02
9.459415950288148356e-02
9.311310731189016698e-02
9.143887440033478253e-02
9.015100292990753383e-02
9.266235229724067990e-02
9.451366753597996440e-02
9.143887440033464375e-02
9.079236292217844617e-02
9.079493866512108879e-02
8.997392060272391134e-02
9.097202099230512762e-02
9.478734022344569021e-02
9.015100292990753383e-02
9.337068160597572497e-02
9.116520171286891794e-02
8.968414952187760136e-02
8.966805112849729475e-02
9.015100292990753383e-02
8.942657522779232093e-02
8.963585434173668154e-02
8.894362342638208185e-02
9.005441256962556928e-02
8.990952702920240736e-02
8.797771982356160370e-02
8.937828004765126233e-02
9.024759329018948451e-02
8.894362342638208185e-02
8.894362342638208185e-02
8.894362342638208185e-02
8.817090054412567157e-02
8.894362342638208185e-02
8.894362342638208185e-02
8.894362342638208185e-02
8.894362342638208185e-02
8.931388647412991100e-02
8.836408126468973945e-02
8.928168968736915900e-02
8.894362342638208185e-02
8.894362342638208185e-02
8.894362342638208185e-02
8.894362342638208185e-02
8.846067162497184277e-02
8.749476802215136462e-02
8.652886441933103912e-02
8.894362342638208185e-02
8.894362342638208185e-02
8.744647284201031989e-02
8.875044270581787520e-02
8.797771982356160370e-02
8.677034032003601294e-02
8.894362342638208185e-02
8.577223993045492156e-02
8.694742264721991298e-02
8.894362342638208185e-02
8.797771982356160370e-02
8.701181622074126432e-02
8.894362342638208185e-02
8.469364757397204735e-02
8.741427605524970668e-02
8.844457323159167494e-02
8.821919572426671630e-02
8.725329212144639079e-02
8.628738851862591264e-02
8.341221546089697125e-02
8.594932225763897427e-02
8.794552303680114314e-02
8.836408126468973945e-02
8.749476802215136462e-02
7.952606329888287084e-02
8.345407128368584337e-02
8.397630316494403280e-02
8.324479216974146889e-02
8.870214752567681660e-02
8.773624392285649110e-02
8.487072990115610005e-02
7.981583437972904205e-02
8.084613155607073276e-02
8.234328214044249472e-02
8.894362342638208185e-02
8.778453910299753582e-02
7.891432435042992910e-02
7.955826008564362284e-02
8.058855726198545233e-02
8.347016967706628876e-02
8.773624392285676865e-02
8.807431018384370702e-02
7.827038861521623536e-02
7.930068579155806485e-02
8.330918574326283410e-02
8.136128014424186261e-02
8.165105122508803381e-02
7.707910750507107611e-02
7.801281432113080228e-02
7.904311149747263177e-02
8.007340867381432248e-02
7.614540068901121117e-02
8.005731028043401587e-02
7.160565375575572711e-02
7.775524002704538307e-02
7.878553720338721256e-02
7.981583437972904205e-02
8.084613155607073276e-02
7.139637464181078363e-02
8.290672590875439174e-02
7.242667181815247435e-02
7.814160146817351882e-02
7.955826008564362284e-02
7.421359348337083772e-02
7.163785054251575746e-02
7.067194693969543196e-02
7.192762162336206744e-02
7.793232235422900556e-02
7.327988666731054257e-02
7.258765575195649800e-02
7.691812357126819044e-02
7.091342284040040578e-02
7.142857142857153563e-02
7.772304324028463107e-02
7.405260954956693897e-02
7.308670594674647469e-02
7.212080234392599654e-02
7.115489874110565716e-02
7.092952123378112872e-02
7.292572201294329759e-02
7.048971312662979938e-02
7.043047103899030548e-02
7.236227824463110914e-02
7.139637464181078363e-02
7.043047103899030548e-02
7.242667181815247435e-02
7.442287259731505955e-02
7.299011558646421871e-02
7.260375414533623561e-02
7.163785054251575746e-02
7.067194693969514052e-02
7.192762162336206744e-02
7.043047103899030548e-02
7.327988666731054257e-02
7.212080234392585776e-02
7.187932644322102271e-02
7.091342284040040578e-02
7.142857142857124420e-02
7.043047103899030548e-02
7.043047103899030548e-02
7.043047103899030548e-02
7.212080234392585776e-02
7.115489874110565716e-02
7.043047103899030548e-02
7.043047103899030548e-02
7.043047103899030548e-02
7.043047103899030548e-02
7.043047103899030548e-02
6.856305740687114458e-02
7.043047103899030548e-02
7.043047103899030548e-02
7.043047103899030548e-02
7.043047103899030548e-02
7.043047103899030548e-02
6.809620399884105946e-02
6.972214173025596817e-02
7.043047103899030548e-02
7.043047103899030548e-02
7.043047103899030548e-02
7.043047103899030548e-02
7.043047103899030548e-02
6.901381242152063167e-02
7.043047103899030548e-02
7.043047103899030548e-02
7.043047103899030548e-02
6.962555136997343463e-02
6.547216587784593367e-02
6.830548311278529516e-02
7.043047103899030548e-02
7.043047103899030548e-02
7.043047103899030548e-02
6.841817186644898185e-02
6.476383656911059716e-02
6.759715380405095786e-02
7.043047103899030548e-02
7.043047103899030548e-02
7.043047103899030548e-02
6.779033452461501186e-02
6.405550726037526066e-02
6.688882449531560748e-02
6.972214173025596817e-02
7.043047103899030548e-02
7.043047103899030548e-02
6.555265784474716140e-02
6.334717795164092335e-02
6.618049518658027097e-02
6.901381242152063167e-02
7.043047103899030548e-02
7.043047103899030548e-02
5.980553140796607964e-02
6.263884864290557297e-02
6.547216587784593367e-02
6.830548311278529516e-02
7.038217585884926075e-02
7.043047103899030548e-02
7.043047103899030548e-02
6.193051933417124261e-02
6.476383656911059716e-02
6.759715380405095786e-02
7.043047103899030548e-02
5.555555555555604513e-02
6.238127434881986927e-02
6.122219002543576039e-02
6.405550726037526066e-02
6.688882449531560748e-02
6.972214173025596817e-02
7.028558549856729620e-02
5.734247722077383952e-02
6.051386071670041694e-02
6.334717795164092335e-02
6.618049518658027097e-02
6.901381242152063167e-02
5.513699732766631084e-02
7.014069995814413427e-02
5.980553140796607964e-02
6.263884864290557297e-02
6.547216587784593367e-02
6.830548311278529516e-02
7.038217585884926075e-02
5.626388486429038938e-02
5.909720209923074313e-02
6.193051933417124261e-02
6.476383656911059716e-02
