4.292165325660289299e-01
4.066535230280101665e-01
3.911859469636417841e-01
4.060034457647289652e-01
3.822241168007670109e-01
3.661355926182483511e-01
3.443988561482034250e-01
3.443214152501731240e-01
3.412060176551038326e-01
3.152697110175662343e-01
3.194159961634783218e-01
3.102076339674251226e-01
2.998461839043712329e-01
2.934583755173088560e-01
2.853590522370827443e-01
2.811495355322286560e-01
2.747873039555248087e-01
2.654126924921406117e-01
2.624585708957209995e-01
2.560167670201239365e-01
2.537510879025239863e-01
2.517717269675493474e-01
2.381598905880891737e-01
2.325642528551890575e-01
2.351823235821744740e-01
2.319674606134883854e-01
2.277046588870535460e-01
2.256087813715564605e-01
2.201914708442122282e-01
2.143656418180851231e-01
2.133709880819171234e-01
2.072787339478873725e-01
2.127138061490915777e-01
2.130512779524343370e-01
1.974387666293673516e-01
1.946146604856041629e-01
1.952007957229888180e-01
2.006358679241931897e-01
1.968881547397025589e-01
1.869771407257421192e-01
1.872435658336441267e-01
1.864975755315180783e-01
1.858936786202731450e-01
1.793573826397400206e-01
1.815243068506776636e-01
1.769240333209003702e-01
1.793929059874603826e-01
1.765062787517095722e-01
1.755563844336691104e-01
1.708673025345909813e-01
1.702811672972061596e-01
1.728210866592070627e-01
1.716665778582975310e-01
1.712402976856539361e-01
1.703522139926467172e-01
1.661249356139323785e-01
1.639402497291346517e-01
1.616489938011758110e-01
1.694108452780592189e-01
1.693042752348981050e-01
1.656453704197083376e-01
1.622528907124207442e-01
1.601747748707837704e-01
1.586117475710912272e-01
1.563204916431327196e-01
1.588710680094491401e-01
1.643842915756380252e-01
1.595353546118186416e-01
1.566757251203352574e-01
1.532654837391877189e-01
1.528036802188240673e-01
1.567467718157759815e-01
1.526971101756629812e-01
1.520399282428374355e-01
1.493579154899556949e-01
1.461785758689898018e-01
1.480435516243050753e-01
1.512228912452709406e-01
1.506722793556064810e-01
1.390206213033516602e-01
1.443136001136747226e-01
1.398944956572717724e-01
1.404941297667893496e-01
1.471554679312980229e-01
1.385232944352675077e-01
1.371023605264561074e-01
1.366760803538125124e-01
1.345979645121755663e-01
1.358768050301059904e-01
1.450240670680810473e-01
1.344913944690147856e-01
1.356103799222039552e-01
1.364629402674908121e-01
1.315251949343707594e-01
1.323067085842170587e-01
1.339620965879824710e-01
1.345446794905952592e-01
1.345446794905950927e-01
1.215964192465502081e-01
1.239409601960890367e-01
1.271558231647751391e-01
1.244951244205249191e-01
1.228042130690397554e-01
1.229995914815012054e-01
1.190564998845491523e-01
1.205840038365214861e-01
1.174934725848565953e-01
1.218983677021722861e-01
1.194827800571925669e-01
1.229995914815012054e-01
1.078133603310779537e-01
1.193584483401716884e-01
1.164455338271079832e-01
1.182749862347027142e-01
1.196959201435146003e-01
9.934104189978885946e-02
1.059483845757623888e-01
1.124761549528427163e-01
1.156917283884840997e-01
1.144384646809115946e-01
9.953642031225015674e-02
9.768920623079516141e-02
1.015967744800273243e-01
1.043853572760701509e-01
1.075114118754552650e-01
1.117564519280297014e-01
9.866609829310320212e-02
9.733397275359215173e-02
9.990941546331343071e-02
1.015079661107263359e-01
1.008330225040406786e-01
9.768920623079516141e-02
9.903909344416615690e-02
9.754711283991401860e-02
9.777801460009584444e-02
9.916342516118767381e-02
9.733397275359231826e-02
9.768920623079516141e-02
9.681888421164805414e-02
9.664126747304654930e-02
9.747606614447344719e-02
9.680112253778795639e-02
9.736949610131251376e-02
9.722740271043137095e-02
9.458091330526985363e-02
9.458091330526985363e-02
9.458091330526985363e-02
9.683664588550816577e-02
9.529138025967570647e-02
9.564661373687856349e-02
9.401253974174528238e-02
9.458091330526985363e-02
9.458091330526985363e-02
9.431448819736766576e-02
9.520257189037488466e-02
9.419015648034663457e-02
9.404806308946549176e-02
9.390596969858434895e-02
9.394149304630471098e-02
9.394149304630471098e-02
9.443881991438871082e-02
9.369282961226263473e-02
9.230741905117142987e-02
9.173904548764671985e-02
9.284026926697579174e-02
9.369282961226263473e-02
9.369282961226263473e-02
9.369282961226263473e-02
9.147262037974469850e-02
9.268041420223455118e-02
9.253832081135340837e-02
9.369282961226263473e-02
9.369282961226263473e-02
9.369282961226263473e-02
8.953659792898903402e-02
9.113514857640193922e-02
9.227189570345123437e-02
9.330207278733942955e-02
9.315997939645828674e-02
9.308893270101771533e-02
8.921688779950621984e-02
9.049572831743665779e-02
9.134828866272381998e-02
9.291131596241651580e-02
9.333759613505962505e-02
8.655263672048459089e-02
8.889717767002358606e-02
9.017601818795401014e-02
9.145485870588443422e-02
9.252055913749314409e-02
8.596650148309976924e-02
8.703220191470847911e-02
8.754729045665257670e-02
8.985630805847151514e-02
9.028258823111494358e-02
8.978526136303094374e-02
9.369282961226263473e-02
8.626844993872231915e-02
8.744072041349164326e-02
8.837285305767217380e-02
8.570007637519759525e-02
8.578888474449890278e-02
8.573559972291779074e-02
8.612635654784100980e-02
8.669473011136558105e-02
8.626844993872215261e-02
8.712101028400916214e-02
8.570007637519759525e-02
8.577112307063816665e-02
8.598426315695986699e-02
8.527379620255431947e-02
8.676577680680630511e-02
8.570007637519759525e-02
8.570007637519759525e-02
8.570007637519759525e-02
8.584216976607889071e-02
8.481199268219022369e-02
8.410152572778452351e-02
8.381733894602223789e-02
8.296477860073522836e-02
8.527379620255416681e-02
8.570007637519759525e-02
8.498960942079188119e-02
8.427914246638602835e-02
8.356867551198016164e-02
8.317791868705694258e-02
8.516722615939323338e-02
8.559350633203681447e-02
8.516722615939323338e-02
8.445675920498736666e-02
8.374629225058166648e-02
8.463437594358887150e-02
8.189907816912651850e-02
8.548693628887588103e-02
8.534484289799458556e-02
8.463437594358887150e-02
8.232535834177009959e-02
8.204117156000781397e-02
8.200564821228745194e-02
8.538036624571494759e-02
8.552245963659609040e-02
8.481199268219022369e-02
8.410152572778452351e-02
8.211221825544823272e-02
8.182803147368609975e-02
8.168593808280495694e-02
8.125965791016138973e-02
8.498960942079188119e-02
8.427914246638586182e-02
8.218326495088895678e-02
8.189907816912651850e-02
8.000213140086279151e-02
8.305713930480748686e-02
8.372853057672140220e-02
8.253849842809181381e-02
8.374629225058166648e-02
8.197012486456724256e-02
8.168593808280480428e-02
7.955453721958784252e-02
7.944796717642675643e-02
8.175698477824537569e-02
8.232535834177009959e-02
8.204117156000781397e-02
8.175698477824552834e-02
7.982096232748955855e-02
7.902168700378349453e-02
7.921706541624447262e-02
8.239640503721067100e-02
8.211221825544823272e-02
8.001634073995131380e-02
7.930587378554546096e-02
7.859540683113974691e-02
8.083337773751796129e-02
7.944796717642675643e-02
8.090442443295853270e-02
8.019395747855266599e-02
7.948349052414696581e-02
7.877302356974109909e-02
7.891511696062239456e-02
7.934139713326582299e-02
7.976767730590925143e-02
8.037157421715417083e-02
7.966110726274830411e-02
7.895064030834260393e-02
7.880854691746146112e-02
7.923482709010504221e-02
7.966110726274847065e-02
8.054919095575567567e-02
7.983872400134997549e-02
7.912825704694410878e-02
7.870197687430068034e-02
7.859540683113974691e-02
7.859540683113974691e-02
8.072680769435702786e-02
8.001634073995131380e-02
7.930587378554546096e-02
7.859540683113974691e-02
7.902168700378317534e-02
7.859540683113974691e-02
7.859540683113974691e-02
8.019395747855266599e-02
7.886183193904208744e-02
7.877302356974109909e-02
7.891511696062239456e-02
7.859540683113974691e-02
7.859540683113974691e-02
7.859540683113974691e-02
7.966110726274847065e-02
7.859540683113974691e-02
7.859540683113974691e-02
7.859540683113974691e-02
7.859540683113974691e-02
7.859540683113974691e-02
7.665938438038440161e-02
7.912825704694410878e-02
7.859540683113974691e-02
7.859540683113974691e-02
7.859540683113974691e-02
7.859540683113974691e-02
7.859540683113974691e-02
7.770732313813316638e-02
7.859540683113974691e-02
7.859540683113974691e-02
7.859540683113974691e-02
7.859540683113974691e-02
7.534502051473297712e-02
7.859540683113974691e-02
7.877302356974109909e-02
7.859540683113974691e-02
7.859540683113974691e-02
7.859540683113974691e-02
7.859540683113974691e-02
7.529173549315267000e-02
7.749418305181099420e-02
7.859540683113974691e-02
7.859540683113974691e-02
7.859540683113974691e-02
7.403065664908266286e-02
7.598444077369891081e-02
7.806255661533523238e-02
7.859540683113974691e-02
7.859540683113974691e-02
7.074474698495615554e-02
7.859540683113974691e-02
7.419051171382406995e-02
7.639295927248222762e-02
7.859540683113974691e-02
7.859540683113974691e-02
7.264524608799113881e-02
7.655281433722362083e-02
7.363989982415929114e-02
7.584234738281744881e-02
7.804479494147575913e-02
7.859540683113974691e-02
7.859540683113974691e-02
7.859540683113974691e-02
7.308928793449530337e-02
7.529173549315267000e-02
7.749418305181099420e-02
7.763627644269212313e-02
7.859540683113974691e-02
7.140192891778171513e-02
7.253867604483052456e-02
7.474112360348884876e-02
7.694357116214621539e-02
7.859540683113974691e-02
7.859540683113974691e-02
7.074474698495615554e-02
7.337347471625789430e-02
7.419051171382406995e-02
7.639295927248222762e-02
7.859540683113974691e-02
7.667714605424387486e-02
7.859540683113974691e-02
7.655281433722362083e-02
7.363989982415929114e-02
7.584234738281744881e-02
7.804479494147575913e-02
7.859540683113974691e-02
6.927052805456396234e-02
7.088684037583697917e-02
7.308928793449530337e-02
7.529173549315267000e-02
7.749418305181099420e-02
7.763627644269212313e-02
6.589581002113648056e-02
7.033622848617299139e-02
7.253867604483052456e-02
7.474112360348884876e-02
7.694357116214621539e-02
7.811584163691555338e-02
6.518534306673061385e-02
6.978561659650822646e-02
7.198806415516653678e-02
7.092236372355750773e-02
