6.384950926935659687e-01
5.651581243184297110e-01
5.551581243184295911e-01
5.074045801526717581e-01
5.283533260632498063e-01
4.672846237731734242e-01
4.885496183206107235e-01
4.337404580152670053e-01
4.487459105779715851e-01
4.124863685932387281e-01
4.182115594329335884e-01
3.874045801526715960e-01
3.958560523446018609e-01
3.691384950926935304e-01
3.827699018538712750e-01
3.579607415485278610e-01
3.353326063249726374e-01
3.342857142857141306e-01
3.304252998909486538e-01
3.211559432933479008e-01
3.287895310796074555e-01
3.125627044711011271e-01
3.222464558342421070e-01
3.086150490730643625e-01
3.107960741548527195e-01
2.952998909487457579e-01
3.015267175572519665e-01
2.829880043620500163e-01
2.949836423118866180e-01
2.765321701199563997e-01
2.628135223555069233e-01
2.655398037077424944e-01
2.628135223555069233e-01
2.625408942202835938e-01
2.568157033805887335e-01
2.546346782988003210e-01
2.448200654307523816e-01
2.456379498364228697e-01
2.448200654307523816e-01
2.385496183206106957e-01
2.448200654307523816e-01
2.369138495092694974e-01
2.170119956379498727e-01
2.270992366412213359e-01
2.170119956379498727e-01
2.216466739367501382e-01
2.170119956379498727e-01
2.126935659760085529e-01
2.071973827699019055e-01
2.104689203925844965e-01
2.071973827699019055e-01
2.071973827699019055e-01
2.071973827699019055e-01
2.044711014176663066e-01
2.071973827699019055e-01
2.033805888767719061e-01
2.071973827699019055e-01
1.971101417666302202e-01
1.946564885496183395e-01
1.979280261723009304e-01
1.946564885496183395e-01
1.971101417666302202e-01
1.946564885496183395e-01
1.943838604143946491e-01
1.919302071973827406e-01
1.932933478735004429e-01
1.924754634678297605e-01
1.916575790621592446e-01
1.919302071973827406e-01
1.874700109051251340e-01
1.919302071973827406e-01
1.872955288985822531e-01
1.919302071973827406e-01
1.900218102508178519e-01
1.902944383860413480e-01
1.867502726281352610e-01
1.919302071973827406e-01
1.859323882224645785e-01
1.821155943293347734e-01
1.807524536532168768e-01
1.902944383860413480e-01
1.761177753544168056e-01
1.821155943293347734e-01
1.758451472191930876e-01
1.821155943293347734e-01
1.758451472191930876e-01
1.821155943293347734e-01
1.791166848418754842e-01
1.821155943293347734e-01
1.695747001090512351e-01
1.712104689203926278e-01
1.703925845147219176e-01
1.679389312977100368e-01
1.603053435114504544e-01
1.684623773173388184e-01
1.638931297709922130e-01
1.788440567066521825e-01
1.608505997818974464e-01
1.679389312977100368e-01
1.581243184296618753e-01
1.712104689203926278e-01
1.597600872410032680e-01
1.679389312977100368e-01
1.624863685932386448e-01
1.679389312977100368e-01
1.568047982551798447e-01
1.679389312977100368e-01
1.549836423118864659e-01
1.679389312977100368e-01
1.521264994547436855e-01
1.679389312977100368e-01
1.515812431842966934e-01
1.679389312977100368e-01
1.502181025081786025e-01
1.254089422028351886e-01
1.466739367502725155e-01
1.619411123227916527e-01
1.502181025081786025e-01
1.314067611777535449e-01
1.466739367502725155e-01
1.619411123227916527e-01
1.466739367502725155e-01
1.254089422028351886e-01
1.447655398037075991e-01
1.254089422028351886e-01
1.444929116684841031e-01
1.254089422028351886e-01
1.379498364231189211e-01
1.254089422028351886e-01
1.447655398037075991e-01
1.254089422028351886e-01
1.447655398037075991e-01
1.254089422028351886e-01
1.414940021810250081e-01
1.254089422028351886e-01
1.368593238822245484e-01
1.254089422028351886e-01
1.254089422028351886e-01
1.215921483097053973e-01
1.254089422028351886e-01
1.254089422028351886e-01
1.354961832061068461e-01
1.254089422028351886e-01
1.254089422028351886e-01
1.215921483097053973e-01
1.235005452562702860e-01
1.254089422028351886e-01
1.235005452562702860e-01
1.254089422028351886e-01
1.235005452562702860e-01
1.215921483097053973e-01
1.232279171210467900e-01
1.215921483097053973e-01
1.235005452562702860e-01
1.254089422028351886e-01
1.232279171210467900e-01
1.215921483097053973e-01
1.216357688113410551e-01
1.215921483097053973e-01
1.216357688113410551e-01
1.215921483097053973e-01
1.205016357688111911e-01
1.215921483097053973e-01
1.235005452562702860e-01
1.215921483097053973e-01
1.232279171210467900e-01
1.215921483097053973e-01
1.213195201744818874e-01
1.215921483097053973e-01
1.215921483097053973e-01
1.215921483097053973e-01
1.215921483097053973e-01
1.215921483097053973e-01
1.185932388222463024e-01
1.215921483097053973e-01
1.185932388222463024e-01
1.215921483097053973e-01
1.185932388222463024e-01
1.215921483097053973e-01
1.183206106870228064e-01
1.215921483097053973e-01
1.183206106870228064e-01
1.215921483097053973e-01
1.185932388222463024e-01
1.215921483097053973e-01
1.183206106870228064e-01
1.210468920392583914e-01
1.183206106870228064e-01
1.155943293347872075e-01
1.183206106870228064e-01
1.210468920392583914e-01
1.183206106870228064e-01
1.150490730643402154e-01
1.169574700109051041e-01
1.150490730643402154e-01
1.183206106870228064e-01
1.150490730643402154e-01
1.169574700109051041e-01
1.150490730643402154e-01
1.166848418756816080e-01
1.150490730643402154e-01
1.166848418756816080e-01
1.150490730643402154e-01
1.177753544165759947e-01
1.150490730643402154e-01
1.169574700109051041e-01
1.150490730643402154e-01
1.166848418756816080e-01
1.150490730643402154e-01
1.150490730643402154e-01
1.150490730643402154e-01
1.150490730643402154e-01
1.150490730643402154e-01
1.150490730643402154e-01
1.150490730643402154e-01
1.150490730643402154e-01
1.150490730643402154e-01
1.106870229007632239e-01
1.150490730643402154e-01
1.150490730643402154e-01
1.150490730643402154e-01
1.147764449291167055e-01
1.150490730643402154e-01
1.104143947655397279e-01
1.150490730643402154e-01
1.150490730643402154e-01
1.150490730643402154e-01
1.106870229007632239e-01
1.150490730643402154e-01
1.125954198473281265e-01
1.150490730643402154e-01
1.106870229007632239e-01
1.150490730643402154e-01
1.106870229007632239e-01
1.150490730643402154e-01
1.101417666303162318e-01
1.150490730643402154e-01
1.104143947655397279e-01
1.150490730643402154e-01
1.104143947655397279e-01
1.150490730643402154e-01
1.090512540894220256e-01
1.150490730643402154e-01
1.101417666303162318e-01
1.150490730643402154e-01
1.090512540894220256e-01
1.150490730643402154e-01
1.090512540894220256e-01
1.150490730643402154e-01
1.101417666303162318e-01
1.150490730643402154e-01
1.090512540894220256e-01
1.123227917121048108e-01
1.090512540894220256e-01
1.150490730643402154e-01
1.090512540894220256e-01
1.030534351145038496e-01
1.090512540894220256e-01
1.030534351145038496e-01
1.090512540894220256e-01
1.057797164667392403e-01
1.076881134133043372e-01
1.030534351145038496e-01
1.076881134133043372e-01
1.030534351145038496e-01
1.090512540894220256e-01
1.030534351145038496e-01
1.079607415485278332e-01
1.030534351145038496e-01
1.076881134133043372e-01
1.030534351145038496e-01
1.090512540894220256e-01
1.030534351145038496e-01
1.076881134133043372e-01
1.030534351145038496e-01
1.076881134133043372e-01
1.030534351145038496e-01
1.044165757906215519e-01
1.030534351145038496e-01
1.030534351145038496e-01
1.030534351145038496e-01
1.030534351145038496e-01
1.030534351145038496e-01
1.063249727371866349e-01
1.030534351145038496e-01
1.063249727371866349e-01
1.030534351145038496e-01
1.030534351145038496e-01
1.030534351145038496e-01
1.030534351145038496e-01
1.030534351145038496e-01
1.030534351145038496e-01
1.030534351145038496e-01
1.030534351145038496e-01
1.030534351145038496e-01
1.030534351145038496e-01
1.030534351145038496e-01
1.030534351145038496e-01
1.030534351145038496e-01
1.030534351145038496e-01
1.030534351145038496e-01
1.030534351145038496e-01
1.030534351145038496e-01
1.030534351145038496e-01
1.030534351145038496e-01
1.030534351145038496e-01
1.030534351145038496e-01
1.030534351145038496e-01
1.030534351145038496e-01
1.025081788440566494e-01
1.030534351145038496e-01
1.016902944383861473e-01
1.030534351145038496e-01
1.030534351145038496e-01
1.030534351145038496e-01
1.030534351145038496e-01
1.030534351145038496e-01
1.030534351145038496e-01
1.030534351145038496e-01
1.011450381679389610e-01
1.030534351145038496e-01
1.030534351145038496e-01
1.030534351145038496e-01
1.011450381679389610e-01
1.030534351145038496e-01
1.030534351145038496e-01
1.030534351145038496e-01
1.011450381679389610e-01
1.030534351145038496e-01
1.011450381679389610e-01
1.030534351145038496e-01
1.012322791712104847e-01
1.030534351145038496e-01
1.025081788440566494e-01
1.030534351145038496e-01
9.978189749182125867e-02
1.030534351145038496e-01
1.011450381679389610e-01
1.030534351145038496e-01
9.999999999999997780e-02
1.030534351145038496e-01
1.011450381679389610e-01
1.030534351145038496e-01
9.978189749182125867e-02
1.030534351145038496e-01
9.978189749182125867e-02
9.923664122137405841e-02
9.978189749182125867e-02
9.651035986913866771e-02
9.978189749182125867e-02
9.651035986913866771e-02
9.978189749182125867e-02
1.030534351145038496e-01
9.978189749182125867e-02
9.923664122137405841e-02
9.978189749182125867e-02
1.030534351145038496e-01
9.978189749182125867e-02
9.651035986913866771e-02
9.978189749182125867e-02
9.923664122137405841e-02
9.978189749182125867e-02
1.003271537622684589e-01
9.787350054525637000e-02
1.003271537622684589e-01
9.978189749182125867e-02
9.651035986913866771e-02
9.978189749182125867e-02
9.651035986913866771e-02
9.787350054525637000e-02
9.923664122137405841e-02
9.978189749182125867e-02
1.003271537622684589e-01
9.978189749182125867e-02
9.651035986913866771e-02
9.651035986913866771e-02
9.651035986913866771e-02
9.841875681570355638e-02
9.651035986913866771e-02
9.841875681570355638e-02
9.651035986913866771e-02
9.978189749182125867e-02
9.651035986913866771e-02
9.787350054525637000e-02
9.651035986913866771e-02
9.841875681570355638e-02
9.651035986913866771e-02
9.787350054525637000e-02
9.651035986913866771e-02
9.651035986913866771e-02
9.651035986913866771e-02
9.651035986913866771e-02
9.651035986913866771e-02
9.651035986913866771e-02
9.651035986913866771e-02
