4.889317486299907256e-01
4.511209166607360044e-01
4.312917230090383969e-01
3.965554053092307796e-01
3.685502811187815198e-01
3.497886271439754613e-01
3.245320617749624659e-01
3.134296491352929204e-01
3.105828766635825855e-01
2.940715963276636646e-01
2.777738239271225207e-01
2.596185324887909651e-01
2.593181979930254122e-01
2.556401679595757814e-01
2.502127962422603935e-01
2.397082058216496725e-01
2.211586363959860968e-01
2.190691054017506190e-01
2.110881787773112028e-01
2.114440253362750988e-01
1.980641947192370578e-01
2.081702369938082664e-01
1.976912675254427210e-01
1.921215571845419634e-01
1.816952530069034788e-01
1.819998576613763852e-01
1.777453562024054745e-01
1.716603800441250383e-01
1.798804355561881840e-01
1.714468721087466230e-01
1.656807344672977522e-01
1.631556472848907091e-01
1.589794320688917018e-01
1.623016155433777419e-01
1.510212796242261513e-01
1.515550494626718425e-01
1.519464806775320254e-01
1.477830759376556058e-01
1.451142267454273438e-01
1.365383246744004409e-01
1.425877161767845902e-01
1.451853960572202507e-01
1.450074727777381500e-01
1.362892320831259052e-01
1.335719877588784632e-01
1.291723009038504011e-01
1.289943776243684670e-01
1.373923564159135746e-01
1.288918938153867932e-01
1.270372215500676916e-01
1.246174649491138126e-01
1.188527506939008188e-01
1.259725286456479521e-01
1.236210945840155034e-01
1.205252295210306052e-01
1.207387374564088539e-01
1.163618247811543521e-01
1.164685787488437124e-01
1.202761369297559169e-01
1.205608141769269059e-01
1.117087751761439152e-01
1.079994306455056979e-01
1.058643512917231272e-01
1.077859227101274492e-01
1.040139491851113790e-01
1.090313856665005993e-01
1.067539676891323813e-01
9.803572699451998385e-02
1.004198989395774094e-01
1.018432851754323548e-01
9.785780371503804975e-02
9.696818731762862908e-02
9.604440965055881241e-02
9.618532488790840218e-02
9.604298626432290764e-02
9.504661589922429321e-02
9.501103124332783978e-02
7.853533556330521970e-02
8.113301544374072749e-02
8.739591488150311172e-02
9.006476407373152637e-02
8.931748629990743371e-02
7.949612127250739457e-02
7.739662657462111073e-02
7.825065831613407796e-02
8.059924560529505011e-02
8.451355775389661484e-02
8.561668208668427038e-02
7.739662657462111073e-02
7.686285673617543335e-02
7.686285673617543335e-02
7.828624297203053140e-02
7.650701017721169006e-02
7.960287524019643568e-02
7.739662657462111073e-02
7.600882499466229958e-02
7.116931179275502728e-02
7.537541811970674410e-02
7.657817948900444427e-02
7.440751547932542009e-02
7.180983559888974577e-02
7.437193082342896666e-02
7.163191231940796433e-02
7.116931179275502728e-02
7.366023770550149397e-02
7.465660807059995574e-02
7.188100491068265263e-02
7.116931179275502728e-02
7.074229592199839101e-02
6.879083339264102648e-02
7.184542025478619920e-02
7.116931179275487462e-02
7.116931179275502728e-02
7.116931179275502728e-02
7.074229592199854366e-02
6.679239911750052550e-02
6.761084620311719195e-02
6.832253932104483118e-02
6.978151021279621613e-02
7.003060280407091831e-02
6.771760017080639960e-02
6.672122980570777129e-02
6.700590705287892690e-02
6.693473774108602004e-02
6.793110810618463447e-02
6.818020069745917011e-02
6.761084620311719195e-02
6.689915308518971926e-02
6.693473774108602004e-02
6.597395203188385904e-02
6.618745996726226044e-02
6.672122980570777129e-02
6.629421393495130155e-02
6.657889118212229063e-02
6.686356842929326583e-02
6.579602875240191107e-02
6.476407373140714852e-02
6.608070599957305280e-02
6.604512134367659937e-02
6.618745996726209391e-02
6.643655255853679609e-02
6.565369012881641653e-02
6.462173510782150132e-02
6.447939648423600678e-02
6.615187531136580701e-02
6.586719806419465140e-02
6.494199701088894383e-02
6.326951818375914360e-02
6.284250231300265999e-02
6.451498114013230756e-02
6.341185680734463814e-02
6.440822717244309992e-02
6.252224040993506482e-02
6.312717956017364906e-02
6.294925628069186763e-02
6.376770336630838143e-02
6.334068749555189781e-02
6.291367162479541419e-02
6.277133300120975312e-02
6.241548644224602371e-02
6.270016368941701279e-02
6.227314781866052917e-02
6.344744146324109157e-02
6.302042559248445530e-02
6.227314781866052917e-02
6.227314781866052917e-02
6.227314781866052917e-02
6.280691765710620655e-02
6.319834887196640327e-02
6.312717956017364906e-02
6.227314781866052917e-02
6.227314781866052917e-02
6.227314781866052917e-02
6.115863639598585755e-02
6.173937798021484485e-02
6.146039427798728749e-02
6.227314781866052917e-02
6.213080919507503463e-02
6.227314781866052917e-02
6.227314781866052917e-02
6.077859227101268386e-02
6.120560814176916747e-02
6.227314781866068877e-02
6.205963988328228736e-02
6.191730125969679283e-02
6.067183830332364275e-02
6.067183830332364275e-02
6.109885417408012637e-02
6.227314781866052917e-02
5.992456052949971662e-02
5.978222190591422208e-02
5.960429862643227411e-02
6.056508433563444205e-02
6.099210020639092567e-02
6.113443882997642020e-02
6.141911607714740928e-02
6.227314781866052917e-02
5.931962137926112544e-02
6.045833036794524135e-02
6.088534623870188456e-02
6.099210020639092567e-02
5.960429862643227411e-02
5.960429862643227411e-02
5.939079069105403230e-02
6.035157640025620024e-02
6.077859227101268386e-02
6.013806846487779884e-02
5.960429862643227411e-02
5.960429862643227411e-02
5.946196000284677957e-02
5.917728275567563784e-02
5.889260550850480141e-02
5.828766635826637676e-02
5.960429862643227411e-02
5.960429862643227411e-02
5.953312931463952684e-02
5.924845206746853776e-02
5.800298911109538769e-02
5.953312931463952684e-02
5.960429862643227411e-02
5.946196000284677957e-02
5.960429862643227411e-02
5.889260550850464876e-02
5.843000498185171171e-02
5.746921927264970337e-02
5.960429862643227411e-02
5.960429862643227411e-02
5.956871397053582068e-02
5.907052878798658979e-02
5.835883567005912403e-02
5.764714255213149174e-02
5.693544943420401905e-02
5.686428012241127178e-02
5.953312931463952684e-02
5.924845206746853776e-02
5.853675894954091241e-02
5.782506583161343972e-02
5.828766635826637676e-02
5.935520603515757887e-02
5.949754465874307341e-02
5.942637534695032614e-02
5.856522667425804324e-02
5.743363461675324994e-02
5.729129599316775540e-02
5.914169809977949666e-02
5.572557113372716281e-02
5.960429862643227411e-02
5.732688064906404923e-02
5.818091239057717606e-02
5.736246530496050267e-02
5.643726425165463551e-02
5.640167959575834167e-02
5.558323251014166827e-02
5.789623514340618698e-02
5.771831186392423901e-02
5.714895736958210126e-02
5.657960287524013004e-02
5.558323251014166827e-02
5.551206319834892100e-02
5.786065048750957396e-02
5.786065048750957396e-02
5.729129599316775540e-02
5.672194149882577724e-02
5.689986477830756562e-02
5.568998647783070938e-02
5.440893886556110587e-02
5.800298911109522809e-02
5.561881716603796211e-02
5.640167959575818207e-02
5.629492562806929362e-02
5.540530923065972030e-02
5.426660024197561133e-02
5.751761440466843234e-02
5.455127748914660041e-02
5.700661874599676632e-02
5.586790975731249775e-02
5.515621663938502506e-02
5.444452352145755236e-02
5.437335420966481203e-02
5.451569283325029963e-02
5.714895736958210126e-02
5.604583303679444573e-02
5.533413991886697303e-02
5.462244680093934768e-02
5.433776955376835860e-02
5.448010817735385314e-02
5.729129599316775540e-02
5.622375631627639370e-02
5.551206319834876141e-02
5.480037008042128871e-02
5.430218489787206476e-02
5.444452352145755236e-02
5.440893886556110587e-02
5.426660024197561133e-02
5.568998647783070938e-02
5.497829335990307709e-02
5.426660024197561133e-02
5.426660024197561133e-02
5.426660024197561133e-02
5.426660024197561133e-02
5.586790975731249775e-02
5.515621663938502506e-02
5.444452352145755236e-02
5.426660024197561133e-02
5.426660024197561133e-02
5.426660024197561133e-02
5.604583303679444573e-02
5.426660024197561133e-02
5.462244680093934768e-02
5.426660024197561133e-02
5.426660024197561133e-02
5.426660024197561133e-02
5.426660024197561133e-02
5.426660024197561133e-02
5.458686214504304690e-02
5.426660024197561133e-02
5.426660024197561133e-02
5.426660024197561133e-02
5.426660024197561133e-02
5.426660024197561133e-02
5.426660024197561133e-02
5.426660024197561133e-02
5.426660024197561133e-02
5.426660024197561133e-02
5.426660024197561133e-02
5.426660024197561133e-02
5.426660024197561133e-02
5.437335420966481203e-02
5.426660024197561133e-02
5.426660024197561133e-02
5.426660024197561133e-02
5.426660024197561133e-02
5.426660024197561133e-02
5.412426161839011679e-02
5.426660024197561133e-02
5.426660024197561133e-02
5.426660024197561133e-02
5.398192299480462225e-02
5.426660024197561133e-02
5.405309230659736952e-02
5.426660024197561133e-02
5.426660024197561133e-02
5.426660024197561133e-02
5.426660024197561133e-02
5.426660024197561133e-02
5.398192299480462225e-02
5.426660024197561133e-02
5.426660024197561133e-02
5.426660024197561133e-02
5.426660024197561133e-02
5.426660024197561133e-02
5.391075368301187498e-02
5.419543093018286406e-02
5.426660024197561133e-02
5.426660024197561133e-02
5.327022987687698996e-02
5.355490712404813863e-02
5.383958437121912771e-02
5.412426161839011679e-02
5.426660024197561133e-02
5.426660024197561133e-02
5.355490712404813863e-02
5.348373781225539136e-02
5.376841505942638044e-02
5.405309230659736952e-02
5.426660024197561133e-02
5.426660024197561133e-02
5.312789125329149542e-02
5.344815315635909753e-02
5.369724574763363317e-02
5.398192299480462225e-02
5.426660024197561133e-02
5.426660024197561133e-02
5.305672194149874815e-02
5.334139918866989682e-02
5.362607643584088590e-02
5.391075368301187498e-02
5.415984627428641063e-02
5.426660024197561133e-02
5.223827485588192210e-02
5.327022987687698996e-02
5.355490712404813863e-02
5.383958437121912771e-02
5.412426161839011679e-02
5.348373781225539136e-02
5.312789125329165502e-02
5.319906056508424269e-02
5.348373781225539136e-02
5.376841505942638044e-02
5.405309230659736952e-02
5.220269019998578092e-02
5.230944416767482896e-02
5.312789125329149542e-02
5.341256850046264409e-02
5.369724574763363317e-02
