5.040270258564684136e-01
4.733855948720169793e-01
4.306812767984755652e-01
4.124821343496900550e-01
3.727749144614318499e-01
3.406002858504049158e-01
3.246827493611678661e-01
3.161678721469097786e-01
3.084152626791978880e-01
3.190835462774482822e-01
3.029910346918445740e-01
2.719909913811770497e-01
2.638918965741262612e-01
2.654077699337344942e-01
2.492095803196325843e-01
2.268612759322621297e-01
2.345272640651391016e-01
2.298064013166443709e-01
2.252483866776386900e-01
2.169431330936808511e-01
2.123955130148556247e-01
2.013946034908397353e-01
2.005283901424921300e-01
1.917796353241801866e-01
1.926891593399452651e-01
1.874918792498592723e-01
1.855862098834943630e-01
1.833340551777903893e-01
1.711637576335051369e-01
1.782667070899562334e-01
1.747152323617306990e-01
1.660964095456711753e-01
1.659231668760014766e-01
1.607691974533325685e-01
1.594698774308111466e-01
1.597730521027329043e-01
1.587335960847156002e-01
1.570011693880201953e-01
1.554835636017150580e-01
1.548789466845682805e-01
1.549222573519857538e-01
1.522369959721079913e-01
1.508510546147516507e-01
1.471696478842738354e-01
1.484689679067954515e-01
1.476027545584476519e-01
1.429252024773702001e-01
1.424124041751484437e-01
1.423621638009439916e-01
1.398501450907359278e-01
1.424054744683614648e-01
1.410108709775217684e-01
1.408896011087528710e-01
1.378145437221185987e-01
1.342630689938930366e-01
1.322551864524232346e-01
1.368617090389362134e-01
1.360457360647926994e-01
1.361254276928406670e-01
1.363852916973451457e-01
1.297154489150678380e-01
1.264671488587640336e-01
1.315778076140152741e-01
1.315344969465978009e-01
1.330936809736236737e-01
1.285893715622157540e-01
1.294988955779810269e-01
1.241942050326995117e-01
1.184546753865478447e-01
1.255108493221877841e-01
1.282861968902939964e-01
1.277664688812854277e-01
1.249945861665727187e-01
1.223526354541124295e-01
1.172419766988608142e-01
1.149465113257395615e-01
1.271168088700246335e-01
1.274910130365110306e-01
1.249079648317379526e-01
1.210966260990081200e-01
1.136471913032179731e-01
1.162891420156784428e-01
1.107020659188357320e-01
1.248213434969032004e-01
1.257741781800857661e-01
1.168521806921044848e-01
1.143401619818962406e-01
1.096626099008186084e-01
1.083632898782970200e-01
1.069894755078174969e-01
1.205768980899993709e-01
1.143401619818960463e-01
1.124344926155313312e-01
1.101823379098271771e-01
1.041188444713931904e-01
1.010870977521763914e-01
9.744900168911606320e-02
1.157261033392524147e-01
1.136471913032179731e-01
1.055047858287495449e-01
1.044653298107324213e-01
1.004807484083330704e-01
9.731906968686383774e-02
1.170687340291912959e-01
1.096626099008184280e-01
1.055047858287493506e-01
1.019966217679412757e-01
9.952791372515050472e-02
9.658278834076847175e-02
9.450387630473383593e-02
9.571657499242067213e-02
1.067607951838534658e-01
9.762224435878577578e-02
9.970115639482002301e-02
9.597643899692495650e-02
9.350773095413381086e-02
9.376759495863827565e-02
9.311793494737748145e-02
9.770886569362015328e-02
9.463380830698607526e-02
9.277144960803844487e-02
9.311793494737748145e-02
9.363766295638603632e-02
8.272337476720528771e-02
8.255013209753576942e-02
9.472042964182064706e-02
9.268482827320367878e-02
9.303131361254271536e-02
9.298800294512524212e-02
7.713629867036257692e-02
8.047122006150132789e-02
8.402269478972669570e-02
9.177530425743860021e-02
9.238165360128192116e-02
7.163584390835481264e-02
7.570704664558892960e-02
7.709298800294529797e-02
8.168391874918796980e-02
8.584174282125685285e-02
9.074624279960137596e-02
6.834423318463354879e-02
7.211226124994590814e-02
7.609684265234525902e-02
8.017151024297267115e-02
8.341634544588337474e-02
8.740092684828272562e-02
6.713153449694671260e-02
7.024990255099826386e-02
7.510069730174560865e-02
7.908527870414497341e-02
8.298323877170937779e-02
8.510546147516129256e-02
6.713153449694671260e-02
6.916713586556386129e-02
7.410455195114558358e-02
7.696305600069305863e-02
7.685911039889084528e-02
6.630863181601638623e-02
6.695829182727718043e-02
6.812767984754654338e-02
7.167915457577210547e-02
7.579366798042369568e-02
6.652518515310339164e-02
6.635194248343385948e-02
6.591883580926005681e-02
6.708822382952922547e-02
7.037983455325050319e-02
7.193901858027637597e-02
6.656849582052067060e-02
6.570228247217287099e-02
6.587552514184258357e-02
6.604876781151210186e-02
6.838754385205082775e-02
7.068300922517226081e-02
6.604876781151210186e-02
6.565897180475559203e-02
6.583221447442530461e-02
6.600545714409482290e-02
6.539910780025130765e-02
6.622201048118163402e-02
6.483606912382526566e-02
6.518255446316431612e-02
6.526917579799906832e-02
6.578890380700783136e-02
6.604876781151210186e-02
6.604876781151210186e-02
6.495733899259378830e-02
6.509593312832955003e-02
6.513924379574702328e-02
6.552903980250354699e-02
6.479275845640779241e-02
6.604876781151210186e-02
6.466282645415574737e-02
6.500931179349479783e-02
6.466282645415574737e-02
6.518255446316431612e-02
6.388323444064271384e-02
6.336350643163396468e-02
6.457620511932099516e-02
6.492269045866003174e-02
6.526917579799906832e-02
6.388323444064271384e-02
6.392654510806018708e-02
6.349343843388620401e-02
6.375330243839066879e-02
6.210749707652984258e-02
6.388323444064290813e-02
6.388323444064271384e-02
6.388323444064271384e-02
6.362337043613842946e-02
6.310364242712987459e-02
6.171770106977352011e-02
6.414309844514719250e-02
6.388323444064271384e-02
6.362337043613842946e-02
6.366668110355572230e-02
6.323357442938191963e-02
6.262722508553859868e-02
6.388323444064271384e-02
6.388323444064271384e-02
6.388323444064271384e-02
6.388323444064271384e-02
6.301702109229492810e-02
6.215080774394731583e-02
6.184763307202555821e-02
6.080817705400824724e-02
6.345012776646891117e-02
6.379661310580796163e-02
6.323357442938191963e-02
6.236736108103412002e-02
6.184763307202555821e-02
6.106804105851271897e-02
6.336350643163415897e-02
6.370999177097319555e-02
6.345012776646891117e-02
6.258391441812112543e-02
6.171770106977352011e-02
5.989865303824335602e-02
6.327688509679939288e-02
6.362337043613842946e-02
6.323357442938191963e-02
6.280046775520811697e-02
6.132790506301700334e-02
6.002858504049559535e-02
5.985534237082588277e-02
6.353674910130367726e-02
6.388323444064271384e-02
6.301702109229492810e-02
6.137121573043447659e-02
6.063493438433891630e-02
5.963878903373907858e-02
5.933561436181732096e-02
6.340681709905143792e-02
6.193425440686051164e-02
6.080817705400824724e-02
6.028844904499968543e-02
5.976872103599112362e-02
5.898912902247827744e-02
5.872926501797380572e-02
6.197756507427779754e-02
5.968209970115636448e-02
6.041838104725191783e-02
5.989865303824335602e-02
5.937892502923480115e-02
5.898912902247809009e-02
5.647711031226984590e-02
6.106804105851271897e-02
6.054831304950396287e-02
6.002858504049559535e-02
5.950885703148683925e-02
5.881588635280856486e-02
5.630386764260032761e-02
5.946554636406936600e-02
5.721339165836540619e-02
5.734332366061764552e-02
5.963878903373907858e-02
5.890250768764333095e-02
5.652042097968732609e-02
5.656373164710460505e-02
5.704881112217922989e-02
5.665035298193937113e-02
5.630386764260032761e-02
5.760318766512192296e-02
5.673697431677413028e-02
5.647711031226984590e-02
5.682359565160888942e-02
5.652042097968732609e-02
5.942223569665208011e-02
5.781974100220892143e-02
5.695352765386112875e-02
5.639048897743508676e-02
5.673697431677413028e-02
5.639048897743508676e-02
5.691021698644364857e-02
5.803629433929572562e-02
5.717008099094793294e-02
5.630386764260032761e-02
5.665035298193937113e-02
5.699683832127840771e-02
5.678028498419160353e-02
5.630386764260032761e-02
5.738663432803492448e-02
5.652042097968732609e-02
5.656373164710460505e-02
5.630386764260032761e-02
5.665035298193937113e-02
5.630386764260032761e-02
5.630386764260032761e-02
5.673697431677413028e-02
5.630386764260032761e-02
5.630386764260032761e-02
5.630386764260032761e-02
5.630386764260032761e-02
5.630386764260032761e-02
5.695352765386112875e-02
5.630386764260032761e-02
5.630386764260032761e-02
5.630386764260032761e-02
5.630386764260032761e-02
5.630386764260032761e-02
5.699683832127840771e-02
5.630386764260032761e-02
5.630386764260032761e-02
5.630386764260032761e-02
5.630386764260032761e-02
5.630386764260032761e-02
5.717008099094793294e-02
5.647711031226984590e-02
5.630386764260032761e-02
5.630386764260032761e-02
5.630386764260032761e-02
5.630386764260032761e-02
5.604400363809604324e-02
5.621724630776556847e-02
5.630386764260032761e-02
5.630386764260032761e-02
5.630386764260032761e-02
5.630386764260032761e-02
5.600069297067856999e-02
5.617393564034808828e-02
5.630386764260032761e-02
5.630386764260032761e-02
5.630386764260032761e-02
5.630386764260032761e-02
5.595738230326128410e-02
5.613062497293080932e-02
5.630386764260032761e-02
5.630386764260032761e-02
5.556758629650476733e-02
5.574082896617429256e-02
5.591407163584381085e-02
5.608731430551332914e-02
5.626055697518285437e-02
5.630386764260032761e-02
5.630386764260032761e-02
5.630386764260032761e-02
5.587076096842652495e-02
5.604400363809604324e-02
5.621724630776556847e-02
5.630386764260032761e-02
5.630386764260032761e-02
5.630386764260032761e-02
5.582745030100905170e-02
5.600069297067856999e-02
5.617393564034808828e-02
5.630386764260032761e-02
5.630386764260032761e-02
5.561089696392224752e-02
5.630386764260032761e-02
5.595738230326128410e-02
5.613062497293080932e-02
5.630386764260032761e-02
5.630386764260032761e-02
5.556758629650476733e-02
5.574082896617429256e-02
5.591407163584381085e-02
5.608731430551332914e-02
5.626055697518285437e-02
5.630386764260032761e-02
5.309887825371381598e-02
5.396509160206180294e-02
5.587076096842652495e-02
5.604400363809604324e-02
5.621724630776556847e-02
5.548096496167000818e-02
5.288232491662681750e-02
5.565420763133952647e-02
5.582745030100905170e-02
5.600069297067856999e-02
5.617393564034808828e-02
5.587076096842652495e-02
5.370522759755732428e-02
5.561089696392224752e-02
5.578413963359176581e-02
5.595738230326128410e-02
