5.010463955697219696e-01
4.825461218970345523e-01
4.798068192794359699e-01
4.829054380372836963e-01
4.443317556907819821e-01
4.193103448275861678e-01
4.018963907402041680e-01
3.965794133745452754e-01
4.091728645481180204e-01
4.072410573424773417e-01
3.895328246241026027e-01
3.668823851379630629e-01
3.510415660517078873e-01
3.611726069738238620e-01
3.660529959110080944e-01
3.558871824591907096e-01
3.431372549019607865e-01
3.348813548407869045e-01
3.173798254934158680e-01
3.179110724749670269e-01
3.256704980842911046e-01
3.328342831385427414e-01
3.191023535851122972e-01
3.170900544125695442e-01
3.054026208184423274e-01
2.989793618596864877e-01
2.975788016355968568e-01
3.043562252487201913e-01
3.112785344022665490e-01
2.957113880034772380e-01
2.758942657522780451e-01
2.642551273382914290e-01
2.780192536784826252e-01
2.933127273898066267e-01
2.978202775363019694e-01
2.553527157989636809e-01
2.446150874142761777e-01
2.570108503171384395e-01
2.592002318168645236e-01
2.721916352747996148e-01
2.284040052802731868e-01
2.376122862938279956e-01
2.357448726617082657e-01
2.398660613670757225e-01
2.494285070349978040e-01
2.136256801571201625e-01
2.100840336134453257e-01
2.130783347821885720e-01
2.223027141891239788e-01
2.098882771499403221e-01
2.054315979265268488e-01
2.039666441289155474e-01
2.079268489004797160e-01
2.064779934962494290e-01
2.049486461251166236e-01
1.933571589555366232e-01
1.929392446633826086e-01
1.934543932515533082e-01
1.921684535883312617e-01
1.965774815673395626e-01
1.922470137480277175e-01
1.938214366206250372e-01
1.827863099262688751e-01
1.780160339998067276e-01
1.850510319070154952e-01
1.945812807881775186e-01
1.821533210985540607e-01
1.786921665217810207e-01
1.775330821983964746e-01
1.669628771048649318e-01
1.801088251392509998e-01
1.770823271837470014e-01
1.773399014778324345e-01
1.728323513313361204e-01
1.766315721690972229e-01
1.658778453910298711e-01
1.762774075147299779e-01
1.772433111175504561e-01
1.715283814675292728e-01
1.739109436878198411e-01
1.673106024018805593e-01
1.601790141343885365e-01
1.481857110660352583e-01
1.750861264045848464e-01
1.733796967062687100e-01
1.653626968028585886e-01
1.699185421294950871e-01
1.590360282043850049e-01
1.505038797128047667e-01
1.435171769857357671e-01
1.729611384783793782e-01
1.641231205125726622e-01
1.596155703660775138e-01
1.501336166650570902e-01
1.468978395956080096e-01
1.363372935381048645e-01
1.299945265462507105e-01
1.673910943687822173e-01
1.487188898547921745e-01
1.463182974339159448e-01
1.424707814160146302e-01
1.335361730899256860e-01
1.313628899835793118e-01
1.299945265462507105e-01
1.482018094594158564e-01
1.435010785923566123e-01
1.367558517659935857e-01
1.337615505972502006e-01
1.309926269358317741e-01
1.157474484046491225e-01
1.377217553688132035e-01
1.422293055153092400e-01
1.363469525741329846e-01
1.343893879390835877e-01
1.282880968479347128e-01
1.153610869635211256e-01
1.180817154447986461e-01
1.441450143275700146e-01
1.327151550275279257e-01
1.248913358446825939e-01
1.225087736243921643e-01
1.151035126694355676e-01
1.160050226987346805e-01
1.303486912006173726e-01
1.306223638880837923e-01
1.212048037605846090e-01
1.169548279081748521e-01
1.163269905663413123e-01
1.139927235261920802e-01
1.079719244019446966e-01
1.125438681219613629e-01
1.151035126694355676e-01
1.154093821436617540e-01
1.137512476254869537e-01
1.138800347725296702e-01
1.047200489391160311e-01
1.109179303905471758e-01
1.193212917350847113e-01
1.170031230883157580e-01
1.128497375961872579e-01
1.000515148588171088e-01
1.024662738658681516e-01
1.017257477703724933e-01
1.075694645674362543e-01
1.100808139347694142e-01
1.120287195337902331e-01
9.940757912360341508e-02
1.006471554138898966e-01
1.014681734762870741e-01
1.018706333107956552e-01
1.030941112077015526e-01
1.056859525419367868e-01
9.316140249203064272e-02
1.000354164654368161e-01
1.012105991822016549e-01
1.015647638365691774e-01
9.787823175247076235e-02
9.940757912360341508e-02
9.617180205415376548e-02
9.140667761357432197e-02
9.921439840303920843e-02
9.972954699121047706e-02
9.422389645513365442e-02
9.940757912360341508e-02
9.667085224894574058e-02
9.077884027174064341e-02
9.924659518979996042e-02
9.877974178177030551e-02
9.459415950288148356e-02
9.311310731189016698e-02
9.143887440033478253e-02
9.015100292990753383e-02
9.164815351427929579e-02
9.412730609485184252e-02
9.085933223864230135e-02
9.304871373836866300e-02
9.176084226794141430e-02
8.997392060272391134e-02
9.015100292990753383e-02
8.928168968736915900e-02
9.200231816864681833e-02
9.337068160597572497e-02
9.208281013554833749e-02
8.968414952187760136e-02
9.015100292990753383e-02
9.015100292990753383e-02
8.942657522779232093e-02
9.031198686371098849e-02
9.240477800315526069e-02
9.005441256962556928e-02
8.961975594835623615e-02
8.918509932708719445e-02
8.937828004765126233e-02
8.894362342638208185e-02
9.190572780836471500e-02
8.894362342638208185e-02
8.894362342638208185e-02
8.913680414694614973e-02
8.739817766186940007e-02
8.894362342638208185e-02
8.894362342638208185e-02
8.894362342638208185e-02
8.900286551402171453e-02
8.908850896680509113e-02
8.759135838243346794e-02
8.894362342638208185e-02
8.894362342638208185e-02
8.894362342638208185e-02
8.894362342638208185e-02
8.855726198525394610e-02
8.778453910299753582e-02
8.894362342638208185e-02
8.894362342638208185e-02
8.631958530538637320e-02
8.744647284201031989e-02
8.875044270581787520e-02
8.797771982356160370e-02
8.677034032003601294e-02
8.580443671721567356e-02
8.894362342638208185e-02
8.694742264721991298e-02
8.894362342638208185e-02
8.797771982356160370e-02
8.701181622074126432e-02
8.894362342638208185e-02
8.445217167326721230e-02
8.644837245242938117e-02
8.844457323159167494e-02
8.821919572426671630e-02
8.725329212144639079e-02
8.894362342638208185e-02
8.395312147847638906e-02
8.594932225763897427e-02
8.794552303680114314e-02
8.846067162497184277e-02
8.749476802215136462e-02
8.652886441933103912e-02
8.007340867381432248e-02
8.369554718439110863e-02
8.744647284201031989e-02
8.865385234553575799e-02
8.749476802215136462e-02
7.878553720338721256e-02
7.981583437972904205e-02
8.084613155607073276e-02
8.052416368846396222e-02
8.894362342638208185e-02
8.778453910299753582e-02
8.393702308509665144e-02
7.955826008564362284e-02
8.392092469171577584e-02
8.347016967706628876e-02
8.773624392285676865e-02
7.313500112688738064e-02
7.827038861521623536e-02
7.983193277310920988e-02
8.033098296789974169e-02
7.933288257831909440e-02
8.165105122508803381e-02
7.698251714478897278e-02
7.342477220773384328e-02
7.904311149747263177e-02
8.007340867381432248e-02
7.614540068901121117e-02
7.115489874110565716e-02
7.097781641392218732e-02
7.751376412634027047e-02
7.878553720338721256e-02
7.981583437972904205e-02
8.084613155607073276e-02
7.904311149747278442e-02
7.043047103899030548e-02
7.730448501239560455e-02
7.814160146817351882e-02
7.356965774815656112e-02
7.392382240252466652e-02
7.163785054251575746e-02
7.067194693969543196e-02
7.192762162336206744e-02
7.443897099069507473e-02
7.876943881000676717e-02
7.292572201294372780e-02
7.187932644322087006e-02
7.091342284040040578e-02
7.142857142857153563e-02
7.342477220773384328e-02
7.405260954956693897e-02
7.308670594674647469e-02
7.212080234392599654e-02
7.115489874110565716e-02
7.092952123378112872e-02
7.292572201294329759e-02
7.385942882900273232e-02
7.270034450561820016e-02
7.236227824463110914e-02
7.139637464181078363e-02
7.043047103899030548e-02
7.242667181815247435e-02
7.043047103899030548e-02
7.299011558646421871e-02
7.260375414533623561e-02
7.163785054251575746e-02
7.067194693969514052e-02
7.192762162336206744e-02
7.043047103899030548e-02
7.327988666731054257e-02
7.212080234392585776e-02
7.187932644322102271e-02
7.091342284040040578e-02
7.043047103899030548e-02
7.043047103899030548e-02
7.043047103899030548e-02
7.241057342477216774e-02
7.212080234392585776e-02
7.115489874110565716e-02
7.092952123378112872e-02
7.043047103899030548e-02
7.043047103899030548e-02
7.043047103899030548e-02
7.154126018223365413e-02
7.043047103899030548e-02
7.043047103899030548e-02
7.043047103899030548e-02
7.043047103899030548e-02
7.043047103899030548e-02
7.065456067484451874e-02
6.713030039602058130e-02
6.972214173025596817e-02
7.043047103899030548e-02
7.043047103899030548e-02
7.043047103899030548e-02
7.043047103899030548e-02
6.762935059081098821e-02
7.043047103899030548e-02
7.043047103899030548e-02
7.043047103899030548e-02
7.043047103899030548e-02
7.043047103899030548e-02
7.043047103899030548e-02
6.902991081490064684e-02
7.043047103899030548e-02
7.043047103899030548e-02
7.043047103899030548e-02
6.841817186644898185e-02
7.043047103899030548e-02
6.759715380405095786e-02
7.043047103899030548e-02
7.043047103899030548e-02
7.043047103899030548e-02
7.043047103899030548e-02
7.043047103899030548e-02
6.688882449531560748e-02
6.972214173025596817e-02
7.043047103899030548e-02
7.043047103899030548e-02
6.600341285939664848e-02
6.334717795164092335e-02
6.618049518658027097e-02
6.901381242152063167e-02
7.043047103899030548e-02
7.043047103899030548e-02
7.043047103899030548e-02
6.962555136997343463e-02
6.547216587784593367e-02
6.830548311278529516e-02
7.038217585884926075e-02
5.626388486429038938e-02
6.358865385234603596e-02
6.193051933417124261e-02
6.476383656911059716e-02
6.759715380405095786e-02
7.043047103899030548e-02
7.043047103899030548e-02
7.043047103899030548e-02
6.721079236292282211e-02
6.405550726037526066e-02
6.688882449531560748e-02
6.972214173025596817e-02
7.028558549856729620e-02
7.009240477800308955e-02
6.051386071670041694e-02
6.334717795164092335e-02
6.618049518658027097e-02
5.272223832061569138e-02
5.429988087188868801e-02
5.996651534176925674e-02
5.980553140796607964e-02
6.263884864290557297e-02
6.547216587784593367e-02
5.272223832061569138e-02
7.038217585884926075e-02
5.602240896358526984e-02
5.909720209923074313e-02
6.193051933417124261e-02
6.476383656911059716e-02
