1.099856228237672706e+00
1.050095473435920690e+00
9.988158485903626538e-01
9.672978209592265619e-01
9.418044479388970602e-01
9.138093900932269253e-01
8.885825002808042106e-01
8.826353476356283423e-01
8.815688531955518936e-01
8.359011007525551928e-01
8.070712119510274896e-01
7.853602718184878873e-01
7.617044816354037184e-01
7.562843985173537398e-01
7.642912501404022230e-01
7.410423452768729602e-01
7.156407952375604120e-01
6.903852633943614592e-01
6.862967539031785691e-01
6.798747613164102255e-01
6.797613164101988792e-01
6.284398517353700919e-01
6.306772997865887076e-01
6.366193979557452920e-01
6.186260249354148533e-01
6.112021228799260353e-01
6.087835561046838206e-01
6.095723351679208646e-01
6.013037740087612271e-01
6.041174323261820911e-01
5.894046950466131918e-01
5.925530719982029515e-01
5.872357632258790039e-01
5.943726833651578056e-01
5.881587667078503889e-01
5.611277097607544340e-01
5.512748511737617374e-01
5.614110412220600921e-01
5.519038526339437034e-01
5.533303380882852451e-01
5.679770863753790255e-01
5.428788048972260638e-01
5.359491182747387894e-01
5.275637425586880980e-01
5.387060541390543689e-01
5.222958553296640494e-01
5.256655060092104703e-01
5.205402673256191992e-01
5.108205099404686811e-01
5.007079074469256152e-01
5.100190946871839826e-01
5.087049309221609583e-01
5.114624283949226191e-01
5.102212737279567811e-01
4.828484780411096966e-01
4.851398405032005812e-01
4.742895653150622226e-01
4.921037852409300695e-01
4.950466135010670454e-01
4.921551724137931960e-01
4.730203302257663389e-01
4.704172750758170429e-01
4.635740761541052302e-01
4.494945523980680702e-01
4.430304391778050466e-01
4.367516567449173936e-01
4.619229473211271531e-01
4.514096372009435143e-01
4.432550825564415264e-01
4.358306188925082370e-01
4.335066831405144372e-01
4.273840278557788919e-01
4.245535212849601003e-01
4.323298326406816994e-01
4.285746377625520021e-01
4.258676850499831246e-01
4.168819499045268162e-01
4.242951813995282095e-01
4.194324946647195462e-01
4.180051667977084939e-01
4.137818712793440712e-01
4.242951813995274324e-01
4.046051892620464718e-01
4.035942940581825344e-01
3.982477816466359899e-01
3.964093563967200917e-01
3.974502976524767472e-01
4.029428282601369982e-01
4.039087947882737950e-01
3.998876783106818933e-01
3.948668987981580614e-01
3.941368078175895850e-01
3.927103223632483764e-01
3.979220487476131662e-01
3.907559249691116565e-01
3.926901044591710743e-01
3.976187801864540794e-01
3.892598000673931913e-01
3.915646411322026288e-01
3.795462203751544528e-01
3.902841738739751820e-01
3.847579467595191871e-01
3.861131079411424527e-01
3.753903178703807964e-01
3.767718746489945869e-01
3.786588790295404849e-01
3.722340784005390146e-01
3.770765472312707089e-01
3.819563630236998963e-01
3.746602268898123200e-01
3.688194990452652866e-01
3.711108615073570038e-01
3.673492081320886560e-01
3.726047399752891454e-01
3.730989554082893012e-01
3.719308098393797057e-01
3.672357632258788085e-01
3.591598337638997607e-01
3.548242165562164874e-01
3.703807705267886385e-01
3.497697405368973556e-01
3.734696169830393209e-01
3.644240705380197842e-01
3.379742783331461387e-01
3.458154554644501943e-01
3.427047062787824117e-01
3.392115017409860211e-01
3.408289340671679102e-01
3.657643490958101262e-01
3.596091205211724984e-01
3.364149724811859588e-01
3.371897113332584239e-01
3.362462091429855859e-01
3.382230708749858761e-01
3.061327642367740465e-01
3.116999887678313375e-01
3.259575424014375944e-01
3.314534426597775529e-01
3.304391778052341300e-01
3.299786588790301622e-01
3.041446703358419157e-01
3.102844546781977075e-01
3.136133887453667612e-01
3.234976974053688226e-01
3.029877569358642719e-01
3.269807929911267563e-01
3.029877569358642719e-01
3.038638661125468432e-01
3.072784454678201826e-01
3.063574076154116366e-01
3.003594294058183900e-01
3.015374031225429574e-01
3.023699876446142576e-01
3.021116477591823113e-01
3.009435021902728824e-01
2.997753566213636756e-01
2.972031899359768303e-01
2.992811411883632977e-01
2.972368864427731849e-01
2.973952600247110611e-01
2.913063012467704826e-01
2.927664832079073798e-01
2.957741772436244254e-01
2.934067168370212975e-01
2.903291025497020672e-01
2.909668089408058989e-01
2.920363922273386259e-01
2.883859373244973545e-01
2.918903740312251971e-01
2.881163652701336786e-01
2.882511512973153778e-01
2.883859373244973545e-01
2.883859373244973545e-01
2.933505559923620942e-01
2.883859373244973545e-01
2.854543412332922747e-01
2.867572728293834583e-01
2.868920588565654906e-01
2.799056497809727095e-01
2.845669998876783069e-01
2.838256767381780454e-01
2.851286083342693400e-01
2.864315399303606902e-01
2.873975064584972094e-01
2.794338986858361240e-01
2.795686847130180452e-01
2.834999438391553328e-01
2.768168033247220272e-01
2.881500617769291450e-01
2.860271818488148710e-01
2.798382567673818322e-01
2.765921599460853253e-01
2.766033921150173325e-01
2.802426148489273183e-01
2.802426148489273183e-01
2.784005391441087274e-01
2.802426148489273183e-01
2.773222509266539682e-01
2.744018870043805625e-01
2.692912501404018943e-01
2.685611591598334735e-01
2.802426148489273183e-01
2.797820959227227400e-01
2.752218353364032088e-01
2.751319779849488167e-01
2.693474109850611531e-01
2.646860608783557778e-01
2.590138155677869092e-01
2.793215769965181616e-01
2.787824328877904212e-01
2.690666067617656920e-01
2.729417050432437208e-01
2.649556329327193982e-01
2.638773447152646390e-01
2.598000673930135340e-01
2.758749859597861565e-01
2.628622374480496515e-01
2.578119734920808481e-01
2.592384589464223343e-01
2.563180950241491507e-01
2.558800404358083647e-01
2.504773671796023948e-01
2.651802763113557115e-01
2.541615185892395212e-01
2.504773671796023948e-01
2.644164888239917688e-01
2.541278220824439993e-01
2.504998315174661316e-01
2.518589239582164629e-01
2.545771088397170145e-01
2.504773671796023948e-01
2.504773671796023948e-01
2.504773671796023948e-01
2.519375491407389034e-01
2.513984050320118846e-01
2.504773671796023948e-01
2.504773671796023948e-01
2.504773671796023948e-01
2.434797259350780507e-01
2.496686510165113115e-01
2.504773671796023948e-01
2.504773671796023948e-01
2.504773671796023948e-01
2.444681568010786676e-01
2.440674491744358743e-01
2.464787150398742854e-01
2.504773671796023948e-01
2.504773671796023948e-01
2.371672469953956253e-01
2.430079748399422701e-01
2.468830731214206875e-01
2.454790520049424662e-01
2.502077951252388299e-01
2.476468606087834090e-01
2.357070650342581453e-01
2.364820846905536789e-01
2.344715264517574504e-01
2.444793889700106471e-01
2.468830731214204655e-01
2.255981129956194098e-01
2.258227563742558897e-01
2.335167920925530216e-01
2.255307199820286435e-01
2.254857913063012531e-01
2.474783780748061879e-01
2.260024710771654233e-01
2.257665955295969362e-01
2.344827586206900683e-01
2.262158822868695074e-01
2.321464674828714048e-01
2.254857913063012531e-01
2.254857913063012531e-01
2.257104346849375665e-01
2.259350780635740463e-01
2.157924295181402052e-01
2.103897562619338746e-01
2.102662024036835164e-01
2.254857913063012531e-01
2.256542738402785853e-01
2.258789172189150651e-01
2.151072672132989527e-01
2.113332584522066016e-01
2.254857913063012531e-01
2.037852409300230927e-01
2.235987869257549943e-01
2.237335729529371375e-01
2.018982365494776388e-01
2.037184095248791016e-01
2.085027518813881986e-01
2.047287431202966523e-01
2.018982365494776388e-01
2.190272941705038445e-01
2.169942715938444344e-01
2.132202628327526939e-01
2.030663821183870676e-01
2.024823093339323532e-01
2.254857913063012531e-01
2.018982365494776388e-01
2.151521958890255382e-01
2.141637650230254208e-01
2.103897562619338746e-01
2.026283275300460596e-01
2.020442547455911508e-01
2.018982365494776388e-01
2.123674604066052574e-01
1.908373581938655195e-01
1.939233966078853511e-01
2.027743457261595994e-01
2.021902729417048850e-01
2.018982365494776388e-01
2.018982365494776388e-01
1.899359766370893043e-01
1.988436482084690871e-01
2.029203639222731392e-01
1.847916432663148090e-01
2.018982365494776388e-01
1.909468718409517984e-01
1.891384926429294788e-01
1.923284286195659221e-01
1.915646411322027010e-01
1.967314388408411552e-01
1.819611366954957954e-01
2.018982365494776388e-01
1.883410086487698754e-01
1.852454228911607492e-01
1.820577333483094085e-01
1.866786476468602907e-01
2.006065371223194616e-01
2.018982365494776388e-01
1.875435246546112711e-01
1.838144445692462825e-01
1.819611366954957954e-01
1.941480399865210260e-01
1.838481410760412771e-01
1.835561046838140309e-01
1.867460406604516676e-01
1.899359766370893043e-01
1.819611366954957954e-01
1.819611366954957954e-01
1.819611366954957954e-01
1.824104234527687829e-01
1.819611366954957954e-01
1.819611366954957954e-01
1.819611366954957954e-01
1.819611366954957954e-01
1.819611366954957954e-01
1.819611366954957954e-01
1.851510726721334321e-01
1.819611366954957954e-01
1.819611366954957954e-01
1.819611366954957954e-01
1.819611366954957954e-01
1.814669212624960559e-01
1.843535886779736344e-01
1.795237560372903995e-01
1.819611366954957954e-01
1.819611366954957954e-01
1.819611366954957954e-01
1.809727058294956781e-01
1.828597102100413541e-01
1.798719532741770155e-01
1.819611366954957954e-01
1.819611366954957954e-01
1.785016286644952876e-01
1.804784903964953280e-01
1.819611366954957954e-01
1.802201505110636592e-01
1.819611366954957954e-01
1.819611366954957954e-01
1.780074132314949376e-01
1.799842749634957828e-01
1.819611366954957954e-01
1.805683477479498866e-01
1.791755588004043664e-01
1.777827698528584577e-01
1.720532404807367244e-01
1.794900595304954050e-01
1.731101875772211307e-01
1.809165449848365026e-01
1.795237560372903995e-01
1.781309670897450737e-01
1.717960238121981897e-01
1.780411097382907371e-01
1.809727058294956781e-01
1.717763675165670523e-01
1.798719532741770155e-01
1.717988318544322324e-01
1.716500056160844556e-01
1.785016286644952876e-01
1.804784903964953280e-01
1.732562057733348648e-01
1.802201505110636592e-01
1.709199146355162013e-01
1.715039874199709158e-01
1.720880602044254359e-01
