1.284132779150753079e+00
1.209375653669459094e+00
1.107992779615583512e+00
1.099692436414908991e+00
1.064741553622200243e+00
1.021386515234855796e+00
9.837492930685864945e-01
9.555677143454788247e-01
9.223409694838049511e-01
8.910504419773930262e-01
8.707140588321884422e-01
8.497896636943270687e-01
8.290591420757829066e-01
8.214349351947258793e-01
7.903208500220794130e-01
7.899511152085160193e-01
7.763365845722381975e-01
7.692674641111260092e-01
7.493163101666424630e-01
7.496571866841240661e-01
7.215279015176754296e-01
7.220384415745400020e-01
7.261458099303530478e-01
7.045452784728734041e-01
7.070820970103560699e-01
7.036466040176947434e-01
6.995376862231660331e-01
6.970459950882798017e-01
6.962557813432088683e-01
6.847928400436946728e-01
6.823108329007818718e-01
6.707926928470167027e-01
6.767894080369388776e-01
6.639918189635806156e-01
6.769497749440266388e-01
6.575895381897911562e-01
6.514615080687023996e-01
6.440307873472831401e-01
6.498423446106650347e-01
6.502297042896214574e-01
6.524022110490473869e-01
6.436755785216810022e-01
6.305053494371667400e-01
6.198374638787101931e-01
6.213249250459025319e-01
6.275354627786087214e-01
6.209133553870112010e-01
6.130573137380990190e-01
6.116951634270488825e-01
5.991051991416119771e-01
5.949315922806954759e-01
6.062682543248716360e-01
6.018639747751381996e-01
5.927786471850577943e-01
5.829379682210120706e-01
5.780955848743797310e-01
5.760425785759113460e-01
5.749114883133588094e-01
5.636639189953444040e-01
5.748948318471640562e-01
5.676213791554011179e-01
5.466419789431282705e-01
5.572711285336889864e-01
5.381909528273385313e-01
5.408083421780462974e-01
5.448058940648752291e-01
5.288621696790340998e-01
5.434933257927311301e-01
5.304855940935400138e-01
5.192213683093300780e-01
5.134105857653058491e-01
5.190619698014395933e-01
5.204874534199989133e-01
5.138728995421405488e-01
5.122754282261251513e-01
5.077820559502321807e-01
5.112373042865225869e-01
5.008095817290190155e-01
5.092772643110030639e-01
4.999887665693095729e-01
4.999186544674193433e-01
5.022505597347363127e-01
4.934729894095867264e-01
4.997869521765740952e-01
4.992214070452979935e-01
4.995700307563579745e-01
4.897775780723435668e-01
4.838122390164165676e-01
4.928144779553608745e-01
4.829755421098711476e-01
4.824795280409671649e-01
4.863688128975282576e-01
4.816817607821567981e-01
4.786526080927184790e-01
4.792208647417478540e-01
4.809070414242442304e-01
4.838122390164165676e-01
4.651957328457766438e-01
4.649555698448240570e-01
4.700067400584138078e-01
4.713624989347610095e-01
4.759488375336035082e-01
4.569217301032701406e-01
4.507394696271274648e-01
4.595092927586982290e-01
4.472985535989589811e-01
4.332618009126190106e-01
4.548997125791183205e-01
4.567590390381086052e-01
4.528544534742291461e-01
4.413033878477519711e-01
4.359345826974176941e-01
4.244067586516784285e-01
4.148389745814580198e-01
4.508866663051310231e-01
4.485237722634972113e-01
4.390721960969638515e-01
4.340830034320068975e-01
4.252202139774863832e-01
4.154897388421044391e-01
4.050775106717591778e-01
4.508866663051310231e-01
4.382990261777663377e-01
4.280740864121968525e-01
4.196600531457473360e-01
4.160010536183267882e-01
4.063015672572612424e-01
3.980120701275958184e-01
3.980120701275963735e-01
4.267231695318371987e-01
4.128556930252018087e-01
4.073861743583382933e-01
4.077967756180322367e-01
3.987401126441948995e-01
3.951068725354242028e-01
3.867941338250221461e-01
4.141262327721781378e-01
4.003439753949131208e-01
3.986008568396101071e-01
3.929918886883229101e-01
3.883358253472683486e-01
3.868561113736551094e-01
3.900247135475175542e-01
4.031794482448726735e-01
3.871659991168201476e-01
3.922868940726224607e-01
3.871659991168201476e-01
3.864532573075404320e-01
3.857405154982608275e-01
3.871659991168201476e-01
3.871659991168201476e-01
3.871659991168201476e-01
3.871427575360827933e-01
3.844932173320215751e-01
3.855003524973079632e-01
3.813865927067921491e-01
3.794962774734855770e-01
3.783729344045128618e-01
3.865849595983856801e-01
3.850242874518703950e-01
3.809372554792026522e-01
3.764361360097305265e-01
3.799688562818120952e-01
3.780785410485053566e-01
3.750958715205419680e-01
3.742126914525214509e-01
3.743056577754710346e-01
3.823317503234454073e-01
3.804414350901386688e-01
3.781560129842965745e-01
3.747216820706700258e-01
3.741894498717840967e-01
3.741894498717840967e-01
3.743753825176830974e-01
3.741894498717840967e-01
3.709123869878140356e-01
3.726400111559581285e-01
3.743211521626292337e-01
3.725625392201675767e-01
3.703933250180123093e-01
3.690917964967192488e-01
3.705482688895948562e-01
3.720047412824707411e-01
3.726864943174340028e-01
3.731048427707062687e-01
3.741894498717840967e-01
3.689600942058741673e-01
3.663469658116348393e-01
3.689291054315576024e-01
3.665739585835034453e-01
3.736471463212454602e-01
3.641955701547114899e-01
3.683635603002815007e-01
3.629637663756304922e-01
3.558673370571511230e-01
3.650864974163111065e-01
3.741894498717840967e-01
3.629172832141559502e-01
3.636610137977519530e-01
3.629482719884722375e-01
3.608720241092662206e-01
3.585788548098453599e-01
3.646991377373549059e-01
3.645519410593514587e-01
3.607087520045862417e-01
3.570216689004409583e-01
3.569519441582289510e-01
3.524924658542438194e-01
3.643117780583987053e-01
3.515289086528406437e-01
3.613213613368557175e-01
3.530008754328745613e-01
3.532332912402483815e-01
3.553250335066124310e-01
3.519937402675882288e-01
3.515289086528406437e-01
3.515289086528406437e-01
3.475236095724322238e-01
3.569287025774913746e-01
3.527684596255007965e-01
3.493596944506853208e-01
3.515289086528406437e-01
3.515289086528406437e-01
3.478567388963348384e-01
3.464932328264089256e-01
3.467322337483245698e-01
3.428520518442194076e-01
3.423872202294718226e-01
3.430069957158021210e-01
3.445564344316272565e-01
3.461058731474524475e-01
3.502893576801803244e-01
3.450987379821657819e-01
3.429295237800106255e-01
3.424491977781051189e-01
3.441690747526710559e-01
3.457185134684961914e-01
3.418449166789331861e-01
3.418449166789331861e-01
3.434718273305497060e-01
3.421470572285192357e-01
3.437817150737148553e-01
3.418449166789331861e-01
3.418449166789331861e-01
3.418449166789331861e-01
3.418449166789331861e-01
3.418449166789331861e-01
3.415040401614515830e-01
3.411631636439700355e-01
3.418449166789331861e-01
3.418449166789331861e-01
3.418449166789331861e-01
3.418449166789331861e-01
3.427513383276910020e-01
3.418449166789331861e-01
3.418449166789331861e-01
3.348724424577196879e-01
3.376614321462055313e-01
3.404504218346907085e-01
3.278224963007158044e-01
3.280859008824055789e-01
3.409927253852294005e-01
3.329821272244130603e-01
3.369641847240837929e-01
3.348956840384568756e-01
3.411403094229111255e-01
3.294561857467138699e-01
3.334082228712654250e-01
3.323700989316623056e-01
3.362669373019625541e-01
3.390559269904478423e-01
3.248495107647252356e-01
3.415040401614515830e-01
3.324088348995583031e-01
3.233911015734550753e-01
3.230502250559736388e-01
3.309881932769858093e-01
3.375074566738204274e-01
3.243749951580042201e-01
3.286979291751565002e-01
3.311460423461602409e-01
3.335941555171644257e-01
3.227945676678623532e-01
3.224536911503809167e-01
3.256377877114018382e-01
3.222832528916401706e-01
3.235615398321959879e-01
3.232206633147144403e-01
3.228797867972328373e-01
3.225389102797512897e-01
3.222832528916401706e-01
3.257694900022470863e-01
3.222832528916401706e-01
3.233058824440847578e-01
3.229650059266031548e-01
3.226241294091217182e-01
3.222832528916401706e-01
3.250722425801254589e-01
3.222832528916401706e-01
3.222832528916401706e-01
3.222832528916401706e-01
3.227093485384920357e-01
3.217177077603644575e-01
3.222832528916401706e-01
3.222832528916401706e-01
3.208422748859226514e-01
3.165503296430882130e-01
3.222832528916401706e-01
3.211521626290880782e-01
3.222832528916401706e-01
3.222832528916401706e-01
3.125217889819418837e-01
3.222832528916401706e-01
3.177279030671145144e-01
3.203373515444030151e-01
3.222832528916401706e-01
3.222832528916401706e-01
3.222832528916401706e-01
3.144740817638808084e-01
3.170771388064675400e-01
3.196801958490543827e-01
3.222832528916401706e-01
3.086172034180623136e-01
3.112202604606482126e-01
3.138233175032348887e-01
3.164263745458206767e-01
3.190294315884074083e-01
3.060141463754755820e-01
3.100581814237794998e-01
3.105694962000021819e-01
3.131725532425879144e-01
3.157756102851746460e-01
3.127135320230243209e-01
3.209817243703472767e-01
3.073156748967684204e-01
3.099187319393551521e-01
3.060141463754755820e-01
3.142561919444682439e-01
3.177279030671145144e-01
3.060141463754755820e-01
3.216479830181515065e-01
3.060916183112669109e-01
3.118710247212950204e-01
3.072382029609773690e-01
2.992121104130031073e-01
3.060141463754755820e-01
3.060141463754755820e-01
3.078657256408866005e-01
3.112202604606482126e-01
2.983909078936153314e-01
3.060141463754755820e-01
3.060141463754755820e-01
3.060141463754755820e-01
3.060606295369503460e-01
3.061226070855833647e-01
2.990261777671039956e-01
2.964850982731502826e-01
2.947443038759169354e-01
3.060141463754755820e-01
3.060451351497919803e-01
3.022025271345453734e-01
2.996614476405916605e-01
3.060141463754755820e-01
3.060141463754755820e-01
3.060141463754755820e-01
3.060296407626337811e-01
3.028377970080341486e-01
3.061535958598999296e-01
2.977556380201267228e-01
2.952145585261737870e-01
3.060141463754755820e-01
2.901323995382673049e-01
3.034730668815218135e-01
3.009319873875690998e-01
2.983909078936153314e-01
2.958498283996624512e-01
3.060141463754755820e-01
2.898234801943000427e-01
3.041083367550104777e-01
3.015672572610567648e-01
2.926269958707458652e-01
2.964850982731502826e-01
2.939440187791975134e-01
2.894661408904626865e-01
3.043097637880682327e-01
3.009009986132522574e-01
2.996614476405916605e-01
2.971203681466388913e-01
2.878004942709506131e-01
2.920382091587324092e-01
2.901323995382673049e-01
3.028377970080341486e-01
3.002967175140804357e-01
2.977556380201267228e-01
2.874673649470479986e-01
