1.797780262790047212e+00
1.738677662845959038e+00
1.795040536762649630e+00
1.506266424377969981e+00
1.387818003913893650e+00
1.297121889851830856e+00
1.221568353368743365e+00
1.198308638523902125e+00
1.201006429969247780e+00
1.082432205759015886e+00
1.086006429969247788e+00
1.029654738607771458e+00
9.865935141179758006e-01
9.478361755661169896e-01
9.252124685490630274e-01
9.192619513558847322e-01
8.952474140341063480e-01
8.778305842885097965e-01
8.440369024322051938e-01
8.515250209672907689e-01
8.306066536203512429e-01
8.358960022365110598e-01
8.163265306122448051e-01
7.935700307520269225e-01
7.753019289907741030e-01
7.658932065977075432e-01
7.593584008946034913e-01
7.452166620072684378e-01
7.416452334358398790e-01
7.336874475817722896e-01
7.268185630416548193e-01
7.092535644394742933e-01
7.032708974000561053e-01
7.133911098686048780e-01
6.868982387475539575e-01
6.789488398098965094e-01
6.785015376013416866e-01
6.691137824993009797e-01
6.546267822197371355e-01
6.596673189823873962e-01
6.245107632093930272e-01
6.301509644953868783e-01
6.186818563041645014e-01
6.208303047246293005e-01
6.069541515236230866e-01
6.039586245457079228e-01
5.954710651383841036e-01
5.932904668716801888e-01
5.846798993570031522e-01
5.784176684372378530e-01
5.841766843723790181e-01
5.775789767961979626e-01
5.793933463796474559e-01
5.791445345261392319e-01
5.677942409840649463e-01
5.710371819960859963e-01
5.521386636846518092e-01
5.612734134749784998e-01
5.717081353089179530e-01
5.720436119653339313e-01
5.335253005311696439e-01
5.289628180039139815e-01
5.388314229801510757e-01
5.409001956947163681e-01
5.414034106793401691e-01
5.480570310315907578e-01
5.261392228124125436e-01
5.166340508806261944e-01
5.160287950796754730e-01
5.071847917249091564e-01
5.021526418786693702e-01
4.990215264187867206e-01
4.932667039418506261e-01
4.983226167179197197e-01
4.866466312552413243e-01
4.885658372938216920e-01
4.883980989656134808e-01
4.952753704221413145e-01
4.871121051160188786e-01
4.763768521107071274e-01
4.738048644115179786e-01
4.805703103159071343e-01
4.682694995806541138e-01
4.776069331842325294e-01
4.716242661448138973e-01
4.655856863293261205e-01
4.601621470506010447e-01
4.636287391668997282e-01
4.582611126642438526e-01
4.682694995806541138e-01
4.679899357003073912e-01
4.635169136147609392e-01
4.427173609169696711e-01
4.301873077998315531e-01
4.402571987699189782e-01
4.640201285993849067e-01
4.417109309477215695e-01
4.338831422980151120e-01
4.350013978194017250e-01
4.364187866927592974e-01
4.376376852110707705e-01
4.227005870841487600e-01
4.176125244618396071e-01
4.141109868604976874e-01
4.262230919765164772e-01
4.210232038020688683e-01
4.201845121610288114e-01
4.142577578976798236e-01
4.023483365949120927e-01
4.043611965334077962e-01
4.152865529773550612e-01
4.087223930668159588e-01
4.021805982667038259e-01
3.997763488957226108e-01
4.050880626223093972e-01
4.022365110427734147e-01
4.008946044171095013e-01
3.922714565278160870e-01
3.915012580374613860e-01
3.838076600503213531e-01
3.864131954151525106e-01
3.997763488957226108e-01
3.899357003075201722e-01
3.792004473022085320e-01
3.872253284875592505e-01
3.845680738048642966e-01
3.929060665362031912e-01
3.769080234833657728e-01
3.920603857981546647e-01
3.745107632093931938e-01
3.830584288509923385e-01
3.715403969807100082e-01
3.750069890970085806e-01
3.785937936818565275e-01
3.760134190662565712e-01
3.675146771037181015e-01
3.684651942968967253e-01
3.648308638523902192e-01
3.681856304165502247e-01
3.676824154319262017e-01
3.636566955549342395e-01
3.648308638523902192e-01
3.648308638523902192e-01
3.657813810455689540e-01
3.648308638523902192e-01
3.723231758456806983e-01
3.648308638523902192e-01
3.583449818283476751e-01
3.498462398658094274e-01
3.557170813530892151e-01
3.433351970925352936e-01
3.614760972882303802e-01
3.641599105395582625e-01
3.465473860777188442e-01
3.367067374895164056e-01
3.496785015376012162e-01
3.433044450656973501e-01
3.608051439753982570e-01
3.302208554654736394e-01
3.468325412356723092e-01
3.423539278725188928e-01
3.324014537321779428e-01
3.324014537321777207e-01
3.309477215543751294e-01
3.127760693318423768e-01
3.459323455409561432e-01
3.427453173050040713e-01
3.324573665082471430e-01
3.269779144534525894e-01
3.204920324294102119e-01
3.140061504053676678e-01
3.075202683813251792e-01
3.075202683813251792e-01
3.265865250209673554e-01
3.145093653899916353e-01
3.203242941012021117e-01
3.133911098686049668e-01
3.083589600223651805e-01
3.095331283198211603e-01
3.075202683813251792e-01
3.012580374615599355e-01
3.032499301090297306e-01
3.125524182275649654e-01
3.091976516634049044e-01
2.970086664802906729e-01
2.990215264187866540e-01
3.008107352530053347e-01
3.025999440872240154e-01
2.963377131674587717e-01
2.987419625384400423e-01
2.973441431367066512e-01
2.980150964495386634e-01
3.003634330444507339e-01
3.023203802068773483e-01
2.963377131674587717e-01
2.963377131674587717e-01
2.963377131674587717e-01
2.976796197931227406e-01
2.954431087503494591e-01
2.963377131674587717e-01
2.963377131674587717e-01
2.946603298853787689e-01
2.963377131674587717e-01
2.960022365110428488e-01
2.955549343024880815e-01
2.904417109309477274e-01
2.929829466032987662e-01
2.922001677383281870e-01
2.945485043332400910e-01
2.883980989656135252e-01
2.892927033827228933e-01
2.946603298853786579e-01
2.910819122169414075e-01
2.939893765725468677e-01
2.854906346100082315e-01
2.935420743639921004e-01
2.890690522784455929e-01
2.899636566955547945e-01
2.899636566955549055e-01
2.863852390271175441e-01
2.856024601621469095e-01
2.935420743639921004e-01
2.864970645792563331e-01
2.878389712049201354e-01
2.866088901313948445e-01
2.864970645792562220e-01
2.857142857142856429e-01
2.852669835057309311e-01
2.861615879228401327e-01
2.851551579535922532e-01
2.851747274252163233e-01
2.862734134749789217e-01
2.851551579535922532e-01
2.853788090578696091e-01
2.858261112664242098e-01
2.829186469108190272e-01
2.851551579535922532e-01
2.851551579535922532e-01
2.820240424937096591e-01
2.854906346100082315e-01
2.851551579535922532e-01
2.798434442270057443e-01
2.851551579535922532e-01
2.851551579535922532e-01
2.806821358680457457e-01
2.829186469108190272e-01
2.851551579535922532e-01
2.809057869723230461e-01
2.690522784456248484e-01
2.851551579535922532e-01
2.801230081073524669e-01
2.823595191501257484e-01
2.844842046407603520e-01
2.819681297176404589e-01
2.720156555772993978e-01
2.773273693038859622e-01
2.795638803466591882e-01
2.811294380766003465e-01
2.816214705060099410e-01
2.708414872798435291e-01
2.701705339670115169e-01
2.605535364830863787e-01
2.653620352250487535e-01
2.804584847637684453e-01
2.711769639362593964e-01
2.706737489516353179e-01
2.686608890131393368e-01
2.649035504612796132e-01
2.646351691361473746e-01
2.779983226167178634e-01
2.711769639362593964e-01
2.711769639362593964e-01
2.691641039977634153e-01
2.626782219737209823e-01
2.651383841207714531e-01
2.601565557729932365e-01
2.806821358680457457e-01
2.710651383841207185e-01
2.659770757618117321e-01
2.656415991053955317e-01
2.656415991053956427e-01
2.552418227564998143e-01
2.711769639362593964e-01
2.502096729102598616e-01
2.675985462678221460e-01
2.648029074643554748e-01
2.605535364830863787e-01
2.563041655018171161e-01
2.528375733855186547e-01
2.474699468828626681e-01
2.446183953033268244e-01
2.644674308079395519e-01
2.616158792284036805e-01
2.573665082471343069e-01
2.522225328487559537e-01
2.484204640760413196e-01
2.446183953033268244e-01
2.446183953033268244e-01
2.568632932625103948e-01
2.584288509924516086e-01
2.531730500419346330e-01
2.493709812692199990e-01
2.455689124965054759e-01
2.446183953033268244e-01
2.586525020967290756e-01
2.516564159910538168e-01
2.435001397819402946e-01
2.503214984623987616e-01
2.465194296896840165e-01
2.446183953033268244e-01
2.446183953033268244e-01
2.429829466032981944e-01
2.433883142298016444e-01
2.423091976516629220e-01
2.474699468828626681e-01
2.424937098126921931e-01
2.446183953033268244e-01
2.428291864691081436e-01
2.432764886776629942e-01
2.419345820519989421e-01
2.432764886776627444e-01
2.418227564998602919e-01
2.446183953033268244e-01
2.427173609169694934e-01
2.431646631255243440e-01
2.531730500419346330e-01
2.482527257478332194e-01
2.444730220855463321e-01
2.421582331562762425e-01
2.426055353648308432e-01
2.430528375733854440e-01
2.435001397819402946e-01
2.439474419904948954e-01
2.439474419904947844e-01
2.420464076041375923e-01
2.424937098126921931e-01
2.418227564998602919e-01
2.418227564998602919e-01
2.418227564998602919e-01
2.418227564998602919e-01
2.419345820519989421e-01
2.387475538160468702e-01
2.418227564998602919e-01
2.418227564998602919e-01
2.418227564998602919e-01
2.418227564998602919e-01
2.418227564998602919e-01
2.422700587084148927e-01
2.418227564998602919e-01
2.418563041655013568e-01
2.418227564998602919e-01
2.418227564998602919e-01
2.416046966731899559e-01
2.396421582331562106e-01
2.367346938775510279e-01
2.418227564998602919e-01
2.418227564998602919e-01
2.418227564998602919e-01
2.418227564998602919e-01
2.403690243220577005e-01
2.418227564998602919e-01
2.345540956108471964e-01
2.418227564998602919e-01
2.402571987699189116e-01
2.418227564998602919e-01
2.410958904109589129e-01
2.381884260553536192e-01
2.418227564998602919e-01
2.418227564998602919e-01
2.418227564998602919e-01
2.409281520827510625e-01
2.418227564998602919e-01
2.389152921442549704e-01
2.360078277886497877e-01
2.418227564998602919e-01
2.418227564998602919e-01
2.418227564998602919e-01
2.418227564998602919e-01
2.396421582331562106e-01
2.334917528655296448e-01
2.338272295219458452e-01
2.409840648588200129e-01
2.266703941850712889e-01
2.271470506010621615e-01
2.403690243220577005e-01
2.374615599664523791e-01
2.345540956108471964e-01
2.292256080514393501e-01
2.347511881464913186e-01
2.411518031870283629e-01
2.410958904109589129e-01
2.337154039698070562e-01
2.317025440313111029e-01
2.296896840928152328e-01
2.400335476656416112e-01
