1.784097008666480022e+00
1.699832261671791800e+00
1.772858540676544248e+00
1.538753145093654018e+00
1.403437237908861990e+00
1.333019289907743987e+00
1.234568073804864108e+00
1.198210791165781330e+00
1.172328767123287818e+00
1.085043332401453675e+00
1.078781101481688376e+00
1.031898238747553487e+00
9.964774951076322829e-01
9.585127201565557531e-01
9.267542633491752113e-01
9.183128319821078911e-01
8.926544590438916238e-01
8.880164942689402485e-01
8.479647749510759169e-01
8.511839530332675485e-01
8.371568353368740167e-01
8.358960022365110598e-01
8.125244618395301988e-01
7.944646351691362351e-01
7.670296337713164991e-01
7.617095331283195714e-01
7.610287950796756906e-01
7.435085266983499919e-01
7.348853788090572436e-01
7.331283198210790664e-01
7.149566675985462583e-01
7.090299133351969374e-01
6.873357562202964122e-01
7.061783617556609549e-01
6.954431087503494258e-01
6.818003913894324919e-01
6.569751188146492060e-01
6.599384959463238109e-01
6.759435280961696435e-01
6.508051439753974599e-01
6.252725747833377534e-01
6.295778585406763828e-01
6.207995526977914125e-01
6.278906905227844559e-01
6.082303606374053206e-01
6.108470785574502404e-01
5.968688845401173282e-01
5.911098686049761630e-01
5.840327089740003919e-01
5.962538440033546827e-01
5.815515795359237350e-01
5.798154878389711886e-01
5.882583170254405136e-01
5.815613642717359921e-01
5.698071009225605943e-01
5.679619793122727689e-01
5.554934302488119258e-01
5.480570310315907578e-01
5.696491473301649178e-01
5.705898797875312844e-01
5.392102320380189884e-01
5.384400335476656752e-01
5.337741123846795332e-01
5.382163824433883192e-01
5.429004752585964155e-01
5.250978473581201511e-01
5.085336874475817615e-01
5.176404808498740184e-01
5.046128040257200631e-01
5.050349454850427966e-01
5.001831143416264336e-01
5.018171652222532808e-01
5.015376013419065027e-01
4.996924797316186218e-01
4.901313950237628503e-01
4.944366787811014241e-01
4.925915571708135432e-01
4.966731898238748166e-01
4.874475817724348570e-01
4.820240424937097257e-01
4.769080234833656395e-01
4.939893765725466568e-01
4.743080793961421682e-01
4.751467710371819475e-01
4.679340229242381910e-01
4.712887894883979745e-01
4.616438356164373480e-01
4.520547945205480866e-01
4.682694995806541138e-01
4.667598546267821003e-01
4.687727145652781924e-01
4.660329885378809989e-01
4.427173609169696711e-01
4.499077439194849592e-01
4.436119653340787616e-01
4.615599664523343248e-01
4.417109309477215695e-01
4.341067934022924124e-01
4.375174727425216736e-01
4.303047246295779171e-01
4.265026558568632553e-01
4.246785015376009498e-01
4.188426055353647870e-01
4.263516913614762149e-01
4.143136706737490238e-01
4.187489516354484520e-01
4.117975957506289642e-01
4.199608610567516775e-01
4.152641878669275366e-01
4.008079396142014694e-01
4.062622309197653769e-01
4.087223930668159588e-01
4.019625384400335455e-01
4.128599384959463214e-01
4.022365110427734147e-01
4.000405367626503894e-01
3.978333799273132687e-01
3.945764607212748354e-01
4.002488118535079686e-01
3.836175566116857283e-01
3.882024042493711913e-01
3.997763488957226108e-01
3.964215823315626608e-01
3.930668157674028773e-01
3.883701425775789029e-01
3.890970086664801708e-01
3.785294939893764643e-01
3.774671512440591625e-01
3.917249091417386864e-01
3.817724350013976253e-01
3.760134190662565712e-01
3.810875034945477857e-01
3.771316745876434617e-01
3.756779424098404818e-01
3.898490355046123623e-01
3.843444227005868297e-01
3.693038859379367267e-01
3.648308638523902192e-01
3.717081353089179974e-01
3.656695554934302206e-01
3.652781660609448200e-01
3.751747274252165698e-01
3.694716242661448269e-01
3.551579535923958808e-01
3.594632373497344546e-01
3.648308638523902192e-01
3.648308638523902192e-01
3.601341906625663558e-01
3.570030752026838727e-01
3.559519150125801112e-01
3.445345261392227521e-01
3.592395862454571542e-01
3.480570310315907467e-01
3.465473860777188442e-01
3.445345261392227521e-01
3.376013419066256072e-01
3.528096169974836993e-01
3.334106793402290547e-01
3.272239306681571924e-01
3.459323455409561432e-01
3.443667878110147629e-01
3.363153480570310050e-01
3.347497903270896247e-01
3.188705619233995203e-01
3.256360078277885650e-01
3.081912216941570803e-01
3.337992731339111119e-01
3.334637964774951335e-01
3.263069611406204662e-01
3.204920324294102119e-01
3.154598825831702591e-01
3.075202683813251792e-01
3.102040816326530615e-01
3.319541515236231199e-01
3.294939893765725381e-01
3.164103997763488274e-01
3.133911098686049668e-01
3.077998322616719018e-01
3.075202683813251792e-01
3.033827229521944280e-01
3.093094772155436933e-01
3.175845680738047516e-01
3.145652781660609465e-01
2.995806541794799327e-01
2.970086664802906729e-01
2.990215264187866540e-01
3.016494268940451140e-01
3.026530612244890950e-01
3.094772155437517935e-01
2.963377131674587717e-01
2.966731898238747500e-01
2.980150964495386634e-01
2.963377131674587717e-01
2.981269220016774524e-01
2.936538999161308894e-01
3.014593234554079904e-01
2.963377131674587717e-01
2.958904109589040599e-01
2.954431087503494591e-01
2.963377131674587717e-01
2.963377131674587717e-01
2.963377131674587717e-01
2.963377131674587717e-01
2.935420743639921004e-01
2.926474699468828988e-01
2.951076320939334807e-01
2.941012021246854902e-01
2.942661448140900249e-01
2.956667598546268705e-01
2.939893765725468677e-01
2.935420743639921004e-01
2.901873077998323169e-01
2.910819122169414075e-01
2.920212468549056584e-01
2.912552418227563611e-01
2.854906346100082315e-01
2.890690522784455929e-01
2.939893765725467567e-01
2.908582611126641071e-01
2.917528655297735862e-01
2.923119932904670870e-01
2.851551579535922532e-01
2.882862734134750138e-01
2.878389712049201354e-01
2.851551579535922532e-01
2.905227844562482953e-01
2.857142857142856429e-01
2.852669835057309311e-01
2.861615879228401327e-01
2.875034945485042126e-01
2.888454011741682925e-01
2.862734134749789217e-01
2.858261112664243209e-01
2.842605535364830516e-01
2.858261112664242098e-01
2.851551579535922532e-01
2.851551579535922532e-01
2.790047525859656874e-01
2.851551579535922532e-01
2.834777746715122504e-01
2.851551579535922532e-01
2.851551579535922532e-01
2.851551579535922532e-01
2.828068213586803492e-01
2.806821358680457457e-01
2.829298294660328450e-01
2.851551579535922532e-01
2.705060106234274397e-01
2.717360916969527307e-01
2.819122169415711476e-01
2.844842046407603520e-01
2.823595191501257484e-01
2.845988258317023734e-01
2.822476935979872370e-01
2.720156555772993978e-01
2.656415991053956427e-01
2.795638803466591882e-01
2.818003913894322476e-01
2.816214705060099410e-01
2.830304724629577606e-01
2.681576740285155358e-01
2.661448140900194437e-01
2.629018730779982826e-01
2.804584847637684453e-01
2.824713447022644264e-01
2.706737489516353179e-01
2.686608890131393368e-01
2.666480290746434667e-01
2.659770757618114545e-01
2.711769639362593964e-01
2.711769639362593964e-01
2.715264187866876511e-01
2.681576740285155358e-01
2.671512440592675452e-01
2.608498741962526624e-01
2.631255241822757496e-01
2.504892367906065287e-01
2.711769639362593964e-01
2.696673189823875494e-01
2.656415991053955317e-01
2.594911937377690769e-01
2.630835896002234331e-01
2.509924517752306627e-01
2.711769639362593964e-01
2.701705339670114059e-01
2.681576740285155358e-01
2.605535364830863787e-01
2.629018730779982826e-01
2.512915851272014556e-01
2.708414872798434181e-01
2.446183953033268244e-01
2.622309197651661594e-01
2.478613363153479576e-01
2.573665082471343069e-01
2.531395023762929575e-01
2.484204640760413196e-01
2.446183953033268244e-01
2.446183953033268244e-01
2.626782219737209823e-01
2.584288509924516086e-01
2.531730500419346330e-01
2.493709812692199990e-01
2.455689124965054759e-01
2.446183953033268244e-01
2.446183953033268244e-01
2.446183953033268244e-01
2.524461839530332541e-01
2.503214984623987616e-01
2.465194296896840165e-01
2.420464076041375923e-01
2.446183953033268244e-01
2.446183953033268244e-01
2.433883142298016444e-01
2.438356164383562452e-01
2.450097847358120862e-01
2.419345820519989421e-01
2.446183953033268244e-01
2.487559407324572980e-01
2.465753424657534665e-01
2.437237908862175950e-01
2.484204640760413196e-01
2.418227564998602919e-01
2.422700587084148927e-01
2.427173609169694934e-01
2.431646631255243440e-01
2.436119653340789448e-01
2.471344702264467175e-01
2.445065697511881742e-01
2.421582331562762425e-01
2.426055353648308432e-01
2.418227564998602919e-01
2.418227564998602919e-01
2.439474419904948954e-01
2.439474419904947844e-01
2.420464076041375923e-01
2.424937098126921931e-01
2.429410120212467938e-01
2.418227564998602919e-01
2.422700587084148927e-01
2.418227564998602919e-01
2.412077159630975631e-01
2.423818842605535429e-01
2.418227564998602919e-01
2.418227564998602919e-01
2.419793122728536860e-01
2.418227564998602919e-01
2.418227564998602919e-01
2.422700587084148927e-01
2.418227564998602919e-01
2.418227564998602919e-01
2.418227564998602919e-01
2.407045009784735123e-01
2.418227564998602919e-01
2.399776348895721612e-01
2.375174727425215793e-01
2.418227564998602919e-01
2.418227564998602919e-01
2.418227564998602919e-01
2.413866368465193701e-01
2.403690243220577005e-01
2.374615599664523791e-01
2.418227564998602919e-01
2.418227564998602919e-01
2.402963377131669687e-01
2.418227564998602919e-01
2.412077159630975631e-01
2.418227564998602919e-01
2.352809616997484365e-01
2.405926754263348621e-01
2.418227564998602919e-01
2.306248252725745518e-01
2.418227564998602919e-01
2.389152921442549704e-01
2.360078277886497877e-01
2.418227564998602919e-01
2.398098965613643108e-01
2.407045009784735123e-01
2.418227564998602919e-01
2.396421582331562106e-01
2.327089740005590657e-01
2.308960022365107168e-01
2.412636287391667633e-01
2.404808498741962119e-01
2.413754542913056633e-01
2.403690243220577005e-01
2.338831422980150454e-01
2.311993290466871631e-01
2.291864691081913208e-01
2.355143975398377443e-01
2.251607492311994974e-01
2.405926754263350009e-01
2.337154039698070562e-01
2.317025440313111029e-01
2.298448420464074826e-01
2.361755661168577769e-01
