2.785165723524655856e+00
2.583427647534357163e+00
2.479714362705470521e+00
2.233252492589598681e+00
2.172537052007544656e+00
1.969316895715440108e+00
1.873652654271085627e+00
1.799636216653193177e+00
1.736209916464564573e+00
1.699781729991914014e+00
1.628369711668013142e+00
1.582194826192399040e+00
1.500080840743735155e+00
1.479975747776878903e+00
1.494673942333602401e+00
1.486814874696846367e+00
1.400161681487469556e+00
1.332740501212611228e+00
1.298032875235785699e+00
1.250121261115602511e+00
1.242365939099973060e+00
1.231473996227432144e+00
1.130916195095661658e+00
1.090487739153867208e+00
1.099564807329560745e+00
1.070547022365939238e+00
1.060388035569927112e+00
9.878887092427913741e-01
9.640177849636213381e-01
9.348450552411750047e-01
9.416235516033415465e-01
9.186203179735921154e-01
9.094085152250064308e-01
9.179223928860142934e-01
8.906575047157100355e-01
8.931298841282674372e-01
8.784694152519537669e-01
8.576125033683643650e-01
8.504985179196982159e-01
8.743222850983560779e-01
8.720560495823228564e-01
8.509835623821072614e-01
8.477499326327135876e-01
8.229587712206951622e-01
8.232996496901103800e-01
8.214605227701425871e-01
8.326596604688762948e-01
8.222581514416600346e-01
8.064133656696310659e-01
8.016707087038535962e-01
7.966585825922931630e-01
7.881972514147130848e-01
7.968256534626784182e-01
7.975208838587980464e-01
7.659390999730532057e-01
7.620776071139855334e-01
7.682700080840739743e-01
7.710105092966855755e-01
7.805092966855291525e-01
7.509593101589867592e-01
7.440582053354891645e-01
7.491242252762061460e-01
7.233629749393696295e-01
7.300997035839396077e-01
7.191053624360009833e-01
7.154944758825114715e-01
6.901104823497710150e-01
6.965238480194017034e-01
7.194287254109404950e-01
7.083804904338452113e-01
6.924818108326596944e-01
6.548100242522231218e-01
6.607477768795464446e-01
6.566895715440577153e-01
6.625168418216114130e-01
6.566734033953099958e-01
6.504985179196981493e-01
6.508757747237943203e-01
6.389113446510376049e-01
6.452708164915118561e-01
6.352236593909996731e-01
6.359471840474266724e-01
6.333602802479116889e-01
6.350848827809215669e-01
6.347763406089999005e-01
6.201562921045538079e-01
6.161546752896791546e-01
6.332066828348154042e-01
6.231204527081649625e-01
6.216114254917810555e-01
6.203718674211803341e-01
6.165454055510642961e-01
6.084613311775801670e-01
6.041498248450549724e-01
6.142279708973322760e-01
5.917542441390458707e-01
6.036108865534897117e-01
5.975747776879547501e-01
5.919698194556722859e-01
5.898598760441915445e-01
5.754783077337642938e-01
5.766639719752089110e-01
5.741323093505791286e-01
5.916464564807328852e-01
5.721368903260575234e-01
5.700687146321745669e-01
5.782807868499056925e-01
5.739692805173808310e-01
5.658892481810833264e-01
5.845917542441388948e-01
5.620048504446241155e-01
5.675020210185935943e-01
5.659054163298301576e-01
5.621126381029373231e-01
5.642683912691998094e-01
5.651845863648614632e-01
5.559148477499326058e-01
5.550525464834276113e-01
5.567811910536245579e-01
5.586189706278632539e-01
5.506090002694686847e-01
5.524117488547560795e-01
5.511344651037455300e-01
5.502559956884935932e-01
5.427108596065750579e-01
5.394772298571812730e-01
5.384060900026945706e-01
5.331177580167070218e-01
5.449744004311506407e-01
5.339261654540553570e-01
5.379830234438153225e-01
5.316626246294797742e-01
5.318781999461060783e-01
5.327943950417676211e-01
5.163567771490163993e-01
5.190514686068444794e-01
5.316760980867692998e-01
5.267043923470762223e-01
5.308542171921314390e-01
5.302613850714090749e-01
5.114524386957691737e-01
5.149555375909457000e-01
5.184047426569657890e-01
5.147399622743195069e-01
5.161950956615466435e-01
5.127458905955267765e-01
5.106440312584208385e-01
5.138776610078146234e-01
5.106979250875774978e-01
5.132848288870923703e-01
5.072487200215574088e-01
5.087577472379412047e-01
5.102667744543247785e-01
5.078253839935323866e-01
5.102667744543248896e-01
5.106440312584208385e-01
5.060630557801132356e-01
5.012126111560227804e-01
5.094583670169765544e-01
5.023443815683105163e-01
5.032066828348153997e-01
5.044462409054163432e-01
5.057396928051737239e-01
5.055241174885475308e-01
5.005658852061440900e-01
5.002425222312046893e-01
5.017515494475882631e-01
4.998652654271087403e-01
5.005119913769874307e-01
5.004136351387749038e-01
5.000808407437349334e-01
4.998652654271087403e-01
4.998652654271087403e-01
5.028833198598761101e-01
4.977634060900026913e-01
4.986688224198322916e-01
4.990568579897601831e-01
4.990568579897604051e-01
4.950148208030181185e-01
4.882780921584476963e-01
4.968472109943411485e-01
4.944758825114524692e-01
4.985718135273511376e-01
4.946537321476681126e-01
4.941525195365131240e-01
4.870924279170034676e-01
4.966316356777148999e-01
4.944758825114524692e-01
4.944758825114524692e-01
4.944758825114524692e-01
4.930746429533818809e-01
4.863918081379682845e-01
4.807868499056858758e-01
4.734572891403934780e-01
4.944758825114524692e-01
4.944758825114524692e-01
4.944758825114524692e-01
4.893559687415790505e-01
4.815413635138776627e-01
4.757747237941253871e-01
4.921584478577195054e-01
4.912422527620586288e-01
4.938291565615737788e-01
4.896254378873619584e-01
4.831581783885744441e-01
4.700080840743735555e-01
4.637563998922122899e-01
4.619779035300459191e-01
4.561034761519806580e-01
4.909188897871193946e-01
4.847749932632712255e-01
4.783077337644840998e-01
4.647264888170303809e-01
4.556925357046587299e-01
4.427418485583401453e-01
4.773915386688225015e-01
4.726758286176231394e-01
4.695769334411210028e-01
4.572891403934249976e-01
4.618162220425762743e-01
4.562112638102936435e-01
4.378873618970628989e-01
4.731878199946104591e-01
4.380167070870368828e-01
4.598221503637832108e-01
4.589059552681218901e-01
4.459714362705469726e-01
4.395041767717597359e-01
4.398275397466991921e-01
4.673672864457019682e-01
4.425734303422257931e-01
4.540555106440312683e-01
4.475882511452441426e-01
4.402586903799516338e-01
4.378873618970628989e-01
4.378873618970628989e-01
4.605227701428187825e-01
4.481015898679600040e-01
4.461870115871735543e-01
4.378873618970628989e-01
4.377256804095932541e-01
4.378873618970628989e-01
4.378873618970628989e-01
4.378873618970628989e-01
4.372945297763405903e-01
4.426300188628402021e-01
4.378873618970628989e-01
4.378873618970628989e-01
4.305578011317706122e-01
4.322824036647806567e-01
4.390730261385071276e-01
4.405820533548908124e-01
4.353543519267045747e-01
4.374023174346539089e-01
4.367555914847751075e-01
4.318512530315279929e-01
4.271085960657505787e-01
4.271085960657505787e-01
4.370250606305580154e-01
4.276475343573161725e-01
4.287254109404473601e-01
4.378873618970628989e-01
4.331447049312855402e-01
4.348693074642955847e-01
4.271085960657505787e-01
4.269469145782809338e-01
4.284559417946646187e-01
4.271085960657505787e-01
4.271085960657505787e-01
4.271085960657505787e-01
4.271085960657505787e-01
4.271085960657505787e-01
4.281864726488818218e-01
4.292643492320131759e-01
4.252169226623552234e-01
4.245216922662355952e-01
4.271085960657505787e-01
4.248450552411748848e-01
4.279170035030989139e-01
4.289948800862301570e-01
4.253300997035840414e-01
4.246833737537053510e-01
4.047965507949339292e-01
4.196712476421451954e-01
4.267852330908112890e-01
4.235516033414174486e-01
3.816154675289513132e-01
4.248450552411749959e-01
4.241983292912962500e-01
4.123955807060093459e-01
4.230665588790084586e-01
4.241444354621397017e-01
4.256534626785234976e-01
4.250067367286446962e-01
4.019401778496361488e-01
4.088385879816764379e-01
4.230665588790084586e-01
4.231096739423330089e-01
4.258151441659931424e-01
3.821934788466697097e-01
3.910536243600107875e-01
4.052815952573434188e-01
4.211263810293722210e-01
4.230665588790084586e-01
4.230665588790084586e-01
3.732686607383453037e-01
3.794125572621938058e-01
4.017246025330099002e-01
4.159525734303423650e-01
4.230665588790084586e-01
3.524117488547562349e-01
3.672864457019670015e-01
3.821611425491782676e-01
3.970641336566962942e-01
3.305847480463485755e-01
4.230665588790084586e-01
3.508488278092160018e-01
3.635677714901643376e-01
3.743465373214771019e-01
3.933495014820803104e-01
3.307464295338183313e-01
3.300997035839395299e-01
3.449744004311508516e-01
3.598490972783616182e-01
3.747237941255728844e-01
3.895984909727837064e-01
4.044731878199949726e-01
3.302613850714092303e-01
3.412557262193481322e-01
3.561304230665588988e-01
3.644300727566692211e-01
3.777957423874969134e-01
3.300997035839395299e-01
3.300997035839395299e-01
3.375370520075449687e-01
3.524117488547562349e-01
3.672864457019670015e-01
3.300997035839395299e-01
3.300997035839395299e-01
3.300997035839395299e-01
3.338183777957422493e-01
3.325249258959854237e-01
3.635677714901643376e-01
3.300997035839395299e-01
3.300997035839395299e-01
3.300997035839395299e-01
3.300997035839395299e-01
3.449744004311508516e-01
3.300997035839395299e-01
3.300997035839395299e-01
3.300997035839395299e-01
3.300997035839395299e-01
3.292912961465910837e-01
3.300997035839395299e-01
3.357585556453787090e-01
3.300997035839395299e-01
3.300997035839395299e-01
3.300997035839395299e-01
3.300997035839395299e-01
3.300997035839395299e-01
3.275127997844245464e-01
3.300997035839395299e-01
3.300997035839395299e-01
3.300997035839395299e-01
3.300997035839395299e-01
3.296685529506870882e-01
3.465373214766910848e-01
3.262193478846670547e-01
3.300997035839395299e-01
3.300997035839395299e-01
3.269469145782796793e-01
3.300997035839395299e-01
3.283751010509295409e-01
3.293990838049042358e-01
3.270277553220155009e-01
3.232012934518997405e-01
3.260576663971975209e-01
3.292912961465910837e-01
3.288062516841819827e-01
3.270816491511721047e-01
3.253570466181621712e-01
3.300997035839395299e-01
3.170573969280517934e-01
3.284828887092426375e-01
3.292374023174345354e-01
3.275127997844245464e-01
3.257881972514146129e-01
3.153934249528397293e-01
3.166801401239557889e-01
3.276744812718944133e-01
3.102667744543251560e-01
3.279439504176770992e-01
3.132848288870925257e-01
3.147938561034762106e-01
3.163028833198597289e-01
