2.595934308584045613e+00
2.408735854264419718e+00
2.058487441346949609e+00
1.822205354678443134e+00
1.696164780568589325e+00
1.594758487441346739e+00
1.499896494617719789e+00
1.456149599779188453e+00
1.485264973778636088e+00
1.416454595638973135e+00
1.246852056306927414e+00
1.243458459839911434e+00
1.154899254761247551e+00
1.145407121170300746e+00
1.049526635385039652e+00
1.042147391664366207e+00
1.008832459287883232e+00
9.679726745790769860e-01
9.507714601159258372e-01
9.002070107645595565e-01
8.839635661054375815e-01
8.970466464256141581e-01
8.584598399116754042e-01
8.213635109025669845e-01
8.205354678443279592e-01
8.020135247032841308e-01
8.109301683687551998e-01
7.405465084184377211e-01
7.427808446039192436e-01
7.351918299751586394e-01
7.240408501242063810e-01
7.146011592602816709e-01
6.876952801545676008e-01
6.875517526911397725e-01
6.860612751863096603e-01
6.834115373999449794e-01
6.621584322384764798e-01
6.511730609991719376e-01
6.372881589842673833e-01
6.670894286502886406e-01
6.697488269390008409e-01
6.411813414297544700e-01
6.310792161192382288e-01
6.159536295887386714e-01
6.159536295887385604e-01
5.996135799061550475e-01
5.934308584046370516e-01
5.918989787468947883e-01
5.910571349710185274e-01
5.877449627380623154e-01
5.940932928512282496e-01
5.906707148771737081e-01
5.776428374275461852e-01
5.801821694728124257e-01
5.780292575213911155e-01
5.725089704664640955e-01
5.677615235992270470e-01
5.618548164504554299e-01
5.658294231300027288e-01
5.651669886834114198e-01
5.567209494893734512e-01
5.500966050234612492e-01
5.528567485509245927e-01
5.403256969362406625e-01
5.523806237924371310e-01
5.645597571073696086e-01
5.376759591498757596e-01
5.412641457355783503e-01
5.103505382279877045e-01
5.191829975158708255e-01
5.328733094120894354e-01
5.368479160916367343e-01
5.368479160916367343e-01
4.946177201214463914e-01
5.038918023737234408e-01
4.998012696660211751e-01
5.028981507038366994e-01
5.309412089428650061e-01
4.780016560861165553e-01
4.726469776428374736e-01
4.507866409053268297e-01
4.822039746066794086e-01
4.894286502898150260e-01
4.681755451283467484e-01
4.121998343913884644e-01
4.186668506762351027e-01
4.465912227435829274e-01
4.423958045818384699e-01
4.536571901738892243e-01
4.577974054650844060e-01
4.073419817830529754e-01
4.101573281810655947e-01
4.167927132210876850e-01
4.260557548992547905e-01
4.203146563621307785e-01
3.809770908087220520e-01
4.029809550096606352e-01
4.046370411261384081e-01
3.870080044162296784e-01
3.902842947833288223e-01
3.829975158708254224e-01
3.789677063207285146e-01
3.755451283466739731e-01
3.871680927408224226e-01
3.905603091360749790e-01
3.732266077836047247e-01
3.673751035053822722e-01
3.731162020425062287e-01
3.643389456251723835e-01
3.653325972950594580e-01
3.673199006348328854e-01
3.643389456251724945e-01
3.729409329285122698e-01
3.613331493237643688e-01
3.615235992271597087e-01
3.643941484957218813e-01
3.621308308032017420e-01
3.498454319624615949e-01
3.530775600331217401e-01
3.582114269942037188e-01
3.574937896770631895e-01
3.408777256417333534e-01
3.448523323212807634e-01
3.448523323212805969e-01
3.454043610267735209e-01
3.558929064311344703e-01
3.422025945349125853e-01
3.304443831079216243e-01
3.383935964670162777e-01
3.344189897874690343e-01
3.441346950041402342e-01
3.342533811758210960e-01
3.297267457907810950e-01
3.291747170852883375e-01
3.301738890422304395e-01
3.302787744962737415e-01
3.303891802373722375e-01
3.273309412089429604e-01
3.301683687551753565e-01
3.288434998619927940e-01
3.271874137455147991e-01
3.276290367099088940e-01
3.231024013248688931e-01
3.270770080044162476e-01
3.236544300303614841e-01
3.267457907811207041e-01
3.270770080044162476e-01
3.257521391112337406e-01
3.212448247308849480e-01
3.197902290919126256e-01
3.218879381727848821e-01
3.237648357714600356e-01
3.264145735578251051e-01
3.257521391112338516e-01
3.066519459011868287e-01
3.129450731438034872e-01
3.138283190725917882e-01
3.173613027877449366e-01
3.105161468396355762e-01
3.063290091084734379e-01
3.125034501794091146e-01
3.060999171956940712e-01
3.184653601987303406e-01
3.056582942312999762e-01
3.021253105161468278e-01
3.099641181341428187e-01
3.028015456803750949e-01
3.134971018492959671e-01
3.080872205354677762e-01
3.030085564449350177e-01
3.012420645873584713e-01
2.994755727297818138e-01
3.021253105161466612e-01
2.994755727297818138e-01
2.994755727297818138e-01
2.994755727297818138e-01
3.016836875517525662e-01
2.999171956941759087e-01
2.968920783880759084e-01
3.021253105161469388e-01
2.994755727297818138e-01
3.038918023737233187e-01
2.994755727297818138e-01
3.001380071763731228e-01
2.994755727297818138e-01
2.941760971570520078e-01
2.972674579078109502e-01
2.994755727297818138e-01
2.994755727297818138e-01
2.991774772288157691e-01
2.985923268009935128e-01
2.950593430858403643e-01
2.915263593706871603e-01
2.932928512282638178e-01
2.985923268009936238e-01
2.990339497653877188e-01
2.994755727297818138e-01
2.959425890146285543e-01
2.924096052994755168e-01
2.888766215843222018e-01
2.922991995583769653e-01
2.989235440242892228e-01
2.993651669886833178e-01
2.968258349434169663e-01
2.932928512282637068e-01
2.882141871377310594e-01
2.939552856748549603e-01
2.846812034225780219e-01
2.798233508142421999e-01
2.948385316036434278e-01
2.941760971570520078e-01
2.889870273254207533e-01
2.858956665746618109e-01
2.828043058239028684e-01
2.786088876621582999e-01
2.747446867237095525e-01
2.928512282638695008e-01
2.897598675131105583e-01
2.866685067623516159e-01
2.835771460115925069e-01
2.802649737786364059e-01
2.773944245100743999e-01
2.750759039470050960e-01
2.830251173060997494e-01
2.874413469500413654e-01
2.825834943417056544e-01
2.790505106265523949e-01
2.755175269113993575e-01
2.749654982059066000e-01
2.746342809826110010e-01
2.758487441346947899e-01
2.851228263869721169e-01
2.799337565553408069e-01
2.764007728401875474e-01
2.748550924648080485e-01
2.752967154292021434e-01
2.746342809826110010e-01
2.746342809826110010e-01
2.746342809826110010e-01
2.772840187689758484e-01
2.747446867237095525e-01
2.751863096881036475e-01
2.746370411261384037e-01
2.746342809826110010e-01
2.746342809826110010e-01
2.746342809826110010e-01
2.746342809826110010e-01
2.746342809826110010e-01
2.746342809826110010e-01
2.746342809826110010e-01
2.746342809826110010e-01
2.746342809826110010e-01
2.746342809826110010e-01
2.746342809826110010e-01
2.746342809826110010e-01
2.643113441898978233e-01
2.746342809826110010e-01
2.746342809826110010e-01
2.746342809826110010e-01
2.727573833839359585e-01
2.690505106265524415e-01
2.746342809826110010e-01
2.746342809826110010e-01
2.746342809826110010e-01
2.746342809826110010e-01
2.736958321832734242e-01
2.699420369859231172e-01
2.661882417885729768e-01
2.730333977366821707e-01
2.746342809826110010e-01
2.746342809826110010e-01
2.746342809826110010e-01
2.708804857852606940e-01
2.671266905879104425e-01
2.633728953905601355e-01
2.596191001932098841e-01
2.746342809826110010e-01
2.745790781120616142e-01
2.718189345845983818e-01
2.645873585426441466e-01
2.643113441898978233e-01
2.746342809826110010e-01
2.564725365719017214e-01
2.745266353850398522e-01
2.727573833839359585e-01
2.690035881865856515e-01
2.652497929892354001e-01
2.614959977918850931e-01
2.573557825006899114e-01
2.746342809826110010e-01
2.736958321832734242e-01
2.674579078112060415e-01
2.617168092740822516e-01
2.617720121446314163e-01
2.582390284294783234e-01
2.547060447143250639e-01
2.511730609991719154e-01
2.708804857852606940e-01
2.511730609991719154e-01
2.626552580734196063e-01
2.591222743582664023e-01
2.555892906431131428e-01
2.520563069279601054e-01
2.511730609991719154e-01
2.511730609991719154e-01
2.511730609991719154e-01
2.525531327629035871e-01
2.564725365719017214e-01
2.529395528567484064e-01
2.511730609991719154e-01
2.501242064587357872e-01
2.503450179409328347e-01
2.608887662158430598e-01
2.508818658570243776e-01
2.526083356334528629e-01
2.511730609991719154e-01
2.500690035881866224e-01
2.502898150703836699e-01
2.505106265525807174e-01
2.507314380347777649e-01
2.547060447143250639e-01
2.497929892354402159e-01
2.500138007176372357e-01
2.502346121998342832e-01
2.504554236820313307e-01
2.506762351642283781e-01
2.555892906431131428e-01
2.497929892354402159e-01
2.499585978470881265e-01
2.501794093292851739e-01
2.504002208114822214e-01
2.497929892354402159e-01
2.497929892354402159e-01
2.497929892354402159e-01
2.499033949765387397e-01
2.497929892354402159e-01
2.503450179409328347e-01
2.497929892354402159e-01
2.497929892354402159e-01
2.497929892354402159e-01
2.498481921059896027e-01
2.497998895942588338e-01
2.497929892354402159e-01
2.497929892354402159e-01
2.497929892354402159e-01
2.497929892354402159e-01
2.497929892354402159e-01
2.497929892354402159e-01
2.497929892354402159e-01
2.497929892354402159e-01
2.497929892354402159e-01
2.497929892354402159e-01
2.485233232128070402e-01
2.497929892354402159e-01
2.497929892354402159e-01
2.497929892354402159e-01
2.497929892354402159e-01
2.422012144631514041e-01
2.472536571901738922e-01
2.497929892354402159e-01
2.468120342257796584e-01
2.448247308860060922e-01
2.497929892354402159e-01
2.418989787468948105e-01
2.497929892354402159e-01
2.492961634004968452e-01
2.497929892354402159e-01
2.453215567209494630e-01
2.433342533811757580e-01
2.413469500414021918e-01
2.447143251449075685e-01
2.497929892354402159e-01
2.478056858956665109e-01
2.497929892354402159e-01
2.273254209218877886e-01
2.392492409605299630e-01
2.434446591222743927e-01
2.485233232128070402e-01
2.483025117306098817e-01
2.463152083908362877e-01
2.271598123102398781e-01
2.296439414849570648e-01
2.327353022357161461e-01
2.472536571901738922e-01
2.487993375655533634e-01
2.226883797957493749e-01
2.257797405465084561e-01
2.288711012972673986e-01
2.319624620480263411e-01
2.071211703008555283e-01
2.492961634004968452e-01
2.473088600607231402e-01
2.255037261937618831e-01
2.288158984267181228e-01
2.272150151807895146e-01
