2.532003864200938814e+00
2.408515042782224835e+00
2.080703836599502310e+00
1.831789953077559430e+00
1.707479988959424322e+00
1.579038089980678627e+00
1.492188793817277537e+00
1.472743582666298678e+00
1.496443555064863151e+00
1.489632900910846880e+00
1.296745790781118624e+00
1.216671266905879012e+00
1.151642285398840615e+00
1.132431686447695318e+00
1.064761247584874226e+00
1.098200386420093988e+00
1.026221363510902318e+00
9.580706596743029380e-01
9.343417057686994598e-01
9.134971018492961115e-01
9.056720949489370787e-01
8.832459287882971077e-01
8.442285398840733146e-01
8.175545128346676238e-01
7.978774496273803862e-01
7.946577422025944415e-01
7.916160640353298028e-01
7.812503450179408837e-01
7.422674579078111234e-01
7.274082252277118688e-01
7.194231300027600362e-01
7.146011592602816709e-01
6.900082804305819328e-01
6.901462876069555108e-01
6.861233784156779425e-01
6.731990063483300757e-01
6.665746618824179848e-01
6.482680099365166759e-01
6.551117858128622240e-01
6.424689483853158745e-01
6.784984819210601037e-01
6.398012696660227983e-01
6.298095500966051086e-01
6.269942036985922673e-01
6.159536295887385604e-01
6.029312724261662870e-01
5.934308584046370516e-01
5.934501794093290927e-01
5.913331493237647951e-01
5.895666574661883041e-01
5.900179409329283642e-01
5.838117582114266124e-01
5.837151531879656297e-01
5.848192105989512557e-01
5.749378967706320065e-01
5.694176097157052086e-01
5.658294231300027288e-01
5.540229091912779458e-01
5.661606403532982723e-01
5.660502346121998318e-01
5.520839083632349542e-01
5.542575213911120624e-01
5.423130002760143675e-01
5.409329285122825848e-01
5.551876897598673199e-01
5.399944797129451191e-01
5.418161744410708858e-01
5.382279878553684060e-01
5.079671542920199956e-01
5.147888490201486533e-01
5.265084184377583076e-01
5.368479160916367343e-01
5.368479160916367343e-01
5.060999171956942488e-01
4.817554512834669178e-01
4.891526359370688137e-01
5.040919127794633026e-01
5.295059343085840586e-01
4.793817278498483936e-01
4.539828871101293517e-01
4.618824178857299789e-01
4.598399116754072757e-01
5.033397736682305723e-01
4.685371239304422786e-01
4.143527463428099411e-01
4.305271874137455712e-01
4.331976262765643848e-01
4.725572729781946646e-01
4.536571901738892243e-01
4.577974054650844060e-01
4.048757935412641285e-01
4.192658018216950389e-01
4.101573281810654836e-01
4.075075903947006362e-01
3.901186861716808840e-01
3.807341981783052831e-01
4.029809550096606352e-01
4.052994755727297727e-01
3.919403808998069283e-01
3.986751311068175707e-01
3.852497929892346185e-01
3.742754623240408529e-01
3.755616892078386670e-01
3.856472536571899923e-01
3.801269666022634164e-01
3.732459287882969878e-01
3.828319072591774841e-01
3.731162020425062287e-01
3.739994479712944186e-01
3.655534087772565055e-01
3.767595914987578731e-01
3.644631520839065608e-01
3.609715705216671178e-01
3.633452939552856420e-01
3.615235992271597087e-01
3.634556996963841380e-01
3.646149599779189288e-01
3.539056030913606543e-01
3.539332045266352367e-01
3.590946729229919643e-01
3.574937896770631895e-01
3.643389456251724945e-01
3.542947833287323767e-01
3.448523323212805969e-01
3.454043610267735209e-01
3.489373447419266694e-01
3.470673475020700227e-01
3.311095776980401695e-01
3.349710184929615142e-01
3.412641457355783392e-01
3.409881313828317384e-01
3.472260557548993987e-01
3.318244548716533515e-01
3.291747170852883375e-01
3.295059343085841586e-01
3.355782500690035475e-01
3.281810654154015405e-01
3.286226883797958576e-01
3.298371515318796465e-01
3.284018768975986990e-01
3.303339773668231283e-01
3.276290367099088940e-01
3.270770080044162476e-01
3.270770080044162476e-01
3.270770080044162476e-01
3.261937620756280576e-01
3.270770080044162476e-01
3.275186309688103425e-01
3.206734750207009821e-01
3.144907535191828196e-01
3.228815898426718456e-01
3.232128070659673891e-01
3.264145735578251051e-01
3.257521391112338516e-01
3.128346674027049357e-01
3.141595362958872761e-01
3.138283190725917882e-01
3.229919955837702306e-01
3.032431686447693564e-01
3.091912779464531247e-01
3.072039746066793087e-01
3.127242616616063287e-01
3.136075075903947407e-01
3.144907535191830972e-01
3.051393872481367731e-01
3.001380071763730117e-01
3.072039746066795862e-01
3.036709908915262712e-01
3.133866961081975822e-01
3.030085564449350177e-01
3.012420645873584713e-01
2.994755727297818138e-01
3.021253105161466612e-01
3.028429478332871905e-01
2.994755727297818138e-01
3.034501794093292237e-01
3.016836875517525662e-01
2.999171956941759087e-01
2.988131382831905603e-01
2.994755727297818138e-01
2.994755727297818138e-01
2.994755727297818138e-01
2.994755727297818138e-01
3.003588186585701703e-01
2.977090808722052118e-01
2.994755727297818138e-01
2.994755727297818138e-01
2.968258349434168553e-01
2.994755727297818138e-01
3.004692243996686662e-01
2.994755727297818138e-01
2.950593430858403643e-01
2.915567209494892564e-01
2.932928512282638178e-01
2.985923268009936238e-01
2.990339497653877188e-01
2.994755727297818138e-01
2.959425890146285543e-01
2.924096052994755168e-01
2.888766215843222018e-01
2.883245928788297219e-01
2.989235440242892228e-01
2.993651669886833178e-01
2.940104885454043471e-01
2.932928512282637068e-01
2.897598675131106694e-01
2.895390560309136219e-01
2.846812034225780219e-01
2.967154292023184703e-01
2.958321832735301693e-01
2.864476952801542908e-01
2.889870273254207533e-01
2.858956665746618109e-01
2.828043058239028684e-01
2.786088876621582999e-01
2.964394148495721470e-01
2.903670990891524251e-01
2.897598675131105583e-01
2.760695556168921150e-01
2.835771460115925069e-01
2.782197074247852453e-01
2.746342809826110010e-01
2.753243168644766148e-01
2.755175269113992464e-01
2.874413469500413654e-01
2.764007728401876585e-01
2.790505106265523949e-01
2.755175269113993575e-01
2.749654982059066000e-01
2.754071211703006949e-01
2.766767871929340927e-01
2.746342809826110010e-01
2.799337565553408069e-01
2.764007728401875474e-01
2.748550924648080485e-01
2.752967154292021434e-01
2.757383383935962939e-01
2.746342809826110010e-01
2.808170024841291634e-01
2.746342809826110010e-01
2.746342809826110010e-01
2.746342809826110010e-01
2.747446867237095525e-01
2.746342809826110010e-01
2.746342809826110010e-01
2.746342809826110010e-01
2.746342809826110010e-01
2.746342809826110010e-01
2.746342809826110010e-01
2.746342809826110010e-01
2.746342809826110010e-01
2.746342809826110010e-01
2.746342809826110010e-01
2.749654982059066000e-01
2.680651393872480748e-01
2.746342809826110010e-01
2.693900082804304708e-01
2.746342809826110010e-01
2.746342809826110010e-01
2.727573833839359585e-01
2.690035881865856515e-01
2.746342809826110010e-01
2.746342809826110010e-01
2.746342809826110010e-01
2.746342809826110010e-01
2.736958321832734242e-01
2.699420369859231172e-01
2.661882417885729768e-01
2.730333977366821707e-01
2.746342809826110010e-01
2.744134695004139535e-01
2.746342809826110010e-01
2.708804857852606940e-01
2.671266905879104425e-01
2.633728953905601355e-01
2.598178305271870991e-01
2.602815346398010821e-01
2.745790781120616142e-01
2.718189345845983818e-01
2.680651393872480748e-01
2.643113441898978233e-01
2.605575489925475163e-01
2.618382555892906915e-01
2.745238752415125050e-01
2.717637317140491060e-01
2.690035881865856515e-01
2.652497929892354001e-01
2.614959977918850931e-01
2.573557825006899114e-01
2.538227987855365964e-01
2.511730609991719154e-01
2.699420369859231172e-01
2.511730609991719154e-01
2.553132762903669306e-01
2.582390284294783234e-01
2.547943693072038385e-01
2.511730609991719154e-01
2.511730609991719154e-01
2.631520839083631991e-01
2.626552580734196063e-01
2.591222743582664023e-01
2.555892906431131428e-01
2.520563069279601054e-01
2.511730609991719154e-01
2.501794093292851739e-01
2.580734198178306626e-01
2.525531327629035871e-01
2.564725365719017214e-01
2.516698868341152306e-01
2.511730609991719154e-01
2.501242064587357872e-01
2.503450179409328347e-01
2.539332045266351479e-01
2.507866409053269297e-01
2.526083356334528629e-01
2.511730609991719154e-01
2.500690035881866224e-01
2.502898150703836699e-01
2.553132762903669306e-01
2.507314380347777649e-01
2.497929892354402159e-01
2.497929892354402159e-01
2.500138007176372357e-01
2.502346121998342832e-01
2.504554236820313307e-01
2.506762351642283781e-01
2.544852332321279054e-01
2.497929892354402159e-01
2.499585978470881265e-01
2.497929892354402159e-01
2.497929892354402159e-01
2.497929892354402159e-01
2.497929892354402159e-01
2.497929892354402159e-01
2.489097433066518872e-01
2.501242064587357872e-01
2.498067899530772573e-01
2.497929892354402159e-01
2.497929892354402159e-01
2.497929892354402159e-01
2.492961634004968452e-01
2.500690035881866224e-01
2.497929892354402159e-01
2.497929892354402159e-01
2.497929892354402159e-01
2.497929892354402159e-01
2.497929892354402159e-01
2.497929892354402159e-01
2.497929892354402159e-01
2.497929892354402159e-01
2.497929892354402159e-01
2.497929892354402159e-01
2.497929892354402159e-01
2.483025117306098817e-01
2.463152083908362877e-01
2.497929892354402159e-01
2.497929892354402159e-01
2.432238476400771232e-01
2.472536571901738922e-01
2.487993375655533634e-01
2.468120342257796584e-01
2.497929892354402159e-01
2.428374275462323872e-01
2.497929892354402159e-01
2.459839911675407165e-01
2.492961634004968452e-01
2.473088600607231402e-01
2.453215567209494630e-01
2.497929892354402159e-01
2.396356610543746712e-01
2.447143251449075685e-01
2.497929892354402159e-01
2.478056858956665109e-01
2.458183825558928060e-01
2.339497653878002681e-01
2.305837703560582042e-01
2.409605299475574836e-01
2.480264973778635584e-01
2.483025117306098817e-01
2.463152083908362877e-01
2.443279050510626105e-01
2.370963290091083753e-01
2.327353022357161461e-01
2.472536571901738922e-01
2.485785260833563159e-01
2.468120342257796584e-01
2.257797405465084561e-01
2.428374275462323872e-01
2.385909467292297303e-01
2.459839911675407165e-01
2.491857576593983215e-01
2.219155396080597087e-01
2.250069003588186511e-01
2.280982611095775936e-01
2.311896218603366748e-01
