1.104816634842186618e+00
1.040114287318879338e+00
1.011764573739188933e+00
9.677221161406266425e-01
9.434718634168259843e-01
9.206231045714926564e-01
8.861268673480845459e-01
8.724654610805345767e-01
8.632062226215879708e-01
8.383092777715375199e-01
8.195889026170952718e-01
7.783654386161964478e-01
7.741587105470064678e-01
7.501516342805796267e-01
7.456607323374147001e-01
7.368895316185554156e-01
7.091991463551609032e-01
6.895212287992810163e-01
6.877569358643152997e-01
6.813214646748286807e-01
6.760089295743006987e-01
6.433224755700325259e-01
6.331966752779961682e-01
6.247444681568010694e-01
6.183485903627989888e-01
6.134786027181847734e-01
6.090081994833203005e-01
6.079973042794563076e-01
5.965629563068627350e-01
6.004942154330001891e-01
5.856565202740650067e-01
5.900258339885431358e-01
5.873430304391779044e-01
5.910816578681343803e-01
5.853307873750419610e-01
5.659552959676511508e-01
5.644164888239918687e-01
5.656556778613951453e-01
5.550937886105807850e-01
5.773559474334496455e-01
5.643476917892843447e-01
5.353265753116916992e-01
5.335729529372122970e-01
5.452094799505784462e-01
5.286861170392002096e-01
5.329102549702346980e-01
5.293159609120521303e-01
5.166174323261820689e-01
5.101651128832976889e-01
5.102212737279567811e-01
5.061892058856564125e-01
5.123553858250027293e-01
5.214657980456026687e-01
4.955408289340665906e-01
4.879515331910584397e-01
4.771537683926764251e-01
4.852858586993147871e-01
4.655509378861054093e-01
4.972705829495675522e-01
4.869226665169043011e-01
4.791530944625405075e-01
4.678198360103336673e-01
4.513422441873525259e-01
4.516904414242389754e-01
4.439402448612825847e-01
4.804422666516905971e-01
4.471526451757829035e-01
4.578793665056721252e-01
4.467370549253060208e-01
4.314500730090982117e-01
4.309333932382343746e-01
4.273840278557788919e-01
4.234752330675051191e-01
4.196225991238908271e-01
4.205565539705712341e-01
4.258721779175558830e-01
4.167696282152086873e-01
4.034033471863408549e-01
4.149275525103894302e-01
4.178816129394585799e-01
4.130517802987757059e-01
4.089632708075927048e-01
3.978844209816894684e-01
4.007862518252275352e-01
4.079018308435361506e-01
3.978883522408177553e-01
3.976187801864540794e-01
4.088621812872065830e-01
3.972368864427720525e-01
3.988992474446816372e-01
3.960462765359989423e-01
3.953723464000900023e-01
3.942828260137033469e-01
3.897113332584523637e-01
3.882286869594518963e-01
3.926429293496574990e-01
3.945299337302033971e-01
3.937212175671124248e-01
3.917780523419066574e-01
3.842974278333144422e-01
3.859373244973604011e-01
3.768954285072446675e-01
3.860608783556102597e-01
3.856340559362012588e-01
3.776367516567448734e-01
3.786588790295404849e-01
3.745366730315620174e-01
3.752336291137820523e-01
3.762551948781307498e-01
3.721666853869481373e-01
3.725036504549025795e-01
3.694260361675839044e-01
3.672469953948105936e-01
3.726047399752891454e-01
3.730989554082893012e-01
3.726945973267434820e-01
3.672357632258788085e-01
3.602718184881499863e-01
3.602268898124224017e-01
3.492598000673916570e-01
3.660114568123104539e-01
3.703807705267886385e-01
3.658879029540600403e-01
3.613950353813317196e-01
3.569021678086037319e-01
3.374752892283487404e-01
3.400539144108726819e-01
3.404021116477588538e-01
3.611142311580362585e-01
3.334493990789620388e-01
3.401999326069862217e-01
3.371897113332584239e-01
3.385937324497361178e-01
3.375716050769403398e-01
3.339548466808940907e-01
3.292373357295292347e-01
3.332584522071210253e-01
3.337641806132765621e-01
3.325395933954846672e-01
3.072352016174315081e-01
3.047399752892285263e-01
3.102325058968887217e-01
3.160283050657080595e-01
3.088846456250707861e-01
3.227302594631024646e-01
3.029877569358642719e-01
3.029877569358642719e-01
3.087835561046841093e-01
3.040772773222512604e-01
3.029877569358642719e-01
3.029877569358642719e-01
3.015275749747277079e-01
3.039424912950687840e-01
3.021116477591823113e-01
2.999663034932045780e-01
2.997964169381108213e-01
3.000673930135908107e-01
2.992811411883632977e-01
2.956868471301807300e-01
2.985847467145910095e-01
2.937484555767698735e-01
2.956868471301808410e-01
2.956868471301807300e-01
2.904301920700887440e-01
2.930023587554758668e-01
2.886779737167246007e-01
2.906127148152302664e-01
2.885027518813866321e-01
2.883859373244973545e-01
2.893968325283613474e-01
2.882511512973153778e-01
2.883859373244973545e-01
2.883859373244973545e-01
2.851847691789283212e-01
2.841514096372010911e-01
2.859822531730881190e-01
2.882174547905201334e-01
2.883522408177018326e-01
2.820959227226778054e-01
2.845669998876783069e-01
2.838273615635178992e-01
2.851286083342693400e-01
2.832303717847926561e-01
2.873975064584972094e-01
2.883859373244973545e-01
2.821970122430641492e-01
2.834999438391553328e-01
2.848028754352465719e-01
2.802426148489273183e-01
2.802426148489273183e-01
2.798382567673818322e-01
2.782208244411994436e-01
2.737886105807012527e-01
2.707514321015385694e-01
2.701673593170838550e-01
2.812422778838595261e-01
2.802426148489273183e-01
2.773222509266539682e-01
2.744018870043805625e-01
2.732000449286756671e-01
2.802426148489273183e-01
2.779400202179042600e-01
2.797820959227227400e-01
2.780523419072222224e-01
2.691227676064247842e-01
2.763001235538582456e-01
2.676064248006291280e-01
2.633996967314398696e-01
2.636077726609004634e-01
2.768954285072441901e-01
2.671122093676288611e-01
2.660339211501739909e-01
2.649556329327193982e-01
2.627712568797034853e-01
2.598000673930135340e-01
2.782208244411984999e-01
2.626642704706274589e-01
2.578119734920808481e-01
2.652252049870829076e-01
2.561496124901721516e-01
2.538582500280806564e-01
2.504773671796023948e-01
2.523194428844209858e-01
2.541615185892395212e-01
2.654947770414465280e-01
2.554602381219814866e-01
2.543524654610810898e-01
2.604827024598453389e-01
2.518589239582164629e-01
2.504773671796023948e-01
2.555430753678535338e-01
2.577782769852860478e-01
2.504773671796023948e-01
2.499382230708751818e-01
2.513984050320118846e-01
2.504773671796023948e-01
2.504773671796023948e-01
2.459283387622150374e-01
2.555880040435808964e-01
2.474783780748061879e-01
2.504773671796023948e-01
2.504773671796023948e-01
2.386274289565320228e-01
2.392662585645292939e-01
2.424800629001462315e-01
2.493990789621476356e-01
2.504773671796023948e-01
2.328035493653821675e-01
2.334830955857581380e-01
2.374817477254862752e-01
2.414851735370103780e-01
2.390823317982709029e-01
2.502077951252388299e-01
2.476468606087834090e-01
2.291025497023475854e-01
2.363248343255081596e-01
2.404807368302818160e-01
2.444793889700106471e-01
2.484780411097387010e-01
2.271706166460746301e-01
2.285858699314839426e-01
2.354824216556218597e-01
2.394810737953499968e-01
2.344378299449622893e-01
2.436032797933278815e-01
2.255419521509604286e-01
2.257665955295969362e-01
2.259912389082332218e-01
2.219813545995727722e-01
2.259013815567785521e-01
2.085926092328427572e-01
2.254857913063012531e-01
2.257104346849375665e-01
2.179377737841171614e-01
2.253293833539249114e-01
2.169605750870486349e-01
2.254857913063012531e-01
2.254857913063012531e-01
2.246096821296192925e-01
2.188812759743906933e-01
2.151072672132989527e-01
2.113332584522066016e-01
2.076687633381985587e-01
2.036504549028413658e-01
2.229023924519821231e-01
2.198247781646634480e-01
2.160507694035716797e-01
2.122767606424799391e-01
2.085027518813881986e-01
2.069190160620017760e-01
2.245422891160279433e-01
2.018982365494776388e-01
2.138604964618663618e-01
2.132202628327526939e-01
2.030663821183870676e-01
2.024823093339323532e-01
2.018982365494776388e-01
2.018982365494776388e-01
2.179377737841171614e-01
2.141637650230254208e-01
2.103897562619338746e-01
2.026283275300460596e-01
2.020442547455911508e-01
2.216106930248229745e-01
2.018982365494776388e-01
2.002080759294605494e-01
2.033584185106143138e-01
2.075592496911154439e-01
1.838481410760412771e-01
1.835561046838140309e-01
1.927440188700441093e-01
2.006065371223180738e-01
1.931259126137257198e-01
1.931933056273167082e-01
2.008536448388183460e-01
1.827586206896553989e-01
1.859485566662918421e-01
1.891384926429294788e-01
1.923284286195659221e-01
1.955183645962035588e-01
2.005054476019321186e-01
1.819611366954957954e-01
1.891497248118622632e-01
1.963383129282259554e-01
1.851061439964062638e-01
1.976412445243179161e-01
1.819611366954957954e-01
1.819611366954957954e-01
1.843535886779736344e-01
1.875435246546112711e-01
1.838144445692462825e-01
1.889812422778845702e-01
1.971133325845217665e-01
1.819611366954957954e-01
1.835561046838140309e-01
1.867460406604516676e-01
1.819611366954957954e-01
1.875690778389306757e-01
1.819611366954957954e-01
1.819611366954957954e-01
1.824104234527687829e-01
1.859485566662918421e-01
1.819611366954957954e-01
1.819611366954957954e-01
1.819611366954957954e-01
1.819611366954957954e-01
1.819611366954957954e-01
1.806031674716380153e-01
1.819611366954957954e-01
1.819611366954957954e-01
1.819611366954957954e-01
1.819611366954957954e-01
1.819611366954957954e-01
1.819611366954957954e-01
1.819611366954957954e-01
1.819611366954957954e-01
1.819611366954957954e-01
1.819611366954957954e-01
1.809727058294956781e-01
1.812647422217231463e-01
1.819611366954957954e-01
1.819611366954957954e-01
1.819611366954957954e-01
1.819611366954957954e-01
1.819611366954957954e-01
1.819611366954957954e-01
1.802201505110636592e-01
1.819611366954957954e-01
1.819611366954957954e-01
1.819611366954957954e-01
1.799842749634957828e-01
1.819611366954957954e-01
1.805683477479498866e-01
1.791755588004043664e-01
1.819611366954957954e-01
1.819611366954957954e-01
1.794900595304954050e-01
1.731101875772211307e-01
1.809165449848365026e-01
1.795237560372903995e-01
1.752150960350440656e-01
1.819611366954957954e-01
1.789958440974950549e-01
1.809727058294956781e-01
1.812647422217231463e-01
1.798719532741770155e-01
1.784791643266311068e-01
1.716500056160844556e-01
1.722340784005391701e-01
1.804784903964953280e-01
1.816129394586091794e-01
1.802201505110636592e-01
1.779175558800407952e-01
1.715039874199709158e-01
1.720880602044254359e-01
