1.196956614610527936e+00
1.154701666112874392e+00
1.110793658328191436e+00
1.050012816252907655e+00
1.018403901836995695e+00
9.847885318270283017e-01
9.538401291118806524e-01
9.214997389281817108e-01
9.031570702995207478e-01
8.540034176674422550e-01
8.363229221056630580e-01
8.209545735035840286e-01
7.876394360848723020e-01
7.847519817724405433e-01
7.787938481986046435e-01
7.681995538045285343e-01
7.480977357953200180e-01
7.223778895903547603e-01
7.203303745193891938e-01
7.060590022309776170e-01
6.817050363127168389e-01
7.124887264442020252e-01
6.876318412683344317e-01
6.632759766459385142e-01
6.559737978829449645e-01
6.439231974177613838e-01
6.363032230502683184e-01
6.370911852660561259e-01
6.245554658945271509e-01
6.142118004461954994e-01
6.031774813689657622e-01
6.010537807946079170e-01
5.961525134095980727e-01
6.025561304409742247e-01
6.047277732947262674e-01
5.903355959557604615e-01
5.840852992832390456e-01
5.654421607253052873e-01
5.667254473821617955e-01
5.832154554516546519e-01
5.708833720985431182e-01
5.609721365168270912e-01
5.636898941472440194e-01
5.497602886030285019e-01
5.410262495846586139e-01
5.436151326719513843e-01
5.385199601272132597e-01
5.424692647268241075e-01
5.249895571272608086e-01
5.288365690416291232e-01
5.283839654435844579e-01
5.145488204300563417e-01
5.113829686239135253e-01
5.277797028528029566e-01
5.070014714957041813e-01
5.082925903071154883e-01
5.016376323159444928e-01
4.982864195186788581e-01
4.877296245312576772e-01
4.822575592158356850e-01
4.778658565529028679e-01
4.810841600607586588e-01
4.751696966820146972e-01
4.861916741823707477e-01
4.739395737409218823e-01
4.729387193240613962e-01
4.710210281482888894e-01
4.716160345564153200e-01
4.666665875539948161e-01
4.654490435277923166e-01
4.592490625148339944e-01
4.575876963972089762e-01
4.580462334456734119e-01
4.516352589357767178e-01
4.547871077989276145e-01
4.533725732187783852e-01
4.553567190392557862e-01
4.543788864100258285e-01
4.449233398205726941e-01
4.453030806474583270e-01
4.435847534058007247e-01
4.445815730763755802e-01
4.472777329472637509e-01
4.423885698011109091e-01
4.321130203636018297e-01
4.265265581240799686e-01
4.378411733991552368e-01
4.272487777092136008e-01
4.160535434565910684e-01
4.264109745098971227e-01
4.268191958987992973e-01
4.250723880951252087e-01
4.228509042578442179e-01
4.172687141026251711e-01
4.146485023971140382e-01
4.255850382114209074e-01
4.257844021455357564e-01
4.139618835145011944e-01
4.151801395547536910e-01
4.086960649356815023e-01
4.128323918925333458e-01
4.111311529880854465e-01
4.091042863245834549e-01
4.153021312953900090e-01
4.053068780557272377e-01
3.985911615322517143e-01
4.037119665828075021e-01
4.116010822613567210e-01
4.050790335595958469e-01
4.041106944510373111e-01
4.049081501874973732e-01
4.037119665828075021e-01
4.009968196705749888e-01
3.953586177433900950e-01
4.031423553424789974e-01
3.997816490245410526e-01
4.000569611240329948e-01
3.958893055489629553e-01
3.894621920539230731e-01
3.929178335785823983e-01
3.983357858261740159e-01
4.037119665828075021e-01
3.899397161437307413e-01
3.881563582854702377e-01
3.924716381069920934e-01
3.833008971377036000e-01
3.863388237527888291e-01
3.813262448378981206e-01
3.930982104713533487e-01
3.704706412873216004e-01
3.698438315849432168e-01
3.802155029192576530e-01
3.804053733327005249e-01
3.784686951155838419e-01
3.746617933260553146e-01
3.677694973180801186e-01
3.677315232353917662e-01
3.706080599990508317e-01
3.677979778800969379e-01
3.705510988750185808e-01
3.609721365168273022e-01
3.660701571177672475e-01
3.643995348174869364e-01
3.596430436227275873e-01
3.564532206768879496e-01
3.641524659419946297e-01
3.612284615749751793e-01
3.522286039777853262e-01
3.596399582285083052e-01
3.515545640100631863e-01
3.447951772914981672e-01
3.593297574405469597e-01
3.608487207480895465e-01
3.563995822850906658e-01
3.512697583898989340e-01
3.424407841648077211e-01
3.463711017230743372e-01
3.356813974462432015e-01
3.293373522570848255e-01
3.500450942231925211e-01
3.368680875302600963e-01
3.432857075046281681e-01
3.399060141453458250e-01
3.317415863673044973e-01
3.496843404376512865e-01
3.214980775620639997e-01
3.374471922912600785e-01
3.356847201784785018e-01
3.292732709925472734e-01
3.309156500688279490e-01
3.232828594484266072e-01
3.211183367351783668e-01
3.390193193145681905e-01
3.379123748041966135e-01
3.211183367351783668e-01
3.305928703659748447e-01
3.238239901267385701e-01
3.215075710827359212e-01
3.211183367351783668e-01
3.114729197322829157e-01
3.231594436796889069e-01
3.189822945839466684e-01
3.106185028717916574e-01
3.064793278587361058e-01
3.043907533108655139e-01
3.051122608819484272e-01
3.167038496226325384e-01
3.119286087245456418e-01
3.040299995253241128e-01
3.159348744481891846e-01
3.042103764180948966e-01
3.074476669672952522e-01
3.101818009208718308e-01
3.110931789053974494e-01
3.040299995253241128e-01
3.093083970190348420e-01
3.040299995253241128e-01
3.047515070964066930e-01
3.028907770446671033e-01
2.979921203778420069e-01
3.026629325485357680e-01
3.037451939051591943e-01
3.038781031945698707e-01
3.045711302036362422e-01
3.005079033559596713e-01
2.964684103099621826e-01
2.949636872834292545e-01
2.980206009398577160e-01
3.002325912564675070e-01
3.021312953908955601e-01
2.981250296672521838e-01
2.893613233967790577e-01
3.023591398870272839e-01
2.911757725352447923e-01
2.891631461527507940e-01
2.994351355200071674e-01
2.958655717472819524e-01
2.970712488726442446e-01
2.936915555133620681e-01
2.916789291308681253e-01
2.896663027483742936e-01
2.876536763658802953e-01
2.882612616888973189e-01
2.888688470119144536e-01
2.876536763658802953e-01
2.921820857264916249e-01
2.901694593439976266e-01
2.881568329615036284e-01
2.955952437461429327e-01
2.876536763658802953e-01
2.893245360041771796e-01
2.926852423221152910e-01
2.808563155646280340e-01
2.879194949447011487e-01
2.879574690273890014e-01
2.876536763658802953e-01
2.643470831157738732e-01
2.720273413395359330e-01
2.755684245502444951e-01
2.846819670574825545e-01
2.876536763658802953e-01
2.876536763658802953e-01
2.876536763658802953e-01
2.622490150472308046e-01
2.732994731096031193e-01
2.791854559263304836e-01
2.876536763658802953e-01
2.876536763658802953e-01
2.876536763658802953e-01
2.604072720368366678e-01
2.686001803768935381e-01
2.726218730716284955e-01
2.847866331228942616e-01
2.401955665258462824e-01
2.416385816680117482e-01
2.596857644657520892e-01
2.664831252670050721e-01
2.704514169079618169e-01
2.819195898799082278e-01
2.392652014999770704e-01
2.460319456970612995e-01
2.446005601177198563e-01
2.540845872691889773e-01
2.675843736649735627e-01
2.813025110362176173e-01
2.357146247685960871e-01
2.290786538187682964e-01
2.436132339678172554e-01
2.405373332700437572e-01
2.635325390421042746e-01
2.347272986186928201e-01
2.347272986186928201e-01
2.384107846394836472e-01
2.426259078179150153e-01
2.214045663834426914e-01
2.166516352589354932e-01
2.309773579531971821e-01
2.347272986186928201e-01
2.376892770684009282e-01
2.281387952722269685e-01
2.324298666160345972e-01
2.177813642189200261e-01
2.132624483789808678e-01
2.347272986186928201e-01
2.367019509184984938e-01
2.279489248587837358e-01
2.305026819195901966e-01
2.189110931789054193e-01
2.091422604072720459e-01
2.098732614990272416e-01
2.335311150140024494e-01
2.255731713105797731e-01
2.245597379788291104e-01
2.200408221388899521e-01
2.155219062989509604e-01
2.110029904590117744e-01
2.064840746190726162e-01
2.064840746190726162e-01
2.256894669388138375e-01
2.211705510988746515e-01
2.099017420610432560e-01
2.083827787535006693e-01
2.068638154459580547e-01
1.963355010205539708e-01
2.263540133858633341e-01
2.110694451037169461e-01
2.102814828879288889e-01
2.087625195803866074e-01
2.069397636113353423e-01
2.064840746190726162e-01
2.049366307495141537e-01
2.064840746190726162e-01
2.097308586889447823e-01
2.091422604072720459e-01
2.076232970997296257e-01
2.064840746190726162e-01
1.914843119570892871e-01
2.064840746190726162e-01
1.974842170218824300e-01
2.095220012341578175e-01
2.073954526035979018e-01
2.064840746190726162e-01
1.907343238239906924e-01
1.937342763563867643e-01
1.967342288887838353e-01
1.980253477001943929e-01
1.877343712915936491e-01
1.888641002515774880e-01
1.899843356908912650e-01
1.929842882232883361e-01
1.959842407556844079e-01
1.989841932880814512e-01
1.932501068021080237e-01
1.877343712915936491e-01
1.892343475577916712e-01
1.893482698058577829e-01
1.952342526225858133e-01
1.982342051549818573e-01
1.877343712915936491e-01
1.896615559880383828e-01
1.884179047799882378e-01
1.914843119570892871e-01
1.914463378744011568e-01
1.877343712915936491e-01
1.877343712915936491e-01
1.877343712915936491e-01
1.877343712915936491e-01
1.877343712915936491e-01
1.877343712915936491e-01
1.877343712915936491e-01
1.877343712915936491e-01
1.877343712915936491e-01
1.877343712915936491e-01
1.899843356908912650e-01
1.872808183414818028e-01
1.877343712915936491e-01
1.877343712915936491e-01
1.877343712915936491e-01
1.877343712915936491e-01
1.876014620021836388e-01
1.877343712915936491e-01
1.877343712915936491e-01
1.877343712915936491e-01
1.877343712915936491e-01
1.877343712915936491e-01
1.876679166468886439e-01
1.877343712915936491e-01
1.871362794892487691e-01
1.877343712915936491e-01
1.877343712915936491e-01
1.871267859685766533e-01
1.877343712915936491e-01
1.874685527127736284e-01
1.877343712915936491e-01
1.869568519485450275e-01
1.863673043148052766e-01
1.869748896378224112e-01
1.875824749608395736e-01
1.861095552285561006e-01
1.872691887786586129e-01
1.848768215692790373e-01
1.862154079840510346e-01
1.855603550576732930e-01
1.874305786300851373e-01
1.876014620021836388e-01
1.873356434233636181e-01
1.847913798832298005e-01
1.851331466274269144e-01
1.866710969763139272e-01
1.824749608392273181e-01
1.876679166468886439e-01
1.843641714529834219e-01
1.847059381971805359e-01
1.850477049413776776e-01
1.865192006455595186e-01
