1.204433948829923828e+00
1.140839939241468093e+00
1.152399724687900973e+00
1.045220487017610500e+00
9.979439407604303591e-01
9.809906488821374948e-01
9.467947500830676821e-01
9.185342004082215350e-01
9.012142212939672214e-01
8.481986044524614243e-01
8.338633882375278139e-01
8.093404376513033682e-01
7.890254901030049339e-01
7.872027341339536965e-01
7.768078036739927139e-01
7.719414249774527725e-01
7.493912279868991666e-01
7.239379123748047595e-01
7.177956044999290741e-01
7.164090758057628516e-01
6.934921915792473524e-01
7.120140504105949564e-01
6.808183414819388712e-01
6.655698485783453355e-01
6.630274837423459910e-01
6.432859448426445637e-01
6.352601224664168322e-01
6.365429344472399720e-01
6.159681017705417316e-01
6.135531874495657734e-01
6.140599041154412019e-01
6.084397398775337473e-01
5.961525134095980727e-01
6.084675084254997923e-01
5.949145583139505700e-01
5.918085156880430464e-01
5.851806142307880432e-01
5.747213651682727686e-01
5.687278682299334864e-01
5.632667204632838542e-01
5.679403806901793805e-01
5.661461052831441298e-01
5.546399582285093111e-01
5.472539991455832586e-01
5.382826221104097808e-01
5.482721792376705761e-01
5.385199601272132597e-01
5.391275454502303388e-01
5.291289694783308795e-01
5.319409503014195240e-01
5.235866521099352688e-01
5.149285612569423076e-01
5.029382446480279434e-01
5.244125884084110956e-01
4.992870365975221048e-01
5.047365548013471592e-01
5.025644372715623032e-01
4.970223572411833213e-01
4.962642996155124941e-01
4.806189775478241777e-01
4.863055964304360823e-01
4.859733232069115005e-01
4.846195471590640791e-01
4.790167085963822347e-01
4.769259980063609849e-01
4.745357668391321782e-01
4.721602506289458434e-01
4.626287558741160044e-01
4.663744244553094109e-01
4.635401338586416231e-01
4.672236198794325057e-01
4.575876963972089762e-01
4.553576683913233003e-01
4.544833151374189639e-01
4.561078938624393286e-01
4.474201357573456828e-01
4.552641572127021918e-01
4.457492761190490205e-01
4.449233398205726941e-01
4.384677457635167142e-01
4.389312669103337394e-01
4.445815730763755802e-01
4.401670859638299182e-01
4.419898419328809891e-01
4.422176864290123799e-01
4.337399724687902580e-01
4.264964161959463596e-01
4.360658850334648284e-01
4.304267337542129201e-01
4.264109745098971227e-01
4.255772060568656090e-01
4.251317225993259674e-01
4.260407272036835780e-01
4.228509042578440513e-01
4.157877248777708812e-01
4.249869464090759164e-01
4.257844021455357564e-01
4.091489058717428517e-01
4.151801395547536910e-01
4.091887786585648445e-01
4.130535909241944692e-01
4.101675606398633711e-01
4.091042863245834549e-01
4.065030616604167757e-01
4.053068780557272377e-01
4.066373949779275021e-01
4.048037214601037381e-01
4.037119665828075021e-01
4.046992927327102141e-01
4.027056533915605030e-01
3.993259600322779934e-01
4.037119665828075021e-01
3.975696587079319277e-01
3.961361370864386888e-01
4.031423553424789974e-01
3.986519200645560201e-01
3.962595528551764446e-01
3.940950301419283708e-01
4.001329092894099770e-01
3.920064555940569462e-01
3.989652062467368143e-01
3.989652062467368143e-01
3.953196943086325632e-01
3.833198841790476652e-01
3.850856790240662075e-01
3.872691887786586795e-01
3.838705083780321048e-01
3.813262448378981206e-01
3.893693928893527945e-01
3.852755494375089684e-01
3.843072103289505992e-01
3.749667726776478305e-01
3.781269283713867280e-01
3.798357620923721867e-01
3.940475625385677638e-01
3.705605923956898917e-01
3.690131485261310962e-01
3.679498742108511800e-01
3.603223050268156702e-01
3.678568377082650498e-01
3.624246451796652169e-01
3.651208050505531100e-01
3.585180614230789042e-01
3.667916646888503274e-01
3.612284615749751793e-01
3.597094982674325925e-01
3.612284615749751793e-01
3.563298049081499164e-01
3.612284615749751793e-01
3.515545640100631863e-01
3.511406465087578144e-01
3.593297574405469597e-01
3.601651872596956516e-01
3.560449992879858305e-01
3.458204775240898976e-01
3.424407841648077211e-01
3.390610908055253780e-01
3.400674039967727103e-01
3.339915507666012529e-01
3.466464138225654468e-01
3.436464612901691806e-01
3.432857075046281681e-01
3.345896425689467990e-01
3.296909859021220357e-01
3.247923292352972724e-01
3.214980775620639997e-01
3.430958370911846300e-01
3.407129634024774756e-01
3.242303128115059940e-01
3.309156500688279490e-01
3.260169934020031302e-01
3.211183367351783668e-01
3.211183367351783668e-01
3.188228034366543118e-01
3.327099254758628111e-01
3.260172307400200364e-01
3.230645084729673600e-01
3.215075710827359212e-01
3.057480894289645312e-01
3.116153225423630158e-01
3.117660321830321712e-01
3.142830018512365875e-01
3.234537428205249143e-01
3.064793278587361058e-01
3.061565481558840562e-01
3.081312004556893691e-01
3.108653344092659476e-01
3.040506479327860223e-01
3.163336023164192157e-01
3.122608819480702791e-01
3.042103764180948966e-01
3.074476669672952522e-01
3.077514596288037363e-01
3.045616366829634880e-01
3.040299995253241128e-01
3.040299995253241128e-01
3.040299995253241128e-01
3.047515070964066930e-01
3.054730146674896063e-01
3.004478568377058068e-01
3.026629325485357680e-01
3.032705178715529026e-01
3.038781031945698707e-01
3.025205297384536141e-01
3.052166896093417292e-01
2.963687283429061181e-01
2.926852423221152910e-01
3.009066312241888141e-01
3.037262068638156287e-01
2.879916457018087406e-01
3.010110599515831709e-01
2.989984335690891726e-01
2.953149475482983455e-01
2.911757725352447923e-01
2.891631461527507940e-01
2.993781743959742503e-01
2.924953719086716974e-01
2.970712488726442446e-01
2.956662078131676030e-01
2.916789291308681253e-01
2.896663027483742936e-01
2.876536763658802953e-01
2.882612616888973189e-01
2.876536763658802953e-01
2.876536763658802953e-01
2.921820857264916249e-01
2.901694593439976266e-01
2.881568329615036284e-01
2.876536763658802953e-01
2.887169506811602115e-01
2.876536763658802953e-01
2.876536763658802953e-01
2.906726159396209597e-01
2.860416765557519114e-01
2.879574690273890014e-01
2.876536763658802953e-01
2.876536763658802953e-01
2.876536763658802953e-01
2.729906963497399919e-01
2.813025110362176173e-01
2.876536763658802953e-01
2.876536763658802953e-01
2.876536763658802953e-01
2.876536763658802953e-01
2.707172354867806718e-01
2.791854559263304836e-01
2.876536763658802953e-01
2.831347605259411648e-01
2.530039872786830069e-01
2.619547159063949637e-01
2.686001803768935381e-01
2.795841837945606811e-01
2.860397778516165501e-01
2.401955665258462824e-01
2.416385816680117482e-01
2.543029382446480580e-01
2.664831252670050721e-01
2.749513457065563826e-01
2.347272986186928201e-01
2.367019509184984938e-01
2.474296292780182593e-01
2.514999762661981886e-01
2.561162006930271517e-01
2.665210993496937020e-01
2.790525466369199736e-01
2.865239474058949298e-01
2.404234110219781451e-01
2.436132339678172554e-01
2.536004177149097094e-01
2.195471590639387349e-01
2.347272986186928201e-01
2.347272986186928201e-01
2.302083827787536618e-01
2.426259078179150153e-01
2.366772677647517031e-01
2.166516352589354932e-01
2.121327194189963350e-01
2.347272986186928201e-01
2.376892770684009282e-01
2.341780984478095129e-01
2.215692789671051821e-01
2.177813642189200261e-01
2.162813879527216709e-01
2.347272986186928201e-01
2.365690416290885112e-01
2.279489248587837358e-01
2.446005601177198563e-01
2.189110931789054193e-01
2.143921773389662333e-01
2.076232970997296257e-01
2.086011297289612487e-01
2.396639293682067684e-01
2.316134238382309973e-01
2.191769117577250792e-01
2.155219062989509604e-01
2.080030379266152307e-01
2.064840746190726162e-01
2.299425641999338354e-01
2.251578297811737961e-01
2.211705510988746515e-01
2.099017420610432560e-01
2.083827787535006693e-01
2.068638154459580547e-01
1.970335121279729595e-01
2.064840746190726162e-01
2.118004461954718087e-01
1.989841932880814512e-01
2.087625195803866074e-01
2.072435562728438263e-01
1.892343475577916712e-01
2.064840746190726162e-01
2.227654625717938874e-01
2.097308586889447823e-01
2.079460768025821749e-01
2.071676081074668718e-01
1.906052119428505998e-01
2.064840746190726162e-01
2.119618360468980001e-01
2.101770541605357256e-01
2.004841695542795010e-01
2.066423790762795532e-01
1.877343712915936491e-01
1.907343238239906924e-01
1.911520387335642890e-01
1.967342288887838353e-01
1.877343712915936491e-01
2.017847818863630072e-01
1.888641002515774880e-01
1.963355010205539708e-01
1.929842882232883361e-01
1.959842407556844079e-01
2.077656999098113910e-01
1.877343712915936491e-01
1.877343712915936491e-01
1.892343475577916712e-01
1.922343000901887422e-01
1.877343712915936491e-01
1.877343712915936491e-01
1.877343712915936491e-01
1.877825509090040312e-01
1.884179047799882378e-01
1.877343712915936491e-01
1.920539231974181249e-01
1.956614610528323583e-01
1.877343712915936491e-01
1.877343712915936491e-01
1.877343712915936491e-01
1.877343712915936491e-01
1.912165946741347655e-01
1.877343712915936491e-01
1.877343712915936491e-01
1.877343712915936491e-01
1.877343712915936491e-01
1.877343712915936491e-01
1.902501542697116188e-01
1.877343712915936491e-01
1.877343712915936491e-01
1.877343712915936491e-01
1.874305786300851373e-01
1.891014382683816608e-01
1.877343712915936491e-01
1.877343712915936491e-01
1.877343712915936491e-01
1.866710969763139272e-01
1.872786822993308953e-01
1.876679166468886439e-01
1.877343712915936491e-01
1.877343712915936491e-01
1.868920586699575059e-01
1.877343712915936491e-01
1.871267859685766533e-01
1.877343712915936491e-01
1.874685527127736284e-01
1.872027341339537743e-01
1.869369155551337813e-01
1.877343712915936491e-01
1.869748896378224112e-01
1.875824749608395736e-01
1.875350073574786336e-01
1.872691887786586129e-01
1.848768215692790373e-01
1.877343712915936491e-01
1.877343712915936491e-01
1.874305786300851373e-01
1.876014620021836388e-01
1.844496131390326588e-01
1.870698248445435974e-01
1.851331466274269144e-01
1.866710969763139272e-01
1.872786822993308953e-01
1.840224047087864467e-01
1.860730051739689084e-01
1.871362794892487691e-01
1.850477049413776776e-01
1.853894716855746527e-01
