1.197362509992004886e+00
1.055727418065547374e+00
9.726075139888089582e-01
9.390567545963229845e-01
8.986790567545945851e-01
8.645715427657874042e-01
8.450659472422057394e-01
7.871782573940846461e-01
7.592190247801758884e-01
7.102957633892885703e-01
6.895195843325340190e-01
6.892086330935252025e-01
6.778896882494005460e-01
6.699396482813748666e-01
6.728301358912870400e-01
6.625579536370899136e-01
6.343804956035172804e-01
6.143725019984013214e-01
6.034052757793765265e-01
5.793768984812150968e-01
6.002398081534772167e-01
5.595523581135092295e-01
5.998353317346118985e-01
5.603840927258193494e-01
5.589772182254199029e-01
5.550759392486011023e-01
5.445243804956035882e-01
5.348361310951241787e-01
5.187098321342927809e-01
5.210871302957635898e-01
5.163741007194241339e-01
5.138289368505196686e-01
5.097466027178253478e-01
5.017905675459632953e-01
4.934452438049559131e-01
4.968665067945641778e-01
4.837270183852914740e-01
4.799360511590727296e-01
4.800411670663467523e-01
4.769624300559550667e-01
4.839692246203038395e-01
4.681854516386888543e-01
4.694324540367705856e-01
4.644444444444443265e-01
4.628381294964029058e-01
4.603677058353320417e-01
4.628297362110312396e-01
4.599336530775381959e-01
4.577138289368504753e-01
4.560831334932051728e-01
4.475459632294165324e-01
4.451159072741799894e-01
4.503772981614707627e-01
4.427338129496403707e-01
4.471622701838529057e-01
4.374100719424455774e-01
4.358113509192647617e-01
4.408537170263791549e-01
4.402717825739408397e-01
4.333013589128695831e-01
4.356674660271781518e-01
4.226338928856914756e-01
4.220783373301361108e-01
4.262829736211031784e-01
4.265587529976022085e-01
4.139088729016787149e-01
4.096262989608312477e-01
4.102478017585930448e-01
4.102797761790569209e-01
3.987849720223820560e-01
4.044284572342127793e-01
4.024780175859312692e-01
4.044604316546763223e-01
4.008888888888888502e-01
3.937490007993604268e-01
3.943633093525179545e-01
4.004796163069544446e-01
4.013449240607517288e-01
3.923261390887287092e-01
3.862190247801758347e-01
3.844144684252579491e-01
3.873701039168663818e-01
3.852597921662669345e-01
3.823820943245403448e-01
3.826542765787369071e-01
3.773940847322144743e-01
3.777777777777775459e-01
3.808633093525179425e-01
3.694004796163071203e-01
3.800639488409270905e-01
3.785291766586729723e-01
3.749000799360511227e-01
3.710555555555553608e-01
3.709352517985614051e-01
3.659472422062338137e-01
3.615987210231813020e-01
3.792965627498001147e-01
3.616306954436452892e-01
3.683453237410070913e-01
3.598401278976817164e-01
3.622062350119903962e-01
3.545963229416468354e-01
3.518625099920062449e-01
3.513349320543567300e-01
3.651159072741806955e-01
3.505195843325341065e-01
3.577138289368503310e-01
3.543565147881694299e-01
3.503277378097521821e-01
3.487106314948041907e-01
3.482494004796163334e-01
3.478017585931250100e-01
3.469864108713029416e-01
3.508233413269384315e-01
3.483932853717027767e-01
3.467625899280571966e-01
3.480415667466026375e-01
3.450999200639489617e-01
3.445243804956035771e-01
3.468265387689848933e-01
3.445243804956035771e-01
3.445243804956035771e-01
3.440099920063930949e-01
3.404380495603518408e-01
3.445243804956035771e-01
3.425099920063948145e-01
3.445243804956035771e-01
3.401598721023181282e-01
3.401758593125500663e-01
3.401278976818544186e-01
3.401434852118304653e-01
3.405275779376498724e-01
3.403197442046361765e-01
3.400319744204636230e-01
3.400799360511592706e-01
3.300687450039958559e-01
3.326139088729012094e-01
3.384652278177457951e-01
3.391207034372500373e-01
3.365307753796961676e-01
3.346282973621099721e-01
3.304556354916066141e-01
3.222222222222222987e-01
3.235011990407665738e-01
3.365307753796961676e-01
3.365307753796961676e-01
3.365307753796961676e-01
3.289208633093519962e-01
3.201598721023177774e-01
3.126618705035962842e-01
3.046522781774572697e-01
2.960831334932049197e-01
3.366266986410871298e-01
3.298161470823338104e-01
3.204316546762589479e-01
3.140207833733014708e-01
3.067945643485215368e-01
2.967066346922466735e-01
2.895763389288556477e-01
2.838209432454037451e-01
3.215827338129490509e-01
3.148681055155871378e-01
3.058832933653075625e-01
2.943405275779376606e-01
2.900399680255797419e-01
3.318305355715431282e-01
3.206235011990394290e-01
3.102158273381285802e-01
3.007194244604312616e-01
2.959072741806552109e-01
2.896402877697840661e-01
2.833733013589128658e-01
2.845691446842398276e-01
3.047929656274983024e-01
3.023980815347714346e-01
2.944440447641874514e-01
2.912070343725016164e-01
2.839008792965626582e-01
2.728217426059154072e-01
2.747402078337330966e-01
2.766586730615507861e-01
2.713828936850520845e-01
2.742605915267793404e-01
2.794724220623499567e-01
2.829896083133492390e-01
2.742605915267787853e-01
2.947242206235008988e-01
2.677857713828937780e-01
2.713828936850520845e-01
2.701838529176660564e-01
2.716706634692246380e-01
2.728217426059155737e-01
2.756994404476421634e-01
2.713828936850520845e-01
2.712230215827340363e-01
2.755395683453236710e-01
2.713828936850520845e-01
2.725339728217425761e-01
2.736850519584332342e-01
2.578960831334937143e-01
2.697042366107120226e-01
2.661870503597126847e-01
2.703437250199842712e-01
2.708073541167066445e-01
2.700399680255796686e-01
2.692725819344525262e-01
2.609912070343723967e-01
2.615027977617909727e-01
2.684092725819350878e-01
2.480575539568349031e-01
2.533653077537973419e-01
2.509992006394886066e-01
2.572661870503599180e-01
2.576003197442045534e-01
2.669224620303755624e-01
2.706474820143882076e-01
2.458033573141492067e-01
2.499600319744207932e-01
2.564188649080738625e-01
2.598081534772184731e-01
2.614068745003998995e-01
2.406075139888089465e-01
2.447641886490806995e-01
2.489208633093522860e-01
2.472581934452444674e-01
2.589608313349324176e-01
2.415667466027177079e-01
2.403517186250999360e-01
2.437250199840128861e-01
2.478816946442846392e-01
2.457713828936849421e-01
2.536530775379694513e-01
2.406075139888089465e-01
2.397122302158275764e-01
2.426858513189451005e-01
2.406075139888089465e-01
2.406075139888089465e-01
2.406075139888089465e-01
2.406075139888089465e-01
2.411830535571543310e-01
2.406334932054356446e-01
2.406075139888089465e-01
2.406075139888089465e-01
2.352358113509192827e-01
2.406075139888089465e-01
2.388169464428457622e-01
2.406075139888089465e-01
2.406075139888089465e-01
2.383980815347713222e-01
2.365787370103914211e-01
2.406075139888089465e-01
2.383693045563549939e-01
2.395043964828138805e-01
2.406075139888089465e-01
2.321982414068744782e-01
2.406075139888089465e-01
2.361310951239007916e-01
2.379216626698642534e-01
2.384012789768189811e-01
2.292246203037569541e-01
2.316227018385290937e-01
2.284572342126298117e-01
2.354652278177459257e-01
2.328856914468424855e-01
2.372981614708232212e-01
2.303597122302162570e-01
2.289368505195842618e-01
2.285531574740206073e-01
2.223501199040765486e-01
2.201758593125498487e-01
2.361950439648281830e-01
2.294164668265387119e-01
2.290327737809751962e-01
2.250679456434849235e-01
2.228936850519581125e-01
2.224460431654673442e-01
2.294164668265387119e-01
2.287609912070344143e-01
2.286970423661070229e-01
2.287450039968025040e-01
2.234372501998400928e-01
2.212629896083129766e-01
2.190887290167863044e-01
2.200799360511580538e-01
2.283293365307751677e-01
2.261550759392484677e-01
2.239808153477216568e-01
2.218065547561949846e-01
2.196322941646682847e-01
2.180335731414868583e-01
2.158273381294963378e-01
2.259972022382089052e-01
2.232294164668262859e-01
2.223501199040765486e-01
2.201758593125498487e-01
2.153796962430055972e-01
2.158273381294963378e-01
2.226378896882495184e-01
2.239456434852110100e-01
2.197442046362911572e-01
2.148201438848920952e-01
2.152677857713830023e-01
2.163709032773774854e-01
2.158273381294963378e-01
2.088888888888885409e-01
2.066506794564348937e-01
2.147082334132693893e-01
2.151558752997601298e-01
2.142286171063152167e-01
2.016466826538765300e-01
2.033733013589130167e-01
2.059952038369310123e-01
2.086171063149480365e-01
2.041726618705044238e-01
2.134292565947240872e-01
2.158273381294963378e-01
2.049560351718622275e-01
2.093685051958437127e-01
2.144844124700239218e-01
2.105835331734613181e-01
2.132054356514793414e-01
2.158273381294963378e-01
2.020623501199045879e-01
2.046842525979215843e-01
2.073061550759396077e-01
2.125179856115107790e-01
1.994404476418865646e-01
1.999840127897677122e-01
2.014068745003998739e-01
2.040287769784177307e-01
2.066506794564348937e-01
2.023980815347729001e-01
1.994404476418865646e-01
2.121502797761797565e-01
2.004636290967225787e-01
1.994404476418865646e-01
2.059952038369310123e-01
1.994404476418865646e-01
2.064268585131902867e-01
1.994404476418865646e-01
2.000959232613912786e-01
1.994404476418865646e-01
1.994404476418865646e-01
1.994404476418865646e-01
2.105835331734613181e-01
1.994404476418865646e-01
1.994404476418865646e-01
1.994404476418865646e-01
1.994404476418865646e-01
1.994404476418865646e-01
1.994404476418865646e-01
1.960031974420466394e-01
1.987529976019191680e-01
2.009752198241408772e-01
1.984584332533969042e-01
1.994404476418865646e-01
1.994404476418865646e-01
1.994404476418865646e-01
1.980655475619507444e-01
1.991526778577140111e-01
1.985771382893685988e-01
1.994404476418865646e-01
1.994404476418865646e-01
1.994404476418865646e-01
1.994404476418865646e-01
1.992965627498001491e-01
1.987210231814549033e-01
1.981454836131094910e-01
1.975699440447640787e-01
1.994404476418865646e-01
1.966906474820150630e-01
1.994404476418865646e-01
1.988649080735411800e-01
1.982893685051959065e-01
1.994404476418865646e-01
1.932533972821739998e-01
1.960031974420466394e-01
1.994404476418865646e-01
1.990087929656275956e-01
1.984332533972821833e-01
1.954436450839327488e-01
1.925659472422067142e-01
1.953157474020782436e-01
1.980655475619507444e-01
1.826378896882491776e-01
1.985771382893685988e-01
1.876898481215032999e-01
1.918784972022383184e-01
1.946282973621108192e-01
1.942126298960830388e-01
1.992965627498001491e-01
1.849720223820940368e-01
1.871462829736212918e-01
1.893205435651484081e-01
1.914948041566748027e-01
