2.103084072665821758e+00
1.658893113645964812e+00
1.681875792141951598e+00
1.396963455851287561e+00
1.312632023658639513e+00
1.252228559357836613e+00
1.223912125052809552e+00
1.085340092944655499e+00
1.079847908745247276e+00
1.026225179552175293e+00
1.013096746937051318e+00
9.341465990705524192e-01
8.626953950147865369e-01
8.567807351077313394e-01
8.428390367553862950e-01
7.978453738910009641e-01
7.731305449936629604e-01
7.480354879594416362e-01
7.579214195183775482e-01
7.355566117448241181e-01
7.156738487536965510e-01
7.085234474017738648e-01
6.835656949725390508e-01
6.841994085340092902e-01
6.831432192648922985e-01
6.660382340515418331e-01
6.653992395437261509e-01
6.533745247148287083e-01
6.493451626531474563e-01
6.331009716941271570e-01
6.349809885931558817e-01
6.267427122940431028e-01
6.273764258555133422e-01
6.195606252640472045e-01
6.273764258555133422e-01
6.125897760878749043e-01
6.037177862272918860e-01
5.950570342205323549e-01
6.011829319814109285e-01
5.855513307984789861e-01
5.978031263202364665e-01
5.741814533164341094e-01
5.838614279678918662e-01
5.739332488381915232e-01
5.471060414026193142e-01
5.536544148711447511e-01
5.804816223067172931e-01
5.511195606252639045e-01
5.466835656949724509e-01
5.487959442332066562e-01
5.466835656949724509e-01
5.247148288973383368e-01
5.239966201943305757e-01
5.279098014364169700e-01
5.234474017743978580e-01
5.078158005914658046e-01
5.061470215462605671e-01
5.032213772708067356e-01
4.896493451626531268e-01
4.964089564850020508e-01
5.057034220532318214e-01
4.909167722855936056e-01
4.896493451626531268e-01
4.873257287705958229e-01
4.896493451626531268e-01
4.862695395014787203e-01
4.896493451626531268e-01
4.841571609632446260e-01
4.850021123785382415e-01
4.731727925644276245e-01
4.850021123785382415e-01
4.617923531896915290e-01
4.850021123785382415e-01
4.634558512885508241e-01
4.790874524714828220e-01
4.493029150823827922e-01
4.592310942120828021e-01
4.529150823827630123e-01
4.592310942120828021e-01
4.484579636670891767e-01
4.575411913814956266e-01
4.433882551753274281e-01
4.237431347697507844e-01
4.357836924376848331e-01
4.237431347697507844e-01
4.385297845373891668e-01
4.237431347697507844e-01
4.357836924376848331e-01
4.237431347697507844e-01
4.332488381918038756e-01
4.152936206168145739e-01
4.207858048162230746e-01
4.123362906632869196e-01
4.165610477397550526e-01
4.123362906632869196e-01
4.098067173637515714e-01
4.123362906632869196e-01
4.064321926489226078e-01
3.988170680185889605e-01
4.017743979721166148e-01
4.119138149556400008e-01
4.026193493874102303e-01
3.988170680185889605e-01
4.011406844106462644e-01
4.119138149556400008e-01
3.984209970426699776e-01
3.983945923109420972e-01
4.009294465568228882e-01
3.983945923109420972e-01
3.961449091677218259e-01
3.983945923109420972e-01
3.912125052809463654e-01
3.983945923109420972e-01
3.950147866497676907e-01
3.827629911280102104e-01
3.855090832277143775e-01
3.899450781580058867e-01
3.827629911280102104e-01
3.827629911280102104e-01
3.869877482044783434e-01
3.827629911280102104e-01
3.827629911280102104e-01
3.827629911280102104e-01
3.734685255597804399e-01
3.827629911280102104e-01
3.702999577524292429e-01
3.827629911280102104e-01
3.705111956062527301e-01
3.569919729615548265e-01
3.683988170680186913e-01
3.827629911280102104e-01
3.669201520912548364e-01
3.569919729615548265e-01
3.669201520912548364e-01
3.540346430080271167e-01
3.669201520912548364e-01
3.540346430080271167e-01
3.502323616392058470e-01
3.540346430080271167e-01
3.540346430080271167e-01
3.540346430080271167e-01
3.373468525559781273e-01
3.540346430080271167e-01
3.504435994930292231e-01
3.540346430080271167e-01
3.358681875792142724e-01
3.540346430080271167e-01
3.358681875792142724e-01
3.177017321504013170e-01
3.341782847486269303e-01
3.177017321504013170e-01
3.358681875792142724e-01
3.177017321504013170e-01
3.310097169412758999e-01
3.177017321504013170e-01
3.310097169412758999e-01
3.177017321504013170e-01
3.324883819180397548e-01
3.177017321504013170e-01
3.295627376425850907e-01
3.177017321504013170e-01
3.244613434727502965e-01
3.177017321504013170e-01
3.174904942965779409e-01
3.177017321504013170e-01
3.170838614279677392e-01
3.177017321504013170e-01
3.143219264892269105e-01
3.075623151668779309e-01
3.151668779045205260e-01
3.075623151668779309e-01
3.095162653147444654e-01
3.177017321504013170e-01
3.109421208280525040e-01
3.075623151668779309e-01
3.126320236586396795e-01
3.113645965356992007e-01
3.094634558512886491e-01
3.075623151668779309e-01
3.109421208280525040e-01
3.075623151668779309e-01
3.094634558512886491e-01
3.075623151668779309e-01
3.075623151668779309e-01
3.075623151668779309e-01
3.077735530207014181e-01
3.075623151668779309e-01
3.043937473595267340e-01
3.075623151668779309e-01
3.012251795521758146e-01
3.075623151668779309e-01
2.980935783692433283e-01
3.075623151668779309e-01
3.012251795521758146e-01
3.042670046472316092e-01
3.027038445289395030e-01
3.075623151668779309e-01
2.995352767215886391e-01
2.915082382762991808e-01
2.917670046472327638e-01
3.075623151668779309e-01
2.995352767215886391e-01
3.041825095057035244e-01
2.995352767215886391e-01
3.041825095057035244e-01
2.980566117448247843e-01
3.041825095057035244e-01
2.978453738910014081e-01
2.915082382762991808e-01
2.915082382762991808e-01
2.915082382762991808e-01
2.915082382762991808e-01
2.915082382762991808e-01
2.915082382762991808e-01
2.915082382762991808e-01
2.866497676383609194e-01
2.915082382762991808e-01
2.915082382762991808e-01
2.915082382762991808e-01
2.824250105618927864e-01
2.915082382762991808e-01
2.839036755386565858e-01
2.915082382762991808e-01
2.824250105618927864e-01
2.762991128010140462e-01
2.866497676383609194e-01
2.915082382762991808e-01
2.839036755386565858e-01
2.762991128010140462e-01
2.839036755386565858e-01
2.915082382762991808e-01
2.809463455851289315e-01
2.762991128010140462e-01
2.824250105618927864e-01
2.733417828474863365e-01
2.809463455851289315e-01
2.733417828474863365e-01
2.773553020701309824e-01
2.885509083227714711e-01
2.750316856780735675e-01
2.733417828474863365e-01
2.809463455851289315e-01
2.762991128010140462e-01
2.773553020701309824e-01
2.733417828474863365e-01
2.773553020701309824e-01
2.733417828474863365e-01
2.733417828474863365e-01
2.733417828474863365e-01
2.735530207013097126e-01
2.733417828474863365e-01
2.638360794254330788e-01
2.733417828474863365e-01
2.638360794254330788e-01
2.733417828474863365e-01
2.697507393324884428e-01
2.733417828474863365e-01
2.638360794254330788e-01
2.733417828474863365e-01
2.623574144486692239e-01
2.733417828474863365e-01
2.638360794254330788e-01
2.733417828474863365e-01
2.602450359104351296e-01
2.733417828474863365e-01
2.733417828474863365e-01
2.733417828474863365e-01
2.587663709336712747e-01
2.733417828474863365e-01
2.697507393324884428e-01
2.661596958174904937e-01
2.577101816645543386e-01
2.513730460498521113e-01
2.587663709336712747e-01
2.661596958174904937e-01
2.551753274186733811e-01
2.441909590198562408e-01
2.587663709336712747e-01
2.513730460498521113e-01
2.587663709336712747e-01
2.441909590198562408e-01
2.526404731727925901e-01
2.441909590198562408e-01
2.551753274186733811e-01
2.441909590198562408e-01
2.477820025348541622e-01
2.441909590198562408e-01
2.551753274186733811e-01
2.441909590198562408e-01
2.526404731727925901e-01
2.441909590198562408e-01
2.551753274186733811e-01
2.441909590198562408e-01
2.441909590198562408e-01
2.441909590198562408e-01
2.441909590198562408e-01
2.441909590198562408e-01
2.526404731727925901e-01
2.441909590198562408e-01
2.441909590198562408e-01
2.441909590198562408e-01
2.441909590198562408e-01
2.441909590198562408e-01
2.441909590198562408e-01
2.441909590198562408e-01
2.441909590198562408e-01
2.441909590198562408e-01
2.441909590198562408e-01
2.441909590198562408e-01
2.441909590198562408e-01
2.441909590198562408e-01
2.441909590198562408e-01
2.441909590198562408e-01
2.403886776510349432e-01
2.441909590198562408e-01
2.439797211660328646e-01
2.441909590198562408e-01
2.378538234051541522e-01
2.441909590198562408e-01
2.414448669201520736e-01
2.441909590198562408e-01
2.378538234051541522e-01
2.441909590198562408e-01
2.378538234051541522e-01
2.441909590198562408e-01
2.414448669201520736e-01
2.391212505280946310e-01
2.403886776510349432e-01
2.365863962822136735e-01
2.378538234051541522e-01
2.365863962822136735e-01
2.378538234051541522e-01
2.367765103506545843e-01
2.359526827207435729e-01
2.441909590198562408e-01
2.360002112378531691e-01
2.315166877904520637e-01
2.378538234051541522e-01
2.315166877904520637e-01
2.361692015209125584e-01
2.315166877904520637e-01
2.321504013519223031e-01
2.365863962822136735e-01
2.364121250528094242e-01
2.365863962822136735e-01
2.359526827207435729e-01
2.365863962822136735e-01
2.315166877904520637e-01
2.315166877904520637e-01
2.338403041825095063e-01
2.315166877904520637e-01
2.315166877904520637e-01
2.315166877904520637e-01
2.353348119983098563e-01
2.315166877904520637e-01
2.338403041825095063e-01
2.315166877904520637e-01
2.321504013519223031e-01
2.315166877904520637e-01
2.315166877904520637e-01
2.315166877904520637e-01
2.315166877904520637e-01
2.315166877904520637e-01
2.315166877904520637e-01
2.315166877904520637e-01
2.315166877904520637e-01
2.315166877904520637e-01
2.315166877904520637e-01
2.315166877904520637e-01
2.315166877904520637e-01
2.315166877904520637e-01
2.315166877904520637e-01
2.315166877904520637e-01
2.300380228136882088e-01
2.315166877904520637e-01
2.315166877904520637e-01
2.315166877904520637e-01
2.296155471060413455e-01
2.315166877904520637e-01
2.296155471060413455e-01
2.315166877904520637e-01
2.315166877904520637e-01
2.315166877904520637e-01
2.300380228136882088e-01
2.315166877904520637e-01
2.300380228136882088e-01
2.315166877904520637e-01
2.315166877904520637e-01
2.315166877904520637e-01
2.281368821292774907e-01
2.315166877904520637e-01
2.300380228136882088e-01
2.285593578369243539e-01
2.281368821292774907e-01
2.285593578369243539e-01
