2.791002425222312233e+00
2.647534357316087217e+00
2.494167340339530803e+00
2.291410670978172970e+00
2.075772029102665339e+00
1.958857450821880564e+00
1.881723255187280897e+00
1.750458097547829883e+00
1.726289409862569402e+00
1.712907572082996932e+00
1.613203988143357526e+00
1.591215305847480943e+00
1.524710320668283714e+00
1.480251953651306795e+00
1.477958771220694967e+00
1.513154136351387846e+00
1.364052815952573550e+00
1.332745890595526950e+00
1.273687685260037616e+00
1.314362705470223602e+00
1.268303691727296956e+00
1.302883319859876377e+00
1.126451091350040512e+00
1.104392347076259773e+00
1.081036108865534029e+00
1.071433575855563314e+00
1.070600916195095564e+00
9.952034492050660930e-01
9.785502559956884561e-01
9.871112907572070494e-01
9.490110482349768395e-01
9.075990299110749948e-01
9.215844785772028258e-01
8.958286176232822529e-01
8.970088924818107046e-01
8.785233090811102041e-01
8.758218808946369727e-01
8.610617084343842320e-01
8.501832390191323974e-01
8.389652384801941087e-01
8.726690918889784543e-01
8.577202910266774616e-01
8.427917003503099247e-01
8.506063055780112014e-01
8.320129345189974934e-01
8.246981945567228856e-01
8.313123147399622548e-01
8.216114254917812332e-01
8.077391538668824422e-01
8.073834545944489349e-01
7.806521153327943274e-01
7.969549986526544005e-01
7.951441659929937567e-01
7.959040689841012650e-01
7.568849366747509855e-01
7.611533279439487432e-01
7.582861762328212407e-01
7.665561843168955392e-01
7.779331716518453899e-01
7.497709512260847253e-01
7.508569118835892731e-01
7.286445701967125821e-01
7.220695230396119157e-01
7.259498787388843910e-01
7.157100511991376646e-01
7.305793586634322656e-01
6.922729722446779865e-01
6.993802209646993173e-01
7.000269469145782297e-01
6.983023443815683517e-01
7.049636216653187848e-01
6.548100242522231218e-01
6.638641875505253420e-01
6.654446240905413923e-01
6.587766100781458078e-01
6.669037995149552644e-01
6.461870115871733988e-01
6.377256804095932097e-01
6.478577202910265065e-01
6.468350848827804089e-01
6.434923201293452077e-01
6.448396658582592478e-01
6.364322285098356069e-01
6.336836432228510896e-01
6.332821341956343941e-01
6.344920506601995358e-01
6.219482619240096488e-01
6.217340339531119975e-01
6.211263810293721210e-01
6.195095661546753396e-01
6.197790353004580810e-01
6.022635408245756716e-01
6.084613311775801670e-01
6.009700889248182909e-01
5.995149555375909323e-01
6.183239019132309444e-01
6.036108865534897117e-01
5.935219617353812982e-01
5.975747776879546391e-01
5.777418485583400987e-01
5.853287523578545315e-01
5.766639719752089110e-01
5.718674211802748930e-01
5.856642414443543609e-01
5.768256534626784449e-01
5.798976017246024739e-01
5.834007006197791112e-01
5.626515763945029169e-01
5.675020210185935943e-01
5.662247372675828228e-01
5.850741040150898575e-01
5.675020210185935943e-01
5.686337914308814412e-01
5.621126381029373231e-01
5.642683912691998094e-01
5.542576125033673584e-01
5.623821072487199535e-01
5.577687954729180220e-01
5.594179466451092431e-01
5.490703314470493090e-01
5.587712206952306637e-01
5.524117488547560795e-01
5.446510374562111290e-01
5.498248450552412070e-01
5.491781191053624056e-01
5.395311236863380433e-01
5.432497978981408737e-01
5.346267852330907067e-01
5.514416599299379884e-01
5.244974400431142714e-01
5.373753705200755570e-01
5.338722716248982536e-01
5.318781999461060783e-01
5.313392616545404845e-01
5.322015629210454790e-01
5.340878469415251129e-01
5.305847480463490307e-01
5.184478577202910055e-01
5.386149285906765005e-01
5.302613850714090749e-01
5.119913769873349896e-01
5.176502290487737801e-01
5.184047426569657890e-01
5.218539477229855450e-01
5.161950956615466435e-01
5.127458905955267765e-01
5.106440312584208385e-01
5.104284559417946454e-01
5.154405820533550786e-01
5.050929668552952556e-01
5.106440312584208385e-01
5.106709781729987796e-01
5.094044731878198951e-01
5.069240097008886892e-01
5.056319051468606274e-01
5.100511991376986964e-01
5.068714632174616819e-01
5.070870385340878750e-01
5.015898679601186183e-01
5.023443815683105163e-01
5.073026138507141791e-01
5.044462409054163432e-01
5.057396928051737239e-01
4.987334950148208379e-01
4.993802209646997503e-01
5.002425222312046893e-01
5.044462409054163432e-01
5.041228779304770535e-01
4.998652654271087403e-01
4.981406628940986958e-01
4.992400970088923251e-01
4.998652654271087403e-01
4.998652654271087403e-01
4.994448935596874084e-01
4.998652654271087403e-01
4.984155214227971586e-01
4.990568579897601831e-01
4.990568579897604051e-01
4.926542710859594942e-01
4.998652654271087403e-01
4.968472109943411485e-01
4.944758825114524692e-01
4.985718135273511376e-01
4.981406628940986958e-01
4.941525195365131240e-01
4.870924279170034676e-01
4.804634869307463085e-01
4.846577741848556165e-01
4.944758825114524692e-01
4.944758825114524692e-01
4.930746429533818809e-01
4.874696847210996387e-01
4.799245486391808813e-01
4.944758825114524692e-01
4.893074642953383346e-01
4.918889787119375412e-01
4.944758825114524692e-01
4.897332255456748329e-01
4.815413635138776627e-01
4.757747237941253871e-01
4.635394772298557231e-01
4.912422527620586288e-01
4.938291565615737788e-01
4.896254378873619584e-01
4.756669361358124015e-01
4.676367555914848761e-01
4.880086230126650659e-01
4.601994071678793263e-01
4.551333872271624004e-01
4.909269738614929768e-01
4.737806521153329342e-01
4.686068445163031337e-01
4.630018862840206140e-01
4.608461331177581277e-01
4.558340070061978611e-01
4.540555106440312683e-01
4.715710051199136776e-01
4.681218000538937551e-01
4.605227701428187825e-01
4.508218808946377054e-01
4.443546213958501911e-01
4.378873618970628989e-01
4.404742656965778269e-01
4.430611694960927549e-01
4.666666666666667296e-01
4.589059552681218901e-01
4.459714362705469726e-01
4.395041767717597359e-01
4.398275397466991921e-01
4.673672864457019682e-01
4.676367555914848761e-01
4.516302883319860406e-01
4.450013473457292146e-01
4.411209916464565173e-01
4.396119644300729434e-01
4.378873618970628989e-01
4.378873618970628989e-01
4.378873618970628989e-01
4.467353812988413830e-01
4.414443546213960845e-01
4.385340878469415893e-01
4.378873618970628989e-01
4.378873618970628989e-01
4.327135542980330984e-01
4.344381568310428654e-01
4.443546213958501911e-01
4.378873618970628989e-01
4.378873618970628989e-01
4.344704931285369165e-01
4.322824036647806567e-01
4.340070061977904237e-01
4.357316087308004682e-01
4.374562112638104572e-01
4.298571813527351515e-01
4.335219617353813226e-01
4.318512530315279929e-01
4.335758555645379819e-01
4.353004580975480264e-01
4.370250606305580154e-01
4.375639989221236092e-01
4.369415251953651658e-01
4.378873618970628989e-01
4.378873618970628989e-01
4.271085960657505787e-01
4.271085960657505787e-01
4.273780652115333756e-01
4.284559417946646187e-01
4.295338183777959729e-01
4.306116949609272160e-01
4.271085960657505787e-01
4.271085960657505787e-01
4.271085960657505787e-01
4.281864726488818218e-01
4.258151441659931424e-01
4.271085960657505787e-01
4.271085960657505787e-01
4.271085960657505787e-01
4.248464025869037597e-01
4.243600107787657838e-01
4.259768256534627873e-01
4.253300997035840414e-01
4.271085960657505787e-01
4.271085960657505787e-01
4.196712476421451954e-01
4.239288601455133421e-01
4.261385071409324876e-01
4.254917811910536862e-01
4.248450552411749959e-01
3.982403664780381214e-01
4.159525734303425315e-01
4.230665588790084586e-01
4.230665588790084586e-01
3.771005119913587444e-01
3.859876044192943612e-01
4.129345189975746622e-01
4.133980059283212660e-01
4.230665588790084586e-01
4.230665588790084586e-01
4.258151441659931424e-01
3.821934788466697097e-01
3.910536243600107875e-01
4.052815952573434188e-01
4.195499865265427397e-01
4.230665588790084586e-01
3.591484774993264906e-01
3.710051199137697209e-01
3.795742387496612302e-01
4.007545136081917536e-01
4.159525734303423650e-01
4.230665588790084586e-01
3.567003503098651329e-01
3.672864457019670015e-01
3.821611425491782676e-01
3.981676098086768811e-01
4.119105362436003559e-01
4.230665588790084586e-01
3.486930746429535155e-01
3.635677714901643376e-01
3.743465373214771019e-01
3.933171651845863703e-01
3.317232551872573154e-01
3.300997035839395299e-01
3.449744004311508516e-01
3.598490972783616182e-01
3.747237941255728844e-01
3.823228240366480790e-01
3.300997035839395299e-01
3.302613850714092303e-01
3.412557262193481322e-01
3.561304230665588988e-01
3.710051199137697209e-01
3.777957423874969134e-01
3.300997035839395299e-01
3.301077876583130011e-01
3.375370520075449687e-01
3.524117488547562349e-01
3.546348693074640179e-01
3.821611425491782676e-01
3.300997035839395299e-01
3.300997035839395299e-01
3.338183777957422493e-01
3.303691727297229375e-01
3.506332524925895311e-01
3.303220156292072107e-01
3.300997035839395299e-01
3.300997035839395299e-01
3.300997035839395299e-01
3.432497978981408071e-01
3.454230665588791105e-01
3.249784424683371808e-01
3.300997035839395299e-01
3.260576663971975209e-01
3.300997035839395299e-01
3.288062516841819827e-01
3.300997035839395299e-01
3.300997035839395299e-01
3.300997035839395299e-01
3.300997035839395299e-01
3.284828887092426375e-01
3.366747507410399187e-01
3.300997035839395299e-01
3.257881972514146129e-01
3.300997035839395299e-01
3.244408515225006284e-01
3.300997035839395299e-01
3.296685529506870882e-01
3.279439504176770992e-01
3.262193478846670547e-01
3.300997035839395299e-01
3.236324440851521822e-01
3.268660738345459671e-01
3.300997035839395299e-01
3.283751010509295409e-01
3.266504985179196630e-01
3.249258959849096184e-01
3.159256265157638910e-01
3.260576663971975209e-01
3.289679331716517940e-01
3.288062516841819827e-01
3.125303152789006278e-01
3.253570466181621712e-01
3.220156292104555118e-01
3.170573969280517934e-01
3.284828887092426375e-01
3.292374023174345354e-01
3.121530584748046233e-01
3.136620856911883082e-01
3.151711129075721041e-01
3.166801401239557889e-01
3.098895176502291515e-01
3.296685529506870882e-01
3.279439504176770992e-01
3.262193478846670547e-01
3.147938561034762106e-01
3.163028833198597289e-01
