1.858897637795275504e+00
1.668976377952755996e+00
1.639055118110235965e+00
1.502708661417322622e+00
1.458897637795275593e+00
1.351527559055117678e+00
1.296377952755905394e+00
1.230866141732283481e+00
1.214488188976378114e+00
1.155275590551181120e+00
1.155275590551181120e+00
1.089795275590550672e+00
1.093543307086614069e+00
1.051031496062992288e+00
1.070236220472441158e+00
1.029606299212598275e+00
1.018582677165354111e+00
9.767007874015745106e-01
9.725984251968503580e-01
9.675748031496061996e-01
9.713385826771653297e-01
9.291574803149601491e-01
9.379527559055117480e-01
9.089763779527558762e-01
9.203149606299213525e-01
8.929212598425199099e-01
9.121259842519686689e-01
8.749921259842514676e-01
8.919685039370079949e-01
8.425196850393700254e-01
8.522834645669291609e-01
7.991259842519681245e-01
8.422047244094489349e-01
7.843385826771643865e-01
8.088188976377952422e-01
7.622047244094488638e-01
8.025196850393701009e-01
7.398425196850393348e-01
7.130708661417323180e-01
7.338582677165353951e-01
6.935433070866142691e-01
6.797244094488185118e-01
6.935433070866142691e-01
6.793700787401575347e-01
6.872440944881890168e-01
6.576377952755906309e-01
6.872440944881890168e-01
6.327874015748027325e-01
6.059842519685040285e-01
6.337007874015748721e-01
6.059842519685040285e-01
6.047244094488190003e-01
6.059842519685040285e-01
6.173385826771653484e-01
6.034645669291339720e-01
5.864724409448818232e-01
6.003149606299212904e-01
5.836220472440943885e-01
5.908661417322834675e-01
5.672440944881889102e-01
5.763779527559055316e-01
5.490236220472441975e-01
5.763779527559055316e-01
5.367244094488182737e-01
5.681889763779527369e-01
5.395275590551180667e-01
5.681889763779527369e-01
5.187401574803148785e-01
5.492913385826770911e-01
5.104409448818866268e-01
5.492913385826770911e-01
4.998425196850392882e-01
5.492913385826770911e-01
4.954330708661416338e-01
4.548031496062991397e-01
4.844488188976378562e-01
4.919685039370078061e-01
4.755905511811021613e-01
4.548031496062991397e-01
4.592125984251969051e-01
4.390551181102361755e-01
4.519685039370079371e-01
4.390551181102361755e-01
4.425196850393701142e-01
4.132283464566928188e-01
4.251968503937008093e-01
4.132283464566928188e-01
4.368740157480315300e-01
4.132283464566928188e-01
4.188976377952755015e-01
4.132283464566928188e-01
4.182913385826769748e-01
4.132283464566928188e-01
3.981102362204724798e-01
4.132283464566928188e-01
4.091338582677163660e-01
3.974803149606298547e-01
3.974803149606298547e-01
3.974803149606298547e-01
3.937007874015748254e-01
3.974803149606298547e-01
3.855118110236220863e-01
3.754330708661416938e-01
3.959055118110236249e-01
3.943307086614173951e-01
3.848818897637795167e-01
3.754330708661416938e-01
3.811023622047244319e-01
3.754330708661416938e-01
3.795275590551182576e-01
3.722834645669292342e-01
3.710393700787400495e-01
3.722834645669292342e-01
3.722834645669292342e-01
3.722834645669292342e-01
3.631732283464566002e-01
3.722834645669292342e-01
3.571653543307085621e-01
3.722834645669292342e-01
3.697637795275591222e-01
3.647244094488189536e-01
3.518110236220471920e-01
3.451968503937006827e-01
3.565354330708661590e-01
3.451968503937006827e-01
3.511811023622047889e-01
3.451968503937006827e-01
3.549606299212599292e-01
3.451968503937006827e-01
3.409212598425190865e-01
3.451968503937006827e-01
3.316535433070866290e-01
3.212598425196849239e-01
3.332283464566928588e-01
3.376377952755904022e-01
3.316535433070866290e-01
3.451968503937006827e-01
3.348031496062993106e-01
3.376377952755904022e-01
3.332283464566928588e-01
3.212598425196849239e-01
3.332283464566928588e-01
3.212598425196849239e-01
3.212598425196849239e-01
3.212598425196849239e-01
3.250393700787401752e-01
3.212598425196849239e-01
3.212598425196849239e-01
3.212598425196849239e-01
3.203149606299210972e-01
3.212598425196849239e-01
3.137007874015748099e-01
3.212598425196849239e-01
3.121259842519684136e-01
3.029921259842519032e-01
3.099212598425197807e-01
3.212598425196849239e-01
3.099212598425197807e-01
2.986929133858252094e-01
2.985826771653544709e-01
2.985826771653544709e-01
2.985826771653544709e-01
2.985826771653544709e-01
3.077165354330709812e-01
2.985826771653544709e-01
2.995511811023623405e-01
2.985826771653544709e-01
2.856692913385827093e-01
2.985826771653544709e-01
2.985826771653544709e-01
2.985826771653544709e-01
2.831496062992126528e-01
2.985826771653544709e-01
2.793700787401574015e-01
2.985826771653544709e-01
2.834645669291340764e-01
2.985826771653544709e-01
2.702362204724408912e-01
2.683464566929134598e-01
2.661417322834647714e-01
2.677165354330710012e-01
2.680314960629923138e-01
2.683464566929134598e-01
2.620944881889762934e-01
2.374803149606300179e-01
2.620472440944880965e-01
2.683464566929134598e-01
2.680314960629923138e-01
2.374803149606300179e-01
2.529133858267716972e-01
2.374803149606300179e-01
2.587007874015749276e-01
2.374803149606300179e-01
2.485039370078739318e-01
2.374803149606300179e-01
2.374803149606300179e-01
2.374803149606300179e-01
2.546062992125982527e-01
2.374803149606300179e-01
2.435826771653543388e-01
2.374803149606300179e-01
2.374803149606300179e-01
2.374803149606300179e-01
2.374803149606300179e-01
2.374803149606300179e-01
2.374803149606300179e-01
2.292913385826770845e-01
2.355905511811024755e-01
2.374803149606300179e-01
2.314960629921260227e-01
2.374803149606300179e-01
2.314960629921260227e-01
2.255118110236219442e-01
2.314960629921260227e-01
2.337007874015748499e-01
2.314960629921260227e-01
2.255118110236219442e-01
2.314960629921260227e-01
2.255118110236219442e-01
2.289763779527557719e-01
2.337007874015748499e-01
2.255118110236219442e-01
2.255118110236219442e-01
2.274015748031495698e-01
2.255118110236219442e-01
2.289763779527557719e-01
2.255118110236219442e-01
2.255984251968491394e-01
2.255118110236219442e-01
2.246141732283456482e-01
2.255118110236219442e-01
2.226771653543306029e-01
2.255118110236219442e-01
2.255118110236219442e-01
2.255118110236219442e-01
2.255118110236219442e-01
2.255118110236219442e-01
2.248818897637795411e-01
2.255118110236219442e-01
2.245669291338581175e-01
2.199842519685037412e-01
2.248818897637795411e-01
2.198425196850392616e-01
2.226771653543306029e-01
2.255118110236219442e-01
2.220472440944881998e-01
2.185826771653542611e-01
2.220472440944881998e-01
2.185826771653542611e-01
2.220472440944881998e-01
2.198425196850392616e-01
2.220472440944881998e-01
2.185826771653542611e-01
2.214173228346456024e-01
2.185826771653542611e-01
2.220472440944881998e-01
2.185826771653542611e-01
2.185826771653542611e-01
2.255118110236219442e-01
2.185826771653542611e-01
2.185826771653542611e-01
2.185826771653542611e-01
2.185826771653542611e-01
2.185826771653542611e-01
2.185826771653542611e-01
2.185826771653542611e-01
2.185826771653542611e-01
2.185826771653542611e-01
2.185826771653542611e-01
2.185826771653542611e-01
2.185826771653542611e-01
2.185826771653542611e-01
2.185826771653542611e-01
2.185826771653542611e-01
2.185826771653542611e-01
2.069133858267673265e-01
2.185826771653542611e-01
2.185826771653542611e-01
2.185826771653542611e-01
1.977952755905512117e-01
2.185826771653542611e-01
2.000000000000000389e-01
2.185826771653542611e-01
1.977952755905512117e-01
2.091338582677164382e-01
2.018897637795276645e-01
2.185826771653542611e-01
1.971653543307088363e-01
1.851968503937008736e-01
1.977952755905512117e-01
2.185826771653542611e-01
1.971653543307088363e-01
2.091338582677164382e-01
1.971653543307088363e-01
2.185826771653542611e-01
1.971653543307088363e-01
2.185826771653542611e-01
1.971653543307088363e-01
2.185826771653542611e-01
1.817322834645667962e-01
1.757480314960630507e-01
1.971653543307088363e-01
1.757480314960630507e-01
1.971653543307088363e-01
2.091338582677164382e-01
1.965354330708662112e-01
1.757480314960630507e-01
1.971653543307088363e-01
2.091338582677164382e-01
1.817322834645667962e-01
1.757480314960630507e-01
1.817322834645667962e-01
1.757480314960630507e-01
1.798425196850393926e-01
1.757480314960630507e-01
1.757480314960630507e-01
1.757480314960630507e-01
1.757480314960630507e-01
1.757480314960630507e-01
1.798582677165354304e-01
1.757480314960630507e-01
1.757480314960630507e-01
1.757480314960630507e-01
1.757480314960630507e-01
1.757480314960630507e-01
1.757480314960630507e-01
1.757480314960630507e-01
1.757480314960630507e-01
1.757480314960630507e-01
1.757480314960630507e-01
1.757480314960630507e-01
1.757480314960630507e-01
1.757480314960630507e-01
1.757480314960630507e-01
1.757480314960630507e-01
1.757480314960630507e-01
1.757480314960630507e-01
1.757480314960630507e-01
1.757480314960630507e-01
1.751181102362205366e-01
1.757480314960630507e-01
1.751338582677165745e-01
1.757480314960630507e-01
1.603149606299212604e-01
1.757480314960630507e-01
1.596850393700787463e-01
1.757480314960630507e-01
1.596850393700787463e-01
1.757480314960630507e-01
1.751181102362205366e-01
1.448818897637794700e-01
1.603149606299212604e-01
1.757480314960630507e-01
1.596850393700787463e-01
1.757480314960630507e-01
1.596850393700787463e-01
1.757480314960630507e-01
1.596850393700787463e-01
1.757480314960630507e-01
1.603149606299212604e-01
1.744881889763780503e-01
1.596850393700787463e-01
1.757480314960630507e-01
1.442519685039369559e-01
1.436220472440944418e-01
1.596850393700787463e-01
1.448818897637794700e-01
1.590551181102362321e-01
1.436220472440944418e-01
1.596850393700787463e-01
1.448818897637794700e-01
1.596850393700787463e-01
1.436220472440944418e-01
1.590551181102362321e-01
1.436220472440944418e-01
1.590551181102362321e-01
1.436220472440944418e-01
1.596850393700787463e-01
1.436220472440944418e-01
1.436220472440944418e-01
1.436220472440944418e-01
1.436220472440944418e-01
1.436220472440944418e-01
1.436220472440944418e-01
1.436220472440944418e-01
1.436220472440944418e-01
1.436220472440944418e-01
1.436220472440944418e-01
1.436220472440944418e-01
1.590551181102362321e-01
1.436220472440944418e-01
1.436220472440944418e-01
1.436220472440944418e-01
1.436220472440944418e-01
1.436220472440944418e-01
