1.224288968824939206e+00
1.092889688249400804e+00
9.604592326139088643e-01
9.165723421262981230e-01
8.951558752997601509e-01
8.793980815347691715e-01
8.290367705835323120e-01
7.883685051958433387e-01
7.672342126298959952e-01
7.052933653077539944e-01
6.959872102318146458e-01
6.834892086330930372e-01
6.764152677857712126e-01
6.671782573940848726e-01
6.625427657873693699e-01
6.537370103916864128e-01
6.277378097521983946e-01
6.101039168665068901e-01
6.003964828137490217e-01
5.870343725019985248e-01
6.234064748201439965e-01
6.223021582733813117e-01
5.958808952837728601e-01
5.613073541167068470e-01
5.643009592326140300e-01
5.585363709032774571e-01
5.418065547561949913e-01
5.270055955235813938e-01
5.198241406874501980e-01
5.174260591526780306e-01
5.135487609912070539e-01
5.131095123900881738e-01
5.013269384492406999e-01
5.023980815347721673e-01
4.939224620303752644e-01
4.919904076738610410e-01
4.868904876099121593e-01
4.821742605915267932e-01
4.832933653077539082e-01
4.771542765787369356e-01
4.685731414868106182e-01
4.706634692246203233e-01
4.728217426059153627e-01
4.623341326938450457e-01
4.625739408473222292e-01
4.629896083133494544e-01
4.636290967226219806e-01
4.599520383693046499e-01
4.609112709832134391e-01
4.512869704236610602e-01
4.513828936850520224e-01
4.454836131095124552e-01
4.443792965627487712e-01
4.386570743405271977e-01
4.515267785771382991e-01
4.408153477218225147e-01
4.458033573141486627e-01
4.396071143085531485e-01
4.432773780975219347e-01
4.350599520383692242e-01
4.370103916866505678e-01
4.242206235011989346e-01
4.168025579536372427e-01
4.283932853717027367e-01
4.245671462829737619e-01
4.275299760191846321e-01
4.060851318944846411e-01
4.116866506794564229e-01
4.122781774580333014e-01
4.139888089528377391e-01
4.037569944044764325e-01
4.064748201438849740e-01
3.974900079936051212e-01
3.995363709032773158e-01
3.980655475619503947e-01
3.929976019184651670e-01
3.960031974420464285e-01
4.020783373301359820e-01
3.860271782573942434e-01
3.885691446842526320e-01
3.878177458033577052e-01
3.878497202238211372e-01
3.845883293365307543e-01
3.840799360511589766e-01
3.820943245403676802e-01
3.792965627498001147e-01
3.716227018385291347e-01
3.799200639488409803e-01
3.794084732214228484e-01
3.802238209432454719e-01
3.783533173461229859e-01
3.749000799360511227e-01
3.713828936850518958e-01
3.686490807354118604e-01
3.701838529176654791e-01
3.763549160671462723e-01
3.792965627498001147e-01
3.693685051958434107e-01
3.662350119904075330e-01
3.643804956035170961e-01
3.586091127098321452e-01
3.600319744204635852e-01
3.503277378097519046e-01
3.513349320543567300e-01
3.670183852917666134e-01
3.505195843325341065e-01
3.560351718625097694e-01
3.540207833733011178e-01
3.506794564348521548e-01
3.490487609912070188e-01
3.493045563549161958e-01
3.471622701838529279e-01
3.489208633093525136e-01
3.540131894484412900e-01
3.510311750599519609e-01
3.488089528377298354e-01
3.483613109512389006e-01
3.473381294964029142e-01
3.428185451638689485e-01
3.438369304556354589e-01
3.473221422861711427e-01
3.445243804956035771e-01
3.408313349320543639e-01
3.450359712230215981e-01
3.434212629896084001e-01
3.426698641087129737e-01
3.410071942446043503e-01
3.419012789768179350e-01
3.383852917665866045e-01
3.401278976818544186e-01
3.425099920063949255e-01
3.386890487609912070e-01
3.375859312549958635e-01
3.408313349320541974e-01
3.401278976818544186e-01
3.284572342126294564e-01
3.397282174260591314e-01
3.376658673061550542e-01
3.365307753796961676e-01
3.387689848121506753e-01
3.368521183053557189e-01
3.270183852917664113e-01
3.349960031974419938e-01
3.120383693045558626e-01
3.365307753796961676e-01
3.362110311750599045e-01
3.365307753796961676e-01
3.289208633093519962e-01
3.201598721023177774e-01
3.142605915267775996e-01
3.046522781774572697e-01
3.361310951239008804e-01
3.349320543565150188e-01
3.303916866506791949e-01
3.207673860911269825e-01
3.129016786570744113e-01
3.050359712230217846e-01
3.359072741806553020e-01
3.345323741007193430e-01
3.300559552358106052e-01
3.227338129496397090e-01
3.140727418065543675e-01
3.058832933653075625e-01
2.976978417266186727e-01
3.345323741007193430e-01
2.834532374100718899e-01
3.206235011990394290e-01
3.087290167865701651e-01
3.054356514788163501e-01
2.959072741806552109e-01
2.896402877697840661e-01
2.833733013589128658e-01
2.741966426858514216e-01
3.059152677857716607e-01
2.981614708233403799e-01
2.974740207833728167e-01
2.882494004796157250e-01
2.840459632294167203e-01
2.836131095123901047e-01
2.747402078337330966e-01
2.775379696243006622e-01
2.785771382893684756e-01
2.839488409272578617e-01
2.835331734612309140e-01
2.833733013589128658e-01
2.747402078337332632e-01
2.761790567545964747e-01
2.903117505995202463e-01
2.727418065547561055e-01
2.807354116706635150e-01
2.718944844124701055e-01
2.737809752198244739e-01
2.634488409272587872e-01
2.713828936850520845e-01
2.676418864908076678e-01
2.755395683453236710e-01
2.713828936850520845e-01
2.725339728217425761e-01
2.578097521982412044e-01
2.690807354116706018e-01
2.697042366107120226e-01
2.661870503597126847e-01
2.703437250199842712e-01
2.691766586730615640e-01
2.700399680255796686e-01
2.621103117505995117e-01
2.581135091926458069e-01
2.624620303757002060e-01
2.689848121502793621e-01
2.469744204636293017e-01
2.538449240607517643e-01
2.538768984812151963e-01
2.599520383693047498e-01
2.606554756195043621e-01
2.669224620303755624e-01
2.461870503597125559e-01
2.520383693045569751e-01
2.530295763389291408e-01
2.564188649080738625e-01
2.421422861710631202e-01
2.413749000799360889e-01
2.406075139888089465e-01
2.447641886490806995e-01
2.489208633093522860e-01
2.555715427657876959e-01
2.423341326938448503e-01
2.509812150279784881e-01
2.407993605115907043e-01
2.437250199840128861e-01
2.478816946442846392e-01
2.457713828936849421e-01
2.425259792166267470e-01
2.417585931254994658e-01
2.409912070343724344e-01
2.426858513189451005e-01
2.406075139888089465e-01
2.491007194244606593e-01
2.406075139888089465e-01
2.388169464428456235e-01
2.398401278976819151e-01
2.400639488409269384e-01
2.406075139888089465e-01
2.406075139888089465e-01
2.406075139888089465e-01
2.370263788968825780e-01
2.388169464428457622e-01
2.406075139888089465e-01
2.384332533972822465e-01
2.406075139888089465e-01
2.307593924860111279e-01
2.365787370103918374e-01
2.383693045563549939e-01
2.396962430055956383e-01
2.307593924860111279e-01
2.394724220623500599e-01
2.343405275779376074e-01
2.343725019984014557e-01
2.339888089528382453e-01
2.384012789768189811e-01
2.395203836930453745e-01
2.321023181454836826e-01
2.284572342126298117e-01
2.280735411670662960e-01
2.374740207833732075e-01
2.294164668265387119e-01
2.303597122302162570e-01
2.289368505195842618e-01
2.285531574740206073e-01
2.281694644284570916e-01
2.201758593125498487e-01
2.294164668265387119e-01
2.294164668265387119e-01
2.290327737809751962e-01
2.286490807354117083e-01
2.253876898481211866e-01
2.207194244604314126e-01
2.294164668265387119e-01
2.166139088729006623e-01
2.291286970423660196e-01
2.256115107913667650e-01
2.261231015187849247e-01
2.212629896083129766e-01
2.294164668265387119e-01
2.281055155875301443e-01
2.283293365307751677e-01
2.261550759392484677e-01
2.239808153477216568e-01
2.218065547561949846e-01
2.196322941646682847e-01
2.160671462829735767e-01
2.158273381294963378e-01
2.259792166266983704e-01
2.245243804956032208e-01
2.203037569944046314e-01
2.149320543565148289e-01
2.153796962430055972e-01
2.158273381294963378e-01
2.272422062350120398e-01
2.250679456434849235e-01
2.143725019984013547e-01
2.207194244604314126e-01
2.152677857713830023e-01
2.143764988009604355e-01
2.158273381294963378e-01
2.128057553956833325e-01
2.218545163868904380e-01
2.147082334132693893e-01
2.151558752997601298e-01
2.156035171862508981e-01
2.158273381294963378e-01
2.060591526778579874e-01
2.104716227018394448e-01
2.086171063149480365e-01
2.150439648281375626e-01
2.154916067146281644e-01
2.158273381294963378e-01
2.027178257394083027e-01
2.140367705835331813e-01
2.144844124700239218e-01
2.050839328537171491e-01
1.994404476418865646e-01
1.994404476418865646e-01
2.020623501199045879e-01
2.046842525979215843e-01
2.073061550759396077e-01
2.021378896882496112e-01
1.995523581135091595e-01
1.999840127897677122e-01
2.014068745003998739e-01
1.994404476418865646e-01
2.066506794564348937e-01
1.994404476418865646e-01
1.994404476418865646e-01
1.994404476418865646e-01
2.007513988808951599e-01
2.033733013589130167e-01
2.059952038369310123e-01
1.994404476418865646e-01
1.994404476418865646e-01
1.994404476418865646e-01
2.000959232613912786e-01
1.994404476418865646e-01
1.994404476418865646e-01
1.994404476418865646e-01
1.994404476418865646e-01
1.994404476418865646e-01
1.994404476418865646e-01
2.020623501199045879e-01
1.994404476418865646e-01
1.994404476418865646e-01
1.994404476418865646e-01
1.960891286970425085e-01
1.987529976019191680e-01
2.009752198241408772e-01
1.994404476418865646e-01
1.994404476418865646e-01
1.994404476418865646e-01
1.994404476418865646e-01
1.994404476418865646e-01
1.991526778577140111e-01
1.985771382893685988e-01
1.994404476418865646e-01
1.994404476418865646e-01
1.946282973621108192e-01
1.973780975219823208e-01
1.994568345323741443e-01
1.987210231814549033e-01
1.981454836131094910e-01
1.975699440447640787e-01
1.994404476418865646e-01
1.966906474820150630e-01
1.994404476418865646e-01
1.988649080735411800e-01
1.982893685051959065e-01
1.905391686650682037e-01
1.994404476418865646e-01
1.958473221422862565e-01
1.987529976019191680e-01
1.990087929656275956e-01
1.906474820143893301e-01
1.954436450839327488e-01
1.994404476418865646e-01
1.953157474020782436e-01
1.958433253397283136e-01
1.994404476418865646e-01
1.985771382893685988e-01
1.876898481215032999e-01
1.898641087130296945e-01
1.920383693045567830e-01
1.973780975219823208e-01
1.982893685051953514e-01
1.882494004796159137e-01
1.871462829736212918e-01
1.893205435651484081e-01
1.914948041566748027e-01
