1.881850175967823002e+00
1.505781799899446938e+00
1.533433886375062949e+00
1.334627953745600282e+00
1.255404725992961268e+00
1.218024132730013864e+00
1.138260432378079390e+00
1.094042232277526061e+00
1.061337355455002518e+00
1.000251382604323780e+00
9.753645047762693476e-01
9.309137757667164115e-01
8.803418803418804339e-01
8.775829562594269495e-01
8.677727501256912168e-01
8.406234288587228765e-01
8.355957767722471674e-01
8.227752639517346145e-01
8.089492207139266089e-01
7.856020613373553285e-01
8.044243338360985707e-01
7.722473604826545213e-01
7.913524384112619048e-01
7.347913524384113160e-01
7.531422825540472488e-01
6.955756661639013183e-01
7.068878833584716359e-01
6.863059326294620455e-01
7.300150829562594978e-01
6.518665158371037549e-01
6.596279537456007924e-01
6.324849170437405466e-01
6.184012066365007776e-01
6.113750628456509073e-01
6.143790849673202992e-01
6.096153846153845590e-01
5.560583207642030290e-01
5.832076420311714804e-01
5.560583207642030290e-01
5.653594771241829964e-01
5.505279034690798712e-01
5.399824032176970823e-01
5.475113122171946234e-01
5.359477124183006369e-01
5.344394167923579575e-01
5.193564605329310524e-01
5.188536953242834926e-01
5.128205128205127750e-01
5.123177476118652152e-01
5.017596782302664593e-01
5.067873303167420573e-01
4.949723479135244020e-01
4.997486173956761646e-01
4.766214177978881916e-01
4.846656611362493150e-01
4.756410256410254500e-01
4.534942182001004407e-01
4.595274007038711028e-01
4.811463046757163409e-01
4.567621920563095794e-01
4.534942182001004407e-01
4.567621920563095794e-01
4.323780794369028735e-01
4.429864253393663853e-01
4.323780794369028735e-01
4.459527400703869882e-01
4.323780794369028735e-01
4.265962795374557692e-01
4.323780794369028735e-01
4.238310708898941903e-01
4.278531925590747798e-01
4.220713926596277310e-01
4.278531925590747798e-01
4.112619406737051952e-01
4.162895927601808488e-01
4.133107088989436129e-01
4.057315233785820374e-01
4.082453494218198919e-01
3.996983408748114308e-01
4.039844142785321557e-01
3.996983408748114308e-01
3.994469582704877064e-01
3.996983408748114308e-01
4.017094017094016145e-01
3.996983408748114308e-01
3.921568627450978672e-01
3.916540975364505850e-01
3.941679235796881065e-01
3.916540975364505850e-01
3.916540975364505850e-01
3.916540975364505850e-01
3.899007038712920536e-01
3.916540975364505850e-01
3.878896430367018699e-01
3.916540975364505850e-01
3.866264454499749315e-01
3.846153846153845257e-01
3.836098541980894061e-01
3.846153846153845257e-01
3.826043237807943420e-01
3.846153846153845257e-01
3.770739064856711842e-01
3.846153846153845257e-01
3.778280542986425794e-01
3.710407239819004110e-01
3.778280542986425794e-01
3.770739064856711842e-01
3.678230266465553067e-01
3.785822021116137526e-01
3.647561588738060245e-01
3.710407239819004110e-01
3.687782805429862809e-01
3.710407239819004110e-01
3.617898441427851997e-01
3.710407239819004110e-01
3.569632981397686255e-01
3.710407239819004110e-01
3.579688285570636896e-01
3.710407239819004110e-01
3.579688285570636896e-01
3.428858722976370066e-01
3.519356460532930830e-01
3.448969331322271903e-01
3.557063851181497816e-01
3.448969331322271903e-01
3.381661639014576504e-01
3.428858722976370066e-01
3.519356460532930830e-01
3.428858722976370066e-01
3.353443941679236651e-01
3.428858722976370066e-01
3.303167420814479560e-01
3.428858722976370066e-01
3.373554550025138488e-01
3.348416289592759942e-01
3.303167420814479560e-01
3.257918552036199178e-01
3.220211161387630527e-01
3.257918552036199178e-01
3.185017596782303007e-01
3.177476118652589054e-01
3.343388637506283789e-01
3.177476118652589054e-01
3.253896430367004822e-01
3.257918552036199178e-01
3.192559074912014738e-01
3.177476118652589054e-01
3.134741075917545916e-01
3.177476118652589054e-01
3.192559074912014738e-01
3.177476118652589054e-01
3.099547511312216730e-01
3.011563599798893209e-01
3.099547511312216730e-01
3.011563599798893209e-01
3.134741075917545916e-01
3.177476118652589054e-01
3.059954751131212514e-01
2.991452991452990817e-01
3.099547511312216730e-01
2.991452991452990817e-01
3.059326294620412501e-01
2.991452991452990817e-01
2.991452991452990817e-01
2.991452991452990817e-01
3.049270990447461860e-01
2.991452991452990817e-01
2.991452991452990817e-01
2.991452991452990817e-01
2.991452991452990817e-01
2.991452991452990817e-01
2.916038210155857402e-01
2.991452991452990817e-01
2.931121166415283086e-01
2.991452991452990817e-01
2.966314731020614492e-01
2.991452991452990817e-01
2.905982905982906206e-01
2.941176470588235947e-01
2.931121166415283086e-01
2.941176470588235947e-01
2.905982905982906206e-01
2.991452991452990817e-01
2.905982905982906206e-01
2.870789341377575354e-01
2.905982905982906206e-01
2.941176470588235947e-01
2.880844645550528216e-01
2.820512820512819929e-01
2.846279537455998487e-01
2.820512820512819929e-01
2.880844645550528216e-01
2.820512820512819929e-01
2.820512820512819929e-01
2.820512820512819929e-01
2.712418300653594572e-01
2.820512820512819929e-01
2.820512820512819929e-01
2.820512820512819929e-01
2.687280040221216026e-01
2.820512820512819929e-01
2.677224736048267051e-01
2.820512820512819929e-01
2.667420814479637414e-01
2.820512820512819929e-01
2.652086475615888506e-01
2.560708898944095147e-01
2.687280040221216026e-01
2.820512820512819929e-01
2.654851684263448974e-01
2.483660130718954862e-01
2.652086475615888506e-01
2.554047259929612124e-01
2.616892911010558764e-01
2.820512820512819929e-01
2.652086475615888506e-01
2.483660130718954862e-01
2.629462041226748870e-01
2.483660130718954862e-01
2.483660130718954862e-01
2.483660130718954862e-01
2.486173956762192105e-01
2.483660130718954862e-01
2.486173956762192105e-01
2.483660130718954862e-01
2.483660130718954862e-01
2.483660130718954862e-01
2.616892911010558764e-01
2.483660130718954862e-01
2.483660130718954862e-01
2.483660130718954862e-01
2.483660130718954862e-01
2.483660130718954862e-01
2.471405228758169204e-01
2.483660130718954862e-01
2.483660130718954862e-01
2.483660130718954862e-01
2.483660130718954862e-01
2.483660130718954862e-01
2.448780794369029845e-01
2.483660130718954862e-01
2.448466566113625398e-01
2.483660130718954862e-01
2.425842131724486039e-01
2.413273001508295934e-01
2.403783308195072410e-01
2.483660130718954862e-01
2.448466566113625398e-01
2.413273001508295934e-01
2.425842131724486039e-01
2.438411261940674479e-01
2.425842131724486039e-01
2.483660130718954862e-01
2.425842131724486039e-01
2.368024132730015552e-01
2.413273001508297599e-01
2.368024132730015552e-01
2.403217697335345016e-01
2.368024132730015552e-01
2.368024132730015552e-01
2.368024132730015552e-01
2.368589743589742946e-01
2.368024132730015552e-01
2.368024132730015552e-01
2.368024132730015552e-01
2.368024132730015552e-01
2.368024132730015552e-01
2.390648567119156576e-01
2.368024132730015552e-01
2.368024132730015552e-01
2.368024132730015552e-01
2.368024132730015552e-01
2.368024132730015552e-01
2.368024132730015552e-01
2.368024132730015552e-01
2.321455505279018117e-01
2.368024132730015552e-01
2.282554047259928998e-01
2.368024132730015552e-01
2.368024132730015552e-01
2.368024132730015552e-01
2.247360482654601477e-01
2.368024132730015552e-01
2.259929612870789639e-01
2.368024132730015552e-01
2.368024132730015552e-01
2.368024132730015552e-01
2.247360482654601477e-01
2.126696832579185736e-01
2.247360482654601477e-01
2.368024132730015552e-01
2.247360482654601477e-01
2.157239819004447556e-01
2.355455002513827112e-01
2.368024132730015552e-01
2.247360482654601477e-01
2.342885872297637007e-01
2.247360482654601477e-01
2.368024132730015552e-01
2.151835093011564004e-01
2.151835093011564004e-01
2.247360482654601477e-01
2.126696832579185736e-01
2.247360482654601477e-01
2.151835093011564004e-01
2.234791352438411371e-01
2.151835093011564004e-01
2.126696832579185736e-01
2.126696832579185736e-01
2.234791352438411371e-01
2.126696832579185736e-01
2.139265962795375842e-01
2.126696832579185736e-01
2.126696832579185736e-01
2.126696832579185736e-01
2.234791352438411371e-01
2.126696832579185736e-01
2.126696832579185736e-01
2.126696832579185736e-01
2.126696832579185736e-01
2.126696832579185736e-01
2.139265962795373899e-01
2.126696832579185736e-01
2.126696832579185736e-01
2.126696832579185736e-01
2.126696832579185736e-01
2.126696832579185736e-01
2.126696832579185736e-01
2.126696832579185736e-01
2.126696832579185736e-01
2.126696832579185736e-01
2.126696832579185736e-01
2.126696832579185736e-01
2.126696832579185736e-01
2.126696832579185736e-01
2.119343891402713786e-01
2.126696832579185736e-01
2.036199095022624694e-01
2.126696832579185736e-01
2.116641528406234540e-01
1.935646053293112734e-01
2.126696832579185736e-01
2.126696832579185736e-01
1.975867269984918628e-01
2.126696832579185736e-01
2.036199095022624694e-01
1.945701357466063930e-01
2.036199095022624694e-01
2.126696832579185736e-01
2.126696832579185736e-01
2.126696832579185736e-01
2.036199095022624694e-01
2.126696832579185736e-01
2.036199095022624694e-01
2.126696832579185736e-01
1.940673705379589165e-01
1.935646053293112734e-01
2.031171442936150207e-01
1.935646053293112734e-01
1.940673705379589165e-01
1.759426847662072524e-01
1.940673705379589165e-01
1.935646053293112734e-01
1.905794369029662483e-01
1.945701357466063930e-01
1.940673705379589165e-01
1.935646053293112734e-01
1.940673705379589165e-01
2.126696832579185736e-01
1.850175967823028123e-01
1.754650578179990927e-01
1.928104575163399059e-01
1.935646053293112734e-01
1.940673705379589165e-01
1.754650578179990927e-01
1.828117144293607554e-01
1.754650578179990927e-01
1.940673705379589165e-01
1.754650578179990927e-01
1.940673705379589165e-01
1.754650578179990927e-01
1.827551533433887099e-01
1.754650578179990927e-01
1.754650578179990927e-01
1.754650578179990927e-01
1.832893413775766034e-01
1.754650578179990927e-01
1.754650578179990927e-01
1.754650578179990927e-01
1.845148315736551969e-01
1.754650578179990927e-01
1.754650578179990927e-01
1.754650578179990927e-01
1.786010558069380527e-01
1.754650578179990927e-01
