2.769031422092645744e+00
2.571185617103983745e+00
2.536887408024433910e+00
2.302170391966309460e+00
2.062365218196121397e+00
1.953963626266832954e+00
1.845313295386181274e+00
1.786571567402470917e+00
1.722453607293255917e+00
1.650515988708408432e+00
1.552593826646304853e+00
1.500179323430051781e+00
1.455303345828126815e+00
1.399995372298578511e+00
1.387889305382016270e+00
1.407330279050395205e+00
1.347245360729325769e+00
1.269702438798648414e+00
1.234578185015502871e+00
1.216854088574205184e+00
1.190229765375537374e+00
1.178906936924429605e+00
1.163542968207690986e+00
1.153961312416121210e+00
1.081678930075431255e+00
1.089453468462214580e+00
1.094914156138645733e+00
1.092322643343051292e+00
1.021981581748345524e+00
1.012266879540931974e+00
1.002498958767179982e+00
9.940534036743946533e-01
9.917777315007614281e-01
9.704405571752511284e-01
9.204498125780916640e-01
9.195705493081585136e-01
9.137396455180710753e-01
9.141098616317272496e-01
8.803438382155579500e-01
8.676014623536488779e-01
8.675089083252345290e-01
8.818258595955387191e-01
8.765792031098150749e-01
8.481651163866905652e-01
8.471539636262667150e-01
8.307927252533664486e-01
8.457124346337173693e-01
8.238453884955331263e-01
8.318293303716042253e-01
8.052200472025542455e-01
7.971215697163216429e-01
8.008237308528852738e-01
8.145217270581701641e-01
8.009162848812991786e-01
7.661333240779303333e-01
7.905039566847145149e-01
7.443657735202923176e-01
7.502267573696133063e-01
7.780091628488129407e-01
7.468045721690029781e-01
7.009070294784552901e-01
7.061872367994816990e-01
6.997547318247026027e-01
7.140543292146790399e-01
7.344162154657780661e-01
7.343236614373639393e-01
6.740247119255866615e-01
6.772641029200794360e-01
6.877689851450782266e-01
6.808737100282288290e-01
6.432504974779025275e-01
6.432504974779026385e-01
6.374195936878152002e-01
6.452866861030126522e-01
6.396408903697532455e-01
6.293673932157898276e-01
6.367717154889166453e-01
6.312311999629780512e-01
6.428340043500392342e-01
6.139571474848442012e-01
6.039150354019157119e-01
6.020639548336338409e-01
6.093757230783468648e-01
5.996575500948678750e-01
5.703456892961259461e-01
6.030820491461890143e-01
5.918830117080844389e-01
5.846637974917857639e-01
5.890138368272478386e-01
5.943356934610579678e-01
6.034522652598452996e-01
5.710583553149150005e-01
5.774908602896939858e-01
5.761951038918967649e-01
5.577768522374935145e-01
5.594428247489471318e-01
5.506964690638157522e-01
5.611087972604007490e-01
5.529177657457540196e-01
5.604678606136332952e-01
5.472256929982876050e-01
5.479545559720481185e-01
5.463001527141467806e-01
5.536119209588596934e-01
5.319542783099635574e-01
5.332500347077606673e-01
5.365819797306677907e-01
5.394511546115045020e-01
5.450969503447636866e-01
5.235781387384886854e-01
5.396825396825399856e-01
5.301031977416816865e-01
5.310287380258223999e-01
5.180248970336435166e-01
5.208304410199422474e-01
5.202924707297885698e-01
5.206164098292378473e-01
5.280438706094681134e-01
5.143690129112871157e-01
5.193669304456476343e-01
5.100467397843473361e-01
5.206164098292378473e-01
5.136285806839742119e-01
5.180248970336434056e-01
5.189504373177842300e-01
5.055301031977401660e-01
5.141376278402516320e-01
5.076588458512656388e-01
5.121037530658522074e-01
5.099726965616178109e-01
5.119626081725207056e-01
5.041880697857373805e-01
5.056689342403627441e-01
5.071497986949883297e-01
5.075385256143271073e-01
4.993289832939977746e-01
5.002545235781387101e-01
5.022907122032485017e-01
5.043511962608171473e-01
5.008098477486233602e-01
5.077051228654727577e-01
5.039566847147020079e-01
5.015595353787755117e-01
5.010412328196582887e-01
4.951640520153638425e-01
4.951640520153638425e-01
4.951640520153638425e-01
4.964598084131610078e-01
4.907804618446015565e-01
4.878522837706511517e-01
4.947012818732933748e-01
4.861400342449904710e-01
4.939909297052146875e-01
4.920634920634918696e-01
4.912767828219722355e-01
4.818825489379425231e-01
4.803554074691100406e-01
4.844277847193297348e-01
4.864477763894673457e-01
4.638923596649542902e-01
4.689712619741773225e-01
4.752649359063353396e-01
4.738558008237306884e-01
4.779027257161366227e-01
4.837336295062240610e-01
4.905363505946594982e-01
4.664723032069969522e-01
4.712851126845295502e-01
4.666574112638250948e-01
4.619371558147067902e-01
4.611967235873940529e-01
4.604562913600813157e-01
4.652691008376139137e-01
4.604562913600813157e-01
4.646674996529223112e-01
4.604562913600813157e-01
4.604562913600813157e-01
4.598546901753897131e-01
4.629552501272616860e-01
4.583356471840429047e-01
4.604562913600813157e-01
4.525891989448840302e-01
4.604562913600813157e-01
4.579573325929010563e-01
4.597158591327686339e-01
4.527280299875052205e-01
4.595307510759404912e-01
4.518024897033642850e-01
4.549493266694430438e-01
4.556041464204728109e-01
4.429173029756118818e-01
4.428710259614049294e-01
4.479614975241795749e-01
4.428710259614048739e-01
4.504604562913600563e-01
4.554583738257205749e-01
4.407885603220879078e-01
4.424545328335415251e-01
4.441205053449949758e-01
4.364315794344935662e-01
4.407885603220879078e-01
4.333842380489609791e-01
4.407885603220879078e-01
4.338932852052385103e-01
4.437040122171317380e-01
4.453699847285852442e-01
4.424082558193345727e-01
4.348651025035863982e-01
4.317182655375074729e-01
4.391225878106344571e-01
4.315331574806792192e-01
4.324586977648199881e-01
4.315331574806792192e-01
4.308852792817806088e-01
4.312554953954368941e-01
4.315331574806792192e-01
4.315331574806792192e-01
4.267666250173537956e-01
4.259799157758340504e-01
4.307927252533665374e-01
4.300522930260539112e-01
4.315331574806792192e-01
4.249618214632792101e-01
4.199639039289184694e-01
4.255171456337636382e-01
4.307001712249525771e-01
4.278309963441157548e-01
4.311629413670229338e-01
4.213522143551298171e-01
4.232032949234115216e-01
4.250543754916932815e-01
4.269054560599749859e-01
4.265352399463184785e-01
4.199639039289184694e-01
4.183904854458789235e-01
4.206117821278170799e-01
4.245916053496227027e-01
4.223703086676846574e-01
4.263501318894903358e-01
4.199639039289184694e-01
4.191771946873986687e-01
4.206580591420241433e-01
4.188069785737422723e-01
4.226479707529268715e-01
4.199639039289184694e-01
4.188532555879493358e-01
4.199639039289184694e-01
4.149659863945576177e-01
4.099680688601970435e-01
4.199639039289184694e-01
4.199639039289184694e-01
4.185755935027070662e-01
4.199639039289184694e-01
4.138553380535885950e-01
4.062196307094264602e-01
4.023323615160350197e-01
4.049238743116292394e-01
4.182979314174648522e-01
4.194085797584339859e-01
4.135776759683463255e-01
4.124670276273773029e-01
4.088574205192281319e-01
4.016844833171361873e-01
3.981211532231940242e-01
3.927530195751768871e-01
4.187144245453283120e-01
4.104771160164743526e-01
4.042759961127306290e-01
4.003887269193389109e-01
3.994631866351982530e-01
3.937248368735246640e-01
3.817853672081075733e-01
4.080244342635011567e-01
4.052478134110785168e-01
4.013605442176867988e-01
3.930306816604191011e-01
3.880327641260583604e-01
4.130223517978618974e-01
4.162154657781480527e-01
4.062196307094264602e-01
4.023323615160350197e-01
3.942801610440092031e-01
3.940024989587672111e-01
3.842843259752878327e-01
3.823406913785920014e-01
4.071914480077743481e-01
4.033041788143829076e-01
3.955296404275993605e-01
3.905317228932388418e-01
3.855338053588779901e-01
3.820630292933497874e-01
3.831736776343189210e-01
3.842843259752878327e-01
3.967791198111895179e-01
3.917812022768289437e-01
3.867832847424680920e-01
3.817853672081075733e-01
4.069137859225320231e-01
3.824332454070062948e-01
3.817853672081075733e-01
3.921976954046924035e-01
3.880327641260583604e-01
3.829422925632836039e-01
3.817853672081075733e-01
3.817853672081075733e-01
3.817853672081075733e-01
3.942801610440092031e-01
3.887269193391642008e-01
3.840992179184596900e-01
3.817853672081075733e-01
3.800684899810257145e-01
3.977509371095376278e-01
3.817853672081075733e-01
3.848859271599796572e-01
3.852561432736357205e-01
3.817853672081075733e-01
3.817853672081075733e-01
3.817853672081075733e-01
3.806747188671386617e-01
3.810449349807949471e-01
3.814151510944512324e-01
3.817853672081075733e-01
3.817853672081075733e-01
3.817853672081075733e-01
3.805821648387245903e-01
3.809523809523808757e-01
3.813225970660371611e-01
3.804433337961033446e-01
3.797491785829976707e-01
3.801193946966539561e-01
3.804896108103102970e-01
3.808598269239668044e-01
3.812300430376230898e-01
3.794715164977554567e-01
3.791013003840991158e-01
3.800268406682398847e-01
3.776204359294735857e-01
3.807672728955527330e-01
3.794715164977554567e-01
3.815077051228653593e-01
3.792933499930583041e-01
3.785459762136144657e-01
3.803045027534821543e-01
3.794715164977554567e-01
3.794715164977554567e-01
3.794715164977554567e-01
3.794715164977554567e-01
3.787310842704427194e-01
3.802119487250680829e-01
3.805821648387245903e-01
3.794715164977554567e-01
3.794715164977554567e-01
3.794715164977554567e-01
3.789161923272708621e-01
3.775278819010596254e-01
3.804896108103102970e-01
3.794715164977554567e-01
3.794715164977554567e-01
3.794715164977554567e-01
3.791013003840991158e-01
3.778055439863018394e-01
3.766948956453328168e-01
3.794715164977554567e-01
3.744735989633947715e-01
3.794715164977554567e-01
3.792864084409273140e-01
3.780832060715441090e-01
3.769725577305751973e-01
3.758619093896060637e-01
3.794715164977554567e-01
3.794715164977554567e-01
3.794715164977554567e-01
3.783608681567864340e-01
3.772502198158174114e-01
3.761395714748482777e-01
3.750289231338792550e-01
3.702161136563467680e-01
3.720671942246285835e-01
3.725299643666989957e-01
3.775278819010596254e-01
3.725299643666989957e-01
3.753065852191215801e-01
3.715118700541439334e-01
3.742005645795731250e-01
3.789161923272709731e-01
3.725299643666989957e-01
3.665139525197831927e-01
3.755842473043637941e-01
3.692905733722058881e-01
3.748900920912581203e-01
3.766948956453329278e-01
3.780832060715441090e-01
3.725299643666989957e-01
3.758619093896060637e-01
3.688278032301355314e-01
