1.789341377576671777e+00
1.568388637506284544e+00
1.615887380593262979e+00
1.354700854700854773e+00
1.375565610859728505e+00
1.183019105077928623e+00
1.123303167420814042e+00
1.062122926093514330e+00
1.055806938159879360e+00
9.844205630970334076e-01
9.773755656108598089e-01
9.208521870286568989e-01
8.873805932629461601e-01
8.838738059326294305e-01
8.652589240824535288e-01
8.305806938159877584e-01
8.376068376068376287e-01
8.170186023127198327e-01
8.089492207139266089e-01
7.775452488687782937e-01
7.993966817496229726e-01
7.629462041226747759e-01
7.656611362493710438e-01
7.298265460030157747e-01
7.531422825540472488e-01
7.131850175967822114e-01
7.068878833584716359e-01
6.759803921568625640e-01
6.993464052287580168e-01
6.719457013574660076e-01
6.495726495726495964e-01
6.427853192559075390e-01
6.591251885369532326e-01
6.219331322272497742e-01
6.133735545500251796e-01
5.965309200603319262e-01
5.907491201608848774e-01
5.782742584213165227e-01
5.786827551533433311e-01
5.625942684766214175e-01
5.505279034690798712e-01
5.372234791352437089e-01
5.475113122171946234e-01
5.344394167923579575e-01
5.188536953242834926e-01
5.223856209150327112e-01
5.188536953242834926e-01
5.037707390648566985e-01
5.067873303167420573e-01
4.985356963298135935e-01
5.067873303167420573e-01
4.957579185520358811e-01
4.917043740573152077e-01
4.851684263448969303e-01
4.846656611362493150e-01
4.756410256410252280e-01
4.811463046757163409e-01
4.648441427853186037e-01
4.570135746606333593e-01
4.560268979386626342e-01
4.534942182001004407e-01
4.522373051784817077e-01
4.379084967320259758e-01
4.457139265962795083e-01
4.325163398692788985e-01
4.389140271493210954e-01
4.323780794369028735e-01
4.243338360985418611e-01
4.208144796380088870e-01
4.268476621417797157e-01
4.162895927601808488e-01
4.190548014077422612e-01
4.162895927601808488e-01
4.152840623428859512e-01
4.162895927601808488e-01
4.145550527903467120e-01
3.996983408748114308e-01
4.054989944695823190e-01
3.996983408748114308e-01
4.022121669180492853e-01
3.996983408748114308e-01
3.986928104575163112e-01
3.996983408748114308e-01
4.009552538964304413e-01
3.916540975364505850e-01
3.941679235796881065e-01
3.916540975364505850e-01
3.951734539969833926e-01
3.916540975364505850e-01
3.901458019105078501e-01
3.916540975364505850e-01
3.881347410759176664e-01
3.886375062845651152e-01
3.871354952237303082e-01
3.886375062845651152e-01
3.851181498240321965e-01
3.876319758672699956e-01
3.841126194067369104e-01
3.846153846153845257e-01
3.848667672197084166e-01
3.876319758672699956e-01
3.778657616892905913e-01
3.846153846153845257e-01
3.793363499245853143e-01
3.770739064856711842e-01
3.721028154851675485e-01
3.846153846153845257e-01
3.748617395676216990e-01
3.770739064856711842e-01
3.750628456510810005e-01
3.710407239819004110e-01
3.710407239819004110e-01
3.710407239819004110e-01
3.569632981397686255e-01
3.710407239819004110e-01
3.569632981397686255e-01
3.448969331322271903e-01
3.569632981397686255e-01
3.448969331322271903e-01
3.569632981397686255e-01
3.428858722976370066e-01
3.557063851181497816e-01
3.448969331322271903e-01
3.559577677224735059e-01
3.690296631473101718e-01
3.424585218702858036e-01
3.428858722976370066e-01
3.353946706887883100e-01
3.428858722976370066e-01
3.383609854198089684e-01
3.428858722976370066e-01
3.313222724987432422e-01
3.428858722976370066e-01
3.343388637506283789e-01
3.428858722976370066e-01
3.343388637506283789e-01
3.257918552036199178e-01
3.262946204122673666e-01
3.181749622926088872e-01
3.303167420814479560e-01
3.348416289592759942e-01
3.293112116641530585e-01
3.177476118652589054e-01
3.238310708898945456e-01
3.177476118652589054e-01
3.134741075917545916e-01
3.177476118652589054e-01
3.094519859225740022e-01
3.177476118652589054e-01
3.109602815485167926e-01
3.177476118652589054e-01
3.134741075917545916e-01
3.177476118652589054e-01
3.084464555052789381e-01
2.991452991452990817e-01
3.084464555052789381e-01
3.177476118652589054e-01
3.059326294620412501e-01
3.177476118652589054e-01
3.059326294620412501e-01
2.991452991452990817e-01
3.049270990447461860e-01
3.011563599798893209e-01
3.074409250879838185e-01
2.991452991452990817e-01
3.074409250879838185e-01
2.991452991452990817e-01
3.049270990447461860e-01
2.991452991452990817e-01
3.074409250879838185e-01
2.991452991452990817e-01
2.931121166415283086e-01
2.991452991452990817e-01
2.941176470588234282e-01
2.991452991452990817e-01
2.931121166415283086e-01
2.991452991452990817e-01
2.890899949723478857e-01
2.941176470588235947e-01
2.916038210155857402e-01
2.991452991452990817e-01
2.931121166415283086e-01
2.820512820512819929e-01
2.880844645550528216e-01
2.870789341377575354e-01
2.880844645550528216e-01
2.941176470588235947e-01
2.880844645550528216e-01
2.820512820512819929e-01
2.880844645550528216e-01
2.820512820512819929e-01
2.845651080945198474e-01
2.820512820512819929e-01
2.820512820512819929e-01
2.820512820512819929e-01
2.845651080945198474e-01
2.820512820512819929e-01
2.712418300653594572e-01
2.820512820512819929e-01
2.820512820512819929e-01
2.820512820512819929e-01
2.772750125691302303e-01
2.820512820512819929e-01
2.677224736048267051e-01
2.554047259929612124e-01
2.810708898944192513e-01
2.554047259929612124e-01
2.652086475615888506e-01
2.750125691302163222e-01
2.677476118652588055e-01
2.483660130718954862e-01
2.652086475615888506e-01
2.554047259929612124e-01
2.652086475615888506e-01
2.751885369532426906e-01
2.652086475615888506e-01
2.483660130718954862e-01
2.616892911010558764e-01
2.483660130718954862e-01
2.483660130718954862e-01
2.483660130718954862e-01
2.594268476621419683e-01
2.483660130718954862e-01
2.483660130718954862e-01
2.483660130718954862e-01
2.483660130718954862e-01
2.483660130718954862e-01
2.483660130718954862e-01
2.483660130718954862e-01
2.483660130718954862e-01
2.483660130718954862e-01
2.483660130718954862e-01
2.483660130718954862e-01
2.496229260935144967e-01
2.483660130718954862e-01
2.461035696329815503e-01
2.483660130718954862e-01
2.461035696329815503e-01
2.483660130718954862e-01
2.448466566113625398e-01
2.483660130718954862e-01
2.483660130718954862e-01
2.483660130718954862e-01
2.425842131724486039e-01
2.438411261940674479e-01
2.425842131724486039e-01
2.368024132730015552e-01
2.425842131724486039e-01
2.438411261940674479e-01
2.425842131724486039e-01
2.368024132730015552e-01
2.425842131724486039e-01
2.368024132730015552e-01
2.403217697335345016e-01
2.483660130718954862e-01
2.425842131724486039e-01
2.368024132730015552e-01
2.403217697335345016e-01
2.413273001508295934e-01
2.413587229763702047e-01
2.368024132730015552e-01
2.403217697335345016e-01
2.368024132730015552e-01
2.368589743589742946e-01
2.368024132730015552e-01
2.368024132730015552e-01
2.368024132730015552e-01
2.368024132730015552e-01
2.368024132730015552e-01
2.368024132730015552e-01
2.368024132730015552e-01
2.368024132730015552e-01
2.368024132730015552e-01
2.368024132730015552e-01
2.368024132730015552e-01
2.282554047259928998e-01
2.368024132730015552e-01
2.247360482654601477e-01
2.368024132730015552e-01
2.355455002513827112e-01
2.368024132730015552e-01
2.368024132730015552e-01
2.368024132730015552e-01
2.368024132730015552e-01
2.368024132730015552e-01
2.282554047259928998e-01
2.368024132730015552e-01
2.247360482654601477e-01
2.368024132730015552e-01
2.247360482654601477e-01
2.368024132730015552e-01
2.247360482654601477e-01
2.342885872297637007e-01
2.247360482654601477e-01
2.368024132730015552e-01
2.247360482654601477e-01
2.151835093011564004e-01
2.269984917043740835e-01
2.126696832579185736e-01
2.269984917043740835e-01
2.127325289089994631e-01
2.161890397184515200e-01
2.126696832579185736e-01
2.247360482654601477e-01
2.126696832579185736e-01
2.234791352438411371e-01
2.151835093011564004e-01
2.234791352438411371e-01
2.151835093011564004e-01
2.126696832579185736e-01
2.126696832579185736e-01
2.247360482654601477e-01
2.126696832579185736e-01
2.234791352438411371e-01
2.126696832579185736e-01
2.126696832579185736e-01
2.126696832579185736e-01
2.126696832579185736e-01
2.126696832579185736e-01
2.234791352438411371e-01
2.126696832579185736e-01
2.139265962795373899e-01
2.126696832579185736e-01
2.139265962795373899e-01
2.126696832579185736e-01
2.126696832579185736e-01
2.126696832579185736e-01
2.031171442936150207e-01
2.126696832579185736e-01
2.126696832579185736e-01
2.126696832579185736e-01
2.139265962795373899e-01
2.126696832579185736e-01
2.126696832579185736e-01
2.126696832579185736e-01
2.126696832579185736e-01
2.126696832579185736e-01
2.116641528406234540e-01
2.126696832579185736e-01
2.036199095022624694e-01
2.126696832579185736e-01
1.989504776269484521e-01
2.126696832579185736e-01
2.036199095022624694e-01
2.126696832579185736e-01
2.126696832579185736e-01
2.126696832579185736e-01
1.953242835595779270e-01
2.126696832579185736e-01
2.031171442936150207e-01
2.126696832579185736e-01
1.940673705379589165e-01
2.126696832579185736e-01
1.940673705379589165e-01
2.126696832579185736e-01
2.031171442936150207e-01
1.935646053293112734e-01
1.940673705379589165e-01
1.935646053293112734e-01
2.036199095022624694e-01
2.126696832579185736e-01
1.940673705379589165e-01
1.945701357466063930e-01
1.905480140774258035e-01
1.945701357466063930e-01
1.850175967823028123e-01
1.754650578179990927e-01
1.940673705379589165e-01
1.754650578179990927e-01
1.928104575163399059e-01
1.754650578179990927e-01
1.850175967823028123e-01
1.754650578179990927e-01
1.940673705379589165e-01
1.945701357466063930e-01
1.940673705379589165e-01
1.754650578179990927e-01
1.832579185520361587e-01
1.754650578179990927e-01
1.845148315736551969e-01
1.754650578179990927e-01
1.754650578179990927e-01
1.754650578179990927e-01
1.845148315736551969e-01
1.754650578179990927e-01
1.759678230266465415e-01
1.754650578179990927e-01
1.754650578179990927e-01
1.754650578179990927e-01
1.832579185520361587e-01
1.754650578179990927e-01
1.754650578179990927e-01
1.754650578179990927e-01
1.754650578179990927e-01
1.754650578179990927e-01
