2.869825072886296624e+00
2.609624462029708880e+00
2.527678282197232118e+00
2.372181729834787589e+00
2.048758619093892008e+00
1.941766162247211769e+00
1.844862094497662364e+00
1.752406404738764634e+00
1.737641723356008194e+00
1.664448840760793580e+00
1.561699986116894978e+00
1.514906983201443458e+00
1.442366606506548132e+00
1.387530658521910709e+00
1.403119070757554487e+00
1.409975010412327423e+00
1.365877643574436417e+00
1.269299828775047212e+00
1.242213892359664618e+00
1.200755472256929579e+00
1.183540422971909534e+00
1.193946966541718613e+00
1.159655699014299213e+00
1.159701976028506332e+00
1.122772918691286037e+00
1.083298625572677976e+00
1.083582072284696052e+00
1.085249201721502743e+00
1.055096256189549608e+00
1.018906474154287256e+00
9.919015225137673974e-01
9.810727011893192184e-01
9.901719191077786864e-01
9.538618168355778026e-01
9.533990466935072794e-01
9.262344393539727605e-01
9.130686288120687388e-01
8.882155583321753589e-01
8.772560044425931070e-01
8.766254801240221939e-01
8.907399694571703774e-01
8.741727983710488870e-01
8.687121106946178450e-01
8.571706233513812778e-01
8.373362950622424972e-01
8.320352630848253384e-01
8.318293303716042253e-01
8.344208431671986670e-01
8.108195659216065332e-01
8.235457448285434801e-01
7.879587209033273032e-01
7.961960294321808185e-01
7.982322180572907211e-01
8.057753713730387846e-01
7.929103614234808139e-01
7.407561664121429246e-01
7.547781017168769813e-01
7.674094127446888791e-01
7.716911934841957921e-01
7.462168540885740775e-01
7.378256744874788220e-01
7.032602156508849234e-01
7.276134943773426844e-01
7.321208755611068320e-01
7.251145356101624806e-01
6.560229533990469264e-01
6.670831597945300340e-01
6.643030681660410108e-01
6.980887593132488744e-01
6.811640982923778953e-01
6.445462538756997484e-01
6.432504974779026385e-01
6.432504974779026385e-01
6.432944606413986133e-01
6.432504974779026385e-01
6.271460965338515603e-01
6.233513813688741356e-01
6.337509833865513365e-01
6.086352908510342941e-01
6.139571474848442012e-01
6.022328659354895253e-01
6.117821278171130528e-01
6.093757230783468648e-01
6.007681984358367311e-01
6.059512240270255035e-01
6.040075894303299497e-01
5.835531491508167967e-01
5.785552316164559450e-01
5.815632375399139020e-01
5.857281688185477231e-01
5.669859780646951952e-01
5.701328150307740650e-01
5.774908602896939858e-01
5.561108797260398973e-01
5.577768522374935145e-01
5.551853394418991838e-01
5.611087972604007490e-01
5.609271599796379348e-01
5.514831783053357750e-01
5.540341987134989044e-01
5.386181683557776934e-01
5.479198482113932789e-01
5.463001527141467806e-01
5.488916655097412223e-01
5.511129621916792676e-01
5.369059188301170682e-01
5.328798185941043819e-01
5.397288166967468825e-01
5.446341802026932744e-01
5.235781387384886854e-01
5.295015965569903615e-01
5.361365634689249093e-01
5.254292193067700012e-01
5.206164098292378473e-01
5.195057614882687691e-01
5.204775787866167125e-01
5.252441112499420806e-01
5.193669304456477454e-01
5.220972742838629888e-01
5.208015178860656569e-01
5.167754176500531926e-01
5.206164098292378473e-01
5.193206534314407374e-01
5.117312231014855550e-01
5.137211347123882277e-01
5.091397103058910023e-01
5.092785413485121371e-01
5.137419593687810870e-01
5.114998380304504044e-01
5.078902309223009004e-01
5.078902309223009004e-01
5.027997593595260328e-01
5.048359479846359354e-01
5.047433939562219196e-01
5.075200148086446150e-01
5.072134295895228684e-01
5.039566847147021189e-01
5.012263408764865424e-01
5.043269008283584043e-01
5.004523578138730944e-01
5.073349067518164723e-01
4.986348280808921007e-01
4.980795039104075617e-01
5.017816650469709705e-01
4.951640520153638425e-01
5.010412328196583998e-01
4.951640520153638425e-01
4.964598084131610078e-01
4.951640520153638425e-01
4.878522837706511517e-01
4.849368318756073770e-01
4.912305058077652831e-01
4.888703780832059920e-01
4.919709380350777983e-01
4.783654958582073125e-01
4.818825489379425231e-01
4.923874311629412026e-01
4.852607709750565435e-01
4.927576472765976545e-01
4.940534036743948199e-01
4.689712619741773225e-01
4.695555092785403950e-01
4.793373131565549783e-01
4.779027257161366227e-01
4.615623119996218326e-01
4.625387569993981707e-01
4.664723032069969522e-01
4.742468415937802773e-01
4.732750242954325004e-01
4.687433476792068898e-01
4.611967235873940529e-01
4.604562913600813157e-01
4.637882363829884946e-01
4.604562913600813157e-01
4.626313110278124641e-01
4.604562913600813157e-01
4.574482854366234141e-01
4.598743579064273890e-01
4.596695821185615705e-01
4.547179415984080042e-01
4.604562913600813157e-01
4.604562913600813157e-01
4.604562913600813157e-01
4.604562913600813157e-01
4.597158591327686339e-01
4.505067333055670642e-01
4.567541302235178513e-01
4.466194641121753461e-01
4.549493266694430438e-01
4.567078532093107324e-01
4.429173029756118818e-01
4.489506687028542720e-01
4.478689434957655036e-01
4.406497292794668286e-01
4.371789532139384038e-01
4.539867647739366241e-01
4.407885603220879078e-01
4.424545328335415251e-01
4.378268314128370697e-01
4.349576565320006916e-01
4.462029709843121084e-01
4.333842380489609791e-01
4.403257901800175511e-01
4.382896015549077595e-01
4.437040122171317380e-01
4.453699847285852442e-01
4.352353186172427391e-01
4.337544541626173755e-01
4.313480494238511875e-01
4.315400990328103203e-01
4.315331574806792192e-01
4.315331574806792192e-01
4.356055347308990244e-01
4.341246702762737164e-01
4.312554953954368941e-01
4.323198667221990199e-01
4.267839788976799387e-01
4.313654033041783853e-01
4.315331574806792192e-01
4.315331574806792192e-01
4.300522930260539112e-01
4.199639039289184694e-01
4.218149844972001739e-01
4.299597389976397288e-01
4.219075385256142452e-01
4.273682262020453981e-01
4.278309963441157548e-01
4.311629413670229338e-01
4.237123420796888307e-01
4.232032949234115216e-01
4.250543754916932815e-01
4.241288352075522905e-01
4.221852006108565702e-01
4.207043361562311512e-01
4.208894442130591829e-01
4.195011337868479462e-01
4.245916053496227027e-01
4.264426859179044071e-01
4.199639039289184694e-01
4.199639039289184694e-01
4.187259937988798142e-01
4.160303577213195769e-01
4.087185894766068861e-01
4.199639039289184694e-01
4.199639039289184694e-01
4.199639039289184694e-01
4.199639039289184694e-01
4.149659863945576177e-01
4.199639039289184694e-01
4.061733536952192858e-01
4.174649451617381546e-01
4.185755935027070662e-01
4.196862418436761999e-01
4.162154657781480527e-01
4.095770280901473437e-01
4.083483733629507118e-01
4.199639039289184694e-01
3.967791198111896844e-01
3.890971354528205417e-01
4.174649451617381546e-01
4.099680688601970435e-01
4.074691100930167842e-01
3.994169096209909675e-01
3.948817622287010276e-01
4.188532555879495023e-01
4.187144245453283120e-01
4.137165070109674603e-01
4.069600629367392530e-01
4.081632653061222360e-01
3.965014577259474704e-01
4.184830394742929949e-01
4.130223517978618974e-01
4.091350826044701794e-01
4.052478134110785168e-01
4.013605442176867988e-01
3.966402887685684941e-01
3.935860058309035292e-01
3.887269193391641453e-01
4.114952103290295260e-01
4.062196307094264602e-01
4.010366051182377434e-01
3.975195520385023107e-01
3.892822435096486844e-01
4.130223517978618974e-01
3.823406913785920014e-01
4.071914480077743481e-01
3.977509371095376278e-01
3.945115461150445202e-01
3.905317228932388418e-01
3.855338053588779901e-01
3.820630292933497874e-01
4.081632653061222360e-01
4.017770373455502586e-01
3.967791198111895179e-01
3.917812022768289437e-01
3.817853672081075733e-01
3.817853672081075733e-01
3.817853672081075733e-01
3.817853672081075733e-01
3.946966541718725519e-01
3.919200333194500785e-01
3.824795224212131362e-01
3.829422925632836039e-01
3.817853672081075733e-01
3.820630292933497874e-01
3.817853672081075733e-01
3.817853672081075733e-01
3.840621963070942058e-01
3.842843259752878327e-01
3.817853672081075733e-01
3.817853672081075733e-01
3.817853672081075733e-01
3.807927252533662710e-01
3.848859271599796572e-01
3.852561432736357205e-01
3.817853672081075733e-01
3.817853672081075733e-01
3.803415243648471944e-01
3.806747188671386617e-01
3.810449349807949471e-01
3.814151510944512324e-01
3.794715164977554567e-01
3.806747188671385507e-01
3.802119487250680829e-01
3.805821648387245903e-01
3.809523809523808757e-01
3.813225970660371611e-01
3.794715164977554567e-01
3.797491785829976707e-01
3.798417326114117420e-01
3.804896108103102970e-01
3.808598269239668044e-01
3.794715164977554567e-01
3.794715164977554567e-01
3.791013003840991158e-01
3.800268406682398847e-01
3.803970567818962256e-01
3.795039104076999847e-01
3.794715164977554567e-01
3.794715164977554567e-01
3.798417326114117420e-01
3.799342866398258134e-01
3.803045027534821543e-01
3.806747188671386617e-01
3.794715164977554567e-01
3.794715164977554567e-01
3.794715164977554567e-01
3.798417326114117420e-01
3.779906520431300376e-01
3.805821648387245903e-01
3.794715164977554567e-01
3.794715164977554567e-01
3.794715164977554567e-01
3.794715164977554567e-01
3.775278819010596254e-01
3.794715164977554567e-01
3.753065852191215801e-01
3.794715164977554567e-01
3.794715164977554567e-01
3.789161923272709731e-01
3.778055439863018394e-01
3.776204359294735857e-01
3.794715164977554567e-01
3.794715164977554567e-01
3.794715164977554567e-01
3.791938544125131871e-01
3.780832060715441090e-01
3.769725577305751973e-01
3.794715164977554567e-01
3.747512610486370410e-01
3.794715164977554567e-01
3.794715164977554567e-01
3.783608681567864340e-01
3.772502198158174114e-01
3.761395714748482777e-01
3.750289231338792550e-01
3.794715164977554567e-01
3.787310842704428304e-01
3.725299643666989957e-01
3.775278819010596254e-01
3.764172335600906028e-01
3.679022629459946514e-01
3.741959368781525574e-01
3.730852885371834238e-01
3.789161923272709731e-01
3.778055439863018394e-01
3.766948956453328168e-01
3.755842473043637941e-01
3.692905733722058881e-01
3.711416539404877590e-01
3.725299643666989957e-01
3.725299643666989957e-01
3.725299643666989957e-01
3.758619093896060637e-01
3.688278032301355314e-01
