2.106041402619349245e+00
1.636544148711447821e+00
1.541191381495563784e+00
1.435382340515420019e+00
1.312737642585551257e+00
1.242110266159695442e+00
1.223912125052809552e+00
1.138783269961977096e+00
1.091677228559357893e+00
9.924324038867761155e-01
9.809885931558933736e-01
9.250316856780730346e-01
8.901563160118290963e-01
8.739226869455003488e-01
8.419940853400926795e-01
8.145331643430500090e-01
7.790452049007183799e-01
7.547792564427541206e-01
7.498943810730882564e-01
7.389469792986903540e-01
7.389100126742709218e-01
7.139839459231094310e-01
6.981094212082779027e-01
6.863117870722431624e-01
6.666666666666666297e-01
6.694286016054074029e-01
6.653992395437261509e-01
6.510350654837347983e-01
6.495564005069706104e-01
6.390103506548370227e-01
6.349809885931558817e-01
6.339300802703841109e-01
6.349809885931558817e-01
6.225232361639203571e-01
6.273764258555133422e-01
6.130122517955216566e-01
6.037177862272918860e-01
5.925485847063789446e-01
6.037177862272918860e-01
5.826045627376423841e-01
5.978031263202364665e-01
5.775242923531896944e-01
5.948457963667087567e-01
5.670099281791296519e-01
5.804921841994082898e-01
5.637938318546682481e-01
5.809040980143641564e-01
5.496461765948457145e-01
5.466835656949724509e-01
5.477661596958174339e-01
5.239966201943305757e-01
5.270437262357411390e-01
5.234474017743978580e-01
5.167247570764673670e-01
5.057034220532318214e-01
5.166877904520488229e-01
5.057034220532318214e-01
5.078158005914658046e-01
5.057034220532318214e-01
4.977608787494706699e-01
4.896493451626531268e-01
4.964089564850020508e-01
4.896493451626531268e-01
4.854245880861849383e-01
4.871144909167722803e-01
4.850021123785382415e-01
4.896493451626531268e-01
4.784748626953947426e-01
4.850021123785382415e-01
4.717099704267001536e-01
4.850021123785382415e-01
4.623996620194338880e-01
4.850021123785382415e-01
4.643008027038446062e-01
4.651457541191381662e-01
4.575411913814956266e-01
4.592310942120828021e-01
4.499630333755809120e-01
4.592310942120828021e-01
4.480513307984789750e-01
4.575411913814956266e-01
4.471905365441486979e-01
4.237431347697507844e-01
4.370511195606252008e-01
4.237431347697507844e-01
4.355724545838613460e-01
4.237431347697507844e-01
4.343050274609210337e-01
4.237431347697507844e-01
4.165663286861004955e-01
4.237431347697507844e-01
4.165610477397550526e-01
4.207858048162230746e-01
4.207858048162230746e-01
4.207858048162230746e-01
4.131970849176171967e-01
4.123362906632869196e-01
4.070553443177017949e-01
4.123362906632869196e-01
4.074778200253484917e-01
4.123362906632869196e-01
4.053654414871143974e-01
3.988170680185889605e-01
4.024081115335868541e-01
3.983945923109420972e-01
4.009505703422051592e-01
3.988170680185889605e-01
4.011406844106462644e-01
3.983945923109420972e-01
3.950147866497676907e-01
3.983945923109420972e-01
3.907900295732996687e-01
3.983945923109420972e-01
3.869877482044783434e-01
3.983945923109420972e-01
3.855090832277143775e-01
3.912125052809463654e-01
3.806506125897759496e-01
3.827629911280102104e-01
3.827629911280102104e-01
3.827629911280102104e-01
3.869877482044783434e-01
3.798056611744825006e-01
3.719898605830165850e-01
3.827629911280102104e-01
3.705111956062527301e-01
3.827629911280102104e-01
3.703052386987746858e-01
3.798056611744825006e-01
3.683988170680186913e-01
3.827629911280102104e-01
3.669201520912548364e-01
3.540346430080271167e-01
3.669201520912548364e-01
3.540346430080271167e-01
3.561470215462610445e-01
3.540346430080271167e-01
3.633396704689479950e-01
3.540346430080271167e-01
3.377482044782398884e-01
3.540346430080271167e-01
3.432615124630333248e-01
3.506548373468525437e-01
3.375580904098015034e-01
3.506548373468525437e-01
3.358681875792142724e-01
3.540346430080271167e-01
3.358681875792142724e-01
3.540346430080271167e-01
3.310097169412758999e-01
3.177017321504013170e-01
3.263624841571610147e-01
3.506548373468525437e-01
3.310097169412758999e-01
3.177017321504013170e-01
3.259400084495142624e-01
3.177017321504013170e-01
3.326996197718632420e-01
3.177017321504013170e-01
3.174904942965779409e-01
3.177017321504013170e-01
3.177439797211654704e-01
3.177017321504013170e-01
3.185466835656950435e-01
3.177017321504013170e-01
3.143219264892269105e-01
3.113645965356992007e-01
3.109421208280525040e-01
3.113645965356992007e-01
3.130544993662865982e-01
3.138994507815800472e-01
3.126320236586396795e-01
3.113645965356992007e-01
3.094634558512886491e-01
3.138994507815800472e-01
3.077788339670469164e-01
3.075623151668779309e-01
3.077735530207014181e-01
3.075623151668779309e-01
3.058724123362906999e-01
3.075623151668779309e-01
3.077735530207014181e-01
3.075623151668779309e-01
3.012304604985213130e-01
3.075623151668779309e-01
3.043937473595267340e-01
3.075623151668779309e-01
3.027038445289395030e-01
3.075623151668779309e-01
3.075623151668779309e-01
2.948880439374735873e-01
3.012251795521758146e-01
3.075623151668779309e-01
3.058724123362906999e-01
3.075623151668779309e-01
2.995352767215886391e-01
2.948880439374735873e-01
2.995352767215886391e-01
2.915082382762991808e-01
2.980566117448247843e-01
3.041825095057035244e-01
2.995352767215886391e-01
2.915082382762991808e-01
2.937315166877903505e-01
3.075623151668779309e-01
2.995352767215886391e-01
2.915082382762991808e-01
2.915135192226446237e-01
2.915082382762991808e-01
2.917194761301225570e-01
2.915082382762991808e-01
2.931981411068864118e-01
2.915082382762991808e-01
2.887621461765950137e-01
2.915082382762991808e-01
2.915082382762991808e-01
2.915082382762991808e-01
2.866497676383609194e-01
2.886248415716085591e-01
2.915082382762991808e-01
2.915082382762991808e-01
2.915082382762991808e-01
2.915082382762991808e-01
2.902408111533588686e-01
2.915082382762991808e-01
2.824250105618927864e-01
2.915082382762991808e-01
2.824250105618927864e-01
2.885509083227714711e-01
2.824619771863112749e-01
2.885509083227714711e-01
2.809463455851289315e-01
2.762991128010140462e-01
2.773553020701309824e-01
2.885509083227714711e-01
2.788339670468948372e-01
2.885509083227714711e-01
2.824250105618927864e-01
2.733417828474863365e-01
2.809463455851289315e-01
2.733417828474863365e-01
2.773922686945495264e-01
2.733417828474863365e-01
2.773553020701309824e-01
2.733417828474863365e-01
2.733417828474863365e-01
2.733417828474863365e-01
2.733417828474863365e-01
2.733417828474863365e-01
2.638783269961971767e-01
2.733417828474863365e-01
2.638360794254330788e-01
2.733417828474863365e-01
2.733417828474863365e-01
2.733417828474863365e-01
2.733417828474863365e-01
2.733417828474863365e-01
2.733417828474863365e-01
2.733417828474863365e-01
2.623574144486692239e-01
2.733417828474863365e-01
2.587663709336712747e-01
2.733417828474863365e-01
2.639839459231073104e-01
2.733417828474863365e-01
2.697507393324884428e-01
2.733417828474863365e-01
2.623574144486692239e-01
2.661596958174904937e-01
2.623574144486692239e-01
2.513730460498521113e-01
2.587663709336712747e-01
2.447401774397890695e-01
2.587663709336712747e-01
2.441909590198562408e-01
2.587663709336712747e-01
2.733417828474863365e-01
2.587663709336712747e-01
2.661596958174904937e-01
2.587663709336712747e-01
2.441909590198562408e-01
2.587663709336712747e-01
2.441909590198562408e-01
2.443916349809855393e-01
2.441909590198562408e-01
2.523183354457118610e-01
2.441909590198562408e-01
2.441909590198562408e-01
2.441909590198562408e-01
2.543303760033797656e-01
2.441909590198562408e-01
2.562315166877904837e-01
2.441909590198562408e-01
2.522179974651458378e-01
2.441909590198562408e-01
2.441909590198562408e-01
2.441909590198562408e-01
2.441909590198562408e-01
2.441909590198562408e-01
2.507868610054914127e-01
2.441909590198562408e-01
2.441909590198562408e-01
2.441909590198562408e-01
2.551753274186733811e-01
2.441909590198562408e-01
2.441909590198562408e-01
2.441909590198562408e-01
2.439797211660328646e-01
2.441909590198562408e-01
2.439850021123784740e-01
2.441909590198562408e-01
2.416561047739754220e-01
2.441909590198562408e-01
2.441909590198562408e-01
2.365863962822136735e-01
2.414448669201520736e-01
2.441909590198562408e-01
2.414448669201520736e-01
2.391212505280946310e-01
2.416561047739754220e-01
2.391212505280946310e-01
2.378538234051541522e-01
2.441909590198562408e-01
2.378538234051541522e-01
2.441909590198562408e-01
2.378538234051541522e-01
2.315166877904520637e-01
2.414448669201520736e-01
2.365863962822136735e-01
2.378538234051541522e-01
2.391212505280946310e-01
2.378538234051541522e-01
2.441909590198562408e-01
2.353189691592733335e-01
2.315166877904520637e-01
2.353189691592733335e-01
2.365863962822136735e-01
2.378538234051541522e-01
2.315166877904520637e-01
2.359526827207435729e-01
2.315166877904520637e-01
2.340515420363328547e-01
2.315166877904520637e-01
2.378538234051541522e-01
2.315166877904520637e-01
2.321504013519223031e-01
2.315166877904520637e-01
2.378538234051541522e-01
2.315166877904520637e-01
2.315166877904520637e-01
2.315166877904520637e-01
2.315166877904520637e-01
2.315166877904520637e-01
2.321504013519223031e-01
2.315166877904520637e-01
2.340515420363328547e-01
2.315166877904520637e-01
2.315166877904520637e-01
2.315166877904520637e-01
2.315166877904520637e-01
2.315166877904520637e-01
2.315166877904520637e-01
2.315166877904520637e-01
2.315166877904520637e-01
2.315166877904520637e-01
2.315166877904520637e-01
2.315166877904520637e-01
2.315166877904520637e-01
2.315166877904520637e-01
2.296630756231509141e-01
2.315166877904520637e-01
2.315166877904520637e-01
2.315166877904520637e-01
2.315166877904520637e-01
2.315166877904520637e-01
2.315166877904520637e-01
2.315166877904520637e-01
2.296155471060413455e-01
2.315166877904520637e-01
2.300380228136882088e-01
2.315166877904520637e-01
2.315166877904520637e-01
2.315166877904520637e-01
2.315166877904520637e-01
2.315166877904520637e-01
2.315166877904520637e-01
2.315166877904520637e-01
2.300380228136882088e-01
2.315166877904520637e-01
2.300380228136882088e-01
2.315166877904520637e-01
2.281368821292774907e-01
2.315166877904520637e-01
2.300380228136882088e-01
2.315166877904520637e-01
