1.267345966423663706e+00
1.169601561834222370e+00
1.113317813122197020e+00
1.154995196739981633e+00
1.084570301908133860e+00
1.040505233229263027e+00
9.964178913688523931e-01
9.472803476940484524e-01
9.199083506999593540e-01
8.976363312390090998e-01
8.698779429651610773e-01
8.466452715003994767e-01
8.298474190224595093e-01
8.278695605017081238e-01
7.971118462337022370e-01
7.808793452071987051e-01
7.729045778166865333e-01
7.749570030756361971e-01
7.520690817251454163e-01
7.334365001278281282e-01
7.300972660153861593e-01
7.137102084769794130e-01
7.279418030818337604e-01
7.216278403148462806e-01
7.056322097320223419e-01
6.998969623253977757e-01
6.979466063418527932e-01
6.948465668311654131e-01
6.950247522834848146e-01
6.857469069329630296e-01
6.770754731598482845e-01
6.818692428667718630e-01
6.767870838788651033e-01
6.842398841019846634e-01
6.607817693040699547e-01
6.564018934141110373e-01
6.691357618202808943e-01
6.504078897419411920e-01
6.473647921040603936e-01
6.503846481612041153e-01
6.533285817212717284e-01
6.316073877237976530e-01
6.295292030461967503e-01
6.306746256168699327e-01
6.213249250459025319e-01
6.264448516025074021e-01
6.275226799092032959e-01
6.151349173761806455e-01
6.019104579366127972e-01
6.103781405185979558e-01
6.027006716816837306e-01
6.012984296438620424e-01
5.989820187637031612e-01
5.960845683651100346e-01
5.771376443883206031e-01
5.829685696356499136e-01
5.761200505117025639e-01
5.862611269067784514e-01
5.646693110420746287e-01
5.735402350498528534e-01
5.495161877609836543e-01
5.529937092788140829e-01
5.548450948643857128e-01
5.578676624392815420e-01
5.470370858156634597e-01
5.448911131942456576e-01
5.375777624555505563e-01
5.355598122080277301e-01
5.369967229371160888e-01
5.307602321059200490e-01
5.215565661339180981e-01
5.225482069120462869e-01
5.197472090735132388e-01
5.158778732404193379e-01
5.220589716375227951e-01
5.077820559502321807e-01
5.075573873364376265e-01
5.041641165487799059e-01
5.083785898558246252e-01
5.135304735859436143e-01
5.070305781730566341e-01
4.985319068167557433e-01
4.993763509168805959e-01
4.982843839819025566e-01
4.990509687865571919e-01
4.938990850564389246e-01
4.908621851734212838e-01
4.921637136947143443e-01
4.871541846466106995e-01
4.840524020173692099e-01
4.843262653103916904e-01
4.655288621696792584e-01
4.830452668520830994e-01
4.776299785402737808e-01
4.840988851788445291e-01
4.877942965160874111e-01
4.816817607821567981e-01
4.816817607821567981e-01
4.663810534633833216e-01
4.688911441830199145e-01
4.728458928253239102e-01
4.759488375336035082e-01
4.575105168152835966e-01
4.540785100597309332e-01
4.438134785673891747e-01
4.359655714717346475e-01
4.682016439544779418e-01
4.555969600012396703e-01
4.567590390381086052e-01
4.476405921954772493e-01
4.434050077859294503e-01
4.334942167199930529e-01
4.244067586516784285e-01
4.521535261351576351e-01
4.550391620635427792e-01
4.489653622975074421e-01
4.378462027130674561e-01
4.322236769730166128e-01
4.252202139774863832e-01
4.156756714880034398e-01
4.050775106717591778e-01
4.508866663051310231e-01
4.328610773247381083e-01
4.271105292107930107e-01
4.180662617466813780e-01
4.160010536183267882e-01
4.080059498446689803e-01
3.972218563825251625e-01
3.961992268300810194e-01
4.288149117982011371e-01
4.205409090556949114e-01
4.148234801942993766e-01
4.064824642273343058e-01
3.987015703561385127e-01
3.943476475646698343e-01
3.897690561594066017e-01
4.182709813370105167e-01
4.003439753949131208e-01
3.991973907452027737e-01
3.940842429829796156e-01
3.940687485958211389e-01
3.926277705901038972e-01
3.900247135475175542e-01
3.912952532944942718e-01
4.008707845582933915e-01
3.871659991168201476e-01
3.871659991168201476e-01
3.864300157268030778e-01
3.831994360043075587e-01
3.906754778081643065e-01
3.871659991168201476e-01
3.776485718048593898e-01
3.783731280843478650e-01
3.822085699455369801e-01
3.855003524973079632e-01
3.817119748371154975e-01
3.794962774734855770e-01
3.789119453977801699e-01
3.794110583441139828e-01
3.862750718552205309e-01
3.837494867484254057e-01
3.818591715151187227e-01
3.799688562818120952e-01
3.780785410485053566e-01
3.756769110389764355e-01
3.742126914525214509e-01
3.743056577754710346e-01
3.741894498717840967e-01
3.801392945405527302e-01
3.781560129842965745e-01
3.727329774789085448e-01
3.741894498717840967e-01
3.742824161947336803e-01
3.707264543419146463e-01
3.741894498717840967e-01
3.753747704893903858e-01
3.748479613260097820e-01
3.739337924836729776e-01
3.741894498717840967e-01
3.741894498717840967e-01
3.690917964967192488e-01
3.705482688895948562e-01
3.720047412824707411e-01
3.736781350955619141e-01
3.731048427707062687e-01
3.640173847023917553e-01
3.687276783985004025e-01
3.701841507913759544e-01
3.650864974163111065e-01
3.719350165402583452e-01
3.736471463212454602e-01
3.643117780583984278e-01
3.634828283454319409e-01
3.651717165456817016e-01
3.558673370571511230e-01
3.617784457580243695e-01
3.650864974163111065e-01
3.643737556070315575e-01
3.607480690120006273e-01
3.585788548098450823e-01
3.595670093508623322e-01
3.523036280107532114e-01
3.542946567605880781e-01
3.645519410593514587e-01
3.606938386569465971e-01
3.567724029470325520e-01
3.530783473686659457e-01
3.627623393425735143e-01
3.553306502219527596e-01
3.522571448492785584e-01
3.635060699261694062e-01
3.568744722224376220e-01
3.486864633286580473e-01
3.526135157539183607e-01
3.499542915578831570e-01
3.515289086528406437e-01
3.515289086528406437e-01
3.540080105981609493e-01
3.522803864300159127e-01
3.527684596255007965e-01
3.521486841391706646e-01
3.515289086528406437e-01
3.515289086528406437e-01
3.483990424468738634e-01
3.535431789834133642e-01
3.515598974271570420e-01
3.488173909001466844e-01
3.423872202294718226e-01
3.451219795629035247e-01
3.445564344316272565e-01
3.461058731474524475e-01
3.472679521843214934e-01
3.482750873496079924e-01
3.419611245826196799e-01
3.431774339745430336e-01
3.441690747526710559e-01
3.457185134684961914e-01
3.418449166789331861e-01
3.441070972040380371e-01
3.418449166789331861e-01
3.421470572285192357e-01
3.418449166789331861e-01
3.418449166789331861e-01
3.418449166789331861e-01
3.447346198839470466e-01
3.390559269904478423e-01
3.418449166789331861e-01
3.415040401614515830e-01
3.324088348995583031e-01
3.408222871264884324e-01
3.417372306881841237e-01
3.383586795683266590e-01
3.411476692568119473e-01
3.415892592908220671e-01
3.412483827733405195e-01
3.406053657062730333e-01
3.348724424577196879e-01
3.376614321462055313e-01
3.391488933133978700e-01
3.416744784201923846e-01
3.325947675454571373e-01
3.409927253852294005e-01
3.329821272244130603e-01
3.369641847240837929e-01
3.375591691909604064e-01
3.417596975495627021e-01
3.274738725896548242e-01
3.299219857606585649e-01
3.323700989316623056e-01
3.348182121026659352e-01
3.244137311258997736e-01
3.418449166789331861e-01
3.268618442969035143e-01
3.293099574679076991e-01
3.317580706389114398e-01
3.342061838099152915e-01
3.227093485384920357e-01
3.344256230680447417e-01
3.262498160041527595e-01
3.271639848464895639e-01
3.311460423461602409e-01
3.270865129106989011e-01
3.227945676678623532e-01
3.224536911503809167e-01
3.256377877114018382e-01
3.222832528916401706e-01
3.222832528916401706e-01
3.232206633147144403e-01
3.240960961891555248e-01
3.225389102797512897e-01
3.229805003137617980e-01
3.222832528916401706e-01
3.224401335616172704e-01
3.233058824440847578e-01
3.222832528916401706e-01
3.226241294091217182e-01
3.222832528916401706e-01
3.250722425801254589e-01
3.222832528916401706e-01
3.222832528916401706e-01
3.222832528916401706e-01
3.194555272352592734e-01
3.217177077603644575e-01
3.222832528916401706e-01
3.222832528916401706e-01
3.222832528916401706e-01
3.157756102851746460e-01
3.183786673277605450e-01
3.209817243703472767e-01
3.222832528916401706e-01
3.222832528916401706e-01
3.222832528916401706e-01
3.222832528916401706e-01
3.177279030671145144e-01
3.203309601097003023e-01
3.222832528916401706e-01
3.222832528916401706e-01
3.118710247212950204e-01
3.144740817638808084e-01
3.170771388064675400e-01
3.196801958490543827e-01
3.222832528916401706e-01
3.222832528916401706e-01
3.167982398376186781e-01
3.138233175032348887e-01
3.164263745458206767e-01
3.190294315884074083e-01
3.206640894336042491e-01
3.203774432711750664e-01
3.105694962000021819e-01
3.131725532425879144e-01
3.157756102851746460e-01
3.127135320230243209e-01
3.060141463754755820e-01
3.073156748967684204e-01
3.099187319393551521e-01
3.125217889819418837e-01
3.151248460245277827e-01
3.060141463754755820e-01
3.060141463754755820e-01
3.060296407626337811e-01
3.060916183112669109e-01
3.002967175140804357e-01
3.119175078827717273e-01
3.093299452273417516e-01
3.060141463754755820e-01
3.060141463754755820e-01
3.060761239241085452e-01
3.061381014727416749e-01
2.983909078936153314e-01
3.077107817693036096e-01
3.060141463754755820e-01
3.060141463754755820e-01
3.060606295369503460e-01
3.061226070855833647e-01
2.990261777671039956e-01
3.060141463754755820e-01
3.060141463754755820e-01
2.915733775439844355e-01
3.060451351497919803e-01
3.061071126984249990e-01
2.996614476405916605e-01
2.971203681466388913e-01
3.060141463754755820e-01
3.031089487833031892e-01
3.058127193424180490e-01
3.028377970080341486e-01
3.002967175140804357e-01
2.977556380201267228e-01
2.952145585261737870e-01
3.060141463754755820e-01
3.060141463754755820e-01
3.026053812006596622e-01
3.009319873875690998e-01
2.983909078936153314e-01
2.871342356231453841e-01
2.933087489057087383e-01
2.907676694117551364e-01
3.034575724943638919e-01
3.000488073195480276e-01
2.978629366511977850e-01
2.963301544015686795e-01
2.939440187791975134e-01
2.896365791492033215e-01
2.901323995382673049e-01
3.022025271345453734e-01
2.996614476405916605e-01
2.864679769753407657e-01
2.945792886526851784e-01
2.891330115665600720e-01
2.901323995382673049e-01
3.014888169260688255e-01
3.002967175140804357e-01
2.977556380201267228e-01
2.874673649470479986e-01
