1.359581881533100889e+00
1.154355400696864153e+00
1.103135888501742379e+00
9.784581881533097603e-01
9.602787456445993630e-01
8.947909407665500803e-01
8.585365853658538660e-01
8.150174216027871177e-01
8.076655052264808399e-01
7.484320557491290771e-01
7.818815331010452452e-01
7.135888501742159162e-01
7.045296167247387942e-01
6.717944250871080714e-01
6.926829268292682418e-01
6.522909407665503645e-01
6.466898954703832469e-01
6.264808362369337358e-01
6.236933797909407495e-01
6.020905923344945787e-01
5.951219512195121686e-01
5.787543554006967517e-01
5.874564459930313731e-01
5.498606271777002341e-01
5.595818815331011775e-01
5.372909407665503734e-01
5.521080139372820383e-01
5.383449477351917034e-01
5.351916376306619094e-01
5.115156794425087528e-01
4.989547038327526440e-01
5.010452961672473560e-01
4.905923344947735742e-01
4.801393728222996815e-01
4.731707317073170493e-01
4.721341463414636119e-01
4.850174216027875462e-01
4.662020905923344727e-01
4.543554006968640868e-01
4.567944250871079914e-01
4.515679442508711006e-01
4.456445993031358799e-01
4.425087108013938120e-01
4.303135888501742889e-01
4.404181184668989890e-01
4.264895470383274212e-01
4.404181184668989890e-01
4.142857142857143127e-01
4.048780487804878314e-01
4.135888501742159273e-01
4.048780487804878314e-01
4.090592334494774218e-01
4.020905923344946231e-01
3.926829268292684194e-01
3.958188153310103208e-01
3.989547038327524997e-01
3.923344947735191157e-01
3.864111498257841171e-01
3.763066202090594170e-01
3.836236933797908533e-01
3.763066202090594170e-01
3.822299651567944156e-01
3.742160278745644275e-01
3.770034843205575248e-01
3.763066202090594170e-01
3.738763066202090979e-01
3.735191637630661532e-01
3.731707317073171271e-01
3.742160278745644275e-01
3.707317073170729449e-01
3.728222996515679344e-01
3.721341463414631900e-01
3.721254355400696601e-01
3.696864111498255334e-01
3.721254355400696601e-01
3.696864111498255334e-01
3.714285714285713302e-01
3.682926829268291513e-01
3.714285714285713302e-01
3.588850174216026701e-01
3.679442508710799586e-01
3.550609756097563019e-01
3.679442508710799586e-01
3.595818815331010554e-01
3.581881533101044512e-01
3.529616724738675604e-01
3.679442508710799586e-01
3.526132404181183677e-01
3.477351916376306695e-01
3.491289198606270516e-01
3.449477351916377388e-01
3.435540069686410791e-01
3.477351916376306695e-01
3.435888501742159207e-01
3.477351916376306695e-01
3.383536585365850557e-01
3.449477351916377388e-01
3.421602787456446415e-01
3.344947735191638460e-01
3.397212543554006814e-01
3.344947735191638460e-01
3.365853658536584470e-01
3.344947735191638460e-01
3.362369337979093653e-01
3.317073170731707488e-01
3.337979094076654607e-01
3.344947735191638460e-01
3.324128919860627196e-01
3.303135888501740891e-01
3.289198606271776515e-01
3.275261324041809918e-01
3.254355400696865575e-01
3.275261324041809918e-01
3.289198606271776515e-01
3.275261324041809918e-01
3.229965156794426528e-01
3.275261324041809918e-01
3.219773519163759978e-01
3.254355400696862799e-01
3.229965156794426528e-01
3.254355400696862799e-01
3.174216027874564583e-01
3.186411149825758016e-01
3.219512195121951859e-01
3.184668989547038698e-01
3.170731707317073766e-01
3.184668989547038698e-01
3.125435540069685936e-01
3.184668989547038698e-01
3.160627177700348067e-01
3.184668989547038698e-01
3.160278745644599652e-01
3.184668989547038698e-01
3.160540069686411102e-01
3.184668989547038698e-01
3.114982578397211821e-01
3.135888501742160606e-01
3.090592334494772775e-01
3.045296167247387720e-01
3.045296167247387720e-01
3.045296167247387720e-01
3.069686411149826766e-01
3.045296167247387720e-01
3.090592334494772775e-01
3.045296167247387720e-01
3.045296167247387720e-01
2.905923344947733966e-01
3.017508710801393157e-01
3.045296167247387720e-01
2.975609756097559733e-01
3.045296167247387720e-01
2.982578397212541921e-01
2.905923344947733966e-01
2.965156794425086728e-01
2.954703832752614834e-01
2.902439024390244815e-01
3.045296167247387720e-01
2.930313588850174122e-01
2.815331010452961080e-01
2.860627177700347801e-01
2.905923344947733966e-01
2.815331010452961080e-01
2.815331010452961080e-01
2.766550522648084098e-01
2.815331010452961080e-01
2.885017421602787957e-01
2.815331010452961080e-01
2.811933797909408339e-01
2.815331010452961080e-01
2.724738675958187084e-01
2.815331010452961080e-01
2.676045296167247622e-01
2.815331010452961080e-01
2.651567944250872166e-01
2.815331010452961080e-01
2.606271777003486001e-01
2.815331010452961080e-01
2.606271777003486001e-01
2.815331010452961080e-01
2.606271777003486001e-01
2.543554006968640202e-01
2.606271777003486001e-01
2.543554006968640202e-01
2.606271777003486001e-01
2.668989547038329024e-01
2.585365853658537216e-01
2.397212543554007869e-01
2.595818815331011331e-01
2.397212543554007869e-01
2.533101045296168308e-01
2.397212543554007869e-01
2.494773519163764330e-01
2.397212543554007869e-01
2.512717770034836318e-01
2.397212543554007869e-01
2.397212543554007869e-01
2.397212543554007869e-01
2.372822299651568823e-01
2.397212543554007869e-01
2.397212543554007869e-01
2.285714285714286476e-01
2.376306620209059361e-01
2.397212543554007869e-01
2.376306620209059361e-01
2.397212543554007869e-01
2.342857142857142916e-01
2.397212543554007869e-01
2.299651567944250297e-01
2.285714285714286476e-01
2.320557491289198804e-01
2.397212543554007869e-01
2.320557491289198804e-01
2.397212543554007869e-01
2.355400696864110854e-01
2.355400696864110854e-01
2.299651567944250297e-01
2.243902439024389461e-01
2.320557491289198804e-01
2.243902439024389461e-01
2.320557491289198804e-01
2.243902439024389461e-01
2.243902439024389461e-01
2.243902439024389461e-01
2.250871080139371927e-01
2.243902439024389461e-01
2.243902439024389461e-01
2.355400696864110854e-01
2.250871080139371927e-01
2.243902439024389461e-01
2.083623693379791086e-01
2.243902439024389461e-01
2.076655052264808621e-01
2.243902439024389461e-01
2.076655052264808621e-01
2.243902439024389461e-01
2.219512195121950415e-01
1.867595818815330766e-01
2.055749128919860114e-01
2.148780487804874961e-01
2.149825783972124926e-01
2.243902439024389461e-01
2.006968641114982022e-01
2.243902439024389461e-01
2.027874564459930529e-01
2.148780487804874961e-01
2.008188153310102309e-01
2.243902439024389461e-01
2.006968641114982022e-01
1.867595818815330766e-01
2.195121951219511369e-01
2.146341463414633000e-01
2.006968641114982022e-01
1.770034843205574304e-01
2.045296167247385999e-01
1.770034843205574304e-01
2.006968641114982022e-01
1.770034843205574304e-01
2.006968641114982022e-01
1.770034843205574304e-01
1.818815331010452674e-01
1.770034843205574304e-01
2.006968641114982022e-01
1.770034843205574304e-01
1.818815331010452674e-01
1.770034843205574304e-01
1.989547038327525164e-01
1.770034843205574304e-01
2.006968641114982022e-01
1.770034843205574304e-01
1.770034843205574304e-01
1.770034843205574304e-01
1.958188153310103652e-01
1.770034843205574304e-01
1.770034843205574304e-01
1.770034843205574304e-01
1.770034843205574304e-01
1.770034843205574304e-01
1.763066202090591839e-01
1.770034843205574304e-01
1.770034843205574304e-01
1.770034843205574304e-01
1.752613240418117724e-01
1.770034843205574304e-01
1.759581881533100189e-01
1.770034843205574304e-01
1.759581881533100189e-01
1.770034843205574304e-01
1.763066202090591839e-01
1.770034843205574304e-01
1.759581881533100189e-01
1.756097560975609373e-01
1.752613240418117724e-01
1.749128919860627185e-01
1.752613240418117724e-01
1.756097560975609373e-01
1.752613240418117724e-01
1.749128919860627185e-01
1.752613240418117724e-01
1.770034843205574304e-01
1.752613240418117724e-01
1.735191637630662254e-01
1.742160278745644719e-01
1.735191637630662254e-01
1.745644599303135258e-01
1.756097560975609373e-01
1.745644599303135258e-01
1.756097560975609373e-01
1.742160278745644719e-01
1.735191637630662254e-01
1.752613240418117724e-01
1.735191637630662254e-01
1.735191637630662254e-01
1.735191637630662254e-01
1.735191637630662254e-01
1.735191637630662254e-01
1.745644599303135258e-01
1.735191637630662254e-01
1.735191637630662254e-01
1.735191637630662254e-01
1.735191637630662254e-01
1.735191637630662254e-01
1.735191637630662254e-01
1.735191637630662254e-01
1.735191637630662254e-01
1.735191637630662254e-01
1.735191637630662254e-01
1.735191637630662254e-01
1.735191637630662254e-01
1.735191637630662254e-01
1.689895470383274423e-01
1.735191637630662254e-01
1.644599303135888257e-01
1.735191637630662254e-01
1.651567944250870446e-01
1.735191637630662254e-01
1.735191637630662254e-01
1.735191637630662254e-01
1.682926829268292235e-01
1.735191637630662254e-01
1.703832752613240742e-01
1.735191637630662254e-01
1.651567944250870446e-01
1.735191637630662254e-01
1.703832752613240742e-01
1.735191637630662254e-01
1.735191637630662254e-01
1.735191637630662254e-01
1.634407665505223373e-01
1.735191637630662254e-01
1.634146341463415253e-01
1.735191637630662254e-01
1.672473867595819230e-01
1.735191637630662254e-01
1.644599303135888257e-01
1.735191637630662254e-01
1.672473867595819230e-01
1.660452961672472527e-01
1.634146341463415253e-01
1.735191637630662254e-01
1.644599303135888257e-01
1.735191637630662254e-01
1.634146341463415253e-01
1.735191637630662254e-01
1.634146341463415253e-01
1.609756097560975929e-01
1.634146341463415253e-01
1.658536585365854299e-01
1.634146341463415253e-01
1.533101045296167975e-01
1.634146341463415253e-01
1.658536585365854299e-01
1.623693379790940861e-01
1.609756097560975929e-01
1.571428571428571952e-01
1.533101045296167975e-01
1.599912891986053354e-01
1.533101045296167975e-01
1.595818815331010998e-01
1.533101045296167975e-01
1.623693379790940861e-01
1.533101045296167975e-01
1.623693379790940861e-01
1.533101045296167975e-01
1.571428571428571952e-01
1.533101045296167975e-01
1.595818815331010998e-01
1.533101045296167975e-01
1.561236933797909565e-01
1.533101045296167975e-01
1.595818815331010998e-01
1.533101045296167975e-01
1.560975609756097837e-01
1.533101045296167975e-01
1.533101045296167975e-01
1.533101045296167975e-01
