1.916220472440945066e+00
1.641889763779527778e+00
1.642834645669291271e+00
1.483850393700786530e+00
1.458897637795275593e+00
1.371055118110235505e+00
1.377637795275590493e+00
1.231850393700787194e+00
1.186141732283464423e+00
1.168204724409448447e+00
1.155291338582677074e+00
1.089196850393699956e+00
1.095433070866141723e+00
1.056062992125984312e+00
1.078425196850393508e+00
1.021417322834645702e+00
1.013669291338580747e+00
9.739763779527542686e-01
9.826771653543306950e-01
9.581181102362203994e-01
9.669291338582677309e-01
9.385826771653544842e-01
9.436220472440943752e-01
9.077480314960626462e-01
9.203149606299213525e-01
8.910236220472441682e-01
8.976377952755906220e-01
8.712204724409442491e-01
8.919685039370079949e-01
8.368818897637796406e-01
8.623622047244094979e-01
7.915275590551176244e-01
8.422047244094489349e-01
7.877165354330710745e-01
8.033543307086492558e-01
7.486614173228347546e-01
8.025196850393701009e-01
7.332598425196846792e-01
7.130708661417323180e-01
7.026929133858268450e-01
7.130708661417323180e-01
6.957480314960631240e-01
6.935433070866142691e-01
6.588976377952756591e-01
6.733858267716534840e-01
6.579527559055119434e-01
6.733858267716534840e-01
6.331653543307075305e-01
6.059842519685040285e-01
6.321259842519686423e-01
6.059842519685040285e-01
6.031496062992125484e-01
6.059842519685040285e-01
5.886614173228347235e-01
5.858267716535433545e-01
5.899212598425198628e-01
6.003149606299212904e-01
5.748740157480306534e-01
5.858267716535433545e-01
5.704094488188974355e-01
5.763779527559055316e-01
5.524566929133856164e-01
5.681889763779527369e-01
5.474251968503934807e-01
5.681889763779527369e-01
5.373228346456693227e-01
5.683149606299211509e-01
5.244173228346458160e-01
5.108661417322833964e-01
4.970078740157480857e-01
4.919685039370078061e-01
4.840944881889763241e-01
4.924409448818892754e-01
4.932283464566927789e-01
4.919685039370078061e-01
4.869291338582675266e-01
4.919685039370078061e-01
4.677165354330706792e-01
4.390551181102361755e-01
4.765354330708659880e-01
4.390551181102361755e-01
4.585984251968504011e-01
4.390551181102361755e-01
4.387795275590545274e-01
4.390551181102361755e-01
4.293543307086612471e-01
4.390551181102361755e-01
4.261417322834644694e-01
4.132283464566928188e-01
4.059842519685038509e-01
4.132283464566928188e-01
4.182677165354328763e-01
4.132283464566928188e-01
4.142362204724408525e-01
4.132283464566928188e-01
4.006299212598424808e-01
3.974803149606298547e-01
4.012598425196848839e-01
3.987401574803148274e-01
3.974803149606298547e-01
3.974803149606298547e-01
3.937007874015748254e-01
3.974803149606298547e-01
3.921259842519685956e-01
3.943307086614173951e-01
3.855118110236220863e-01
3.974803149606298547e-01
3.848818897637795167e-01
3.722834645669292342e-01
3.811023622047244319e-01
3.722834645669292342e-01
3.710393700787400495e-01
3.754330708661416938e-01
3.625196850393701542e-01
3.722834645669292342e-01
3.660551181102361662e-01
3.722834645669292342e-01
3.615748031496063275e-01
3.647244094488189536e-01
3.587401574803149584e-01
3.647244094488189536e-01
3.549606299212599292e-01
3.451968503937006827e-01
3.587401574803149584e-01
3.451968503937006827e-01
3.489763779527559895e-01
3.647244094488189536e-01
3.489763779527558785e-01
3.451968503937006827e-01
3.370078740157481101e-01
3.451968503937006827e-01
3.461417322834646204e-01
3.451968503937006827e-01
3.332283464566928588e-01
3.451968503937006827e-01
3.332283464566928588e-01
3.376377952755904022e-01
3.250393700787401752e-01
3.212598425196849239e-01
3.212598425196849239e-01
3.212598425196849239e-01
3.250393700787401752e-01
3.212598425196849239e-01
3.228346456692913202e-01
3.216692913385821306e-01
3.212598425196849239e-01
3.212598425196849239e-01
3.203543307086607617e-01
3.168503937007874915e-01
3.099212598425197807e-01
3.212598425196849239e-01
3.174960629921261268e-01
2.986929133858252094e-01
3.099212598425197807e-01
3.168503937007874915e-01
3.100472440944873065e-01
3.168503937007874915e-01
3.099212598425197807e-01
2.985826771653544709e-01
3.099212598425197807e-01
2.986929133858252094e-01
2.985826771653544709e-01
2.985826771653544709e-01
3.042519685039370980e-01
2.985826771653544709e-01
2.857637795275577153e-01
2.985826771653544709e-01
2.834645669291340764e-01
2.985826771653544709e-01
2.834645669291340764e-01
2.985826771653544709e-01
2.771653543307087686e-01
2.985826771653544709e-01
2.771653543307087686e-01
2.985826771653544709e-01
2.661417322834644383e-01
2.683464566929134598e-01
2.681417322834646066e-01
2.374803149606300179e-01
2.771653543307087686e-01
2.683464566929134598e-01
2.771653543307087686e-01
2.985826771653544709e-01
2.642519685039368960e-01
2.683464566929134598e-01
2.655275590551177123e-01
2.374803149606300179e-01
2.639763779527553034e-01
2.374803149606300179e-01
2.620866141732282051e-01
2.374803149606300179e-01
2.642519685039368960e-01
2.374803149606300179e-01
2.435826771653543388e-01
2.374803149606300179e-01
2.510236220472441548e-01
2.374803149606300179e-01
2.374803149606300179e-01
2.374803149606300179e-01
2.374803149606300179e-01
2.337952755905511326e-01
2.314960629921260227e-01
2.374803149606300179e-01
2.333858267716535373e-01
2.292913385826770845e-01
2.314960629921260227e-01
2.294960629921228568e-01
2.333858267716535373e-01
2.292913385826770845e-01
2.355905511811024755e-01
2.337007874015748499e-01
2.337007874015748499e-01
2.255118110236219442e-01
2.355905511811024755e-01
2.337007874015748499e-01
2.308661417322833975e-01
2.292913385826770845e-01
2.308661417322833975e-01
2.337007874015748499e-01
2.274015748031495698e-01
2.255118110236219442e-01
2.289763779527557719e-01
2.255118110236219442e-01
2.289763779527557719e-01
2.255118110236219442e-01
2.289763779527557719e-01
2.255118110236219442e-01
2.245669291338581175e-01
2.255118110236219442e-01
2.289763779527557719e-01
2.255118110236219442e-01
2.255118110236219442e-01
2.255118110236219442e-01
2.248818897637795411e-01
2.255118110236219442e-01
2.226771653543306029e-01
2.255118110236219442e-01
2.239370078740157421e-01
2.198425196850392616e-01
2.220944881889763967e-01
2.255118110236219442e-01
2.220472440944881998e-01
2.255118110236219442e-01
2.220472440944881998e-01
2.185826771653542611e-01
2.226771653543306029e-01
2.185826771653542611e-01
2.220472440944881998e-01
2.185826771653542611e-01
2.220472440944881998e-01
2.255118110236219442e-01
2.192125984251968862e-01
2.242519685039369159e-01
2.185826771653542611e-01
2.242519685039369159e-01
2.220472440944881998e-01
2.185826771653542611e-01
2.214173228346456024e-01
2.185826771653542611e-01
2.192125984251968862e-01
2.185826771653542611e-01
2.185826771653542611e-01
2.185826771653542611e-01
2.192125984251968862e-01
2.185826771653542611e-01
2.185826771653542611e-01
2.198425196850392616e-01
2.185826771653542611e-01
2.185826771653542611e-01
2.185826771653542611e-01
2.185826771653542611e-01
2.185826771653542611e-01
2.185826771653542611e-01
2.185826771653542611e-01
2.185826771653542611e-01
2.138582677165354051e-01
2.185826771653542611e-01
2.018897637795276645e-01
2.185826771653542611e-01
2.012913385826771151e-01
2.185826771653542611e-01
2.006771653543306388e-01
2.185826771653542611e-01
2.138582677165354051e-01
2.185826771653542611e-01
2.019055118110235914e-01
2.185826771653542611e-01
2.000000000000000389e-01
2.091338582677164382e-01
2.006299212598424420e-01
1.851968503937008736e-01
1.971653543307088363e-01
2.185826771653542611e-01
1.971653543307088363e-01
2.185826771653542611e-01
1.977952755905512117e-01
2.185826771653542611e-01
1.817322834645667962e-01
1.851968503937008736e-01
1.971653543307088363e-01
1.757480314960630507e-01
1.804724409448820177e-01
1.757480314960630507e-01
1.971653543307088363e-01
1.860314960629800840e-01
1.817322834645667962e-01
1.757480314960630507e-01
1.804724409448820177e-01
1.757480314960630507e-01
1.792125984251969895e-01
1.757480314960630507e-01
1.770078740157478292e-01
1.757480314960630507e-01
1.971653543307088363e-01
1.757480314960630507e-01
1.804881889763778058e-01
1.757480314960630507e-01
1.804881889763778058e-01
1.757480314960630507e-01
1.757480314960630507e-01
1.757480314960630507e-01
1.757480314960630507e-01
1.757480314960630507e-01
1.757480314960630507e-01
1.757480314960630507e-01
1.757480314960630507e-01
1.757480314960630507e-01
1.607007874015692617e-01
1.757480314960630507e-01
1.757480314960630507e-01
1.757480314960630507e-01
1.757480314960630507e-01
1.757480314960630507e-01
1.757480314960630507e-01
1.757480314960630507e-01
1.757480314960630507e-01
1.757480314960630507e-01
1.757480314960630507e-01
1.757480314960630507e-01
1.757480314960630507e-01
1.757480314960630507e-01
1.716535433070865979e-01
1.757480314960630507e-01
1.603149606299212604e-01
1.757480314960630507e-01
1.603149606299212604e-01
1.448818897637794700e-01
1.757480314960630507e-01
1.757480314960630507e-01
1.603149606299212604e-01
1.757480314960630507e-01
1.603149606299212604e-01
1.757480314960630507e-01
1.596850393700787463e-01
1.744881889763780503e-01
1.603149606299212604e-01
1.448818897637794700e-01
1.596850393700787463e-01
1.448818897637794700e-01
1.596850393700787463e-01
1.744881889763780503e-01
1.596850393700787463e-01
1.448818897637794700e-01
1.590551181102362321e-01
1.448818897637794700e-01
1.596850393700787463e-01
1.744881889763780503e-01
1.596850393700787463e-01
1.744881889763780503e-01
1.596850393700787463e-01
1.448818897637794700e-01
1.596850393700787463e-01
1.436220472440944418e-01
1.596850393700787463e-01
1.436220472440944418e-01
1.537007874015750009e-01
1.436220472440944418e-01
1.596850393700787463e-01
1.436220472440944418e-01
1.590551181102362321e-01
1.436220472440944418e-01
1.436220472440944418e-01
1.436220472440944418e-01
1.436220472440944418e-01
1.436220472440944418e-01
1.436220472440944418e-01
1.436220472440944418e-01
1.436220472440944418e-01
1.436220472440944418e-01
1.436220472440944418e-01
1.436220472440944418e-01
1.436220472440944418e-01
1.436220472440944418e-01
1.436220472440944418e-01
1.436220472440944418e-01
