9.952352780192535997e-01
9.629374738401106359e-01
9.543948613928330271e-01
9.406621269197327218e-01
8.594650503879707193e-01
8.237370810393122023e-01
7.802508934608326507e-01
7.227405904890690236e-01
7.311455616729450879e-01
6.977204674973437326e-01
7.000780772078945002e-01
6.835740043143686551e-01
6.812357126758749049e-01
6.246406033677840419e-01
6.016291574100902650e-01
5.793340899578219849e-01
5.714124730351910486e-01
5.666956437747514563e-01
5.895135065520461515e-01
5.633632763450209247e-01
5.540906017579445564e-01
5.598216298013458658e-01
5.344413052577352552e-01
5.368331240542193461e-01
5.251295920667118367e-01
5.216845358833188673e-01
5.138687658971633487e-01
5.142470781416014214e-01
5.130396986380759694e-01
5.042338774590297001e-01
5.021100969123282187e-01
5.008210180623973162e-01
4.945748414308252516e-01
4.969344634405488681e-01
4.908722109533468214e-01
4.833381628513473971e-01
4.768545349174149739e-01
4.771563797932965589e-01
4.750313918670916458e-01
4.771402813999162107e-01
4.756777423613124389e-01
4.643601693550984399e-01
4.609935928394345850e-01
4.623136610966224747e-01
4.644386490228276099e-01
4.614765446408449767e-01
4.547796129946229948e-01
4.464100582761839076e-01
4.402793876171157139e-01
4.442114202002636070e-01
4.408706011140087755e-01
4.374174957339256320e-01
4.350759844167552126e-01
4.330950771113042386e-01
4.307286132843942128e-01
4.242892559322581358e-01
4.188801957564635137e-01
4.314115876235550817e-01
4.265148588170897259e-01
4.138896938085577237e-01
4.077401075372676376e-01
4.039932064779923615e-01
4.088991918606523224e-01
4.080942721916352989e-01
4.087704047136095920e-01
4.075952219968447254e-01
3.986767120641356299e-01
3.973739495798320198e-01
3.910621719952348530e-01
3.888405937087478503e-01
3.851057664445086681e-01
4.048745935155670939e-01
3.981462700022537771e-01
3.892591519366361830e-01
3.766476705624776100e-01
3.742876460929199234e-01
3.799261083743841194e-01
3.762194532985613238e-01
3.718084935123474044e-01
3.772497504749025565e-01
3.617630960430150977e-01
3.681702566083900341e-01
3.733217424900995840e-01
3.759618790044753078e-01
3.690073730641683647e-01
3.646608068514760603e-01
3.612479474548439540e-01
3.564828230142632060e-01
3.609259795872373222e-01
3.505264174635366325e-01
3.660971860008362389e-01
3.627873563218389497e-01
3.559676744260922288e-01
3.558066904922890794e-01
3.500434656621266849e-01
3.451495540745033730e-01
3.412859396632216269e-01
3.421874496925207398e-01
3.477896905888788193e-01
3.483692327505713004e-01
3.427669918542130545e-01
3.454876203354905750e-01
3.427669918542124994e-01
3.401968833510414791e-01
3.375680157120317104e-01
3.388067870826493855e-01
3.427347950674520249e-01
3.399014778325123998e-01
3.307897871792394029e-01
3.396439035384268279e-01
3.373901284651791288e-01
3.353295341124954421e-01
3.394185260311021746e-01
3.287935864000773867e-01
3.346823786986047877e-01
3.398853794391319405e-01
3.355710100132007212e-01
3.342992369361537652e-01
3.313693293409317175e-01
3.113429279757886081e-01
3.186515985704628240e-01
3.251875462828810459e-01
3.255771274026845186e-01
3.259602691651374284e-01
2.918155768054350174e-01
3.074632151711259587e-01
3.144821146849542948e-01
3.230464599632961176e-01
3.254773173637272032e-01
2.780514504652436547e-01
2.890627515373964673e-01
2.986251972053195480e-01
3.092501368363440584e-01
3.209053736437105231e-01
3.231752471103384039e-01
2.748156733957957676e-01
2.855050066003417264e-01
2.948420747609389880e-01
3.028751730577288748e-01
2.587816735889758024e-01
3.231752471103384039e-01
2.706944846904280055e-01
2.813677195015938381e-01
2.922663318200851013e-01
2.988344763192637421e-01
2.570913422840399587e-01
2.587816735889758024e-01
2.592807237837673195e-01
2.729965549438171935e-01
2.813298882771514964e-01
2.574938021185485537e-01
2.587816735889758024e-01
2.568981615634758908e-01
2.567693744164332159e-01
2.567693744164332159e-01
2.567693744164332159e-01
2.567693744164332159e-01
2.572523262178434411e-01
2.559966515341769444e-01
2.601178402395445399e-01
2.524067098103606188e-01
2.567693744164332159e-01
2.567693744164332159e-01
2.567693744164332159e-01
2.556102900930486421e-01
2.557873724202325283e-01
2.534692037734628811e-01
2.492192279210531658e-01
2.395215557487339053e-01
2.369844489519944697e-01
2.546443864902283027e-01
2.567693744164332159e-01
2.528252680382496176e-01
2.409768505103190850e-01
2.389162561576352872e-01
2.375800895070669660e-01
2.541131395086771438e-01
2.450980392156862642e-01
2.501046395569723746e-01
2.414919990984899234e-01
2.394314047458062644e-01
2.375317943269261989e-01
2.349238545993108107e-01
2.544809877974181789e-01
2.422969187675065028e-01
2.366946778711480071e-01
2.389806497311567635e-01
2.371776296725586763e-01
2.310839853182651560e-01
2.449048584951221963e-01
2.210148427186965914e-01
2.380952380952373881e-01
2.325251939856393391e-01
2.208216619981321072e-01
2.284040052802728815e-01
2.242184230013843649e-01
2.205479893106667977e-01
2.205479893106667977e-01
2.322652049325481249e-01
2.205479893106667977e-01
2.293860072764733748e-01
2.251360314240636318e-01
2.214655977333460923e-01
2.219485495347564563e-01
2.280550726037526288e-01
2.236549792330725928e-01
2.199040535754532566e-01
2.201616278695386619e-01
2.211275314723588625e-01
2.205479893106667977e-01
2.205479893106667977e-01
2.195820857078463195e-01
2.198396600019318914e-01
2.200972342960173245e-01
2.233008145787052090e-01
2.205479893106667977e-01
2.205479893106667977e-01
2.195176921343251208e-01
2.197752664284105262e-01
2.189381499726327784e-01
2.189381499726327784e-01
2.189381499726327784e-01
2.156540777230433470e-01
2.123700054734539433e-01
2.197108728548891887e-01
2.199684471489745941e-01
2.189381499726327784e-01
2.189381499726327784e-01
2.164750957854405244e-01
2.127402685212016198e-01
2.189381499726327784e-01
2.154769953958597384e-01
2.189381499726327784e-01
2.189381499726327784e-01
2.171673267007949992e-01
2.136256801571201625e-01
2.100840336134453257e-01
2.068124376187216173e-01
2.189381499726327784e-01
2.024050999710231558e-01
2.173283106345978988e-01
2.148330596606454757e-01
2.109694452493638683e-01
2.074660323899667480e-01
2.117421681316201121e-01
2.003445056183391915e-01
1.968028590746643547e-01
2.048359573714546300e-01
2.057020509353134907e-01
2.083132103416075465e-01
2.047715637979327097e-01
2.012299172542577341e-01
1.976882707105828973e-01
1.968028590746643547e-01
2.072185195917446432e-01
2.005215879455231054e-01
2.056569754338518075e-01
2.021153288901764156e-01
1.985736823465014123e-01
1.968028590746643547e-01
2.088927525032997501e-01
1.968028590746643547e-01
2.065423870697703501e-01
1.969578061109478473e-01
1.993625036221385594e-01
1.968028590746643547e-01
2.105669854148548570e-01
1.968028590746643547e-01
2.074277987056890316e-01
1.968410927589420711e-01
2.003445056183391915e-01
1.968028590746643547e-01
1.968028590746643547e-01
1.968028590746643547e-01
1.968028590746643547e-01
1.968028590746643547e-01
2.010689333204542795e-01
1.976560739238222841e-01
1.944363952477542179e-01
1.968028590746643547e-01
1.968028590746643547e-01
1.968028590746643547e-01
1.966096783541002868e-01
1.985092887729800748e-01
1.968028590746643547e-01
1.968028590746643547e-01
1.968028590746643547e-01
1.964486944202968322e-01
1.965774815673395626e-01
1.967062687143822652e-01
1.952429247561089376e-01
1.968028590746643547e-01
1.962877104864935163e-01
1.964164976335362189e-01
1.959979394056473589e-01
1.966740719276216520e-01
1.968028590746643547e-01
1.929714414501433606e-01
1.962555136997327643e-01
1.963843008467754947e-01
1.965130879938181974e-01
1.966418751408609000e-01
1.967706622879037692e-01
1.960945297659294484e-01
1.962233169129721788e-01
1.963521040600148815e-01
1.964808912070575841e-01
1.959979394056473589e-01
1.959979394056473589e-01
1.944846904278955679e-01
1.914581924723910145e-01
1.963199072732541295e-01
1.964486944202968322e-01
1.959979394056473589e-01
1.959979394056473589e-01
1.952413149167709638e-01
1.922148169612675483e-01
1.891883190057629671e-01
1.959979394056473589e-01
1.959979394056473589e-01
1.959979394056473589e-01
1.959979394056473589e-01
1.929714414501427777e-01
1.899449434946393622e-01
1.865320840980066730e-01
1.959979394056473589e-01
1.803321903474014720e-01
1.779516404262839468e-01
1.937280659390193116e-01
1.907015679835147581e-01
1.873209053736437923e-01
1.841656202710965362e-01
1.959979394056473589e-01
1.796258733378401917e-01
1.907820599504179981e-01
1.914581924723910145e-01
1.762774075147299779e-01
1.849544415467335168e-01
1.817991564441862606e-01
1.775652789851572266e-01
1.762774075147299779e-01
1.762774075147299779e-01
1.888985479249168098e-01
1.790141343893876524e-01
1.825879777198233800e-01
1.794326926172761238e-01
1.762774075147299779e-01
1.854373933481421877e-01
1.762774075147299779e-01
1.787887568820631379e-01
1.833767989954605271e-01
1.772433111175504561e-01
1.764705882352939070e-01
1.762774075147299779e-01
1.762774075147299779e-01
1.762774075147299779e-01
1.703210019640042372e-01
1.780482307865676184e-01
1.766637689558581137e-01
1.762774075147299779e-01
1.912650117518269466e-01
1.762774075147299779e-01
1.697253614089313245e-01
1.776296725586784531e-01
1.745496474451840030e-01
1.762774075147299779e-01
1.762774075147299779e-01
1.667471586335685096e-01
1.691297208538592445e-01
1.728001545445765064e-01
1.770501303969861107e-01
1.762774075147299779e-01
1.762774075147299779e-01
1.762774075147299779e-01
1.685340802987864428e-01
1.709166425190763172e-01
1.741041244083842143e-01
1.758427508934612415e-01
1.762774075147299779e-01
1.655558775234235169e-01
1.679384397437135301e-01
1.703210019640042372e-01
1.689365401332943162e-01
1.754080942721917558e-01
1.762774075147299779e-01
1.649602369683505765e-01
1.673427991886414501e-01
1.697253614089313245e-01
1.721079236292221704e-01
1.637528574648249857e-01
1.620142309797483748e-01
1.643645964132776360e-01
1.613863936379148489e-01
1.615956727518605140e-01
1.613863936379148489e-01
