9.705984088550674294e-01
8.284849533033545876e-01
8.253545485991006236e-01
7.125648564510550509e-01
7.090971982013144492e-01
6.523694223452092267e-01
6.309235558630230667e-01
5.797388446904184756e-01
5.762711864406778739e-01
5.475700449671393466e-01
5.250778277412661010e-01
4.977516430300933936e-01
4.911795226565202066e-01
4.628242822552747771e-01
4.524386025596680017e-01
4.258042199930819338e-01
4.261501210653753091e-01
4.053960567277757887e-01
3.977862331373225868e-01
3.881096506399167589e-01
3.735731580767900351e-01
3.732618471117258308e-01
3.590453130404703819e-01
3.535281909373918507e-01
3.500518851608440118e-01
3.376080940850919032e-01
3.279142165340713788e-01
3.258388101003112380e-01
3.223797993773780957e-01
3.209961950882047055e-01
3.113109650639916959e-01
3.068142511241783721e-01
3.079211345555170065e-01
3.012884814942923262e-01
3.078519543410583870e-01
2.943618125216189707e-01
2.967831200276720427e-01
2.832929782082323489e-01
2.912487028709789816e-01
2.819093739190591252e-01
2.781044621238326631e-01
2.753372535454861603e-01
2.753372535454859937e-01
2.729159460394327552e-01
2.698028363887928216e-01
2.684192320996195424e-01
2.615012106537529801e-01
2.608094085091663406e-01
2.615012106537529801e-01
2.594258042199930614e-01
2.615012106537529801e-01
2.549290902801799041e-01
2.511241784849532199e-01
2.511241784849532199e-01
2.483569699066066894e-01
2.487028709789000647e-01
2.511241784849532199e-01
2.452438602559667835e-01
2.483569699066066894e-01
2.456070563818744112e-01
2.483569699066066894e-01
2.448979591836734082e-01
2.462815634728467984e-01
2.417848495330335024e-01
2.462815634728467984e-01
2.417848495330335024e-01
2.462815634728467984e-01
2.414389484607402381e-01
2.393635420269802083e-01
2.383431338637145847e-01
2.393635420269802083e-01
2.345209270148737868e-01
2.372881355932203173e-01
2.348668280871670511e-01
2.352127291594604264e-01
2.338464199239015384e-01
2.325147007955725154e-01
2.335091663784157612e-01
2.352127291594604264e-01
2.296783120027672265e-01
2.352127291594604264e-01
2.213766862677274960e-01
2.317537184365272562e-01
2.213766862677274960e-01
2.317537184365272562e-01
2.161881701833275604e-01
2.317537184365272562e-01
2.172258734002074643e-01
2.082324455205810942e-01
2.137668626772744052e-01
2.248356969906606662e-01
2.134209616049810299e-01
2.082324455205810942e-01
2.085783465928744695e-01
2.082324455205810942e-01
2.054652369422345637e-01
2.082324455205810942e-01
2.020062262193012825e-01
2.082324455205810942e-01
2.006226219301280034e-01
1.943964026288481917e-01
2.013144240747146430e-01
1.957800069180214431e-01
1.943964026288481917e-01
1.943964026288481917e-01
1.920096852300237911e-01
1.943964026288481917e-01
1.903147699757858913e-01
1.943964026288481917e-01
1.885160843998616165e-01
1.856278104462091294e-01
1.898996886890348679e-01
1.840193704600484315e-01
1.892078865444482560e-01
1.854029747492217106e-01
1.885160843998616165e-01
1.840193704600484315e-01
1.764095468695953406e-01
1.840193704600484315e-01
1.760809408509163565e-01
1.840193704600484315e-01
1.698374264960221536e-01
1.840193704600484315e-01
1.746800415081286861e-01
1.840193704600484315e-01
1.694915254237287505e-01
1.694915254237287505e-01
1.698633690764440318e-01
1.549636803874090973e-01
1.646575579384295940e-01
1.549636803874090973e-01
1.618817018332755486e-01
1.694915254237287505e-01
1.691456243514353752e-01
1.549636803874090973e-01
1.618903493600829246e-01
1.549636803874090973e-01
1.549636803874090973e-01
1.549636803874090973e-01
1.546177793151157220e-01
1.549636803874090973e-01
1.535800760982358182e-01
1.549636803874090973e-01
1.535800760982358182e-01
1.521964718090625668e-01
1.532341750259425817e-01
1.521964718090625668e-01
1.521964718090625668e-01
1.521964718090625668e-01
1.521964718090625668e-01
1.521964718090625668e-01
1.490833621584226332e-01
1.521964718090625668e-01
1.466620546523694779e-01
1.521964718090625668e-01
1.480456589415426460e-01
1.438948460740228363e-01
1.466620546523694779e-01
1.521964718090625668e-01
1.480456589415427571e-01
1.441023867173985840e-01
1.466620546523694779e-01
1.438948460740228363e-01
1.425112417848495572e-01
1.411276374956763058e-01
1.428571428571428215e-01
1.438948460740228363e-01
1.411276374956763058e-01
1.411276374956763058e-01
1.452784503631962265e-01
1.411276374956763058e-01
1.411276374956763058e-01
1.411276374956763058e-01
1.394067796610169163e-01
1.411276374956763058e-01
1.314856451054999265e-01
1.411276374956763058e-01
1.411276374956763058e-01
1.411276374956763058e-01
1.352473192666897306e-01
1.411276374956763058e-01
1.310965063991699209e-01
1.349014181943964663e-01
1.314769975786924394e-01
1.349014181943964663e-01
1.310965063991699209e-01
1.245243860255967339e-01
1.297129021099966695e-01
1.182981667243169083e-01
1.297129021099966695e-01
1.182981667243169083e-01
1.252334832237979867e-01
1.349014181943964663e-01
1.286751988931166546e-01
1.182981667243169083e-01
1.207194742303701884e-01
1.182981667243169083e-01
1.276374956762367507e-01
1.182981667243169083e-01
1.182981667243169083e-01
1.182981667243169083e-01
1.272915946039432644e-01
1.182981667243169083e-01
1.224662746454513312e-01
1.182981667243169083e-01
1.151937046004841148e-01
1.182981667243169083e-01
1.183932895191975310e-01
1.182981667243169083e-01
1.162227602905568785e-01
1.141473538567969737e-01
1.162227602905568785e-01
1.182981667243169083e-01
1.172604635074368934e-01
1.182981667243169083e-01
1.162227602905568785e-01
1.120719474230369578e-01
1.162227602905568785e-01
1.162227602905568785e-01
1.144932549290903628e-01
1.121757177447234854e-01
1.151850570736768636e-01
1.162227602905568785e-01
1.151850570736768636e-01
1.162227602905568785e-01
1.151850570736768636e-01
1.120719474230369578e-01
1.141473538567968626e-01
1.120719474230369578e-01
1.141473538567969737e-01
1.120719474230369578e-01
1.141473538567968626e-01
1.120719474230369578e-01
1.117260463507437074e-01
1.120719474230369578e-01
1.120719474230369578e-01
1.120719474230369578e-01
1.120719474230369578e-01
1.120719474230369578e-01
1.131096506399169727e-01
1.120719474230369578e-01
1.120719474230369578e-01
1.120719474230369578e-01
1.099965409892770529e-01
1.120719474230369578e-01
1.113801452784503182e-01
1.120719474230369578e-01
1.100138360428914303e-01
1.120719474230369578e-01
1.117260463507437074e-01
1.120719474230369578e-01
1.110342442061570678e-01
1.120719474230369578e-01
1.099965409892770529e-01
1.106883431338636925e-01
1.113801452784503182e-01
1.120719474230369578e-01
1.106883431338636925e-01
1.079211345555171619e-01
1.106883431338636925e-01
1.079211345555171619e-01
1.099965409892770529e-01
1.079557246627460415e-01
1.099965409892770529e-01
1.106883431338636925e-01
1.086215842269111637e-01
1.079211345555171619e-01
1.086129367001037876e-01
1.079211345555171619e-01
1.082670356278105372e-01
1.079903147699757815e-01
1.082670356278105372e-01
1.079211345555171619e-01
1.079211345555171619e-01
1.079211345555171619e-01
1.079211345555171619e-01
1.079211345555171619e-01
1.079211345555171619e-01
1.079211345555171619e-01
1.099965409892770529e-01
1.079211345555171619e-01
1.082670356278105372e-01
1.079211345555171619e-01
1.079211345555171619e-01
1.079211345555171619e-01
1.079211345555171619e-01
1.079211345555171619e-01
1.079211345555171619e-01
1.079211345555171619e-01
1.079211345555171619e-01
1.079211345555171619e-01
1.079211345555171619e-01
1.079211345555171619e-01
1.061916291940505075e-01
1.072293324109305224e-01
1.065375302663438828e-01
1.079211345555171619e-01
1.061916291940505075e-01
1.079211345555171619e-01
1.079211345555171619e-01
1.079211345555171619e-01
1.061916291940505075e-01
1.079211345555171619e-01
1.061916291940505075e-01
1.052231061916291260e-01
1.075752334832237728e-01
1.079211345555171619e-01
1.061916291940505075e-01
1.079211345555171619e-01
1.061916291940505075e-01
1.079211345555171619e-01
1.061916291940505075e-01
1.072293324109305224e-01
1.061916291940505075e-01
1.044621238325838669e-01
1.061916291940505075e-01
1.051539259771704926e-01
1.075752334832237728e-01
1.044621238325838669e-01
1.058457281217572571e-01
1.044621238325838669e-01
1.054998270494637569e-01
1.044621238325838669e-01
1.048080249048771173e-01
1.044621238325838669e-01
1.061916291940505075e-01
1.044621238325838669e-01
1.058457281217572571e-01
1.044621238325838669e-01
1.058457281217572571e-01
1.044621238325838669e-01
1.048080249048771173e-01
1.044621238325838669e-01
1.044621238325838669e-01
1.044621238325838669e-01
1.044621238325838669e-01
1.044621238325838669e-01
1.044707713593912429e-01
1.044621238325838669e-01
1.044621238325838669e-01
1.044621238325838669e-01
1.044621238325838669e-01
1.044621238325838669e-01
1.044621238325838669e-01
1.044621238325838669e-01
1.044621238325838669e-01
1.044621238325838669e-01
1.044621238325838669e-01
1.044621238325838669e-01
1.044621238325838669e-01
1.044621238325838669e-01
1.044621238325838669e-01
1.044621238325838669e-01
1.044621238325838669e-01
1.044621238325838669e-01
1.044621238325838669e-01
1.044621238325838669e-01
1.044621238325838669e-01
1.044621238325838669e-01
1.044621238325838669e-01
1.044621238325838669e-01
1.037703216879972273e-01
1.044621238325838669e-01
1.044621238325838669e-01
1.044621238325838669e-01
1.037703216879972273e-01
1.044621238325838669e-01
1.037703216879972273e-01
1.031131096506398559e-01
1.044621238325838669e-01
1.031131096506398559e-01
1.037703216879972273e-01
1.031131096506398559e-01
1.044621238325838669e-01
1.044621238325838669e-01
1.037703216879972273e-01
1.030785195434106016e-01
1.037703216879972273e-01
1.044621238325838669e-01
1.037703216879972273e-01
1.044621238325838669e-01
1.037703216879972273e-01
1.030785195434106016e-01
1.037703216879972273e-01
1.044621238325838669e-01
1.030785195434106016e-01
1.030785195434106016e-01
1.037703216879972273e-01
1.030785195434106016e-01
1.037876167416118545e-01
1.044621238325838669e-01
1.030871670702179776e-01
1.030785195434106016e-01
1.030785195434106016e-01
1.030785195434106016e-01
