1.050547798066594929e+00
9.742257429287505266e-01
9.601867764649716364e-01
9.082620241078888101e-01
8.604010025062653888e-01
8.124358515335955433e-01
8.098281417830287543e-01
7.844542904881249834e-01
7.634428332736601375e-01
7.736895810955961572e-01
7.079776823009900077e-01
6.877909058360185401e-01
6.599295858694353978e-01
6.567251461988303785e-01
6.560374149659863319e-01
6.460442773600665323e-01
6.023391812865496187e-01
5.966544337033057310e-01
5.873436567609497949e-01
5.870226160639694379e-01
5.881677407805225855e-01
5.785296574770257827e-01
5.552213868003340602e-01
5.383577992600547812e-01
5.253073159088192945e-01
5.131399928392409437e-01
4.992511039503507164e-01
5.468552333213986261e-01
5.251587301587300471e-01
4.922544456379041034e-01
4.823257548633475000e-01
4.739825754863346008e-01
4.771571786609379862e-01
4.729818594104309715e-01
4.572711540756654314e-01
4.511516887456735181e-01
4.505907626208379702e-01
4.349206349206347078e-01
4.425110395035207200e-01
4.436272228189519495e-01
4.365079365079362894e-01
4.257205513784461104e-01
4.257145840792446734e-01
4.193823845327603328e-01
4.144205752476426419e-01
4.191019214703429197e-01
4.186060389067906562e-01
4.064924215300154131e-01
4.090938656164218035e-01
4.034968373314236634e-01
4.009189640768586749e-01
4.007638142976489015e-01
4.021849266022197722e-01
3.948582766439902025e-01
3.890082348728964856e-01
3.870390261367701590e-01
3.748702112423916710e-01
3.804511278195485957e-01
3.753908580976247911e-01
3.686436328917522820e-01
3.778732545649836072e-01
3.576799140708916691e-01
3.625799618092851451e-01
3.642320085929108830e-01
3.572263993316625030e-01
3.544814416994867545e-01
3.530328798185937700e-01
3.534431316386202893e-01
3.536460198114333431e-01
3.550543024227234556e-01
3.491228070175437792e-01
3.550543024227234556e-01
3.461749612125549214e-01
3.351235230934477283e-01
3.400405776345627462e-01
3.450053705692804340e-01
3.444325098460436219e-01
3.448144169948682558e-01
3.356492421530016257e-01
3.276524644945695286e-01
3.177136293113737020e-01
3.164473684210521442e-01
3.324024346580737865e-01
3.327843418068981429e-01
3.281298484306004459e-01
3.231411862990807848e-01
3.167442415562711222e-01
3.135583005131875600e-01
2.992242511039504005e-01
2.928989139515451035e-01
3.300035803795197675e-01
3.181167203723591630e-01
3.017376775271505829e-01
3.060081751999048083e-01
2.996300274495759530e-01
2.913760591956080503e-01
2.846401718582169948e-01
2.850220790070414068e-01
3.054830528702688341e-01
2.918128654970756908e-01
2.826351593268887075e-01
2.912042009786371954e-01
2.837331423797585517e-01
2.810597923379877239e-01
2.827067669172932951e-01
2.925886143931257233e-01
2.813581572980069501e-01
2.810120539443848875e-01
2.755698770736362269e-01
2.708437761069338867e-01
2.737319489199186440e-01
2.703186537773002995e-01
2.747821935791859849e-01
2.793650793650793718e-01
2.706050841389185946e-01
2.706289533357201793e-01
2.703186537773002995e-01
2.686478100011934766e-01
2.725862274734455748e-01
2.710824680749493454e-01
2.702351115884950583e-01
2.703186537773002995e-01
2.674543501611167939e-01
2.593149540517959428e-01
2.662847595178420845e-01
2.667621434538727243e-01
2.660818713450290862e-01
2.677885189163388691e-01
2.619525002983647544e-01
2.577437641723355211e-01
2.633011099176512104e-01
2.625611648168038048e-01
2.612841627879216588e-01
2.455304928989138769e-01
2.610096670247045170e-01
2.586227473445515956e-01
2.531328320802004317e-01
2.496001909535743857e-01
2.472610096670247171e-01
2.602598758801766832e-01
2.586839121613547787e-01
2.537892349922422630e-01
2.465091299677766579e-01
2.452201933404938861e-01
2.478458049886620718e-01
2.445518558300512901e-01
2.383936030552572249e-01
2.528595297768215788e-01
2.515813342881010328e-01
2.383936030552572249e-01
2.453753431197036594e-01
2.431674424155627345e-01
2.391693519513067578e-01
2.378207423320206071e-01
2.383936030552572249e-01
2.404940923737916292e-01
2.432867883995704084e-01
2.357202530134857865e-01
2.372240124119825433e-01
2.336436328917532723e-01
2.357202530134860918e-01
2.329036877909058390e-01
2.357679914070891503e-01
2.367227592791502633e-01
2.366392170903448833e-01
2.321876118868599626e-01
2.326888650196919373e-01
2.328559493973027805e-01
2.313760591956080248e-01
2.324263038548752269e-01
2.324263038548752269e-01
2.324263038548752269e-01
2.302303377491345948e-01
2.276882682897716781e-01
2.324263038548752269e-01
2.293710466642795986e-01
2.306957870867645810e-01
2.320802005012531366e-01
2.294903926482871614e-01
2.293233082706765402e-01
2.303258145363408227e-01
2.242391693519504015e-01
2.227831483470583684e-01
2.269602577873254257e-01
2.276524644945695786e-01
2.237009189640768170e-01
2.224609141902373355e-01
2.276524644945695786e-01
2.252297410192145577e-01
2.271870151569397034e-01
2.185583005131876699e-01
2.206110514381187104e-01
2.221148108366153562e-01
2.210788876954291604e-01
2.189998806540158494e-01
2.216374269005846609e-01
2.189998806540158494e-01
2.203842940685044050e-01
2.154672395273899421e-01
2.199665831244782266e-01
2.203484902733024164e-01
2.189998806540158494e-01
2.185344313163861962e-01
2.176751402315310890e-01
2.169232605322831131e-01
2.102995584198591728e-01
2.143453872777179026e-01
2.189998806540158494e-01
2.180689819787564321e-01
2.181167203723592685e-01
2.120047141663681800e-01
2.076023391812863716e-01
2.028523690177825300e-01
2.029001074113854497e-01
2.176035326411264459e-01
2.170664757130910949e-01
2.074829931972786978e-01
2.044635398018854744e-01
2.031746031746030356e-01
2.152762859529776251e-01
2.136054421768707745e-01
2.189998806540158494e-01
2.060747105859887518e-01
2.047857739587063131e-01
2.034968373314236523e-01
1.947607113020642100e-01
1.977771810478580750e-01
1.891180331781764368e-01
2.029597804033890229e-01
1.970879579902134748e-01
2.038190714882442411e-01
1.946532999164576894e-01
1.923976608187129844e-01
1.896288339897358732e-01
2.035207065282245709e-01
1.962406015037586604e-01
1.923260532283088686e-01
1.963360782909653879e-01
1.947129729084615957e-01
1.900346103353621752e-01
1.881370091896409080e-01
1.899988065401600756e-01
1.876715598520109218e-01
1.971237617854156576e-01
1.869077455543619037e-01
1.908222938298124449e-01
1.876715598520109218e-01
1.876715598520109218e-01
1.876715598520109218e-01
1.876715598520109218e-01
1.871703067191793635e-01
1.876715598520109218e-01
1.875760830648048327e-01
1.876715598520109218e-01
1.876715598520109218e-01
1.753073159088195943e-01
1.788399570354456125e-01
1.823725981620722691e-01
1.857142857142860815e-01
1.853801169590638953e-01
1.876715598520109218e-01
1.776464971953695682e-01
1.779567967537892537e-01
1.814894378804152719e-01
1.837331423797587127e-01
1.669411624298849095e-01
1.700083542188809416e-01
1.777300393841751425e-01
1.759279150256595758e-01
1.798424633011099782e-01
1.837665592552810701e-01
1.876715598520109218e-01
1.664041055018497806e-01
1.726578350638506010e-01
1.726817042606511032e-01
1.797231173171025265e-01
1.807584437283689116e-01
1.390738751641001913e-01
1.648048693161475453e-01
1.620790070414130368e-01
1.688101205394427762e-01
1.566595059076262564e-01
1.438238453276041440e-01
1.655925528105979261e-01
1.650674304809641446e-01
1.708915145005372171e-01
1.565222580260173524e-01
1.582169709989256767e-01
1.655925528105979261e-01
1.403866809881847699e-01
1.643394199785170318e-01
1.642797469865138749e-01
1.552810597923376390e-01
1.601503759398491544e-01
1.461152882205511983e-01
1.652106456617735142e-01
1.655925528105979261e-01
1.610096670247047057e-01
1.527986633249781845e-01
1.518438954529174045e-01
1.655925528105979261e-01
1.466165413533829509e-01
1.654970760233919203e-01
1.627043799976131411e-01
1.369495166487647297e-01
1.529896168993914451e-01
1.484067311134973643e-01
1.432509846043683033e-01
1.390500059672987176e-01
1.369495166487647297e-01
1.587182241317576514e-01
1.527031865377719844e-01
1.495524525599712107e-01
1.443012292636346450e-01
1.401002506265664749e-01
1.369495166487647297e-01
1.369495166487647297e-01
1.449591240004748649e-01
1.448024823964681185e-01
1.376417233560087994e-01
1.391454827545043071e-01
1.369495166487647297e-01
1.369495166487647297e-01
1.353264112662608265e-01
1.451605203484894469e-01
1.360902255639097336e-01
1.405298961689936121e-01
1.357083184150842670e-01
1.369495166487647297e-01
1.352309344790548484e-01
1.356128416278791216e-01
1.346789593030177368e-01
1.346371882086155602e-01
1.368540398615581133e-01
1.347535505430241254e-01
1.345625969686119194e-01
1.355173648406731435e-01
1.345625969686119194e-01
1.425826470939245416e-01
1.345625969686119194e-01
1.346580737558181196e-01
1.345625969686119194e-01
1.345625969686119194e-01
1.345625969686119194e-01
1.345625969686119194e-01
1.345625969686119194e-01
1.345625969686119194e-01
1.349445041174364424e-01
1.353264112662608265e-01
1.345625969686119194e-01
1.345625969686119194e-01
1.348012889366273781e-01
1.345625969686119194e-01
1.332020527509248375e-01
1.345625969686119194e-01
1.345625969686119194e-01
1.326530612244900265e-01
1.412459720730398771e-01
1.338942594581693235e-01
1.336555674901540869e-01
1.345625969686119194e-01
1.345625969686119194e-01
1.322234156820622508e-01
1.339419978517726040e-01
1.335600907029477757e-01
1.341090822293826978e-01
1.322950232724670050e-01
1.300751879699248992e-01
1.317937701396352246e-01
1.318892469268409251e-01
1.332259219477266443e-01
1.345625969686119194e-01
1.327485380116955882e-01
1.345625969686119194e-01
1.345625969686119194e-01
1.345625969686119194e-01
1.328917531925050688e-01
1.342284282133908990e-01
1.332020527509248375e-01
1.253729562000236997e-01
1.345625969686119194e-01
1.312209094163983292e-01
1.325575844372835210e-01
1.338942594581693235e-01
1.336555674901540869e-01
1.318415085332377557e-01
1.300274495763212301e-01
1.308867406611767537e-01
1.334407447189405183e-01
1.335600907029477757e-01
1.262065878983172906e-01
1.256116481680392694e-01
1.251342642320084353e-01
1.246568802959778371e-01
1.318892469268409251e-01
