1.409635750129779375e+00
1.320505277729710825e+00
1.198892541962277125e+00
1.047075618619137893e+00
9.391815192939956258e-01
9.178906385187745043e-01
8.721621387783349277e-01
8.291745976812597840e-01
8.053746322893232668e-01
8.032964180654090791e-01
7.497568783526562530e-01
7.186364422910539451e-01
6.976483820730225993e-01
6.924788025609963649e-01
6.702197612043605535e-01
6.642360269942897411e-01
6.469977504758608333e-01
6.366577262502163270e-01
6.173204706696661104e-01
6.115937013324104221e-01
6.022175116802214179e-01
6.142931302993597242e-01
5.930827132721923078e-01
5.881328949645266979e-01
5.803209897906210779e-01
5.795068350925764999e-01
5.751903443502337510e-01
5.743900328776604391e-01
5.745976812597336503e-01
5.500605641114379996e-01
5.526215608236719756e-01
5.400977677798923793e-01
5.537290188613946951e-01
5.529036165426544081e-01
5.398511853261809268e-01
5.324104516352309302e-01
5.170531233777467817e-01
5.084045682644056097e-01
4.941962277210580345e-01
5.281069389167671879e-01
4.842014189306109162e-01
5.108236719155563321e-01
4.992905346945837874e-01
4.922304897041011595e-01
4.838553382938226011e-01
4.711195708600105503e-01
4.698044644402147307e-01
4.656220799446269543e-01
4.624865893753242196e-01
4.613947049662571742e-01
4.550622945146219345e-01
4.504239487800660302e-01
4.589046547845649360e-01
4.542654438484166057e-01
4.551998615677453341e-01
4.508392455442118973e-01
4.429832150891158671e-01
4.458210763107804953e-01
4.499100190344349492e-01
4.475860875584010690e-01
4.222339505104687474e-01
4.196833362173386095e-01
4.311126492472747151e-01
4.155096037376694862e-01
4.186191382592145405e-01
4.104170271673299175e-01
4.095864336390379057e-01
4.056757224433293341e-01
4.049835611697525373e-01
4.078906385187748285e-01
3.973697871604082721e-01
4.101055545942204894e-01
4.037376708773145473e-01
3.997231354905692591e-01
3.720020764838207206e-01
3.816577262502163781e-01
3.779200553729020751e-01
3.946028724692853262e-01
3.667762588683163294e-01
3.597162138778335905e-01
3.539089807925238640e-01
3.594350233604425848e-01
3.464267174251600134e-01
3.635923170098633861e-01
3.635231008825046128e-01
3.525177366326353035e-01
3.263626925073542240e-01
3.313722097248659182e-01
3.159197092922642613e-01
3.123377747015055328e-01
3.449541443156255993e-01
2.934763799965393050e-01
3.023014362346426731e-01
2.967849108842356975e-01
3.017961585049314110e-01
3.141097075618617951e-01
3.253157985810693487e-01
2.758954836476899541e-01
2.969371863644229559e-01
2.980437792005533604e-01
2.664820903270462282e-01
2.654438484166810608e-01
2.666551306454402748e-01
2.728153659802733944e-01
2.657328257483986822e-01
2.709084616715680682e-01
2.612908807752206131e-01
2.582799792351617163e-01
2.603910711195707717e-01
2.606679356290014238e-01
2.606679356290015903e-01
2.526777989271494773e-01
2.535732825748400754e-01
2.558816404222183927e-01
2.476206956220798061e-01
2.491823844955866063e-01
2.472746149852914632e-01
2.466187921785771286e-01
2.527426890465477305e-01
2.455442118013496378e-01
2.503893407163869100e-01
2.439868489358019144e-01
2.441598892541961552e-01
2.451635231008825466e-01
2.458556843744593712e-01
2.430524312164733525e-01
2.446790102093785724e-01
2.413912441598891900e-01
2.430524312164733525e-01
2.416335006056410939e-01
2.417719328603564199e-01
2.408807752206262864e-01
2.413912441598891900e-01
2.411835957778161732e-01
2.412060910192070362e-01
2.409759473957431841e-01
2.396608409759473646e-01
2.407336909499912803e-01
2.391797888908109848e-01
2.396262329122684498e-01
2.397646651669839424e-01
2.387956393839764380e-01
2.389340716386917918e-01
2.392455442118012199e-01
2.331891330680048446e-01
2.383111264924727968e-01
2.370652362000346403e-01
2.379062121474301850e-01
2.378958297283266243e-01
2.383111264924727968e-01
2.337428620868661766e-01
2.374113168368229554e-01
2.366499394358886343e-01
2.369614120089982012e-01
2.360962104170271358e-01
2.370652362000346403e-01
2.337991001903440003e-01
2.337428620868663154e-01
2.359577781623118098e-01
2.369960200726769495e-01
2.309742169925591837e-01
2.304897041010555148e-01
2.283093960892887964e-01
2.336736459595085136e-01
2.249524139124415845e-01
2.363038587991002915e-01
2.244332929572591395e-01
2.280671396435368925e-01
2.294514621906905139e-01
2.288977331718290431e-01
2.232912268558574220e-01
2.370652362000346403e-01
2.242602526388648987e-01
2.253677106765877292e-01
2.282055718982523573e-01
2.298667589548365198e-01
2.225298494549230732e-01
2.248831977850838937e-01
2.229451462190690791e-01
2.214916075445579335e-01
2.224606333275654102e-01
2.215262156082366818e-01
2.219069043087039395e-01
2.216300397992732596e-01
2.214916075445579335e-01
2.230835784737845717e-01
2.214916075445579335e-01
2.222529849454924211e-01
2.210070946530542646e-01
2.201964007613771424e-01
2.204187575705140179e-01
2.211455269077694519e-01
2.203841495068351031e-01
2.206610140162659217e-01
2.208686623983389385e-01
2.197612043606161081e-01
2.214916075445579335e-01
2.200380688700467602e-01
2.188977331718289232e-01
2.149160754455788080e-01
2.197612043606161081e-01
2.197612043606161081e-01
2.195189479148642042e-01
2.199688527426890972e-01
2.154005883370826435e-01
2.148468593182211450e-01
2.173386399030974581e-01
2.183076656861049625e-01
2.172002076483821320e-01
2.185153140681779516e-01
2.160235334833016385e-01
2.135317528984253255e-01
2.083751514102786251e-01
2.068523966084096499e-01
2.190344350233605353e-01
2.172694237757399616e-01
2.166464786295206335e-01
2.141546980446444870e-01
2.087558401107457162e-01
2.042221837688181496e-01
2.146392109361483225e-01
2.041875757051392626e-01
2.066447482263366608e-01
2.112130126319432810e-01
2.091365288112129461e-01
2.037376708773143419e-01
2.012631943242774168e-01
1.988925419622770696e-01
2.070064024917807888e-01
1.999965391936319725e-01
2.095172175116802038e-01
2.043606160235335034e-01
2.002422564457517762e-01
1.996539193632115572e-01
1.986156774528463898e-01
1.981311645613427208e-01
1.981311645613427208e-01
2.049835611697524984e-01
2.024917805848761854e-01
1.999999999999998723e-01
1.983734210070946247e-01
2.003806887004671300e-01
1.981311645613427208e-01
2.056065063159714934e-01
1.898252292784217976e-01
1.964699775047587249e-01
1.981311645613427208e-01
1.981311645613427208e-01
1.981311645613427208e-01
1.981311645613427208e-01
1.982695968160580469e-01
1.930178231527946153e-01
1.977158677971965761e-01
1.981311645613427208e-01
1.981311645613427208e-01
1.862605987195014301e-01
1.877487454576916293e-01
1.919077695102956727e-01
1.960546807406125802e-01
1.981311645613427208e-01
1.865028551652533340e-01
1.825575359058658753e-01
1.867105035473264896e-01
1.908634711887867985e-01
1.721751168022147838e-01
1.727755667070338674e-01
1.981311645613427208e-01
1.763903789582972614e-01
1.856722616369613221e-01
1.721751168022147838e-01
1.930091711368749352e-01
1.721751168022147838e-01
1.685758781796156403e-01
1.755667070427409104e-01
1.814846859318222649e-01
1.887869873680566302e-01
1.906904308703928630e-01
1.721751168022147838e-01
1.663609621041703124e-01
1.703062813635577710e-01
1.709984426371345956e-01
1.493337947741823213e-01
1.721751168022147838e-01
1.518255753590586066e-01
1.682990136701851269e-01
1.621733863990309499e-01
1.631770202457171748e-01
1.721751168022147838e-01
1.721751168022147838e-01
1.721751168022147838e-01
1.712753071465651089e-01
1.619657380169576277e-01
1.568783526561688957e-01
1.469804464440211678e-01
1.392282401799618818e-01
1.308729884062983240e-01
1.721751168022147838e-01
1.644229105381550260e-01
1.608582799792351303e-01
1.489184980100360101e-01
1.411662917459767241e-01
1.322028032531577246e-01
1.254351964007612563e-01
1.660494895310604402e-01
1.586087558401105824e-01
1.508565495760512964e-01
1.406817788544730552e-01
1.338985983734211072e-01
1.267001211282228201e-01
1.237238276518428520e-01
1.237238276518428520e-01
1.527946011420661110e-01
1.423775739747359659e-01
1.355943934936840178e-01
1.281882678664127417e-01
1.237238276518428520e-01
1.576397300571030780e-01
1.537982349887523359e-01
1.469804464440211678e-01
1.372901886139470673e-01
1.285966430178224762e-01
1.661187056584184085e-01
1.186364422910539673e-01
1.237238276518428520e-01
1.430697352483126239e-01
1.373247966776256768e-01
1.301263194324274175e-01
1.252171655995845401e-01
1.215089115763975242e-01
1.193632116283095401e-01
1.410598719501644782e-01
1.213012631943243685e-01
1.292957259041358775e-01
1.215435196400761197e-01
1.181519293995501457e-01
1.191209551825576363e-01
1.200899809655649741e-01
1.187748745457691546e-01
1.205744938570686431e-01
1.230662744419447896e-01
1.179096729537983945e-01
1.188786987368057185e-01
1.198477245198132091e-01
1.176674165080464768e-01
1.338639903097421924e-01
1.176674165080464768e-01
1.176674165080464768e-01
1.186364422910539673e-01
1.196054680740613052e-01
1.176674165080464768e-01
1.176674165080464768e-01
1.176674165080464768e-01
1.176674165080464768e-01
1.183941858453020635e-01
1.193632116283095401e-01
1.176674165080464768e-01
1.176674165080464768e-01
1.176674165080464768e-01
1.172521197439004847e-01
1.176674165080464768e-01
1.176674165080464768e-01
1.176674165080464768e-01
1.176674165080464768e-01
1.162138778335353312e-01
1.170444713618274818e-01
1.175635923170098990e-01
1.171482955528639069e-01
1.176674165080464768e-01
1.163177020245717563e-01
1.176674165080464768e-01
1.176674165080464768e-01
1.176674165080464768e-01
1.172521197439004847e-01
1.176674165080464768e-01
1.149679875410971747e-01
1.157985810693893253e-01
1.166291745976813232e-01
1.174597681259734877e-01
1.173559439349369099e-01
1.169406471707909040e-01
1.136182730576224403e-01
1.155909326873161697e-01
1.164215262156083203e-01
1.172521197439004847e-01
1.174597681259734877e-01
1.170444713618273291e-01
1.176674165080464768e-01
1.157293649420315096e-01
1.162138778335353312e-01
1.170444713618274818e-01
1.175635923170098990e-01
1.129953279114034453e-01
1.134106246755494374e-01
1.138259214396954433e-01
1.160062294514623282e-01
