1.049551047555703276e+00
9.258563352178250661e-01
9.025606917193216283e-01
7.905387429331552918e-01
8.121050881277021016e-01
7.130362487529094961e-01
6.757565680079813397e-01
6.331892251413371309e-01
6.365147988027933801e-01
5.926172264715663385e-01
6.005986032590621138e-01
5.577153308945792531e-01
5.507149983372130464e-01
5.224476222148322080e-01
5.147988027934820021e-01
4.852261390089788184e-01
4.775523777851680141e-01
4.629198536747588522e-01
4.615896242101763525e-01
4.369886930495509580e-01
4.289990023279016129e-01
4.290073162620551828e-01
4.183571666112403942e-01
4.160292650482209642e-01
4.057199866977053149e-01
4.023944130362487881e-01
4.030595277685400935e-01
3.940804788826072769e-01
3.997339541070835667e-01
3.817841702693713923e-01
3.984037246425009560e-01
3.717991353508481311e-01
3.764549384768872686e-01
3.668190887928163835e-01
3.531759228466909706e-01
3.571666112404390248e-01
3.478550049883605277e-01
3.574991686065846497e-01
3.471898902560691114e-01
3.408713002993015162e-01
3.431992018623211127e-01
3.388759561024276001e-01
3.405387429331558913e-01
3.368806119055535730e-01
3.398736282008645859e-01
3.328899235118057409e-01
3.338875956102426157e-01
3.252577319587627858e-01
3.325573661456600050e-01
3.239108746258730354e-01
3.325573661456600050e-01
3.159294978383770935e-01
3.139341536415033440e-01
3.152643831060859547e-01
3.279015630196209785e-01
3.019704023944126403e-01
3.026272031925507644e-01
3.036248752909876392e-01
3.019787163285665987e-01
3.033505154639172252e-01
3.019620884602593480e-01
2.993099434652476964e-01
2.999667442633853209e-01
2.979797140006654188e-01
2.999667442633853209e-01
2.896574659128697826e-01
2.793481875623545774e-01
2.823412038576653682e-01
2.886597938144329634e-01
2.843365480545392843e-01
2.793481875623545774e-01
2.766877286331891339e-01
2.713668107748588021e-01
2.730295976055867602e-01
2.740272697040240235e-01
2.760226139008980506e-01
2.713668107748588021e-01
2.713668107748585245e-01
2.693714665779847195e-01
2.713668107748585245e-01
2.667110076488192760e-01
2.687063518456933031e-01
2.667110076488192760e-01
2.573994013967407790e-01
2.667110076488192760e-01
2.590954439640834606e-01
2.667110076488192760e-01
2.564017292983039598e-01
2.660458929165279707e-01
2.547389424675755576e-01
2.460924509477885602e-01
2.544063851014299327e-01
2.460924509477885602e-01
2.544063851014299327e-01
2.460924509477885602e-01
2.457598935816428520e-01
2.460924509477885602e-01
2.494180246092450870e-01
2.421017625540404783e-01
2.427668772863320334e-01
2.414366478217491729e-01
2.427668772863320334e-01
2.414366478217491729e-01
2.454273362154972549e-01
2.414366478217491729e-01
2.387761888925839515e-01
2.414366478217491729e-01
2.384436315264382433e-01
2.414366478217491729e-01
2.384436315264382433e-01
2.414366478217491729e-01
2.384436315264382433e-01
2.414366478217491729e-01
2.361739275024934415e-01
2.354506152311273137e-01
2.281343531759228160e-01
2.414366478217491729e-01
2.258064516129034416e-01
2.354506152311273137e-01
2.287994679082140104e-01
2.354506152311273137e-01
2.238111074160293867e-01
2.354506152311273137e-01
2.238111074160293867e-01
2.148320585300963481e-01
2.208180911207183461e-01
2.268041237113402053e-01
2.164948453608246670e-01
2.061855670103092397e-01
2.164948453608246670e-01
2.061855670103092397e-01
2.061855670103092397e-01
2.061855670103092397e-01
2.135018290655137374e-01
2.061855670103092397e-01
2.042733621549715495e-01
2.061855670103092397e-01
2.101762554040569608e-01
2.061855670103092397e-01
1.998669770535415613e-01
2.061855670103092397e-01
1.995344196873959641e-01
2.061855670103092397e-01
1.952111739275022850e-01
2.061855670103092397e-01
1.952111739275022850e-01
1.935483870967740772e-01
1.952111739275022850e-01
1.935483870967740772e-01
1.998669770535415613e-01
2.061855670103092397e-01
1.952111739275022850e-01
1.935483870967740772e-01
1.925507149983371746e-01
1.935483870967740772e-01
1.878949118722979261e-01
1.935483870967740772e-01
1.878949118722979261e-01
1.935483870967740772e-01
1.878949118722979261e-01
1.935483870967740772e-01
1.878949118722979261e-01
1.822414366478216363e-01
1.868972397738609126e-01
1.915530428999001611e-01
1.832391087462586499e-01
1.842367808446955524e-01
1.862321250415697182e-01
1.822913202527434995e-01
1.832474226804121087e-01
1.822414366478216363e-01
1.862321250415697182e-01
1.822414366478216363e-01
1.868972397738609126e-01
1.822414366478216363e-01
1.795809777186564149e-01
1.822414366478216363e-01
1.769205187894911935e-01
1.822414366478216363e-01
1.789158629863652206e-01
1.822414366478216363e-01
1.706019288327237371e-01
1.822414366478216363e-01
1.716661124043898368e-01
1.662786830728300580e-01
1.706019288327237371e-01
1.822414366478216363e-01
1.706019288327237371e-01
1.749251745926171664e-01
1.732623877618889585e-01
1.589624210176255881e-01
1.732623877618889585e-01
1.662786830728300580e-01
1.662953109411370589e-01
1.589624210176255881e-01
1.706019288327237371e-01
1.589624210176255881e-01
1.686065846358496823e-01
1.589624210176255881e-01
1.709511140671765572e-01
1.589624210176255881e-01
1.662786830728300580e-01
1.589624210176255881e-01
1.602926504822081988e-01
1.589624210176255881e-01
1.649484536082474473e-01
1.589624210176255881e-01
1.589624210176255881e-01
1.589624210176255881e-01
1.589624210176255881e-01
1.589624210176255881e-01
1.566345194546059361e-01
1.589624210176255881e-01
1.566345194546059361e-01
1.589624210176255881e-01
1.566345194546059361e-01
1.589624210176255881e-01
1.569670768207517830e-01
1.543066178915863118e-01
1.546391752577321588e-01
1.549717326238777282e-01
1.569670768207517830e-01
1.503159294978384797e-01
1.546391752577321588e-01
1.503159294978384797e-01
1.526438310608581039e-01
1.503159294978384797e-01
1.516461589624208683e-01
1.503159294978384797e-01
1.523112736947125068e-01
1.503159294978384797e-01
1.516461589624208683e-01
1.543066178915863118e-01
1.503159294978384797e-01
1.503159294978384797e-01
1.503159294978384797e-01
1.549717326238777282e-01
1.503159294978384797e-01
1.503159294978384797e-01
1.503159294978384797e-01
1.503159294978384797e-01
1.503159294978384797e-01
1.503159294978384797e-01
1.503159294978384797e-01
1.503159294978384797e-01
1.503159294978384797e-01
1.503159294978384797e-01
1.496674426338541752e-01
1.503159294978384797e-01
1.499833721316928825e-01
1.503159294978384797e-01
1.496508147655470633e-01
1.503159294978384797e-01
1.493182573994014661e-01
1.503159294978384797e-01
1.493182573994014661e-01
1.503159294978384797e-01
1.489857000332557579e-01
1.483205853009643138e-01
1.493182573994014661e-01
1.496508147655471743e-01
1.493182573994014661e-01
1.483205853009643138e-01
1.493182573994014661e-01
1.483205853009643138e-01
1.483372131692714535e-01
1.483205853009643138e-01
1.493182573994014661e-01
1.483205853009643138e-01
1.493182573994014661e-01
1.483205853009643138e-01
1.489857000332557579e-01
1.483205853009643138e-01
1.483205853009643138e-01
1.483205853009643138e-01
1.483205853009643138e-01
1.483205853009643138e-01
1.483205853009643138e-01
1.483205853009643138e-01
1.483205853009643138e-01
1.483205853009643138e-01
1.486531426671100498e-01
1.483205853009643138e-01
1.469903558363819529e-01
1.483205853009643138e-01
1.483205853009643138e-01
1.483205853009643138e-01
1.469903558363819529e-01
1.483205853009643138e-01
1.483205853009643138e-01
1.483205853009643138e-01
1.410043232457600659e-01
1.483205853009643138e-01
1.386764216827404417e-01
1.483205853009643138e-01
1.380695044895242085e-01
1.483205853009643138e-01
1.383438643165947335e-01
1.483205853009643138e-01
1.420685068174260823e-01
1.314599268373789487e-01
1.396740937811771222e-01
1.483205853009643138e-01
1.376787495843030673e-01
1.310276022613900138e-01
1.463252411040902867e-01
1.270369138676421816e-01
1.380113069504487755e-01
1.310276022613900138e-01
1.356834053874292623e-01
1.270369138676421816e-01
1.376787495843030673e-01
1.310276022613900138e-01
1.271699368141003539e-01
1.310276022613900138e-01
1.356834053874292623e-01
1.270369138676421816e-01
1.356834053874292623e-01
1.270369138676421816e-01
1.293731293648152647e-01
1.270369138676421816e-01
1.356834053874292623e-01
1.270369138676421816e-01
1.376787495843030673e-01
1.270369138676421816e-01
1.356834053874292623e-01
1.270369138676421816e-01
1.270369138676421816e-01
1.270369138676421816e-01
1.350182906551378459e-01
1.270369138676421816e-01
1.330229464582640408e-01
1.270369138676421816e-01
1.356834053874292623e-01
1.270369138676421816e-01
1.270369138676421816e-01
1.270369138676421816e-01
1.270369138676421816e-01
1.270369138676421816e-01
1.270369138676421816e-01
1.270369138676421816e-01
1.270369138676421816e-01
1.270369138676421816e-01
1.270369138676421816e-01
1.270369138676421816e-01
1.270369138676421816e-01
1.270369138676421816e-01
1.270369138676421816e-01
1.270369138676421816e-01
1.270369138676421816e-01
1.270369138676421816e-01
1.270369138676421816e-01
1.270369138676421816e-01
1.243764549384769463e-01
1.270369138676421816e-01
1.177668772863313534e-01
1.270369138676421816e-01
1.177253076155636569e-01
1.270369138676421816e-01
1.177253076155636569e-01
1.270369138676421816e-01
1.177253076155636569e-01
1.270369138676421816e-01
1.167359494512803242e-01
1.035583638177518528e-01
1.177253076155636569e-01
1.270369138676421816e-01
1.177253076155636569e-01
1.217159960093116139e-01
1.170601928832724625e-01
1.084137013634852570e-01
1.150648486863984354e-01
1.270369138676421816e-01
1.150648486863984354e-01
1.084137013634852570e-01
1.177253076155636569e-01
1.270369138676421816e-01
1.150648486863984354e-01
1.030927835051546892e-01
1.150648486863984354e-01
1.270369138676421816e-01
1.150648486863984354e-01
1.084137013634852570e-01
1.177253076155636569e-01
1.030927835051546892e-01
1.121217159960093412e-01
1.270369138676421816e-01
1.057532424343200217e-01
1.030927835051546892e-01
1.124043897572330891e-01
1.030927835051546892e-01
1.094113734619222705e-01
1.030927835051546892e-01
1.143997339541070052e-01
1.030927835051546892e-01
