1.254089422028353384e+00
1.086484460196291524e+00
1.086150490730643403e+00
9.782170119956379306e-01
9.443838604143948157e-01
8.928707742639041545e-01
8.947655398037079877e-01
8.195269901853869943e-01
7.846237731733913812e-01
7.585059978189743202e-01
7.404580152671754734e-01
7.224918211559430148e-01
6.875681570338059156e-01
6.603462377317337317e-01
6.733914940021810125e-01
6.305888767720827515e-01
6.319520174482006203e-01
6.177753544165758282e-01
5.937840785169028468e-01
5.992434569247546694e-01
5.872410032715376094e-01
5.815294438386039433e-01
5.632497273718647390e-01
5.559092148309703330e-01
5.561613958560522875e-01
5.520787895310793614e-01
5.550708833151579702e-01
5.384746455834238388e-01
5.414394765539802812e-01
5.392584514721919797e-01
5.283533260632498063e-01
5.155534351145037997e-01
5.283533260632498063e-01
5.150013631406761272e-01
5.272628135223554890e-01
5.039190294438384843e-01
5.032715376226827297e-01
4.951744820065420161e-01
5.032715376226827297e-01
4.820065430752453750e-01
4.885496183206107235e-01
4.809160305343513353e-01
4.880043620501635648e-01
4.689203925845147891e-01
4.721919302071974078e-01
4.632088331515812896e-01
4.607415485278080203e-01
4.454743729552890774e-01
4.607415485278080203e-01
4.490185387131950812e-01
4.487459105779715851e-01
4.337513631406761383e-01
4.487459105779715851e-01
4.293893129770992578e-01
4.187568157033806915e-01
4.157579062159215133e-01
4.182115594329335884e-01
4.062159214830970422e-01
4.118320610687021266e-01
4.004975463467828622e-01
4.116684841875681844e-01
3.917666303162485875e-01
3.958560523446018609e-01
3.838604143947654812e-01
3.936750272628134484e-01
3.890403489640131829e-01
3.849509269356596874e-01
3.811341330425299101e-01
3.827699018538712750e-01
3.745910577971647282e-01
3.827699018538712750e-01
3.737731733914942400e-01
3.763358778625952583e-01
3.724100327153763157e-01
3.664122137404581259e-01
3.552344601962922899e-01
3.664122137404581259e-01
3.497818974918210921e-01
3.396946564885496289e-01
3.454198473282443227e-01
3.353326063249726374e-01
3.309705561613957014e-01
3.353326063249726374e-01
3.462377317339148108e-01
3.336968375136314391e-01
3.276990185387130827e-01
3.304252998909486538e-01
3.296074154852779992e-01
3.288304252998904276e-01
3.260700654307523427e-01
3.287895310796074555e-01
3.236232279171212256e-01
3.287895310796074555e-01
3.255179934569246702e-01
3.222464558342421070e-01
3.238958560523445551e-01
3.233369683751364798e-01
3.159760087241004212e-01
3.222464558342421070e-01
3.189749182115594883e-01
3.222464558342421070e-01
3.137949836423118422e-01
3.222464558342421070e-01
3.124318429661941399e-01
3.140676117775355047e-01
3.091603053435115211e-01
3.140676117775355047e-01
3.091603053435115211e-01
3.026172300981461727e-01
3.067066521264994461e-01
3.026172300981461727e-01
3.020719738276989585e-01
3.026172300981461727e-01
2.988004362050161733e-01
3.026172300981461727e-01
3.015267175572519665e-01
2.960741548527807687e-01
3.012540894220283039e-01
3.026172300981461727e-01
2.955288985823337766e-01
2.949836423118866180e-01
2.982551799345691812e-01
2.949836423118866180e-01
2.949836423118866180e-01
2.949836423118866180e-01
2.821701199563795281e-01
2.949836423118866180e-01
2.791712104689204610e-01
2.682660850599780655e-01
2.761723009814613383e-01
2.949836423118866180e-01
2.775490730643399018e-01
2.682660850599780655e-01
2.729007633587785531e-01
2.895310796074154203e-01
2.707197382769901961e-01
2.628135223555069233e-01
2.699086695747001108e-01
2.628135223555069233e-01
2.655398037077424944e-01
2.628135223555069233e-01
2.628135223555069233e-01
2.628135223555069233e-01
2.551935659760085628e-01
2.628135223555069233e-01
2.540894220283533289e-01
2.448200654307523816e-01
2.557320065430753742e-01
2.508178844056705437e-01
2.538167938931296663e-01
2.568157033805887335e-01
2.480984187568157640e-01
2.448200654307523816e-01
2.508178844056705437e-01
2.448200654307523816e-01
2.456379498364230640e-01
2.448200654307523816e-01
2.456379498364230640e-01
2.448200654307523816e-01
2.448200654307523816e-01
2.213740458015266421e-01
2.388290621592148166e-01
2.448200654307523816e-01
2.347396401308615155e-01
2.448200654307523816e-01
2.369138495092693031e-01
2.213740458015266421e-01
2.392380043620480345e-01
2.448200654307523816e-01
2.309160305343511133e-01
2.170119956379498727e-01
2.309160305343511133e-01
2.170119956379498727e-01
2.287350054525627285e-01
2.170119956379498727e-01
2.307115594329324781e-01
2.170119956379498727e-01
2.255043620501630819e-01
2.213740458015266421e-01
2.273718647764448320e-01
2.170119956379498727e-01
2.290076335877860303e-01
2.170119956379498727e-01
2.232824427480915308e-01
2.170119956379498727e-01
2.170119956379498727e-01
2.170119956379498727e-01
2.170119956379498727e-01
2.170119956379498727e-01
2.156488549618321704e-01
2.142857142857142738e-01
2.156488549618319761e-01
2.170119956379498727e-01
2.121046892039258891e-01
2.071973827699019055e-01
2.121046892039258891e-01
2.142857142857142738e-01
2.134678298800435636e-01
2.142857142857142738e-01
2.085605234460197743e-01
2.142857142857142738e-01
2.071973827699019055e-01
2.071973827699019055e-01
2.072450926935660576e-01
2.071973827699019055e-01
2.107415485278079925e-01
2.071973827699019055e-01
2.107415485278079925e-01
2.071973827699019055e-01
2.050163576881134930e-01
2.071973827699019055e-01
2.071973827699019055e-01
2.071973827699019055e-01
2.058342420937842032e-01
2.071973827699019055e-01
2.058342420937842032e-01
2.071973827699019055e-01
2.071973827699019055e-01
2.071973827699019055e-01
2.036532170119955965e-01
2.071973827699019055e-01
2.058683206106867170e-01
2.071973827699019055e-01
2.041984732824426163e-01
2.071973827699019055e-01
2.033805888767719061e-01
1.946564885496183395e-01
1.998364231188658191e-01
2.017448200654309021e-01
2.009269356597600253e-01
1.948336968375135314e-01
1.982006543075246208e-01
1.946564885496183395e-01
2.009269356597600253e-01
1.946564885496183395e-01
2.009269356597600253e-01
1.946564885496183395e-01
2.001090512540895094e-01
1.946564885496183395e-01
1.946564885496183395e-01
1.946564885496183395e-01
1.946973827699012838e-01
1.946564885496183395e-01
1.946564885496183395e-01
1.946564885496183395e-01
1.946564885496183395e-01
1.946564885496183395e-01
1.946564885496183395e-01
1.946564885496183395e-01
1.946564885496183395e-01
1.946564885496183395e-01
1.946564885496183395e-01
1.946564885496183395e-01
1.946564885496183395e-01
1.946564885496183395e-01
1.935659760087239389e-01
1.946564885496183395e-01
1.932933478735004429e-01
1.946564885496183395e-01
1.932933478735004429e-01
1.946564885496183395e-01
1.932933478735004429e-01
1.946564885496183395e-01
1.922300981461281533e-01
1.941248636859325694e-01
1.932933478735004429e-01
1.919302071973827406e-01
1.935659760087239389e-01
1.941112322791713474e-01
1.943838604143948434e-01
1.919302071973827406e-01
1.930207197382769468e-01
1.919302071973827406e-01
1.932933478735004429e-01
1.919302071973827406e-01
1.919302071973827406e-01
1.919302071973827406e-01
1.922028353326062367e-01
1.919302071973827406e-01
1.919302071973827406e-01
1.919302071973827406e-01
1.919302071973827406e-01
1.919302071973827406e-01
1.919302071973827406e-01
1.919302071973827406e-01
1.919302071973827406e-01
1.919302071973827406e-01
1.919302071973827406e-01
1.919302071973827406e-01
1.919302071973827406e-01
1.919302071973827406e-01
1.919302071973827406e-01
1.919302071973827406e-01
1.919302071973827406e-01
1.919302071973827406e-01
1.919302071973827406e-01
1.919302071973827406e-01
1.913849509269355542e-01
1.919302071973827406e-01
1.870229007633587570e-01
1.919302071973827406e-01
1.911191384950926830e-01
1.919302071973827406e-01
1.919302071973827406e-01
1.821155943293347734e-01
1.870229007633587570e-01
1.919302071973827406e-01
1.881134133042531575e-01
1.837513631406761661e-01
1.913849509269355542e-01
1.919302071973827406e-01
1.870229007633587570e-01
1.902944383860413480e-01
1.870229007633587570e-01
1.919302071973827406e-01
1.873091603053435028e-01
1.837513631406761661e-01
1.870229007633587570e-01
1.821155943293347734e-01
1.872955288985822531e-01
1.902944383860413480e-01
1.870229007633587570e-01
1.837513631406761661e-01
1.862322791712099634e-01
1.837513631406761661e-01
1.862050163576880746e-01
1.902944383860413480e-01
1.821155943293347734e-01
1.902944383860413480e-01
1.830357142857128583e-01
1.821155943293347734e-01
1.829334787350054836e-01
1.902944383860413480e-01
1.821155943293347734e-01
1.821155943293347734e-01
1.829334787350054836e-01
1.821155943293347734e-01
1.821155943293347734e-01
1.821155943293347734e-01
1.821155943293347734e-01
1.821155943293347734e-01
1.862050163576880746e-01
1.821155943293347734e-01
1.821155943293347734e-01
1.821155943293347734e-01
1.821155943293347734e-01
1.821155943293347734e-01
1.821155943293347734e-01
1.821155943293347734e-01
1.804798255179933808e-01
1.821155943293347734e-01
1.804798255179933808e-01
1.821155943293347734e-01
1.804798255179933808e-01
1.821155943293347734e-01
1.805002726281350611e-01
1.821155943293347734e-01
1.804798255179933808e-01
1.821155943293347734e-01
1.821155943293347734e-01
1.821155943293347734e-01
1.804798255179933808e-01
1.821155943293347734e-01
1.804798255179933808e-01
1.821155943293347734e-01
1.821155943293347734e-01
1.788440567066521825e-01
1.750272628135224051e-01
1.821155943293347734e-01
1.750272628135224051e-01
1.821155943293347734e-01
1.750272628135224051e-01
1.821155943293347734e-01
1.799345692475461944e-01
1.788440567066521825e-01
1.750272628135224051e-01
1.821155943293347734e-01
1.750272628135224051e-01
1.821155943293347734e-01
1.750272628135224051e-01
1.679389312977100368e-01
1.750272628135224051e-01
1.821155943293347734e-01
1.750272628135224051e-01
1.788440567066521825e-01
1.750272628135224051e-01
1.679389312977100368e-01
1.697110141766609293e-01
1.679389312977100368e-01
1.758451472191930876e-01
1.788440567066521825e-01
1.679389312977100368e-01
1.788440567066521825e-01
1.733914940021812068e-01
1.679389312977100368e-01
