8.383088222234057474e-01
8.272499600362339667e-01
8.490257721887709552e-01
8.164473099944931089e-01
7.418518321166587270e-01
7.166378039466440031e-01
6.698859700538178918e-01
6.418536082840448076e-01
6.222136374131894687e-01
6.435054439530381032e-01
6.124318395765615541e-01
5.914659597520470768e-01
5.826948011580611597e-01
5.563950906733448054e-01
5.366689756842684123e-01
5.268787410525566095e-01
5.156480346707871254e-01
5.211563737766643500e-01
5.111632120211009322e-01
5.066797214969525065e-01
5.017588497540008685e-01
5.048755794746098147e-01
4.969809594856215984e-01
4.762259995381964428e-01
4.736607697909450132e-01
4.599563062823040505e-01
4.580868901085237699e-01
4.567503241505477263e-01
4.413420720768725380e-01
4.418216372710964124e-01
4.252677572334417344e-01
4.282472780234808374e-01
4.332986980693064316e-01
4.244569368217260830e-01
4.069021864620521733e-01
4.119163069927707643e-01
4.116356725457807064e-01
3.994422834407913014e-01
4.118754551428926991e-01
4.009866609829312312e-01
3.994826912488233517e-01
3.982167279444413510e-01
3.883767606259214689e-01
3.759080655760998479e-01
3.704907550487558932e-01
3.744516083195679190e-01
3.987495781602458655e-01
3.819647963624089315e-01
3.578089199126125997e-01
3.550793946821542146e-01
3.586392781655742823e-01
3.447540896254069342e-01
3.624269551162502823e-01
3.459085984263158275e-01
3.478588302161593759e-01
3.361574394770963092e-01
3.300119003214864177e-01
3.267437523312198278e-01
3.361929628248168100e-01
3.322321095540040625e-01
3.242526775723345578e-01
3.170458784035807831e-01
3.227118523649669668e-01
3.172057334683220375e-01
3.127120299817056637e-01
3.082067814070797440e-01
3.054186426528838760e-01
3.085282677039483112e-01
2.999058631285410059e-01
2.875437381218806099e-01
3.034244507202349395e-01
3.050567485479832031e-01
2.985559759151703019e-01
2.880055416422439563e-01
2.891067654215733196e-01
2.886418536082838160e-01
2.814337223139909416e-01
2.798920090229305435e-01
2.769044954796540670e-01
2.856965240404256146e-01
2.715937549954710595e-01
2.715759933216103095e-01
2.681124669188827969e-01
2.726594554270795889e-01
2.651875632759629897e-01
2.613097458304470266e-01
2.645690129837834914e-01
2.573897444095130660e-01
2.550176728654906522e-01
2.430685067760784412e-01
2.606538960231610802e-01
2.597644802046144008e-01
2.513099234471855570e-01
2.475444485888350088e-01
2.447025807712117362e-01
2.438500204259248794e-01
2.420028063444698840e-01
2.362480240137830312e-01
2.447381041189319317e-01
2.407594891742596555e-01
2.402088772845951958e-01
2.364078790785245909e-01
2.341521464982859735e-01
2.335491376707338751e-01
2.452176693131561391e-01
2.353066552991953664e-01
2.332107777836983087e-01
2.256975897408572962e-01
2.318608905703272993e-01
2.297827747286906586e-01
2.302801015967744780e-01
2.277113195147514590e-01
2.309017601818795229e-01
2.246674126569687957e-01
2.285705404877349800e-01
2.237970906378218550e-01
2.126072361059307969e-01
2.126072361059306581e-01
2.161240475302394493e-01
2.186817285661002974e-01
2.212394096019611456e-01
2.237970906378218550e-01
2.040283476314810884e-01
2.087960249373902177e-01
2.083266727056359846e-01
2.123408109980284564e-01
2.173140796788688711e-01
2.005648212287526044e-01
2.008445675920501883e-01
2.019719898403226077e-01
2.074563506864887386e-01
2.002628727731302349e-01
1.988774622120390301e-01
1.993747890801230160e-01
2.000497326868085068e-01
2.008845313582355574e-01
1.991971723415215112e-01
1.963548604820514187e-01
1.971545798476048994e-01
1.986190298573739244e-01
1.929983481643311460e-01
1.944015203992826013e-01
1.956093142217724679e-01
1.935489600539956057e-01
1.944903287685832705e-01
1.921813111667643459e-01
1.918260776895614750e-01
1.921013836343932468e-01
1.918260776895614750e-01
1.918260776895614750e-01
1.926431146871282751e-01
1.923589279053658507e-01
1.915063675600788551e-01
1.906538072147919982e-01
1.879895561357702027e-01
1.903340970853093506e-01
1.896946768263442218e-01
1.905472371716310509e-01
1.916129376032397746e-01
1.918260776895614750e-01
1.871369957904835124e-01
1.886289763947354980e-01
1.883092662652528504e-01
1.852009733397275426e-01
1.882026962220919308e-01
1.867164881618442740e-01
1.875632759631267743e-01
1.863377204667768239e-01
1.864975755315180783e-01
1.856450151862312214e-01
1.860712953588746499e-01
1.864975755315180783e-01
1.855739684907906639e-01
1.846503614500630830e-01
1.837267544093355021e-01
1.833466545887284527e-01
1.854318750999095211e-01
1.854132253423564358e-01
1.858048702509724759e-01
1.829630024333493421e-01
1.824656755652653284e-01
1.819683486971811759e-01
1.814710218290971899e-01
1.838333244524964494e-01
1.830518108026498447e-01
1.814887835029573016e-01
1.825900072822863873e-01
1.806006998099500827e-01
1.796770927692226683e-01
1.784337755990124397e-01
1.838866094740767565e-01
1.786113923376138057e-01
1.793573826397398541e-01
1.808316015701318946e-01
1.799079945294044802e-01
1.789843874886768993e-01
1.780607804479494849e-01
1.780607804479494849e-01
1.806006998099500827e-01
1.780607804479494849e-01
1.780607804479494849e-01
1.786824390330545298e-01
1.781851121649705438e-01
1.780607804479494849e-01
1.769178167350490827e-01
1.777410703184668372e-01
1.769950800163407889e-01
1.788067707500755610e-01
1.783094438819914085e-01
1.758228095415712844e-01
1.744373989804799130e-01
1.764622298005364132e-01
1.753965293689277172e-01
1.758601090566775937e-01
1.760892346494733196e-01
1.753432443473472435e-01
1.745972540452211674e-01
1.739578337862560387e-01
1.767819399300190608e-01
1.755030994120886367e-01
1.753965293689277172e-01
1.753965293689277172e-01
1.747571091099624219e-01
1.753965293689277172e-01
1.749880108701444004e-01
1.753965293689277172e-01
1.753965293689277172e-01
1.751833892826059891e-01
1.745972540452211674e-01
1.735315536136126102e-01
1.724658531820038865e-01
1.737091703522141151e-01
1.717198628798775051e-01
1.749702491962842887e-01
1.748636791531233414e-01
1.737979787215146454e-01
1.716932203690876846e-01
1.708140175130105076e-01
1.691088968224365163e-01
1.675716239498408200e-01
1.746505390668013358e-01
1.740644038294168194e-01
1.729987033978080957e-01
1.693753219303386903e-01
1.691621818440169622e-01
1.689490417576952619e-01
1.753965293689277172e-01
1.669632866201310184e-01
1.661262677394696463e-01
1.694286069519191640e-01
1.713175609669451704e-01
1.689135184099752052e-01
1.636738246212323111e-01
1.687891866929538687e-01
1.696950320598213380e-01
1.671959645476989442e-01
1.660716505923517661e-01
1.650059501607430423e-01
1.674925845011636383e-01
1.690023267792755690e-01
1.668709259160581493e-01
1.634606845349104443e-01
1.634073995133301371e-01
1.652723752686452163e-01
1.642066748370366591e-01
1.636205395996520040e-01
1.644730999449388609e-01
1.634073995133301371e-01
1.634073995133301371e-01
1.634073995133301371e-01
1.644730999449388609e-01
1.634073995133301371e-01
1.634073995133301371e-01
1.634073995133301371e-01
1.634073995133301371e-01
1.658052254844495921e-01
1.647395250528408683e-01
1.636738246212323111e-01
1.640468197722954324e-01
1.634073995133301371e-01
1.563027299692723027e-01
1.634073995133301371e-01
1.594589794142202421e-01
1.625903625157636423e-01
1.634073995133301371e-01
1.634073995133301371e-01
1.532832454130478028e-01
1.559830198397897938e-01
1.625193158203229182e-01
1.613825686932736370e-01
1.629278343191059297e-01
1.610095735422103769e-01
1.554324079501253342e-01
1.580788973552870180e-01
1.580078506598462940e-01
1.607076250865882849e-01
1.634073995133301371e-01
1.614891387364345843e-01
1.480968366458856877e-01
1.546331326264189787e-01
1.573329070531609697e-01
1.549706044297618768e-01
1.627324559066452569e-01
1.634073995133301371e-01
1.527503951972440932e-01
1.510275128328093519e-01
1.566579634464756177e-01
1.573329070531603313e-01
1.468437505550521383e-01
1.469245661711158779e-01
1.477060798209624826e-01
1.484875934708089207e-01
1.559830198397897938e-01
1.465338093461928393e-01
1.465338093461928393e-01
1.467291877586544280e-01
1.475107014085006996e-01
1.482922150583471377e-01
1.434965631161083943e-01
1.407612653416460413e-01
1.465338093461928393e-01
1.465338093461928393e-01
1.473153229960394162e-01
1.426972877924017058e-01
1.523418766984599715e-01
1.388607662386105723e-01
1.369425054617147142e-01
1.352906697927206969e-01
1.437097032024297893e-01
1.431768529866251083e-01
1.412585922097298607e-01
1.393403314328340026e-01
1.465338093461928393e-01
1.355171311344378071e-01
1.459299124349480448e-01
1.436564181808493157e-01
1.484875934708089207e-01
1.398198966270582100e-01
1.379016358501621575e-01
1.359833750732670765e-01
1.460542441519686319e-01
1.441359833750733843e-01
1.482922150583471377e-01
1.402994618212816125e-01
1.382080247242502002e-01
1.364629402674905068e-01
1.345446794905952592e-01
1.345446794905952592e-01
1.426972877924017058e-01
1.357169499653653744e-01
1.388607662386105723e-01
1.318804284115737691e-01
1.340118292747913553e-01
1.437097032024297893e-01
1.345446794905952592e-01
1.277952434237402679e-01
1.393403314328340026e-01
1.374220706559387550e-01
1.334789790589868408e-01
1.345446794905952592e-01
1.193904193531201557e-01
1.345446794905952592e-01
1.345446794905952592e-01
1.308147279799652118e-01
1.329461288431821875e-01
1.102467096499179372e-01
1.345446794905952592e-01
1.244205253903134106e-01
1.223956945702573823e-01
1.302818777641605585e-01
1.304950178504830360e-01
1.345446794905952592e-01
1.172790003729958924e-01
1.227331663735988648e-01
1.222145254968808326e-01
1.297490275483560440e-01
1.294826024404543419e-01
1.335322640805679528e-01
1.345446794905952592e-01
1.163212021100875765e-01
1.203708637501997858e-01
1.244205253903134106e-01
1.277241967282995438e-01
1.325198486705392309e-01
1.112591250599452297e-01
1.153087867000588546e-01
1.193584483401724794e-01
1.234081099802846887e-01
1.265874496012512063e-01
1.315074332605103424e-01
1.102467096499179372e-01
1.118097369496098559e-01
1.183460329301437575e-01
1.209410134811115534e-01
1.264453562103694251e-01
