1.066626102829327571e+00
9.060085184058409569e-01
9.059933069668388850e-01
7.855263157894734061e-01
7.727411013081836311e-01
7.003422573775478499e-01
6.881655004563431710e-01
6.374353513842400121e-01
6.261028293276543755e-01
5.722695466991175595e-01
5.993306966839060390e-01
5.460982658959535607e-01
5.111043504715544472e-01
5.065485244904167628e-01
4.977182841496805010e-01
4.648919987830845701e-01
4.354578643139635497e-01
4.408351080012168355e-01
4.155765135381805364e-01
4.213568603589899486e-01
4.064496501369029846e-01
3.973227867356252108e-01
4.040158198965623226e-01
3.845832065713415959e-01
3.979312442957103624e-01
3.821113477334955877e-01
3.723760267721325512e-01
3.571797992090050555e-01
3.675083662914510607e-01
3.465165804685123030e-01
3.334347429266808494e-01
3.313051414663826799e-01
3.133556434438696803e-01
3.218892607240643744e-01
3.115302707636141699e-01
3.112260419835713998e-01
3.090964405232733414e-01
3.048372376026772801e-01
3.103133556434437001e-01
2.932765439610584557e-01
3.030118649224215477e-01
2.944934590812290365e-01
2.762397322786735998e-01
2.844539093398233409e-01
2.750228171585032411e-01
2.762397322786734888e-01
2.750228171585032411e-01
2.707636142379069577e-01
2.573775479160327340e-01
2.607316702160022426e-01
2.573775479160327340e-01
2.558640097353207521e-01
2.512929723151810513e-01
2.470337693945847124e-01
2.464253118344994498e-01
2.427745664739885401e-01
2.439914815941587600e-01
2.437100699726193198e-01
2.385153635533921179e-01
2.357773045330087969e-01
2.354730757529661378e-01
2.348646181928809862e-01
2.354730757529661378e-01
2.306054152722846751e-01
2.354730757529661378e-01
2.263614237906904636e-01
2.330392455126253648e-01
2.227182841496805343e-01
2.135686035898994584e-01
2.157286279282017993e-01
2.318223303924550061e-01
2.148007301490718890e-01
2.190447216306662115e-01
2.135686035898996804e-01
2.140249467599566469e-01
2.062823243078792668e-01
2.007909948281106360e-01
2.009202920596268871e-01
2.007909948281106360e-01
2.005171889260717599e-01
1.880133860663217304e-01
1.989656221478551257e-01
1.855795558259810407e-01
1.861880133860663311e-01
1.855795558259810407e-01
1.852753270459385204e-01
1.855795558259810407e-01
1.840584119257680784e-01
1.855795558259810407e-01
1.849710982658958891e-01
1.843626407058107097e-01
1.837541831457253083e-01
1.843626407058107097e-01
1.837541831457255304e-01
1.837846060237292856e-01
1.828414968055976086e-01
1.837541831457255304e-01
1.804380894432612292e-01
1.837541831457255304e-01
1.822330392455124570e-01
1.819744447824756528e-01
1.776696075448735979e-01
1.807118953452995780e-01
1.773653787648310776e-01
1.825372680255551994e-01
1.758442348646180875e-01
1.807118953452995780e-01
1.758442348646180875e-01
1.807118953452995780e-01
1.749315485244902768e-01
1.709765743839366248e-01
1.691512017036812254e-01
1.691512017036812254e-01
1.627623973227867449e-01
1.691512017036812254e-01
1.606327958624886032e-01
1.691512017036812254e-01
1.612412534225736715e-01
1.691512017036812254e-01
1.612412534225736715e-01
1.527228475813812714e-01
1.597201095223607925e-01
1.691512017036812254e-01
1.542439914815940394e-01
1.691512017036812254e-01
1.509126863401277496e-01
1.527228475813812714e-01
1.463340432004868186e-01
1.691512017036812254e-01
1.496805597809553190e-01
1.387283236994220070e-01
1.533313051414664507e-01
1.387283236994220070e-01
1.502890173410405816e-01
1.387283236994220070e-01
1.481594158807424400e-01
1.387283236994220070e-01
1.387283236994220070e-01
1.387283236994220070e-01
1.387435351384241067e-01
1.387283236994220070e-01
1.408579251597201765e-01
1.314268329783996325e-01
1.350775783389107643e-01
1.387283236994220070e-01
1.350775783389107643e-01
1.315789473684207955e-01
1.338606632187404333e-01
1.314268329783996325e-01
1.332522056586551429e-01
1.314268329783996325e-01
1.338606632187404333e-01
1.314268329783996325e-01
1.305141466382718218e-01
1.314268329783996325e-01
1.332522056586551429e-01
1.314268329783996325e-01
1.305141466382718218e-01
1.314268329783996325e-01
1.302251292972311791e-01
1.314268329783996325e-01
1.299056890781869755e-01
1.271676300578035435e-01
1.292972315181014908e-01
1.296014602981442332e-01
1.280803163979311321e-01
1.271676300578035435e-01
1.271676300578035435e-01
1.296014602981442332e-01
1.280803163979311321e-01
1.271676300578035435e-01
1.262549437176757328e-01
1.271676300578035435e-01
1.271676300578035435e-01
1.271676300578035435e-01
1.283845451779739022e-01
1.271676300578035435e-01
1.262777608761789239e-01
1.271676300578035435e-01
1.229084271372070242e-01
1.271676300578035435e-01
1.229084271372070242e-01
1.271676300578035435e-01
1.216915120170366932e-01
1.271676300578035435e-01
1.207788256769090907e-01
1.143900212960146379e-01
1.207788256769090907e-01
1.229084271372072462e-01
1.201855795558260109e-01
1.229084271372072462e-01
1.186796470946151344e-01
1.186492242166109351e-01
1.207788256769090907e-01
1.143900212960146379e-01
1.168466686948581856e-01
1.143900212960146379e-01
1.165196227563127934e-01
1.229084271372072462e-01
1.198661393367812800e-01
1.143900212960146379e-01
1.143900212960146379e-01
1.143900212960146379e-01
1.143900212960146379e-01
1.143900212960146379e-01
1.156069364161849827e-01
1.143900212960146379e-01
1.134773349558868272e-01
1.143900212960146379e-01
1.143900212960146379e-01
1.143900212960146379e-01
1.134773349558868272e-01
1.143900212960146379e-01
1.095223608153330502e-01
1.143900212960146379e-01
1.143900212960146379e-01
1.143900212960146379e-01
1.055673866747794953e-01
1.125646486157590165e-01
1.095223608153330502e-01
1.064800730149073060e-01
1.095223608153330502e-01
1.125646486157590165e-01
1.125646486157590165e-01
1.046547003346516846e-01
1.095223608153330502e-01
1.125646486157590165e-01
1.055673866747794953e-01
1.046547003346516846e-01
1.046547003346516846e-01
1.046547003346516846e-01
1.055673866747794953e-01
1.046547003346516846e-01
1.055673866747794953e-01
1.046547003346516846e-01
1.046547003346516846e-01
1.046547003346516846e-01
9.857012473379965500e-02
1.046547003346516846e-01
1.046547003346516846e-01
1.046547003346516846e-01
1.025250988743533070e-01
1.046547003346516846e-01
1.016124125342258294e-01
1.046547003346516846e-01
9.857012473379975215e-02
1.046547003346516846e-01
1.016124125342258294e-01
1.046547003346516846e-01
9.862336477030626825e-02
9.248554913294783353e-02
9.857012473379965500e-02
9.248554913294783353e-02
9.857012473379965500e-02
1.046547003346516846e-01
9.218132035290541038e-02
1.046547003346516846e-01
9.461515059324608623e-02
1.046547003346516846e-01
9.066017645269242031e-02
9.674475205354435281e-02
9.218132035290541038e-02
9.674475205354435281e-02
8.457560085184050169e-02
1.046547003346516846e-01
9.461515059324608623e-02
9.248554913294783353e-02
9.461515059324608623e-02
8.457560085184050169e-02
8.609674475205347788e-02
8.457560085184050169e-02
9.218132035290541038e-02
8.457560085184050169e-02
9.471402494675845718e-02
8.457560085184050169e-02
8.457560085184050169e-02
8.457560085184050169e-02
8.457560085184050169e-02
8.457560085184050169e-02
8.457560085184050169e-02
8.457560085184050169e-02
8.457560085184050169e-02
8.457560085184050169e-02
8.457560085184050169e-02
8.457560085184050169e-02
8.457560085184050169e-02
8.457560085184050169e-02
8.457560085184050169e-02
8.457560085184050169e-02
8.214177061149970094e-02
8.457560085184050169e-02
8.457560085184050169e-02
8.457560085184050169e-02
8.275022817158508848e-02
8.457560085184050169e-02
8.031639793124430160e-02
8.457560085184050169e-02
8.457560085184050169e-02
8.457560085184050169e-02
7.666565257073316986e-02
6.875570428962583802e-02
7.423182233039236910e-02
8.457560085184050169e-02
7.271067843017928189e-02
6.428354122299405338e-02
7.271067843017928189e-02
6.875570428962583802e-02
7.423182233039236910e-02
7.970794037115902508e-02
7.423182233039236910e-02
7.970794037115902508e-02
7.423182233039236910e-02
6.388804380894436141e-02
7.423182233039236910e-02
6.388804380894436141e-02
7.423182233039236910e-02
7.970794037115902508e-02
7.185883784606017510e-02
6.388804380894436141e-02
7.423182233039236910e-02
7.970794037115902508e-02
6.632187404928505114e-02
6.388804380894436141e-02
7.027684818983860604e-02
6.388804380894436141e-02
7.179799209005169325e-02
6.388804380894436141e-02
7.179799209005169325e-02
6.388804380894436141e-02
7.271067843017928189e-02
6.388804380894436141e-02
7.179799209005169325e-02
6.388804380894436141e-02
6.632187404928505114e-02
6.388804380894436141e-02
6.388804380894436141e-02
6.388804380894436141e-02
6.388804380894436141e-02
6.388804380894436141e-02
6.388804380894436141e-02
6.388804380894436141e-02
6.388804380894436141e-02
6.388804380894436141e-02
6.145421356860367862e-02
6.388804380894436141e-02
6.388804380894436141e-02
6.388804380894436141e-02
6.388804380894436141e-02
6.388804380894436141e-02
6.388804380894436141e-02
6.388804380894436141e-02
6.388804380894436141e-02
6.388804380894436141e-02
6.236689990873148931e-02
6.388804380894436141e-02
6.388804380894436141e-02
6.388804380894436141e-02
6.236689990873148931e-02
5.914207484027985545e-02
6.388804380894436141e-02
6.388804380894436141e-02
6.145421356860367862e-02
6.388804380894436141e-02
5.993306966839079958e-02
6.388804380894436141e-02
6.388804380894436141e-02
6.388804380894436141e-02
5.993306966839079958e-02
6.388804380894436141e-02
5.749923942805001270e-02
6.388804380894436141e-02
5.993306966839079958e-02
6.388804380894436141e-02
6.236689990873148931e-02
6.084575600851839516e-02
6.145421356860367862e-02
6.084575600851839516e-02
5.844995436568300312e-02
6.084575600851839516e-02
5.993306966839079958e-02
5.597809552783691855e-02
5.993306966839079958e-02
6.084575600851839516e-02
6.236689990873148931e-02
5.597809552783691855e-02
5.993306966839079958e-02
5.597809552783691855e-02
5.993306966839079958e-02
5.597809552783691855e-02
5.841192576817771237e-02
5.597809552783691855e-02
5.749923942805001270e-02
5.597809552783691855e-02
5.597809552783691855e-02
5.597809552783691855e-02
