1.021440644793964569e+00
9.374999999999997780e-01
8.805120631983490709e-01
8.189194719237062881e-01
7.615178634972599170e-01
7.272987687709056015e-01
7.184542025478614091e-01
6.958970891751475873e-01
7.029766564657318195e-01
6.835483239627071494e-01
6.204540602092376567e-01
5.944594690769336998e-01
5.934097217279907799e-01
5.963837093445303328e-01
5.747420112447509943e-01
5.723845277916163043e-01
5.402106611629059474e-01
5.105063696534053452e-01
4.896822290228453056e-01
4.756102768486225596e-01
5.146608782293072837e-01
5.337698384456621703e-01
4.855882143619670299e-01
4.738808625720588030e-01
4.508931748629989578e-01
4.200412782008398072e-01
4.106647213721441037e-01
4.078722155006760386e-01
4.461283894384739379e-01
4.272293786919079128e-01
4.010248380898153164e-01
3.823571276065758640e-01
3.686214504305742601e-01
3.702939292577038799e-01
3.587805138424311480e-01
3.404384029606435380e-01
3.449976869973667148e-01
3.535557967404451829e-01
3.377695537684149985e-01
3.405513842431142080e-01
3.273432495907764861e-01
3.193722866699879037e-01
3.187104120703150301e-01
3.065840509572271833e-01
3.063838872678100178e-01
3.106540459753754924e-01
3.211515194648067451e-01
3.081631200626290257e-01
3.015915237349653943e-01
2.914383317913315508e-01
2.873105117073518899e-01
2.848551704505017379e-01
2.859582947832895461e-01
2.665646573197638092e-01
2.681517329727417520e-01
2.703054942708703057e-01
2.711817664223185043e-01
2.743283396199558410e-01
2.641449007188099718e-01
2.469219272649633978e-01
2.551775674329230248e-01
2.517614404668708228e-01
2.554978293359903008e-01
2.461746494911394856e-01
2.458188029321757562e-01
2.427585225250870060e-01
2.419756600953669456e-01
2.459967262116573850e-01
2.410860436979573584e-01
2.410860436979573584e-01
2.384171945057292630e-01
2.410860436979573584e-01
2.382392712262471623e-01
2.408013664507863694e-01
2.309444167674898629e-01
2.330830545868622650e-01
2.354058430004980773e-01
2.308732474556971226e-01
2.303492633976227388e-01
2.288155647284890737e-01
2.164970464735606059e-01
2.266742580599245549e-01
2.158565226674258875e-01
2.303038929613549779e-01
2.200982136502740716e-01
2.201266813749911955e-01
2.167105544089388547e-01
2.115507793039641260e-01
2.075359405024553294e-01
2.135924489360184753e-01
2.162835385381822184e-01
2.113773041064692382e-01
2.073162052522952992e-01
2.091310227030105662e-01
2.067468507579533210e-01
2.012312290940146964e-01
1.983844566223045003e-01
2.051811258985125619e-01
1.983844566223045003e-01
1.983844566223045003e-01
2.033663084477972671e-01
1.992740730197139210e-01
1.982777026546153065e-01
1.982777026546153065e-01
1.930111735819513841e-01
1.943989751619101813e-01
1.912675254430289962e-01
1.912675254430289962e-01
1.948678030033444419e-01
1.911607714753398024e-01
1.903859155931961200e-01
1.912675254430288296e-01
1.907693402604796196e-01
1.906270016368941111e-01
1.896662159276919501e-01
1.903423243897231221e-01
1.903779090456194090e-01
1.843996868550280277e-01
1.863924275852252566e-01
1.852537185965409949e-01
1.848267027257845252e-01
1.770336630844778214e-01
1.783502953526438783e-01
1.776386022347164195e-01
1.834389011458258667e-01
1.840794249519605852e-01
1.764998932460322967e-01
1.769447014447369515e-01
1.770336630844778214e-01
1.770336630844778214e-01
1.746939719592909279e-01
1.676037292719378125e-01
1.761796313429648542e-01
1.767489858373068323e-01
1.746850757953168631e-01
1.704860863995446285e-01
1.708285887125469416e-01
1.679951604867979953e-01
1.734751974948401665e-01
1.639740943705075560e-01
1.724432424738452374e-01
1.683154223898654378e-01
1.641876023058857770e-01
1.665361895950465965e-01
1.644011102412640257e-01
1.621236922638958078e-01
1.734751974948401665e-01
1.601309515336987177e-01
1.652195573268807061e-01
1.666073589068393646e-01
1.598106896306313029e-01
1.619101843285175590e-01
1.603800441249734199e-01
1.665370792114438114e-01
1.594904277275639992e-01
1.600597822219059774e-01
1.592413351362893248e-01
1.609493986193153980e-01
1.606291367162481221e-01
1.593125044480820651e-01
1.594548430716675458e-01
1.592413351362893248e-01
1.589922425450146226e-01
1.581382108035016554e-01
1.578891182122269532e-01
1.586363959860510320e-01
1.562166393850973334e-01
1.545085759020709271e-01
1.547932531492420549e-01
1.572485944060922347e-01
1.563945626645791009e-01
1.592413351362893248e-01
1.566792399117500900e-01
1.501672478827130175e-01
1.488506156145469606e-01
1.515550494626716760e-01
1.478542452494485127e-01
1.575733043911467235e-01
1.502384171945057856e-01
1.502740018504022390e-01
1.487082769909616187e-01
1.476763219699665508e-01
1.549711764287240168e-01
1.578179489004342129e-01
1.510924489360187528e-01
1.438331791331577403e-01
1.409152373496548039e-01
1.424453775531992483e-01
1.419827770265461586e-01
1.389224966194577138e-01
1.520532346452210526e-01
1.441178563803288959e-01
1.472493060992100811e-01
1.372856024482243809e-01
1.384243114369084759e-01
1.395630204255925988e-01
1.370009252010533918e-01
1.468934595402461851e-01
1.478542452494483461e-01
1.423030389296136011e-01
1.425877161767845902e-01
1.378905415984628124e-01
1.363959860508149602e-01
1.370009252010533918e-01
1.304177638602235789e-01
1.332645363319336085e-01
1.323749199345243543e-01
1.333712902996228022e-01
1.357910469005766951e-01
1.370009252010533918e-01
1.282115151946481013e-01
1.300619173012596830e-01
1.267881289587931559e-01
1.327663511493843707e-01
1.332645363319337750e-01
1.261476051526581044e-01
1.277489146679951504e-01
1.295993167746068986e-01
1.254359120347306455e-01
1.254403601167176641e-01
1.254359120347306455e-01
1.254359120347306455e-01
1.272863141413423660e-01
1.289285460109601267e-01
1.309871183545655571e-01
1.254359120347306455e-01
1.254359120347306455e-01
1.246530496050104186e-01
1.237278485517045445e-01
1.254359120347306455e-01
1.133015443740660599e-01
1.160059782221907754e-01
1.219664080848338605e-01
1.254359120347306455e-01
1.242972030460465227e-01
1.114155576115580248e-01
1.151163618247812021e-01
1.223756316276421868e-01
1.199558750266884743e-01
1.230873247455698261e-01
1.115205323464518450e-01
1.225891395630204356e-01
1.141911607714753280e-01
1.146537612981284177e-01
1.157568856309159205e-01
1.129101131592057244e-01
1.112020496761796234e-01
1.198847057148955675e-01
1.075724147747492143e-01
1.015941925841578192e-01
1.092804782577753014e-01
1.133371290299622081e-01
1.114511422674543256e-01
1.051250800654758982e-01
1.033734253789766605e-01
1.082129385808839328e-01
1.069852679524587735e-01
1.088534623870188178e-01
9.276919792185622793e-02
9.319621379261271155e-02
1.022347163902925377e-01
1.023058857020852919e-01
1.079282613337129437e-01
1.097074941285317851e-01
9.333855241619820609e-02
9.241335136289233199e-02
9.554480108177368369e-02
9.867625080065486887e-02
9.846274286527663400e-02
9.618532488790840218e-02
9.390790691054018424e-02
9.163048893317211896e-02
9.476193865205347067e-02
9.494431001352102162e-02
9.219984342751409712e-02
9.675467938225054687e-02
9.163048893317211896e-02
9.219984342751409712e-02
9.163048893317211896e-02
9.711052594121427628e-02
9.163048893317211896e-02
9.163048893317211896e-02
9.163048893317211896e-02
9.276919792185622793e-02
9.052024766920513388e-02
9.163048893317211896e-02
9.163048893317211896e-02
9.163048893317211896e-02
9.163048893317211896e-02
9.163048893317211896e-02
9.241335136289233199e-02
9.163048893317211896e-02
9.163048893317211896e-02
9.107536830118846682e-02
9.163048893317211896e-02
9.163048893317211896e-02
9.163048893317211896e-02
9.163048893317211896e-02
8.707565297843582186e-02
9.163048893317211896e-02
9.163048893317211896e-02
9.163048893317211896e-02
9.163048893317211896e-02
8.992242545014586530e-02
8.764500747277780002e-02
9.163048893317211896e-02
9.163048893317211896e-02
9.163048893317211896e-02
9.163048893317211896e-02
9.049177994448800999e-02
8.821436196711977817e-02
8.593694398975171289e-02
8.365952601238349495e-02
8.536758949540973473e-02
9.163048893317211896e-02
9.106113443883014080e-02
8.878371646146190899e-02
9.163048893317211896e-02
8.422888050672562577e-02
8.650629848409369105e-02
8.195146252935740783e-02
7.739662657462111073e-02
8.935307095580388714e-02
8.707565297843582186e-02
9.163048893317211896e-02
8.764500747277780002e-02
9.074087253576269829e-02
9.163048893317211896e-02
8.992242545014586530e-02
8.764500747277780002e-02
8.536758949540973473e-02
8.309017151804151680e-02
8.081275354067345151e-02
9.163048893317211896e-02
9.049177994448800999e-02
8.821436196711977817e-02
8.593694398975171289e-02
8.365952601238349495e-02
8.138210803501542967e-02
8.243630346594504887e-02
7.739662657462111073e-02
8.613710767916868405e-02
8.650629848409369105e-02
8.422888050672562577e-02
8.052807629350229590e-02
7.967404455198917601e-02
7.739662657462111073e-02
8.935307095580388714e-02
8.707565297843582186e-02
8.248523236780308521e-02
8.091950750836249262e-02
7.935378264892190003e-02
7.778805778948114091e-02
8.917514767632193917e-02
7.739662657462111073e-02
7.739662657462111073e-02
8.309017151804151680e-02
7.974521386378208287e-02
7.817948900434149029e-02
7.739662657462111073e-02
8.671980641947192592e-02
8.593694398975171289e-02
8.170236993808270565e-02
8.013664507864211306e-02
7.465660807059995574e-02
7.739662657462111073e-02
7.739662657462111073e-02
8.365952601238349495e-02
7.526154722083838733e-02
7.597324033876601268e-02
7.896235143406170331e-02
7.739662657462111073e-02
7.739662657462111073e-02
7.437193082342896666e-02
7.516191018432850923e-02
8.091950750836249262e-02
7.650701017721169006e-02
7.296277844993234729e-02
7.739662657462111073e-02
7.419400754394717135e-02
7.490570066187464404e-02
7.561739377980226939e-02
7.632908689772974209e-02
7.294854458757386861e-02
7.330439114653759802e-02
7.401608426446522337e-02
7.472777738239269607e-02
7.465660807060010840e-02
7.565297843569857017e-02
7.664934880079718460e-02
7.312646786705580271e-02
7.383816098498327540e-02
7.454985410291091463e-02
7.440751547932542009e-02
7.294854458757386861e-02
