9.983173805708344117e-01
8.831153363073324103e-01
8.612510286283510119e-01
8.318604097189132851e-01
7.608049287539515593e-01
7.194659794707433109e-01
6.633028714972497575e-01
6.378167092554893891e-01
6.145956949196583752e-01
5.967430378102125399e-01
5.724002771882713558e-01
5.450972324483518427e-01
5.275975572783572209e-01
5.205173459223004784e-01
4.965568019403178712e-01
4.887608818051886739e-01
4.798821949846247548e-01
4.626109835852568186e-01
4.489811165490059097e-01
4.474858157564207684e-01
4.358352462211441680e-01
4.146996405214603554e-01
4.158311317077396096e-01
4.073454891939883860e-01
3.959028108623154352e-01
3.942570055004546159e-01
3.993405950885700606e-01
3.858601498549091846e-01
3.856392654510806817e-01
3.803542812594741807e-01
3.797912425830483052e-01
3.763696998570746910e-01
3.742052492528910035e-01
3.739876131491187139e-01
3.742907878210402495e-01
3.613473948633548205e-01
3.521482091039017104e-01
3.605613062497293186e-01
3.514660660920784219e-01
3.562735501754081824e-01
3.597882108363289477e-01
3.352353934774132127e-01
3.360572133916573390e-01
3.352678764779763454e-01
3.298150634501276213e-01
3.473234007536055712e-01
3.269955390012559970e-01
3.262159469877431439e-01
3.120533587422582578e-01
3.075923599982675616e-01
3.119667374074234223e-01
3.124864654164319910e-01
3.149551734592228591e-01
3.123132227467623756e-01
2.911776170470786740e-01
2.867166183030880333e-01
2.942959851011304195e-01
2.796569795140542158e-01
2.698254580103080502e-01
2.859987439906447326e-01
2.791805621724628983e-01
2.735176924076399563e-01
2.715578847070034274e-01
2.612499458616656112e-01
2.690025553293777238e-01
2.640651392437958211e-01
2.657813244402087438e-01
2.593897526960887712e-01
2.511585603534149946e-01
2.569188791199272237e-01
2.532374723894494362e-01
2.522846377062670786e-01
2.488197843128762687e-01
2.450257698471133005e-01
2.347871280696433860e-01
2.381220494607819427e-01
2.449380657455929589e-01
2.317120706830090859e-01
2.392914374810514999e-01
2.294664125774177055e-01
2.310245138377576002e-01
2.306293039975745029e-01
2.198882584780630645e-01
2.284096322924334954e-01
2.263415479232533944e-01
2.280306639525314927e-01
2.262982372558361155e-01
2.213175105028369061e-01
2.262830785222394447e-01
2.194118411364719967e-01
2.263415479232533944e-01
2.128989995235821275e-01
2.128286196890294413e-01
2.139546970418813310e-01
2.107930183204122787e-01
2.148209103902291028e-01
2.003118368054051246e-01
2.034302048594568979e-01
2.000812075014070657e-01
2.053261293256523068e-01
2.050326995539000496e-01
2.086220711161153596e-01
2.003984581402399046e-01
1.959374593962492639e-01
1.939884793624668813e-01
1.934254406860408393e-01
1.914656329854041161e-01
1.826843951665294008e-01
1.988392741132140318e-01
1.937286153579627912e-01
1.902204512971543138e-01
1.838700246870800525e-01
1.825544631642773696e-01
1.784399497596257655e-01
1.742821256875566882e-01
1.699943696132355797e-01
1.888345099397981397e-01
1.822945991597730853e-01
1.819481138204338544e-01
1.769240764000173660e-01
1.719000389796004891e-01
1.667460695569317752e-01
1.696478842738965431e-01
1.677855255749489127e-01
1.802156871237384494e-01
1.734992853739869001e-01
1.706602711247776627e-01
1.704339728875219340e-01
1.671358655636883128e-01
1.676555935726968538e-01
1.661397202130884543e-01
1.667460695569317752e-01
1.700279353804839411e-01
1.656633028714971922e-01
1.659816362770148435e-01
1.661830308805059275e-01
1.660964095456709810e-01
1.656633028714971922e-01
1.640174975096365395e-01
1.649270215254016181e-01
1.654467495344101868e-01
1.639308761748017873e-01
1.648837108579843391e-01
1.603794014465762252e-01
1.642340508467233506e-01
1.642773615141408239e-01
1.634977695006279985e-01
1.634977695006279985e-01
1.580406254060373050e-01
1.574970765299489317e-01
1.611589934600890783e-01
1.619873099744465472e-01
1.627614881545324244e-01
1.570932045562815349e-01
1.584737320802113159e-01
1.560916453722551167e-01
1.608991294555847940e-01
1.590800814240546368e-01
1.625449348174454189e-01
1.549222573519857538e-01
1.540993546710556217e-01
1.583004894105417837e-01
1.548410498505781441e-01
1.548356360171510016e-01
1.541859760058902074e-01
1.551821213564900381e-01
1.533197626575426020e-01
1.552254320239075114e-01
1.548356360171510016e-01
1.548356360171510016e-01
1.539694226688032019e-01
1.548356360171510016e-01
1.536229373294641654e-01
1.524968599766122757e-01
1.484018363722981459e-01
1.488154532461342938e-01
1.537528693317163908e-01
1.540993546710554274e-01
1.539261120013859230e-01
1.512408506215079662e-01
1.491186279180560514e-01
1.481224825674564149e-01
1.470148122482567987e-01
1.538828013339686440e-01
1.489020745809690460e-01
1.478626185629519363e-01
1.485555892416300094e-01
1.453505998527436782e-01
1.466499198752652944e-01
1.494218025899778091e-01
1.491619385854735247e-01
1.429252024773700058e-01
1.451340465156567006e-01
1.451773571830741738e-01
1.442678331673089009e-01
1.420156784616051215e-01
1.418424357919354228e-01
1.418424357919354228e-01
1.418424357919354228e-01
1.450041145134046416e-01
1.402399410974922433e-01
1.405431157694138344e-01
1.418857464593528961e-01
1.418424357919354228e-01
1.371648837108579710e-01
1.405864264368313077e-01
1.405864264368313077e-01
1.421022997964397072e-01
1.419290571267701750e-01
1.355190783489973461e-01
1.369050197063536867e-01
1.401100090952402122e-01
1.398934557581532068e-01
1.400233877604052657e-01
1.410628437784225697e-01
1.356056996838320983e-01
1.373002295465371725e-01
1.376846117198665398e-01
1.387240677378838438e-01
1.397635237559009813e-01
1.353458356793278139e-01
1.353458356793278139e-01
1.363852916973451457e-01
1.360388063580059148e-01
1.384642037333795872e-01
1.371648837108579710e-01
1.353458356793278139e-01
1.353458356793278139e-01
1.356056996838320983e-01
1.341331369916409777e-01
1.334401663129629045e-01
1.353458356793278139e-01
1.353458356793278139e-01
1.353458356793278139e-01
1.355190783489973461e-01
1.343063796613105099e-01
1.336134089826324367e-01
1.329204383039543358e-01
1.349560396725714984e-01
1.353458356793278139e-01
1.350426610074060563e-01
1.344796223309802086e-01
1.339718047555104041e-01
1.330936809736238680e-01
1.326172636320325782e-01
1.317380570834596754e-01
1.353458356793278139e-01
1.310927281389406562e-01
1.339598943219714733e-01
1.332669236432933724e-01
1.353025250119105349e-01
1.333968556455456256e-01
1.309346442028672119e-01
1.310147689375894264e-01
1.332322751093594493e-01
1.310147689375894264e-01
1.327471956342848314e-01
1.320542249556067305e-01
1.319676036207717840e-01
1.310147689375894264e-01
1.310147689375894264e-01
1.323140889601108205e-01
1.329204383039543358e-01
1.322274676252762626e-01
1.315344969465979952e-01
1.310147689375894264e-01
1.310851487721425013e-01
1.310147689375894264e-01
1.314045649443457420e-01
1.324007102949457670e-01
1.306682835982501956e-01
1.310147689375894264e-01
1.304950409285808577e-01
1.310147689375894264e-01
1.310147689375894264e-01
1.310147689375894264e-01
1.305816622634154434e-01
1.309281476027546742e-01
1.310147689375894264e-01
1.310147689375894264e-01
1.310147689375894264e-01
1.310147689375894264e-01
1.294555849105635537e-01
1.308415262679198943e-01
1.307549049330851421e-01
1.310147689375894264e-01
1.310147689375894264e-01
1.281562648880419375e-01
1.291957209060592693e-01
1.302351769240765733e-01
1.310147689375894264e-01
1.310147689375894264e-01
1.268569448655203491e-01
1.310147689375894264e-01
1.289358569015549849e-01
1.299753129195720946e-01
1.310147689375894264e-01
1.310147689375894264e-01
1.265970808610160647e-01
1.276365368790333965e-01
1.265970808610160647e-01
1.297154489150678380e-01
1.305816622634156099e-01
1.249079648317381469e-01
1.301052449218243479e-01
1.249512754991554397e-01
1.245181688249816371e-01
1.284421152929962617e-01
1.301485555892418211e-01
1.247780328294859215e-01
1.252977608384944763e-01
1.258174888475032394e-01
1.262505955216770281e-01
1.291957209060592693e-01
1.245181688249816371e-01
1.308848369353371732e-01
1.251678288362424452e-01
1.245181688249816371e-01
1.241283728182251134e-01
1.245181688249816371e-01
1.245181688249816371e-01
1.245181688249816371e-01
1.239984408159730683e-01
1.245181688249816371e-01
1.238251981463035500e-01
1.250378968339901919e-01
1.245181688249816371e-01
1.245181688249816371e-01
1.220494607821906718e-01
1.213283381696910190e-01
1.230889168002077955e-01
1.225691887911992406e-01
1.230889168002077955e-01
1.245181688249816371e-01
1.217895967776862071e-01
1.212698687686776383e-01
1.232188488024600348e-01
1.226991207934514799e-01
1.221793927844427169e-01
1.211399367664255933e-01
1.236952661440513107e-01
1.212698687686776383e-01
1.233487808047122741e-01
1.228290527957035250e-01
1.223093247866949562e-01
1.211139503659748040e-01
1.212698687686776383e-01
1.239984408159730683e-01
1.234787128069643192e-01
1.229589847979557504e-01
1.224392567889470013e-01
1.210533154315906468e-01
1.213998007709298776e-01
1.212698687686776383e-01
1.212698687686776383e-01
1.189051063276873599e-01
1.212698687686776383e-01
1.210100047641733678e-01
1.211832474338428861e-01
1.223526354541124295e-01
1.212698687686776383e-01
1.212698687686776383e-01
1.193641994023127290e-01
1.200799081813848368e-01
1.211399367664255933e-01
1.212698687686776383e-01
1.212698687686776383e-01
1.184979860539649293e-01
1.191909567326432107e-01
1.198839274113212838e-01
1.174585300359476114e-01
1.212698687686776383e-01
1.176317727056173240e-01
1.204253107540382978e-01
1.190177140629736785e-01
1.197106847416517655e-01
1.169388020269390566e-01
1.200571700809908021e-01
1.212698687686776383e-01
1.212698687686776383e-01
1.188444713933039659e-01
1.195374420719822472e-01
1.169582918272769057e-01
1.211832474338428861e-01
1.212698687686776383e-01
1.179782580449563745e-01
1.186712287236344476e-01
1.193641994023127290e-01
1.169388020269390566e-01
1.180215687123738477e-01
1.171120446966085749e-01
1.178050153752868423e-01
1.184979860539649293e-01
1.191909567326432107e-01
1.169388020269390566e-01
