1.015553556922362599e+00
9.342578623650916736e-01
9.139694789369848804e-01
7.950765927817101675e-01
7.383872964295384866e-01
6.845595915051643221e-01
6.609125372326021264e-01
6.260879656492980283e-01
6.273374337549805224e-01
5.923039727670106336e-01
5.587327376116976163e-01
5.369231364357278657e-01
5.172198367567983901e-01
4.952274573517465028e-01
5.035066341727593153e-01
4.870991451007699591e-01
4.636426057019072955e-01
4.608719198483618995e-01
4.395284515105797318e-01
4.225387799311437487e-01
4.216983869095971005e-01
4.158446481760861291e-01
4.026614057483270948e-01
3.926521217747860337e-01
3.901299756295693588e-01
3.857491006150632340e-01
3.841389114541021721e-01
3.782871068817454385e-01
3.734865188967543270e-01
3.669171405361494886e-01
3.566390081621599317e-01
3.562724846234188170e-01
3.557386561448302453e-01
3.542609570229391935e-01
3.524892654055934993e-01
3.480716413291555789e-01
3.336766469382224098e-01
3.366310781014272835e-01
3.232379791884259501e-01
3.212283857491005645e-01
3.425399404278364757e-01
3.193300065761479067e-01
3.099744690727632701e-01
3.134888398901397033e-01
3.071641329155544997e-01
3.114386290665738244e-01
3.094657846891804565e-01
3.036246180031721975e-01
2.991373641251790505e-01
2.864492669529224989e-01
2.924451665312755022e-01
2.955398243781671153e-01
2.965881397238018802e-01
2.986731654481451503e-01
2.795249700205022503e-01
2.830064600982553635e-01
2.785192062202622165e-01
2.787513055587790833e-01
2.872616146377316437e-01
2.688870836718114110e-01
2.703957293721712674e-01
2.636261653320955967e-01
2.617693706239603846e-01
2.625043518625971850e-01
2.615759545085295512e-01
2.637035317782677191e-01
2.601446752543421503e-01
2.569726509612780818e-01
2.511314842752698229e-01
2.501644036981159891e-01
2.513161966655059198e-01
2.562763529457274814e-01
2.563150361688137369e-01
2.373989400796875093e-01
2.425824919732312290e-01
2.363158098332754919e-01
2.475774631542302373e-01
2.507446520444086002e-01
2.321380217399715007e-01
2.347684809098294356e-01
2.227283277242655402e-01
2.373215736335152204e-01
2.389472360837105458e-01
2.262968550539631030e-01
2.164326331669954584e-01
2.123708947429499838e-01
2.187536265521644041e-01
2.216761440563226604e-01
2.185215272136475373e-01
2.090054543344552485e-01
2.141890062279989682e-01
2.063749951645973413e-01
2.060655293799080190e-01
2.088894046651967318e-01
2.103980503655564216e-01
2.045568836795481904e-01
2.030869212022747283e-01
1.950021275772696738e-01
1.919848361765503220e-01
1.897412092375538317e-01
1.820432478434103885e-01
1.943831960078915566e-01
1.870333836215233025e-01
1.931840160922208560e-01
1.884782020037910066e-01
1.832037445359948613e-01
1.785230745425709087e-01
1.757765657034544848e-01
1.946926617925806846e-01
1.657189277010562012e-01
1.803798692507059542e-01
1.746547522339559066e-01
1.774399442961588913e-01
1.693938338942400645e-01
1.627403195234227440e-01
1.852539553595605182e-01
1.756218328111097404e-01
1.679731925264013048e-01
1.679625546400526914e-01
1.654868283625391678e-01
1.627016363003366828e-01
1.498974894588217810e-01
1.605353758075123149e-01
1.651773625778500121e-01
1.597916908436809447e-01
1.632712467602797646e-01
1.605692236277122820e-01
1.509419364821477372e-01
1.498974894588217810e-01
1.447526207883641225e-01
1.518703338362153710e-01
1.485435766508065303e-01
1.494332907817880751e-01
1.495880236741326530e-01
1.462612664887239788e-01
1.454876020270009507e-01
1.498974894588217810e-01
1.379056903021159963e-01
1.488143592124095971e-01
1.366291439402732011e-01
1.471122973966192959e-01
1.437323507794669719e-01
1.476151792967390908e-01
1.394143360024758527e-01
1.354783180534600562e-01
1.367065103864454623e-01
1.479633283045144465e-01
1.442497388882443554e-01
1.413871803798694149e-01
1.385758771420833868e-01
1.362036284863255287e-01
1.328768713009168545e-01
1.302464121310587808e-01
1.285443503152681188e-01
1.400719507949403642e-01
1.366678271633592345e-01
1.361649452632394675e-01
1.338478202003791639e-01
1.291245986615605357e-01
1.278093690766314849e-01
1.281188348613206407e-01
1.284814900777531133e-01
1.287377664306990910e-01
1.293566980000774025e-01
1.297435302309388194e-01
1.277320026304591960e-01
1.280414684151483518e-01
1.276546361842869071e-01
1.273451703995975848e-01
1.277194305829561782e-01
1.276546361842869071e-01
1.276546361842869071e-01
1.268809717225640454e-01
1.276159529612006793e-01
1.265328227147886619e-01
1.273064871765115513e-01
1.274612200688561015e-01
1.274612200688561015e-01
1.270743878379946845e-01
1.263007233762718229e-01
1.245599783373949332e-01
1.237863138756720716e-01
1.266875556071330733e-01
1.237611697806659944e-01
1.249854937913426056e-01
1.257591582530654672e-01
1.222389849522263344e-01
1.239797299911028772e-01
1.266875556071330733e-01
1.246373447835674025e-01
1.251402266836873500e-01
1.235928977602412659e-01
1.218521527213647371e-01
1.241731461065335024e-01
1.228192332985185709e-01
1.249468105682565444e-01
1.218521527213647371e-01
1.242118293296195636e-01
1.207961007311126878e-01
1.203280337317703258e-01
1.210784882596418754e-01
1.220455688367955427e-01
1.218908359444509648e-01
1.218521527213647371e-01
1.218521527213647371e-01
1.196858922285405358e-01
1.203048237979188334e-01
1.209237553672971310e-01
1.219295191675370260e-01
1.218521527213647371e-01
1.191443271053345410e-01
1.195311593361959718e-01
1.201500909055742555e-01
1.179838304127500681e-01
1.205756063595219280e-01
1.182565471355073866e-01
1.187574948744729297e-01
1.193764264438513939e-01
1.199953580132296915e-01
1.179838304127500681e-01
1.179838304127500681e-01
1.179838304127500681e-01
1.169007001663378842e-01
1.192216935515068160e-01
1.153920544659780417e-01
1.129163281884646985e-01
1.179838304127500681e-01
1.179838304127500681e-01
1.184480290897837879e-01
1.160883524815287809e-01
1.133031604193261294e-01
1.116010986035356478e-01
1.110595334803296391e-01
1.179838304127500681e-01
1.174422652895440594e-01
1.154307376890642695e-01
1.137286758732737879e-01
1.120266140574833064e-01
1.116784650497079368e-01
1.179838304127500681e-01
1.177130478511469736e-01
1.158562531430119280e-01
1.141541913272214465e-01
1.124521295114307984e-01
1.122973966190862344e-01
1.098216703415727108e-01
1.073459440640593676e-01
1.073459440640593676e-01
1.073459440640593676e-01
1.128776449653784708e-01
1.111755831495879893e-01
1.094735213337975077e-01
1.086998568720744796e-01
1.073459440640593676e-01
1.131097443038954903e-01
1.133031604193261294e-01
1.116010986035356478e-01
1.098990367877451801e-01
1.085838072028161294e-01
1.073459440640593676e-01
1.073459440640593676e-01
1.110208502572434114e-01
1.082356581950407598e-01
1.073459440640593676e-01
1.086224904259021906e-01
1.073459440640593676e-01
1.073459440640593676e-01
1.073459440640593676e-01
1.089319562105913325e-01
1.073459440640593676e-01
1.090480058798498492e-01
1.073459440640593676e-01
1.073459440640593676e-01
1.073459440640593676e-01
1.073459440640593676e-01
1.049620904413747363e-01
1.059920312560442696e-01
1.075006769564039455e-01
1.073459440640593676e-01
1.073459440640593676e-01
1.035549882016168211e-01
1.046381184480290050e-01
1.057850760125333134e-01
1.076554098487485234e-01
1.073459440640593676e-01
1.073459440640593676e-01
1.073459440640593676e-01
1.061187188116510804e-01
1.054504661328380943e-01
1.065335963792502783e-01
1.073459440640593676e-01
1.059920312560441030e-01
1.073459440640593676e-01
1.040965533248229963e-01
1.051796835712351802e-01
1.062628138176471837e-01
1.073459440640593676e-01
1.062628138176471837e-01
1.073459440640593676e-01
1.038257707632199017e-01
1.049089010096320856e-01
1.059920312560442696e-01
1.005763800239835304e-01
1.065335963792502783e-01
1.024718579552048037e-01
1.035549882016168211e-01
1.042609570229389160e-01
1.057212486944411889e-01
1.005763800239835304e-01
1.068043789408533728e-01
1.022010753936017091e-01
1.032842056400138930e-01
1.005763800239835304e-01
1.043673358864260770e-01
1.005763800239835304e-01
1.005763800239835304e-01
1.005763800239835304e-01
1.030134230784108124e-01
1.036439596147150227e-01
1.005763800239835304e-01
9.659200804611034474e-02
9.380681598390767928e-02
1.005763800239835304e-01
9.991876523151917155e-02
1.000734981238637494e-01
9.624385903833496125e-02
1.052183667943212414e-01
1.005763800239835304e-01
9.976403233917442714e-02
9.868090209276224323e-02
9.759777184635023972e-02
1.005763800239835304e-01
9.543151135352587189e-02
1.005763800239835304e-01
1.005763800239835304e-01
9.897392750763954472e-02
9.786855440795315386e-02
1.005763800239835304e-01
9.871474991296254331e-02
9.461916366871676864e-02
9.407759854551077383e-02
9.922246721596825192e-02
9.813933696955624841e-02
9.705620672314406450e-02
9.597307647673188058e-02
9.488994623031986320e-02
9.380681598390767928e-02
9.949324977757134647e-02
9.841011953115932909e-02
9.732698928474714517e-02
9.380681598390767928e-02
9.496731267649197172e-02
9.403891532242453222e-02
9.871958531584830443e-02
9.624385903833496125e-02
9.380681598390767928e-02
9.612780936907662499e-02
9.519941201500900507e-02
9.427101466094139903e-02
9.380681598390767928e-02
9.895168465436533778e-02
9.438706433019991571e-02
9.616649259216267231e-02
9.543151135352587189e-02
9.450311399945825197e-02
9.287841862984023977e-02
9.380681598390767928e-02
9.318788441452938165e-02
9.334261730687395953e-02
9.283973540675401204e-02
9.473521333797528532e-02
9.380681598390767928e-02
9.299446829909858991e-02
9.380681598390767928e-02
9.330393408378773179e-02
9.345866697613230967e-02
9.361339986847687367e-02
9.283973540675401204e-02
9.380681598390767928e-02
9.311051796835710659e-02
9.326525086070167059e-02
9.341998375304624846e-02
9.357471664539081246e-02
9.338130052996002073e-02
9.291710185292630098e-02
9.307183474527086497e-02
9.322656763761544285e-02
9.338130052996002073e-02
9.283973540675401204e-02
9.283973540675401204e-02
9.287841862984023977e-02
9.303315152218481765e-02
9.318788441452938165e-02
9.334261730687395953e-02
9.349735019921853740e-02
