6.148221143662335741e-01
5.877216087529124611e-01
5.647989979830725371e-01
5.202534513404739602e-01
5.125574455936122709e-01
4.941748556377267287e-01
4.827695453163997064e-01
4.902286772087196542e-01
4.777078862784466806e-01
4.659286615522053032e-01
4.374890634641419584e-01
4.232784741345171353e-01
4.268835247418978351e-01
4.242535986959046213e-01
4.152844420294526384e-01
3.972168243062783599e-01
3.888746649966385860e-01
3.841279781913963243e-01
3.797124727162209945e-01
3.703425092787873685e-01
3.798638804210682784e-01
3.874987336642690683e-01
3.578434532745140562e-01
3.517934076864276949e-01
3.492507897330103805e-01
3.497573240253820659e-01
3.425092787872649480e-01
3.446275131008186832e-01
3.384201655906650674e-01
3.364861255652462080e-01
3.339534541033882253e-01
3.277737357364549631e-01
3.266317311500170351e-01
3.261528260008657032e-01
3.244029802635819970e-01
3.203230767813889934e-01
3.220176642322323257e-01
3.181311647525810749e-01
3.151195881415717603e-01
3.190889750508839051e-01
3.156998001491973516e-01
3.124395612492056884e-01
3.053296617271899493e-01
3.015901492894701441e-01
3.089859183466721615e-01
3.080188983339628983e-01
3.133605326898813437e-01
3.012129193873699928e-01
2.932741455687461474e-01
2.940109227212865384e-01
2.943903629548449419e-01
2.912111695416324531e-01
2.999327690848307415e-01
2.855195660382571221e-01
2.872602020611342288e-01
2.858326963280869437e-01
2.787780550925116896e-01
2.770650482128549363e-01
2.863576500492721055e-01
2.846078043119882328e-01
2.824619408552141442e-01
2.804358036857279024e-01
2.736574538823550728e-01
2.753336219043847066e-01
2.713734447094797719e-01
2.714010738526997923e-01
2.736666635967617833e-01
2.683434486696569810e-01
2.706827161289730443e-01
2.703143275527026268e-01
2.709866367043959334e-01
2.698446321179580054e-01
2.690710161077904949e-01
2.692183715382984177e-01
2.668514749357623339e-01
2.633886223188218745e-01
2.654294950313590418e-01
2.673764286569473847e-01
2.666304417900002277e-01
2.611506617179802925e-01
2.649726931967841814e-01
2.571812748086682587e-01
2.611875005756071899e-01
2.650647903408517303e-01
2.518503237214611556e-01
2.550906696383350436e-01
2.533334561295255694e-01
2.547222810620643485e-01
2.602481097061180026e-01
2.559103342205363840e-01
2.430443631942971472e-01
2.457151803722567862e-01
2.518948987391900762e-01
2.536171153332533734e-01
2.525579981764767834e-01
2.491699284405189951e-01
2.406037888765070465e-01
2.451073392214108138e-01
2.464611672392042763e-01
2.490951455595362962e-01
2.423444248993840144e-01
2.440113832070069100e-01
2.412024203129461142e-01
2.427220231900609482e-01
2.443245134968363985e-01
2.406037888765070465e-01
2.402354003002366567e-01
2.415431797459961227e-01
2.411195328832851648e-01
2.402538197290501332e-01
2.362383842477044360e-01
2.406037888765070465e-01
2.379145522697340975e-01
2.393144288595610569e-01
2.398209631519326313e-01
2.398485922951529847e-01
2.368738545417706232e-01
2.381123769351912167e-01
2.396828174358312802e-01
2.376688370893615398e-01
2.390933957137989230e-01
2.396828174358312802e-01
2.369199031138041200e-01
2.338622779307611421e-01
2.377671968392260082e-01
2.334662602112707319e-01
2.389460402832908614e-01
2.389460402832908614e-01
2.376106316943110419e-01
2.345898453688949892e-01
2.325268693417818222e-01
2.292297915841627620e-01
2.264852966909494114e-01
2.359989316731288533e-01
2.382276825595637249e-01
2.327386927731370514e-01
2.302889087409401847e-01
2.300034075943304390e-01
2.303051178382955755e-01
2.359989316731288533e-01
2.362936425341451707e-01
2.330978716350005087e-01
2.307770236044981160e-01
2.268470542728464878e-01
2.251775172451901119e-01
2.214936314824877128e-01
2.359989316731288533e-01
2.336279827962534084e-01
2.313572356121235685e-01
2.272681224155236601e-01
2.214107440528269299e-01
2.220462143468927563e-01
2.187307171604607192e-01
2.342030373638113172e-01
2.263931995468820568e-01
2.279956898536576737e-01
2.219541172028255960e-01
2.194490748841879946e-01
2.184728451570716601e-01
2.335491476409311817e-01
2.314401230417841571e-01
2.217238743426567238e-01
2.213923246240134535e-01
2.197990440316445748e-01
2.182241828680893392e-01
2.178097457197852860e-01
2.178097457197852860e-01
2.215120509113013281e-01
2.213831149096065487e-01
2.189149114485959002e-01
2.139785045265747698e-01
2.178097457197852860e-01
2.106630073401422332e-01
2.197430489680513577e-01
2.193846068833403551e-01
2.190530571646974178e-01
2.185004743002920136e-01
2.160783194113153893e-01
2.079645610189630456e-01
2.082316427367587042e-01
2.126523056520016886e-01
2.103498770503127724e-01
2.074396072977773842e-01
2.117387019828530226e-01
2.065370552859160658e-01
2.074948655842184242e-01
2.134351313765759373e-01
2.108195724850572272e-01
2.081671747359115365e-01
2.057910684189679096e-01
2.177913262909718095e-01
2.067580884316780054e-01
2.083789981672670988e-01
2.186246212504946163e-01
2.030742026689752733e-01
2.059844724215101619e-01
2.030742026689752733e-01
2.053582118418507407e-01
2.030742026689752733e-01
2.030742026689752733e-01
2.030742026689752733e-01
2.067120398596438424e-01
2.033597038155845471e-01
2.047872095486320265e-01
2.029452666672806604e-01
2.030742026689752733e-01
1.959827225757726221e-01
2.030557832401629348e-01
2.041056906825315376e-01
2.042162072554131735e-01
2.030742026689752733e-01
2.030742026689752733e-01
2.030742026689752733e-01
2.029913152393143239e-01
2.048516775494791664e-01
2.036452049621944593e-01
2.029821055249077522e-01
2.030742026689752733e-01
2.030742026689752733e-01
1.981377957469543094e-01
2.030742026689752733e-01
2.030742026689752733e-01
2.030005249537212286e-01
2.029268472384671840e-01
1.858428270139353966e-01
1.953472522817077672e-01
1.937263425461182020e-01
2.012046306444041921e-01
2.030189443825347051e-01
2.029452666672806604e-01
1.848021292859705900e-01
1.932198082537456563e-01
1.918567705215471209e-01
1.993350586198329444e-01
2.030373638113481538e-01
2.029636860960941369e-01
1.807406452325917290e-01
1.822510383952994917e-01
1.899871984969745409e-01
1.974654865952605309e-01
2.026137169486373901e-01
1.694587450843161036e-01
1.790368480673421858e-01
1.876203018944387901e-01
1.975299545961083370e-01
1.955959145706892832e-01
2.030742026689752733e-01
1.660971993258487378e-01
1.770383400410768249e-01
1.785487332037842545e-01
1.859533435868158668e-01
1.937263425461182020e-01
2.011677917867770726e-01
1.632513975741614609e-01
1.692929702249933999e-01
1.766975806080251787e-01
1.841021909910571241e-01
1.915068013740903741e-01
1.563349020546872803e-01
2.026137169486373901e-01
1.674418176292356009e-01
1.748464280122675463e-01
1.822510383952994917e-01
1.893977767749422114e-01
1.969497425884820796e-01
1.584807655114627012e-01
1.674326079148295288e-01
1.729952754165099416e-01
1.803998857995417204e-01
1.875097853215574872e-01
1.950617511350973554e-01
1.558744163343493971e-01
1.633527044326353872e-01
1.708309925309225152e-01
1.785487332037842545e-01
1.856217938681727631e-01
1.931737596817127978e-01
1.999613191994920325e-01
1.614831324080641395e-01
1.689614205063501295e-01
1.764397086046359531e-01
1.837338024147882054e-01
1.559849329072305335e-01
1.559112551919765166e-01
1.596135603834930583e-01
1.670918484817788818e-01
1.745701365800648441e-01
1.816431972444535192e-01
1.560033523360440100e-01
1.559296746207899653e-01
1.577439883589218106e-01
1.652222764572077729e-01
1.721111428334612670e-01
1.560954494801115311e-01
1.560217717648574864e-01
1.559480940496034418e-01
1.558744163343493971e-01
1.633527044326353872e-01
1.702047319512632328e-01
1.558744163343493971e-01
1.558744163343493971e-01
1.558744163343493971e-01
1.558928357631628736e-01
1.614831324080641395e-01
1.558744163343493971e-01
1.558744163343493971e-01
1.558744163343493971e-01
1.559849329072305335e-01
1.559112551919765166e-01
1.596135603834917260e-01
1.670918484817788818e-01
1.625514592792499380e-01
1.558744163343493971e-01
1.560033523360440100e-01
1.559296746207899653e-01
1.577439883589218106e-01
1.644854993046658831e-01
1.558744163343493971e-01
1.558744163343493971e-01
1.558744163343493971e-01
1.558744163343493971e-01
1.558744163343493971e-01
1.558744163343493971e-01
1.558744163343493971e-01
1.558744163343493971e-01
1.558744163343493971e-01
1.556902220462142161e-01
1.558559969055359207e-01
1.558744163343493971e-01
1.558744163343493971e-01
1.558744163343493971e-01
1.558744163343493971e-01
1.558744163343493971e-01
1.558007386190953525e-01
1.558744163343493971e-01
1.558744163343493971e-01
1.558744163343493971e-01
1.558744163343493971e-01
1.556165443309603380e-01
1.558191580479088290e-01
1.556902220462140496e-01
1.558744163343493971e-01
1.558744163343493971e-01
1.558744163343493971e-01
1.555797054733332463e-01
1.557270609038413078e-01
1.558744163343493971e-01
1.558744163343493971e-01
1.558744163343493971e-01
1.558744163343493971e-01
1.558744163343493971e-01
1.556902220462142161e-01
1.558375774767224720e-01
1.558744163343493971e-01
1.558744163343493971e-01
1.558744163343493971e-01
1.555060277580792016e-01
1.556533831885872632e-01
1.558007386190953525e-01
1.550455420377416238e-01
1.558744163343493971e-01
1.553218334699439929e-01
1.554691889004520822e-01
1.556165443309603380e-01
1.557638997614682608e-01
1.558744163343493971e-01
1.531115020123227366e-01
1.558744163343493971e-01
1.558744163343493971e-01
1.555797054733332463e-01
1.557270609038413078e-01
1.558744163343493971e-01
1.558744163343493971e-01
1.552481557546899760e-01
1.553955111851980375e-01
1.555428666157061268e-01
1.556902220462142161e-01
1.550731711809623381e-01
1.539956345953710781e-01
1.514905922767330049e-01
1.553586723275711123e-01
1.555060277580792016e-01
1.556533831885872632e-01
1.558007386190953525e-01
1.550455420377416238e-01
1.524668220038495059e-01
1.553218334699439929e-01
1.554691889004520822e-01
1.556165443309603380e-01
1.557638997614682608e-01
1.552481557546896429e-01
1.527431134360523746e-01
1.552849946123170677e-01
1.554323500428251570e-01
1.555797054733332463e-01
