8.649664540710677585e-01
8.336784560589745041e-01
8.075772384659982706e-01
7.279880725586017620e-01
6.542416963472210689e-01
6.055926447444710536e-01
5.802865899113724968e-01
5.788602667108423416e-01
5.736353847428143915e-01
5.513128468483392552e-01
4.874099229686076340e-01
4.644661641679780906e-01
4.564731218421269610e-01
4.420607968193490112e-01
4.412325022778098571e-01
4.468880974074380674e-01
4.054501780833263402e-01
3.974720450592230114e-01
3.899196554294707129e-01
3.797730472956183934e-01
3.449018470968275296e-01
3.623788619232999331e-01
3.552969435931416786e-01
3.423341340180566239e-01
3.379855876749772170e-01
3.274662469974323753e-01
3.197216930340430197e-01
3.069311687235980468e-01
3.371158784063614244e-01
3.153781164582122321e-01
3.143791932411165724e-01
3.031558022032635469e-01
3.010850658494161891e-01
2.937546591567960497e-01
2.855959579226370892e-01
2.873767911869459790e-01
2.876252795494078085e-01
2.921709599933734469e-01
2.773544272343244077e-01
2.829868301167895450e-01
2.732957839807835243e-01
2.710593887186281692e-01
2.719705127143211554e-01
2.681603578232419349e-01
2.636875672989313912e-01
2.720533421684752096e-01
2.671249896463182560e-01
2.619481487616997506e-01
2.563157458792346688e-01
2.520086142632321224e-01
2.497142383831688350e-01
2.592561915016979301e-01
2.620309782158538603e-01
2.522571026256937854e-01
2.464143129296777757e-01
2.406609790441479879e-01
2.482812888263065954e-01
2.457964052016897716e-01
2.493166570032302742e-01
2.486126066429223402e-01
2.312598359976808515e-01
2.230183053093680035e-01
2.378033628758387530e-01
2.361467737927608057e-01
2.455479168392279143e-01
2.238118114801621594e-01
2.159778017062867761e-01
2.149010188022862367e-01
2.148480079516275065e-01
2.293199701813963542e-01
2.234324525801374417e-01
2.226041580385985652e-01
2.129959413567464321e-01
2.115464259090531207e-01
2.093928601010518475e-01
1.976724923382753296e-01
2.023109417708935931e-01
2.061210966619730078e-01
2.048786548496646931e-01
2.008200115961236154e-01
2.007371821419695612e-01
1.952704381678123935e-01
1.929512134515033450e-01
2.054584610287419066e-01
2.010684999585852784e-01
1.922057483641181619e-01
1.927855545431955697e-01
1.890168143791933764e-01
1.818934813219579005e-01
1.952886606477245712e-01
2.011513294127393603e-01
1.940279963555038845e-01
1.907148181893481842e-01
1.853309036693449041e-01
1.817692371407271801e-01
1.745630746293383717e-01
1.687650128385654591e-01
1.896794500124243110e-01
1.919572600016566932e-01
1.869874927524226571e-01
1.806924542367266406e-01
1.747701482647229798e-01
1.701731135591815769e-01
1.927027250890416821e-01
1.798641596951875699e-01
1.864076865733454436e-01
1.791186946078025810e-01
1.758883458958003798e-01
1.683293299097157747e-01
1.675639857533338106e-01
1.673983268450260353e-01
1.677296446616414194e-01
1.673983268450260353e-01
1.727822413650293154e-01
1.696347221071813904e-01
1.659488113973329182e-01
1.658659819431790305e-01
1.667771059388717947e-01
1.771307877081090831e-01
1.646235401308705215e-01
1.693034042905656456e-01
1.656589083077942004e-01
1.658245672161019757e-01
1.656589083077942004e-01
1.602749937877909481e-01
1.635881719539468149e-01
1.685579392031804624e-01
1.665700323034871588e-01
1.657831524890251429e-01
1.590739667025594661e-01
1.603164085148677809e-01
1.602749937877909481e-01
1.629669510477927685e-01
1.641679781330240284e-01
1.654932493994864251e-01
1.580385985256355930e-01
1.586184047047130008e-01
1.599436759711752032e-01
1.604406526960987234e-01
1.637124161351775631e-01
1.539385405450178490e-01
1.559264474447111803e-01
1.582870868880972559e-01
1.594052845191748502e-01
1.596951876087135402e-01
1.601921643336370604e-01
1.553052265385571062e-01
1.548910792677874737e-01
1.532344901847095264e-01
1.544040420773623579e-01
1.540213699991717367e-01
1.553052265385571062e-01
1.545183467240948960e-01
1.544769319970180355e-01
1.561335210800959827e-01
1.543941025428641478e-01
1.540627847262485972e-01
1.537314669096328523e-01
1.546425909053260050e-01
1.540627847262485972e-01
1.557193738093265445e-01
1.532344901847095264e-01
1.512051685579393623e-01
1.514950716474778858e-01
1.527805847759458324e-01
1.536486374554789647e-01
1.532344901847095264e-01
1.532344901847095264e-01
1.492586763853225584e-01
1.533173196388636084e-01
1.522405367348627081e-01
1.532344901847095264e-01
1.532344901847095264e-01
1.509152654684004780e-01
1.532344901847095264e-01
1.502526298351692102e-01
1.519920483724010452e-01
1.521991220077858475e-01
1.449797067837320375e-01
1.394848007951626501e-01
1.485960407520912629e-01
1.499213120185536596e-01
1.512465832850160286e-01
1.514950716474777193e-01
1.497556531102456900e-01
1.405615836991633838e-01
1.482647229354757124e-01
1.495899942019381090e-01
1.509152654684004780e-01
1.496314089290149418e-01
1.449101300422427907e-01
1.395676302493167320e-01
1.336039095502360718e-01
1.468152074877825675e-01
1.456141804025511133e-01
1.487616996603990382e-01
1.449515447693198178e-01
1.393191418868547082e-01
1.344322040917751149e-01
1.463596454899359078e-01
1.449515447693198178e-01
1.449515447693198178e-01
1.449515447693198178e-01
1.407272426074709648e-01
1.365857698997762215e-01
1.269775532179242827e-01
1.449515447693198178e-01
1.449515447693198178e-01
1.449515447693198178e-01
1.421353433280872491e-01
1.345150335459286417e-01
1.287998012093100053e-01
1.449515447693198178e-01
1.449515447693198178e-01
1.449515447693198178e-01
1.435434440487035335e-01
1.362544520831604766e-01
1.292967779342333312e-01
1.201855379773047322e-01
1.449515447693198178e-01
1.424666611447029940e-01
1.449515447693198178e-01
1.379938706203923116e-01
1.310361964714651661e-01
1.251553052265383659e-01
1.303917833181477137e-01
1.074712167646813543e-01
1.443303238631655772e-01
1.397332891576243130e-01
1.327756150086968068e-01
1.233943510312264652e-01
1.134763521908390693e-01
1.449515447693198178e-01
1.437091029570113088e-01
1.414727076948561479e-01
1.345150335459286417e-01
1.215522239708439756e-01
1.137662552803775790e-01
1.098732709351444847e-01
1.090449763936054139e-01
1.431292967779340952e-01
1.254866230431541108e-01
1.223391037853060054e-01
1.148844529114551594e-01
1.104116623871446573e-01
1.062701896794498863e-01
1.449515447693198178e-01
1.262735028576161544e-01
1.231259835997680352e-01
1.160026505425327398e-01
1.115298600182222377e-01
1.074712167646813543e-01
1.443303238631655772e-01
1.268118943096165074e-01
1.215936386979208222e-01
1.171208481736105006e-01
1.126480576492999985e-01
1.081752671249896769e-01
1.294210221154642459e-01
1.380767000745465600e-01
1.242027665037685746e-01
1.182390458046880810e-01
1.137662552803775790e-01
1.092934647560672573e-01
9.115381429636376653e-02
1.282199950302327918e-01
1.250724757723846725e-01
1.186117783483806726e-01
1.148016234573012717e-01
1.104116623871446573e-01
9.289323283359542105e-02
8.593555868466827563e-02
8.842044230928527981e-02
1.198128054336121406e-01
1.160026505425327398e-01
1.103238631657415814e-01
1.058146276816034209e-01
8.767497722190011056e-02
8.779922140313084489e-02
1.210138325188436087e-01
1.139170048869377755e-01
1.109914685662220651e-01
9.637206990805945173e-02
8.941439575913193161e-02
8.717800049697677078e-02
8.966288412159359456e-02
1.174107512631492045e-01
1.110328832932989118e-01
1.075540462188354363e-01
9.115381429636376653e-02
8.655677959082253015e-02
1.153400149093014582e-01
1.186117783483806726e-01
1.118197631077609416e-01
1.056903835003726727e-01
9.289323283359542105e-02
8.593555868466827563e-02
8.842044230928527981e-02
8.808912449266954880e-02
1.075540462188352420e-01
1.015903255197547622e-01
9.463265137082724210e-02
8.767497722190011056e-02
8.779922140313102530e-02
8.730224467820751899e-02
9.044976393605544396e-02
8.593555868466827563e-02
9.637206990805945173e-02
8.941439575913193161e-02
8.717800049697677078e-02
8.593555868466827563e-02
8.593555868466827563e-02
8.593555868466827563e-02
9.662055827052111467e-02
9.115381429636376653e-02
8.593555868466827563e-02
8.593555868466827563e-02
8.593555868466827563e-02
8.593555868466827563e-02
9.844280626190683725e-02
9.148513211297931713e-02
8.593555868466827563e-02
8.593555868466827563e-02
8.593555868466827563e-02
8.593555868466827563e-02
1.002650542532925459e-01
8.593555868466827563e-02
8.750931831359233526e-02
8.593555868466827563e-02
8.593555868466827563e-02
8.593555868466827563e-02
8.593555868466827563e-02
9.380435682928854602e-02
8.717800049697677078e-02
8.593555868466827563e-02
8.593555868466827563e-02
8.593555868466827563e-02
8.593555868466827563e-02
8.593555868466827563e-02
9.065683757144044064e-02
8.593555868466827563e-02
8.593555868466827563e-02
8.593555868466827563e-02
8.593555868466827563e-02
8.593555868466827563e-02
8.593555868466827563e-02
8.593555868466827563e-02
8.593555868466827563e-02
8.593555868466827563e-02
8.593555868466827563e-02
8.444462850989810365e-02
8.510726414312920485e-02
8.576989977636050033e-02
8.593555868466827563e-02
8.593555868466827563e-02
8.593555868466827563e-02
8.427896960159032835e-02
8.494160523482142955e-02
8.560424086805272503e-02
8.593555868466827563e-02
8.593555868466827563e-02
8.593555868466827563e-02
8.593555868466827563e-02
8.477594632651365425e-02
8.543858195974494973e-02
8.593555868466827563e-02
8.593555868466827563e-02
8.593555868466827563e-02
8.394765178497477776e-02
8.461028741820587895e-02
8.527292305143717444e-02
8.593555868466827563e-02
8.593555868466827563e-02
8.593555868466827563e-02
8.378199287666700246e-02
8.444462850989810365e-02
8.510726414312920485e-02
8.576989977636050033e-02
8.204257433943498712e-02
8.535575250559106208e-02
8.361633396835904675e-02
8.427896960159032835e-02
8.494160523482142955e-02
8.560424086805272503e-02
8.198625031061036739e-02
8.229106270189683048e-02
8.345067506005127145e-02
8.411331069328255305e-02
8.477594632651365425e-02
8.477263314834740382e-02
8.249813633728146633e-02
8.552141141389883738e-02
8.328501615174348227e-02
8.394765178497477776e-02
8.461028741820587895e-02
