8.665617493580715092e-01
8.245672161020457525e-01
8.007520914437173953e-01
7.376592396256106410e-01
6.556067257516773328e-01
6.078853640354509036e-01
5.774538225793088841e-01
5.852696098732709240e-01
5.802981860349540888e-01
5.434920897871282630e-01
4.908854468649050395e-01
4.719208150418286452e-01
4.612772301830530552e-01
4.472376377039672946e-01
4.495982771473534534e-01
4.363041497556531256e-01
4.047544106684336507e-01
3.838731052762361373e-01
3.825378944752753640e-01
3.773295783980782359e-01
3.458129710925204603e-01
3.623788619232999331e-01
3.615224053673484761e-01
3.494574670752919054e-01
3.306965957094343267e-01
3.312349871614345131e-01
3.133024103371160329e-01
3.014047875424500367e-01
3.298683011678952837e-01
3.148761699660398983e-01
3.089124492669594324e-01
3.060548330986500032e-01
3.007951627598772770e-01
2.929263646152571732e-01
2.844363455644826622e-01
2.874082663795246018e-01
2.814130704878654576e-01
2.837322952041745339e-01
2.803362875838649182e-01
2.794251635881719875e-01
2.710179739915513086e-01
2.712664623540129716e-01
2.685745050940113732e-01
2.659653772881636069e-01
2.625064192826969123e-01
2.692371407272426409e-01
2.671249896463182560e-01
2.662966951047793240e-01
2.556116955189264850e-01
2.595875093183134807e-01
2.526712498964632236e-01
2.561500869709268935e-01
2.638946409343164157e-01
2.452165990226123637e-01
2.366437505176841316e-01
2.399155139567629991e-01
2.441398161186116300e-01
2.455479168392281086e-01
2.506419282696926709e-01
2.287749523730638612e-01
2.245506502112152025e-01
2.284022198293714501e-01
2.355255528866065651e-01
2.347568955520583645e-01
2.376907148181891527e-01
2.247163091195229778e-01
2.186283442392112086e-01
2.182141969684419369e-01
2.133272591733619827e-01
2.285678787376792254e-01
2.234324525801374417e-01
2.226041580385985652e-01
2.077362710179739003e-01
2.115464259090531207e-01
2.040917750352024829e-01
2.166404373395178773e-01
2.178414644247495258e-01
2.060796819348961473e-01
2.042160192164333976e-01
2.031392363124326639e-01
2.018139650459702672e-01
1.952704381678123935e-01
1.921262320881301500e-01
2.054584610287419066e-01
2.028046053176508767e-01
1.981280543361219892e-01
1.950633645324277576e-01
1.912946243684253977e-01
1.824732875010353084e-01
1.796570860598027397e-01
2.005715232336619525e-01
1.944421436262733227e-01
1.907148181893481842e-01
1.876435020293214517e-01
1.793671829702642440e-01
1.750600513542616976e-01
1.687650128385654591e-01
1.899693531019630011e-01
1.954360970761203353e-01
1.869874927524226571e-01
1.795742566056490463e-01
1.747701482647229798e-01
1.713741406444132254e-01
1.864905160274993312e-01
1.798641596951875699e-01
1.691592810403377833e-01
1.807752836908805283e-01
1.736105359065683862e-01
1.700902841050276892e-01
1.673983268450260353e-01
1.687650128385654591e-01
1.693862337447193667e-01
1.656589083077942004e-01
1.742731715397996539e-01
1.701316988321049106e-01
1.658659819431790305e-01
1.662801292139484688e-01
1.715812142797978335e-01
1.792843535161103563e-01
1.691741903420851678e-01
1.693034042905656456e-01
1.656589083077942004e-01
1.658245672161019757e-01
1.649962726745629327e-01
1.617659239625610923e-01
1.619315828708688954e-01
1.695933073801041691e-01
1.665700323034871588e-01
1.654104199453325375e-01
1.596537728816366797e-01
1.598608465170215098e-01
1.602749937877909481e-01
1.631740246831773766e-01
1.649134432204088507e-01
1.635881719539466483e-01
1.630083657748694348e-01
1.586184047047130008e-01
1.611032883293298246e-01
1.591882713492916435e-01
1.615588503271762899e-01
1.638366603164084778e-01
1.575830365277892942e-01
1.582870868880972559e-01
1.596123581545596526e-01
1.596951876087135402e-01
1.601921643336370604e-01
1.553052265385571062e-01
1.553880559927107996e-01
1.546425909053258108e-01
1.564648388967117276e-01
1.596123581545598469e-01
1.553052265385571062e-01
1.549739087219415556e-01
1.544769319970180355e-01
1.561335210800959827e-01
1.538142963637867677e-01
1.540627847262485972e-01
1.558850327176343198e-01
1.553052265385571062e-01
1.540627847262485972e-01
1.551395676302493309e-01
1.532344901847095264e-01
1.535243932742484108e-01
1.538142963637869343e-01
1.524890250973243710e-01
1.532344901847095264e-01
1.501283856539384620e-01
1.527789281868630611e-01
1.492586763853225584e-01
1.532344901847095264e-01
1.522405367348627081e-01
1.532344901847095264e-01
1.532344901847095264e-01
1.519092189182471575e-01
1.489273585687068135e-01
1.509980949225543656e-01
1.519920483724010452e-01
1.521991220077858475e-01
1.480162345730140494e-01
1.501698003810153226e-01
1.485960407520912629e-01
1.499213120185536596e-01
1.475192578480907235e-01
1.451172036776275931e-01
1.447295618321874366e-01
1.380767000745463657e-01
1.482647229354757124e-01
1.495899942019381090e-01
1.509152654684004780e-01
1.506253623788617879e-01
1.439575913194729717e-01
1.395676302493167320e-01
1.336039095502360718e-01
1.488031143874760653e-01
1.456141804025511133e-01
1.487616996603990382e-01
1.449515447693198178e-01
1.410585604240867097e-01
1.350948397250062161e-01
1.291311190259255559e-01
1.449515447693198178e-01
1.484717965708603205e-01
1.449515447693198178e-01
1.407272426074709648e-01
1.342665451834671730e-01
1.446202269527044615e-01
1.449515447693198178e-01
1.449515447693198178e-01
1.449515447693198178e-01
1.421353433280872491e-01
1.345150335459286417e-01
1.287998012093100053e-01
1.360887931748527013e-01
1.449515447693198178e-01
1.449515447693198178e-01
1.435434440487035335e-01
1.362544520831604766e-01
1.298765841133107390e-01
1.233330572351526572e-01
1.268947237637703951e-01
1.424666611447029940e-01
1.449515447693198178e-01
1.379938706203923116e-01
1.310361964714651661e-01
1.240785223225376460e-01
1.424252464176259669e-01
1.449515447693198178e-01
1.443303238631655772e-01
1.397332891576243130e-01
1.327756150086968068e-01
1.258179408597696614e-01
1.184461194400728973e-01
1.412242193323944850e-01
1.069328253126808070e-01
1.414727076948561479e-01
1.345150335459286417e-01
1.219663712416135942e-01
1.184047047129958702e-01
1.406029984262402444e-01
1.050691625942184182e-01
1.431292967779340952e-01
1.362544520831604766e-01
1.271846268533090851e-01
1.158784063613020054e-01
1.110742980203759528e-01
1.424666611447029940e-01
1.014660813385238336e-01
1.376625528037767610e-01
1.204754410668434361e-01
1.160026505425327398e-01
1.115298600182222377e-01
1.066429222231424778e-01
1.441646649548578019e-01
1.014660813385238336e-01
1.215936386979208222e-01
1.171208481736105006e-01
1.126480576492999985e-01
1.081752671249896769e-01
1.062536237886188145e-01
1.276816035782324110e-01
1.227118363289984027e-01
1.182390458046880810e-01
1.137662552803775790e-01
1.092934647560672573e-01
1.045721858692949119e-01
1.266048206742318716e-01
1.238300339600759831e-01
1.193572434357658557e-01
1.128965460117616615e-01
1.104116623871446573e-01
1.049449184129873092e-01
8.593555868466827563e-02
1.246169137745381933e-01
1.198128054336121406e-01
1.160026505425327398e-01
1.100389298434520657e-01
1.062287749523728592e-01
8.767497722190011056e-02
8.779922140313084489e-02
1.210138325188436087e-01
1.171208481736105006e-01
1.033297440569865971e-01
1.067638532262071560e-01
8.941439575913193161e-02
8.717800049697677078e-02
8.966288412159359456e-02
1.182390458046880810e-01
1.110328832932989118e-01
9.811148844529128665e-02
9.115381429636376653e-02
8.655677959082253015e-02
8.904166321543935392e-02
1.186117783483806726e-01
1.128965460117616615e-01
9.985090698252292729e-02
9.289323283359542105e-02
8.593555868466827563e-02
8.842044230928527981e-02
8.808912449266954880e-02
1.085479996686820880e-01
1.010105193406775487e-01
9.463265137082724210e-02
8.767497722190011056e-02
8.779922140313102530e-02
8.593555868466827563e-02
8.593555868466827563e-02
1.029155967862171450e-01
9.637206990805945173e-02
8.941439575913193161e-02
8.593555868466827563e-02
8.593555868466827563e-02
8.593555868466827563e-02
1.039095502360638107e-01
9.811148844529128665e-02
9.115381429636376653e-02
8.593555868466827563e-02
8.593555868466827563e-02
8.593555868466827563e-02
8.593555868466827563e-02
8.593555868466827563e-02
9.289323283359542105e-02
8.593555868466827563e-02
8.593555868466827563e-02
8.808912449266954880e-02
8.593555868466827563e-02
8.593555868466827563e-02
9.463265137082724210e-02
8.750931831359233526e-02
8.593555868466827563e-02
8.593555868466827563e-02
8.593555868466827563e-02
8.593555868466827563e-02
8.593555868466827563e-02
8.734365940528454608e-02
8.593555868466827563e-02
8.593555868466827563e-02
8.593555868466827563e-02
8.593555868466827563e-02
8.593555868466827563e-02
8.883458958005471806e-02
8.593555868466827563e-02
8.593555868466827563e-02
8.593555868466827563e-02
8.593555868466827563e-02
8.461028741820587895e-02
8.527292305143717444e-02
8.593555868466827563e-02
8.593555868466827563e-02
8.593555868466827563e-02
8.593555868466827563e-02
8.444462850989810365e-02
8.510726414312920485e-02
8.576989977636050033e-02
8.593555868466827563e-02
8.593555868466827563e-02
8.593555868466827563e-02
8.593555868466827563e-02
8.494160523482142955e-02
8.560424086805272503e-02
8.593555868466827563e-02
8.593555868466827563e-02
8.345067506005127145e-02
8.411331069328255305e-02
8.477594632651365425e-02
8.543858195974494973e-02
8.593555868466827563e-02
8.593555868466827563e-02
8.593555868466827563e-02
8.593555868466827563e-02
8.461028741820587895e-02
8.527292305143717444e-02
8.593555868466827563e-02
8.461028741820587895e-02
8.311935724343570697e-02
8.378199287666700246e-02
8.444462850989810365e-02
8.510726414312920485e-02
8.576989977636050033e-02
8.502609127805844935e-02
8.581131450343734701e-02
8.361633396835904675e-02
8.427896960159032835e-02
8.494160523482142955e-02
8.179408597697332417e-02
8.336784560589736992e-02
8.278803942682015637e-02
8.345067506005127145e-02
8.411331069328255305e-02
8.477594632651365425e-02
8.543858195974494973e-02
8.331317816615534111e-02
8.262238051851238108e-02
8.328501615174348227e-02
8.394765178497477776e-02
8.461028741820587895e-02
