6.077234803337305813e-01
5.828934672796413086e-01
6.028151427436290177e-01
5.615528690618082353e-01
5.337215505987852326e-01
4.907502128384128026e-01
4.856189341052274400e-01
4.830126567909643898e-01
4.818965889096996080e-01
4.548725807367046126e-01
4.512060843407684763e-01
4.341336057665021175e-01
4.221124921959248932e-01
4.224870878029399757e-01
4.177812588682670580e-01
4.159032862250977014e-01
4.101254327714398684e-01
3.915659231511438021e-01
3.901129462512060164e-01
3.888756456098530490e-01
3.835972529655486407e-01
3.941767410182189790e-01
3.812815710312730810e-01
3.730291162949089245e-01
3.671718031670354043e-01
3.633917929507916589e-01
3.569442079573185156e-01
3.724842499574322896e-01
3.668880186162665202e-01
3.587200181622110517e-01
3.495998637834156209e-01
3.398036210908676469e-01
3.338895510528403499e-01
3.290207162722050827e-01
3.504852715818150832e-01
3.436839775242633843e-01
3.336738747942562533e-01
3.277030478460751239e-01
3.202905953799875527e-01
3.077019127078716720e-01
3.476996424314659495e-01
3.397128100346210045e-01
3.276767126397638341e-01
3.206878937510639904e-01
3.035132527385210333e-01
3.003575685339688883e-01
2.974062092059707174e-01
2.969635053067710140e-01
3.158149724728984142e-01
3.090036891991597146e-01
2.910153811226518505e-01
2.929791702139731835e-01
2.945229581701571120e-01
2.856348260400702888e-01
2.679947783642658288e-01
2.908564617742207536e-01
2.879845621204380479e-01
2.860094216470853712e-01
2.794596742153357405e-01
2.836142800385944018e-01
2.610477325614393163e-01
2.676088313752197356e-01
2.687866507747317391e-01
2.717974913445710961e-01
2.694364038821726037e-01
2.462001248652022078e-01
2.545547420398432958e-01
2.599920540325783569e-01
2.506158124751687311e-01
2.571088029967646960e-01
2.534763607469208146e-01
2.446222827629263297e-01
2.379490322946820335e-01
2.458822861683408190e-01
2.442022816277884811e-01
2.437141722004654287e-01
2.466087746183097118e-01
2.367557750156076557e-01
2.385379419944380075e-01
2.369828026562233736e-01
2.378972699926211742e-01
2.366763153413927179e-01
2.355411771383166264e-01
2.346671207219478417e-01
2.346784721039786858e-01
2.340541460922866968e-01
2.352573925875475203e-01
2.329871161813951153e-01
2.317384641580112481e-01
2.298541347409040758e-01
2.303876496963509768e-01
2.292979170213974016e-01
2.281627788183211991e-01
2.286281854815818693e-01
2.259946648504459477e-01
2.295249446620126199e-01
2.284465633690902220e-01
2.281627788183211991e-01
2.301719734377660753e-01
2.145297689993759804e-01
2.196378909132187807e-01
2.214087065100176777e-01
2.267892615925992672e-01
2.042844656336913756e-01
2.176741018218969481e-01
2.115897610534083484e-01
2.146546342017143782e-01
2.182870764515582873e-01
2.192496736477667907e-01
2.275952097167832089e-01
2.005789204835692063e-01
2.057755831772514477e-01
2.131108462455305608e-01
2.155627447641750571e-01
2.210114081389415175e-01
1.954140416595723240e-01
1.995005391906466974e-01
2.011351382030760748e-01
2.047221749247972733e-01
2.013644361200980781e-01
2.185822123843580156e-01
1.941086327260344857e-01
1.984221578977243827e-01
1.995345933367391189e-01
1.907032181168056839e-01
1.941653896361881793e-01
1.941086327260344857e-01
1.938134967932347574e-01
1.913615982745897892e-01
1.963448549860944969e-01
1.915091662409897366e-01
1.899653782848062522e-01
1.923378171292356720e-01
1.920426811964357494e-01
1.882286168340994437e-01
1.924059254214200987e-01
1.905556501504061251e-01
1.902605142176059805e-01
1.870140189568080813e-01
1.899199727566835139e-01
1.931097111073273309e-01
1.867869913161927797e-01
1.872864521255461490e-01
1.903812929224138473e-01
1.819967080992109798e-01
1.846075259662864620e-01
1.941086327260344857e-01
1.878880753731763664e-01
1.819967080992111741e-01
1.849253646631470460e-01
1.802712980305355150e-01
1.811113003008115729e-01
1.804302173789656127e-01
1.846188773483170009e-01
1.817015721664112515e-01
1.836086043475792795e-01
1.795221068165049338e-01
1.813383279414268745e-01
1.787275100743516143e-01
1.802258925024121661e-01
1.807367046937962685e-01
1.796356206368124875e-01
1.827572506952720999e-01
1.764572336681990150e-01
1.783075089392131829e-01
1.799307565696122158e-01
1.796356206368124875e-01
1.769339917134921114e-01
1.746183097792159689e-01
1.781145354446906637e-01
1.778193995118905191e-01
1.796356206368124875e-01
1.716783018332479482e-01
1.734718201941082283e-01
1.700437028208187651e-01
1.729950621488169360e-01
1.760780975083719724e-01
1.788183211305977016e-01
1.642885521312220098e-01
1.684204551904195102e-01
1.693058629888189170e-01
1.722572223168168937e-01
1.747318235995235225e-01
1.773426414665990047e-01
1.632555763664230442e-01
1.769226403314609897e-01
1.685680231568194853e-01
1.715193824848174342e-01
1.719280322379249382e-01
1.738123616550313055e-01
1.615074635336850861e-01
1.624382768602070370e-01
1.678301833248200536e-01
1.702593790794033612e-01
1.708269481809411572e-01
1.733242522277088637e-01
1.611896248368238638e-01
1.624609796242691140e-01
1.602928656563937238e-01
1.652988251319597035e-01
1.697258641239575705e-01
1.724842499574326116e-01
1.614734093875928866e-01
1.612577331290084848e-01
1.625631420625461288e-01
1.603269198024859510e-01
1.575571825869799547e-01
1.658287076451567532e-01
1.611896248368238638e-01
1.612350303649468242e-01
1.613258414211931058e-01
1.559679891026733156e-01
1.542993359441511281e-01
1.611896248368238638e-01
1.600998921618706217e-01
1.612123276008853578e-01
1.613031386571314452e-01
1.547533912253813704e-01
1.554344741472271085e-01
1.611896248368238638e-01
1.611896248368238638e-01
1.611896248368238638e-01
1.583290765650718079e-01
1.554685282933197243e-01
1.526079800215672522e-01
1.497474317498151686e-01
1.464895851069865362e-01
1.608263806118395145e-01
1.590442136330097733e-01
1.561836653612576897e-01
1.533231170895056339e-01
1.533004143254441676e-01
1.590101594869177681e-01
1.604631363868551652e-01
1.597593507009475444e-01
1.568988024291956551e-01
1.540382541574435993e-01
1.511777058856915157e-01
1.477609398944321750e-01
1.600998921618706217e-01
1.604744877688855098e-01
1.576139394971334262e-01
1.547533912253813704e-01
1.475339122538166514e-01
1.483966172881547863e-01
1.597366479368862724e-01
1.611896248368238638e-01
1.561042056870425576e-01
1.554685282933193358e-01
1.478858050967702675e-01
1.490322946818772032e-01
1.464895851069865362e-01
1.439468755320958970e-01
1.515977070208297528e-01
1.548101481355354525e-01
1.517452749872295059e-01
1.468301265679096412e-01
1.434474147227425000e-01
1.445825529258182862e-01
1.517679777512911943e-01
1.499971621544923805e-01
1.485895907826777218e-01
1.471820194108632573e-01
1.457744480390487929e-01
1.429366025313579813e-01
1.345933367387480151e-01
1.512571655599068698e-01
1.439355241500647475e-01
1.475339122538166514e-01
1.461263408820024090e-01
1.370906407855155273e-01
1.342300925137634715e-01
1.383506441909298224e-01
1.448436347125258150e-01
1.478858050967702675e-01
1.464782337249558031e-01
1.378057778534532984e-01
1.349452295817014369e-01
1.353198251887167136e-01
1.457517452749871045e-01
1.381236165503149094e-01
1.435382257789885874e-01
1.385209149213912638e-01
1.356603666496392080e-01
1.349565809637323643e-01
1.466598558374479777e-01
1.430274135876040686e-01
1.435609285430500537e-01
1.392360519893296456e-01
1.363755037175775620e-01
1.345933367387480151e-01
1.360463136386856342e-01
1.374992905386230313e-01
1.428117373290194725e-01
1.399511890572676109e-01
1.370906407855155273e-01
1.342300925137634715e-01
1.356830694137010629e-01
1.371360463136388763e-01
1.412225438447124448e-01
1.406663261252053820e-01
1.378057778534532984e-01
1.349452295817008263e-01
1.353198251887167136e-01
1.404279471025585146e-01
1.381236165503149094e-01
1.342300925137634715e-01
1.385209149213916802e-01
1.356603666496392080e-01
1.349565809637321701e-01
1.342300925137634715e-01
1.342300925137634715e-01
1.420966002610817291e-01
1.342300925137634715e-01
1.363755037175775620e-01
1.342300925137634715e-01
1.342300925137634715e-01
1.342300925137634715e-01
1.342300925137634715e-01
1.342300925137634715e-01
1.370906407855149445e-01
1.342300925137634715e-01
1.342300925137634715e-01
1.342300925137634715e-01
1.342300925137634715e-01
1.342300925137634715e-01
1.342300925137634715e-01
1.346160395028090928e-01
1.342300925137634715e-01
1.342300925137634715e-01
1.342300925137634715e-01
1.342300925137634715e-01
1.322549520404107948e-01
1.335717123559793662e-01
1.342300925137634715e-01
1.342300925137634715e-01
1.342300925137634715e-01
1.342300925137634715e-01
1.342300925137634715e-01
1.332425222770870221e-01
1.342300925137634715e-01
1.342300925137634715e-01
1.342300925137634715e-01
1.342300925137634715e-01
1.315965718826267172e-01
1.329133321981952887e-01
1.342300925137634715e-01
1.342300925137634715e-01
1.342300925137634715e-01
1.323911686247804254e-01
1.342300925137634715e-01
1.325841421193029446e-01
1.339009024348717103e-01
1.325614393552412562e-01
1.342300925137634715e-01
1.336171178841023266e-01
1.309381917248426119e-01
1.322549520404107948e-01
1.335717123559793662e-01
1.331176570747489296e-01
1.342300925137634715e-01
1.329246835802264382e-01
1.340711731653327632e-01
1.319257619615190613e-01
1.332425222770870221e-01
1.342300925137634715e-01
1.318939780918323146e-01
1.298711618139510304e-01
1.302798115670585344e-01
1.315965718826267172e-01
1.329133321981952887e-01
1.342300925137634715e-01
1.265452068789375828e-01
1.315398149724726351e-01
1.323911686247804254e-01
1.312673818037343731e-01
1.325841421193029446e-01
1.337533344684719572e-01
1.325614393552412562e-01
1.308473806685969409e-01
1.296214314092740405e-01
1.309381917248426119e-01
1.322549520404107948e-01
1.260003405414608646e-01
1.262727737101991266e-01
1.279754810148135136e-01
1.292922413303821128e-01
1.306090016459502678e-01
1.319257619615190613e-01
1.327998183778873187e-01
1.261365571258301066e-01
1.276462909359213915e-01
1.289630512514899630e-01
1.302798115670585344e-01
1.315965718826267172e-01
