6.426672908769651693e-01
6.166588640379356834e-01
5.962215141126900875e-01
5.703671262666686337e-01
5.377936179530936611e-01
5.275231436036064148e-01
5.123684250268057960e-01
5.000377546551489916e-01
4.984185330051195684e-01
4.880619780418925524e-01
4.759729374631891941e-01
4.585484090188320372e-01
4.492719392301069425e-01
4.447271848618936096e-01
4.489406043765197252e-01
4.421221136566138576e-01
4.330081399036501688e-01
4.107857498829606269e-01
4.088786867420753368e-01
4.045335789902895218e-01
4.048220245556276575e-01
4.020870773366356787e-01
3.907096364981802461e-01
3.903378286542730780e-01
3.857091079330081662e-01
3.771765558693387366e-01
3.800383587296313204e-01
3.769273751453554033e-01
3.783167464548378711e-01
3.716417234244980827e-01
3.586692239153087547e-01
3.585559599498618355e-01
3.597716598456589532e-01
3.679417672198983524e-01
3.722007943579442313e-01
3.611761330172012507e-01
3.467387528882311942e-01
3.395578174788952963e-01
3.408792304091093350e-01
3.507256444719638044e-01
3.430614494767206812e-01
3.438693990969086678e-01
3.286089674856910170e-01
3.159460561487233421e-01
3.270637449597532664e-01
3.344609390337828225e-01
3.326185118625127335e-01
3.065224942235380556e-01
3.114381503239349036e-01
2.994240149810477036e-01
3.031698808463084149e-01
3.114003956687865782e-01
2.980881042632556044e-01
2.970913813673226045e-01
2.757222465530000388e-01
2.896990198891526425e-01
2.960720056783001097e-01
2.926740867148927006e-01
2.896386124409141560e-01
2.587251008049296086e-01
2.529561894981651182e-01
2.555235060482957676e-01
2.717051512451488238e-01
2.793240406542126242e-01
2.784858873099056442e-01
2.535451621184891535e-01
2.373076400320159041e-01
2.455487261579352154e-01
2.485086911216155825e-01
2.597067218388026677e-01
2.436987480556353503e-01
2.518235498436956488e-01
2.326894906141924735e-01
2.290348399957712888e-01
2.320854161318095243e-01
2.254632496186779189e-01
2.385339112312546139e-01
2.348868115438635940e-01
2.304770678224623004e-01
2.256142682392737742e-01
2.202833109322377414e-01
2.085189603878158104e-01
2.067520425268436490e-01
2.330217315795037880e-01
2.033994291496138695e-01
2.058157270791491078e-01
1.949272845341829541e-01
1.993521301176435501e-01
1.971246054638536860e-01
2.281891357204348936e-01
1.996164127036865743e-01
1.959089055680564295e-01
1.888110304000482353e-01
1.980231662563993189e-01
1.939758672244287219e-01
1.661355845175707946e-01
1.980231662563993189e-01
1.900493830889349867e-01
1.854508660917889573e-01
1.803162329915278528e-01
1.734977422716220130e-01
1.667245571378951352e-01
1.596493347629762971e-01
1.870139088149564421e-01
1.859567784707854554e-01
1.696996239636347770e-01
1.581164957639271118e-01
1.657731398281404867e-01
1.567799809716536596e-01
1.585922044188046443e-01
1.597021912801847299e-01
1.594001540389923810e-01
1.592340335563373899e-01
1.667849645861334829e-01
1.580711901777484552e-01
1.537218539045864529e-01
1.572481386955012772e-01
1.557152996964525082e-01
1.567120225923856469e-01
1.521512602503889144e-01
1.585771025567450643e-01
1.534726731806030919e-01
1.544693960765362584e-01
1.547110258694902318e-01
1.534726731806030919e-01
1.534726731806030919e-01
1.598532099007808349e-01
1.547336786625787552e-01
1.503465877342674561e-01
1.521872026820904056e-01
1.526194179742361157e-01
1.509053566304725535e-01
1.518643248712566729e-01
1.551489798692177735e-01
1.513886162163794180e-01
1.438376851865833528e-01
1.392014135342886927e-01
1.504825044928038702e-01
1.486098735974144269e-01
1.516528988024219426e-01
1.455668483924064949e-01
1.443738012896989553e-01
1.399867103613875174e-01
1.470543818052765794e-01
1.458462328405089603e-01
1.470543818052765794e-01
1.470543818052765794e-01
1.439131944968812526e-01
1.407720071884862312e-01
1.442227826691015180e-01
1.441774770829233610e-01
1.359545131914756677e-01
1.470392799432170272e-01
1.418442393947172975e-01
1.415573040155850559e-01
1.355920685020464422e-01
1.312729359530031559e-01
1.272558406451518020e-01
1.261232009906811669e-01
1.432336107041992102e-01
1.420556654635515004e-01
1.366340969841580155e-01
1.322998625730551492e-01
1.389220290861865048e-01
1.283507256444722244e-01
1.211471374420464847e-01
1.219852907863540198e-01
1.374344956733162537e-01
1.211395865110162923e-01
1.292190827128983366e-01
1.247942371294380182e-01
1.210036697524805582e-01
1.210036697524805582e-01
1.384614222933689409e-01
1.273313499554468986e-01
1.302460093329504687e-01
1.258362656115495914e-01
1.231405832339124012e-01
1.210036697524805582e-01
1.318241539181780608e-01
1.247489315432593476e-01
1.310464080221092620e-01
1.268782940936612758e-01
1.222118187172476500e-01
1.210036697524805582e-01
1.207167343733483028e-01
1.207771418215866643e-01
1.206261232009906981e-01
1.215246839935364698e-01
1.237522086473263200e-01
1.206412250630502503e-01
1.207016325112886118e-01
1.206261232009906981e-01
1.207620399595264460e-01
1.250509687844504891e-01
1.234199676820152691e-01
1.206261232009906981e-01
1.206261232009906981e-01
1.206261232009906981e-01
1.206261232009906981e-01
1.206261232009906981e-01
1.188138997538398661e-01
1.212452995454338656e-01
1.206261232009906981e-01
1.206261232009906981e-01
1.206261232009906981e-01
1.166241297551987716e-01
1.180890103749794029e-01
1.218644758898770331e-01
1.206261232009906981e-01
1.206261232009906981e-01
1.206261232009906981e-01
1.161861757554706887e-01
1.176661582373105946e-01
1.224836522343206030e-01
1.196747058912359385e-01
1.206261232009906981e-01
1.163069906519475366e-01
1.157482217557426057e-01
1.172433060996422027e-01
1.189347146503164504e-01
1.206261232009906981e-01
1.206261232009906981e-01
1.080009665191718760e-01
1.151290454112994383e-01
1.109760333449108655e-01
1.185118625126479197e-01
1.202032710633221674e-01
1.177718712717277655e-01
1.064605765890934697e-01
1.148723137562861624e-01
1.163976018243048777e-01
1.162012776175306433e-01
1.190555295467934371e-01
1.187232885814818589e-01
1.069740398991194663e-01
1.047691680384190832e-01
1.141172206533064420e-01
1.151290454112991607e-01
1.186024736850053996e-01
1.195312382016697483e-01
1.074119938988474243e-01
1.053122309980817350e-01
1.155518975489678302e-01
1.143437485842005996e-01
1.016732863162027045e-01
1.206261232009906981e-01
1.079405590709335144e-01
1.058262983825903475e-01
1.037120376942475691e-01
1.168204539619736720e-01
1.166996390654969629e-01
1.100548197592762928e-01
1.084691242430190772e-01
1.063548635546762988e-01
1.042406028663335343e-01
9.850189528368855085e-02
1.004651373514350854e-01
1.100548197592762928e-01
1.089976894151047648e-01
1.068834287267618616e-01
1.005406466617332767e-01
1.084431490402761739e-01
1.137146050107975120e-01
9.248048084328792939e-02
1.093827868976241374e-01
1.074119938988474243e-01
1.014920639714873563e-01
9.883413624899946293e-02
9.388072549345317930e-02
9.424317018288334846e-02
1.100548197592762928e-01
1.073666883126690175e-01
1.024434812812414497e-01
9.900025673165499529e-02
9.483214280320727274e-02
9.102647356419024671e-02
8.826283280728479397e-02
1.067701647613149146e-01
1.033948985909962093e-01
9.958922935197918325e-02
9.578356011296136618e-02
9.197789087394434016e-02
1.100548197592762928e-01
8.711509129075634128e-02
1.068834287267618616e-01
1.005406466617332767e-01
9.673497742271611188e-02
9.292930818369909973e-02
8.912363894468194880e-02
8.669223915308781059e-02
1.045803947626736952e-01
1.014920639714873563e-01
9.768639473247020533e-02
9.388072549345317930e-02
9.007505625443602837e-02
8.626938701541901622e-02
8.626938701541901622e-02
1.012957397647123170e-01
9.863781204222442367e-02
9.483214280320727274e-02
9.102647356419024671e-02
8.685835963574252416e-02
8.626938701541901622e-02
9.187217783952569827e-02
9.801108476675174375e-02
9.363154476946942972e-02
9.197789087394500629e-02
8.744733225606698968e-02
8.626938701541901622e-02
9.446969811377683990e-02
1.005406466617325967e-01
9.673497742271611188e-02
9.292930818369843360e-02
8.803630487639130253e-02
8.626938701541901622e-02
8.626938701541901622e-02
9.834332573206266970e-02
9.582131476811132920e-02
9.388072549345317930e-02
9.007505625443536224e-02
8.626938701541901622e-02
8.626938701541901622e-02
8.626938701541901622e-02
9.863781204222442367e-02
8.927465756527805385e-02
8.921425011703928987e-02
8.685835963574252416e-02
8.626938701541901622e-02
8.626938701541901622e-02
8.626938701541901622e-02
9.578356011296136618e-02
8.980322273736374150e-02
8.744733225606698968e-02
8.626938701541901622e-02
8.626938701541901622e-02
8.626938701541901622e-02
8.292039808508336329e-02
9.039219535768726332e-02
8.803630487639130253e-02
8.626938701541901622e-02
7.902049322681486965e-02
8.626938701541901622e-02
8.192005074225687522e-02
8.336982949997741310e-02
8.862527749671482435e-02
8.626938701541901622e-02
8.626938701541901622e-02
8.349064439645399738e-02
8.155760605282656728e-02
8.927465756527805385e-02
8.445716356826804549e-02
8.685835963574252416e-02
7.956416026096038707e-02
8.270534756935597753e-02
8.119516136339613444e-02
8.264494012111721355e-02
8.980322273736374150e-02
8.554449763655881667e-02
7.877886343386115986e-02
7.938293791624516371e-02
8.083271667396624283e-02
8.228249543168676683e-02
8.373227418940784594e-02
8.803630487639130253e-02
8.626938701541901622e-02
7.902049322681486965e-02
8.047027198453580998e-02
8.192005074225687522e-02
8.336982949997741310e-02
8.481960825769847834e-02
7.720826977966389892e-02
7.865804853738496416e-02
8.010782729510550204e-02
8.155760605282656728e-02
8.300738481054710516e-02
8.445716356826804549e-02
7.720826977966389892e-02
7.786520077925609962e-02
7.974538260567561043e-02
8.119516136339613444e-02
8.264494012111721355e-02
8.409471887883773755e-02
8.554449763655881667e-02
7.793315915852409848e-02
7.938293791624516371e-02
8.083271667396624283e-02
8.228249543168676683e-02
7.720826977966389892e-02
7.720826977966389892e-02
7.757071446909433177e-02
7.902049322681486965e-02
8.047027198453580998e-02
8.192005074225687522e-02
7.720826977966389892e-02
