6.328215802027981063e-01
5.897201167791785714e-01
5.571140438934990557e-01
5.187110083716304221e-01
5.104771553034141984e-01
4.980289369226658658e-01
4.840165406470745557e-01
4.761422348292980722e-01
4.769353754340077689e-01
4.635157163776352229e-01
4.426372938175188176e-01
4.212523369650308380e-01
4.245033661506156797e-01
4.254320737513931916e-01
4.154041683167405963e-01
3.970123686464484547e-01
3.963861080667889225e-01
3.835201370405503241e-01
3.808585295769977841e-01
3.843029627651247671e-01
3.801969036940164859e-01
3.787495049778507594e-01
3.607905618846760643e-01
3.579477072415985228e-01
3.543621812287601203e-01
3.493428868770780404e-01
3.472522817067443257e-01
3.436052348016688796e-01
3.390832650279516081e-01
3.354914764093167023e-01
3.322036083661045192e-01
3.268527642957791968e-01
3.299652793766865710e-01
3.257475985669685548e-01
3.248104180289368981e-01
3.236017351101942996e-01
3.185640213296985768e-01
3.172654515983460155e-01
3.175601624593621941e-01
3.190889750508839051e-01
3.156998001491973516e-01
3.095385012110777323e-01
3.071992337517613358e-01
3.042244959983791408e-01
3.035625017268214210e-01
3.084978034831140636e-01
3.006971753805915415e-01
2.998498816551699586e-01
2.964975456111106911e-01
2.930346929941703427e-01
2.928965472780688528e-01
2.913032666857000019e-01
2.988920713568674059e-01
2.867352483399490670e-01
2.884114163619788673e-01
2.854919368950367686e-01
2.787780550925116896e-01
2.797266556764078649e-01
2.759967213416712473e-01
2.788034739042735133e-01
2.785478122323427064e-01
2.795608808170859660e-01
2.743666018916752769e-01
2.739705841721848945e-01
2.713509730063269343e-01
2.705537801272782650e-01
2.763835293467549192e-01
2.711708309925309757e-01
2.721931092916809458e-01
2.682789806688095080e-01
2.680395280942339253e-01
2.698446321179580054e-01
2.742376658899804975e-01
2.662620532137300322e-01
2.639964634696677082e-01
2.639688343264475212e-01
2.659305034950865676e-01
2.665843932179665643e-01
2.670725080815246621e-01
2.587653456866303991e-01
2.540960204824049273e-01
2.600823348467966034e-01
2.615743085806909174e-01
2.647700794798355517e-01
2.650095320544111344e-01
2.543907313434213835e-01
2.538786712224056497e-01
2.547274385021318643e-01
2.595665908400181521e-01
2.612427588620477859e-01
2.659120840662730911e-01
2.457151803722567862e-01
2.514067838756321449e-01
2.512962673027508420e-01
2.550630404951146901e-01
2.433298643409069206e-01
2.406037888765070465e-01
2.451810169366648584e-01
2.452823237951392565e-01
2.490951455595362962e-01
2.406037888765070465e-01
2.413866146010812952e-01
2.412853077426067305e-01
2.430351534798905755e-01
2.441218997798879076e-01
2.474466066807268494e-01
2.402354003002366567e-01
2.415431797459961227e-01
2.406222083053204952e-01
2.398393825807464130e-01
2.398025437231189883e-01
2.371040974019393011e-01
2.396828174358312802e-01
2.396828174358312802e-01
2.396828174358312802e-01
2.398485922951529847e-01
2.398670117239664612e-01
2.365607242519409681e-01
2.330241939197463252e-01
2.385039739917665935e-01
2.390933957137989230e-01
2.396828174358312802e-01
2.369199031138041200e-01
2.370027905434650695e-01
2.334662602112707319e-01
2.284561755739953903e-01
2.389460402832908614e-01
2.389460402832908614e-01
2.375001151214298778e-01
2.345898453688949892e-01
2.327294830587304797e-01
2.297823744485683051e-01
2.359989316731288533e-01
2.276457207061989563e-01
2.382276825595637249e-01
2.327386927731370514e-01
2.301968115968723583e-01
2.258129875392564656e-01
2.242565458045146787e-01
2.359989316731288533e-01
2.362936425341451707e-01
2.331899687790680298e-01
2.306112487451764115e-01
2.265405549773899796e-01
2.248643869553603181e-01
2.214936314824877128e-01
2.359989316731288533e-01
2.336044059273720830e-01
2.312098801816154792e-01
2.273697976625745631e-01
2.214107440528269299e-01
2.224146029231631461e-01
2.182241828680890061e-01
2.323242556248328317e-01
2.307770236044979495e-01
2.279956898536576737e-01
2.219541172028255960e-01
2.186386200163933646e-01
2.190991057367307759e-01
2.181044565808014368e-01
2.315230104714451065e-01
2.285390630036561732e-01
2.193293485969001200e-01
2.187767657324947157e-01
2.182241828680893392e-01
2.179571011502933753e-01
2.291376944400949078e-01
2.155441559757229619e-01
2.213831149096065487e-01
2.189149114485959002e-01
2.139785045265747698e-01
2.178097457197852860e-01
2.178097457197852860e-01
2.092631307503154403e-01
2.193846068833403551e-01
2.190530571646974178e-01
2.120997227875969504e-01
2.179478914358864705e-01
2.178097457197852860e-01
2.082316427367587042e-01
2.195411720282553492e-01
2.189149114485959002e-01
2.109208793435325968e-01
2.143468931028456315e-01
2.068317661469323832e-01
2.066107330011697774e-01
2.089684198892994282e-01
2.030742026689752733e-01
2.078356250172682662e-01
2.120997227875961455e-01
2.177913262909718095e-01
2.060213112791375867e-01
2.083789981672670988e-01
2.030742026689752733e-01
2.085816118842152567e-01
2.103498770503127724e-01
2.178097457197852860e-01
2.054318895571047854e-01
2.077895764452344363e-01
2.030742026689752733e-01
2.030742026689752733e-01
2.063436512833734804e-01
2.019321980825377061e-01
2.047872095486320265e-01
2.072001547232021068e-01
2.030742026689752733e-01
1.954301397113672456e-01
2.030742026689752733e-01
2.041056906825315376e-01
2.042162072554131735e-01
2.030742026689752733e-01
2.030742026689752733e-01
2.030742026689752733e-01
2.030742026689752733e-01
2.030742026689752733e-01
2.036452049621944593e-01
2.029821055249077522e-01
2.029084278096535410e-01
2.028347500943995241e-01
1.981377957469543094e-01
2.030742026689752733e-01
2.030742026689752733e-01
2.030005249537212286e-01
2.029268472384671840e-01
1.856217938681732627e-01
1.956788020003508710e-01
1.937263425461182020e-01
2.012046306444041921e-01
2.030189443825347051e-01
2.029452666672806604e-01
1.843512216686157557e-01
1.929435168215429541e-01
1.918567705215471209e-01
1.993350586198329444e-01
2.030373638113481538e-01
2.029636860960941369e-01
1.807406452325917290e-01
1.825089103986887173e-01
1.899871984969745409e-01
1.974654865952605309e-01
2.026137169486373901e-01
2.029821055249077522e-01
1.783000709148016005e-01
1.878597544690145671e-01
1.881176264724034597e-01
1.955959145706892832e-01
2.030742026689752733e-01
1.666866210478810673e-01
1.758594965970118051e-01
1.785487332037842545e-01
1.859533435868158668e-01
1.937263425461182020e-01
2.004033854910164669e-01
1.632513975741614609e-01
1.734189222792202334e-01
1.766975806080251787e-01
1.841021909910571241e-01
1.915068013740903741e-01
1.973089214503468691e-01
1.607924038275580503e-01
1.699284405190600589e-01
1.748464280122675463e-01
1.822510383952994917e-01
1.896556487783312706e-01
1.950617511350970223e-01
1.577439883589218106e-01
1.652222764572077729e-01
1.729952754165099416e-01
1.803998857995417204e-01
1.878044961825736658e-01
1.559480940496034418e-01
1.563349020546872803e-01
1.633527044326353872e-01
1.708309925309225152e-01
1.780698280546328949e-01
1.856217938681727631e-01
1.931737596817127978e-01
1.999613191994920325e-01
1.624409427063668310e-01
1.692929702249933999e-01
1.766975806080251787e-01
1.841021909910584287e-01
1.778580046232786649e-01
1.559112551919765166e-01
1.596135603834930583e-01
1.670918484817788818e-01
1.745701365800648441e-01
1.818458109614021767e-01
1.560033523360440100e-01
1.559296746207899653e-01
1.577439883589218106e-01
1.652222764572077729e-01
1.721111428334612670e-01
1.797367863622553463e-01
1.560217717648574864e-01
1.559480940496034418e-01
1.558744163343493971e-01
1.633527044326353872e-01
1.708309925309225152e-01
1.778303754800571457e-01
1.559009403118407910e-01
1.559665134784169183e-01
1.558928357631628736e-01
1.614831324080641395e-01
1.558744163343493971e-01
1.573700739540052906e-01
1.558744163343493971e-01
1.559849329072305335e-01
1.558375774767224720e-01
1.596135603834917260e-01
1.663919101868655548e-01
1.740175537156609387e-01
1.558744163343493971e-01
1.558744163343493971e-01
1.558191580479088290e-01
1.568598557758733025e-01
1.558744163343493971e-01
1.558744163343493971e-01
1.558744163343493971e-01
1.558744163343493971e-01
1.559480940496034418e-01
1.558744163343493971e-01
1.625790884224691812e-01
1.558744163343493971e-01
1.558744163343493971e-01
1.558744163343493971e-01
1.558744163343493971e-01
1.558375774767224720e-01
1.606726775402696761e-01
1.558744163343493971e-01
1.558744163343493971e-01
1.558744163343493971e-01
1.558744163343493971e-01
1.558375774767224720e-01
1.558744163343493971e-01
1.558744163343493971e-01
1.558744163343493971e-01
1.558744163343493971e-01
1.556165443309603380e-01
1.558191580479088290e-01
1.558744163343493971e-01
1.558744163343493971e-01
1.558744163343493971e-01
1.558744163343493971e-01
1.558744163343493971e-01
1.557270609038413078e-01
1.558744163343493971e-01
1.558744163343493971e-01
1.558744163343493971e-01
1.558744163343493971e-01
1.558744163343493971e-01
1.556902220462142161e-01
1.558375774767224720e-01
1.558744163343493971e-01
1.558744163343493971e-01
1.558744163343493971e-01
1.555060277580792016e-01
1.556533831885872632e-01
1.558007386190953525e-01
1.546218951750308601e-01
1.558744163343493971e-01
1.558744163343493971e-01
1.554691889004520822e-01
1.556165443309603380e-01
1.557638997614682608e-01
1.558744163343493971e-01
1.558744163343493971e-01
1.558744163343493971e-01
1.554323500428251570e-01
1.555797054733332463e-01
1.557270609038413078e-01
1.558744163343493971e-01
1.537561820207951624e-01
1.558744163343493971e-01
1.553955111851980375e-01
1.555428666157061268e-01
1.556902220462142161e-01
1.558375774767224720e-01
1.533583223584236432e-01
1.552113168970630230e-01
1.553586723275711123e-01
1.555060277580792016e-01
1.556533831885872632e-01
1.549534448936737974e-01
1.546218951750308601e-01
1.558744163343493971e-01
1.558744163343493971e-01
1.554691889004520822e-01
1.556165443309603380e-01
1.557638997614682608e-01
1.552481557546896429e-01
1.531115020123227366e-01
1.552849946123170677e-01
1.475119956530142606e-01
1.549534448936737974e-01
