5.920306700925811461e-01
5.739304213059261972e-01
5.554196065636173296e-01
5.725035006865424325e-01
5.252644887638158178e-01
5.030759818915940818e-01
4.829587938605435782e-01
4.662370678521419176e-01
4.601737428116972062e-01
4.326892070095301190e-01
4.465108691219054626e-01
4.222412550810936138e-01
4.136269831559197807e-01
4.001522628709709983e-01
3.976779912176951481e-01
3.821118316407683402e-01
3.829683102899791303e-01
3.715295621082972954e-01
3.520942942208084014e-01
3.609717633943744231e-01
3.608358144024362835e-01
3.792976875076471410e-01
3.317144527373329654e-01
3.182185244096415455e-01
3.200783066193565451e-01
3.279905379501612539e-01
3.306959228897319303e-01
2.936090378889841812e-01
2.941392389575431254e-01
2.950908819011108797e-01
2.966407004092066479e-01
2.878719904291909271e-01
2.877768261348341849e-01
2.825291950460188661e-01
2.784779150862596309e-01
2.762755414168603374e-01
2.748888616990903255e-01
2.714085675054719871e-01
2.742363065377870224e-01
2.749394347240916581e-01
2.721019073643570207e-01
2.593906766181329204e-01
2.589012602471552627e-01
2.587381214568295063e-01
2.610764441181667173e-01
2.617289992794704090e-01
2.620416819609283077e-01
2.534796144486590741e-01
2.483244286743613860e-01
2.473455959324060427e-01
2.465027121823890888e-01
2.513696860937777999e-01
2.455782590372091179e-01
2.422882934323039028e-01
2.399842299169349658e-01
2.394877441983765953e-01
2.379787103878625576e-01
2.395394048153127453e-01
2.392430360128878775e-01
2.403034381500060990e-01
2.319833598433866939e-01
2.256073521214839728e-01
2.309093628070748028e-01
2.306102750248106847e-01
2.259064399037482018e-01
2.328577837595332822e-01
2.253354541376075548e-01
2.198159250649155683e-01
2.224854194706152866e-01
2.231602702665959337e-01
2.233777886536972013e-01
2.198974944600785575e-01
2.210530608915537987e-01
2.122843509115378280e-01
2.106529630082794313e-01
2.146362684720693192e-01
2.196255964762021395e-01
2.191633699036124039e-01
2.170425656293757111e-01
2.042361705887949797e-01
2.036379950242668546e-01
2.118765039357236313e-01
2.131272346615551705e-01
2.184836249439210398e-01
2.049838900444553857e-01
2.030806041573200993e-01
1.957665483910433768e-01
2.018434683306822297e-01
2.052829778267193928e-01
2.052829778267193928e-01
2.051334339355873337e-01
1.997090691572518950e-01
1.948692850442513835e-01
1.929116195603410300e-01
1.875405467868452025e-01
2.026727571815055140e-01
2.052829778267193928e-01
1.980368965564124895e-01
1.839895591174184608e-01
1.838846064956425608e-01
1.857063229876149968e-01
1.838710115964488911e-01
2.042905501855706019e-01
1.853664505077692592e-01
1.800236551245971706e-01
1.871609772013539952e-01
1.844827820601708246e-01
1.768424487132428946e-01
1.708606930679606728e-01
1.874736598828120326e-01
1.798605163342709701e-01
1.733349647212365230e-01
1.743137974631917553e-01
1.745585056486807229e-01
1.707519338744101223e-01
1.684408010114605003e-01
1.812200062536535317e-01
1.722065880881493427e-01
1.678970050437075257e-01
1.755101485922480054e-01
1.708335032695732225e-01
1.678970050437075257e-01
1.678970050437075257e-01
1.692429000638959458e-01
1.615074024226108851e-01
1.669181723017522934e-01
1.721114237937924618e-01
1.678698152453198256e-01
1.678970050437075257e-01
1.680193591364518846e-01
1.678970050437075257e-01
1.661514199872207720e-01
1.668366029065894429e-01
1.670813110920780220e-01
1.629620566363498835e-01
1.658305803662465105e-01
1.649061272210663176e-01
1.603654308903298131e-01
1.651780252049429853e-01
1.678290305477382061e-01
1.637233709912037372e-01
1.579047541362478824e-01
1.596992808298325905e-01
1.568715417975170001e-01
1.504547493780328815e-01
1.651780252049429853e-01
1.651780252049429853e-01
1.593594083499866310e-01
1.627581331484421745e-01
1.587884225838453733e-01
1.481164267166949489e-01
1.648381527250974699e-01
1.651100507089738878e-01
1.608140625637257404e-01
1.542341313539158931e-01
1.470288347811899987e-01
1.505635085715842925e-01
1.407751811520323582e-01
1.314762701034561387e-01
1.606101390758179204e-01
1.557975447612051090e-01
1.485242736925102558e-01
1.425425180472286446e-01
1.365199777043653306e-01
1.634786628057151303e-01
1.628532974427996660e-01
1.560775996845976399e-01
1.500197126038303741e-01
1.440379569585486519e-01
1.369006348817920771e-01
1.306469812526338259e-01
1.634786628057151303e-01
1.560422529466944375e-01
1.515151515151515749e-01
1.447177019182395163e-01
1.384640482890812652e-01
1.321424201639541940e-01
1.269083839743322950e-01
1.568307570999357414e-01
1.474910613537798454e-01
1.462811153255298147e-01
1.381921503052057076e-01
1.333523661922041137e-01
1.293826556276078954e-01
1.245292766154139502e-01
1.501828513941562138e-01
1.478445287328191415e-01
1.415908751036610014e-01
1.333387712930109159e-01
1.282270891961337367e-01
1.244613021194447555e-01
1.502236360917371116e-01
1.429231752246548082e-01
1.420259118778631480e-01
1.357722582487048968e-01
1.295050097203527262e-01
1.243933276234756857e-01
1.541797517571407428e-01
1.422706200633525875e-01
1.431270987125626282e-01
1.358946123414490059e-01
1.307829302445718545e-01
1.256712481476947862e-01
1.243933276234756857e-01
1.402585749826665007e-01
1.243933276234756857e-01
1.263645880065801808e-01
1.320608507687908439e-01
1.269491686719137757e-01
1.243933276234756857e-01
1.200293649822588155e-01
1.207906793371127940e-01
1.277920524219311182e-01
1.223948774419838514e-01
1.266772706880379684e-01
1.243933276234756857e-01
1.243933276234756857e-01
1.214160447000288551e-01
1.209674130266325531e-01
1.223676876435957767e-01
1.211849314137336958e-01
1.243933276234756857e-01
1.186698750628764759e-01
1.195399486112810189e-01
1.206819201435623407e-01
1.243661378250872501e-01
1.217423222806805622e-01
1.251546419783296504e-01
1.164810962926710880e-01
1.197302771999946974e-01
1.203964272604918923e-01
1.215383987927729781e-01
1.183571923814190491e-01
1.203828323612975010e-01
1.163859319983141932e-01
1.189689628451405939e-01
1.201109343774216798e-01
1.212529059097027656e-01
1.173511698410756310e-01
1.172560055467189721e-01
1.168889432684855345e-01
1.150808216757071289e-01
1.133406745788979320e-01
1.172560055467189721e-01
1.172560055467189721e-01
1.203692374621043032e-01
1.172560055467189721e-01
1.155158584499097613e-01
1.195399486112812548e-01
1.172560055467189721e-01
1.172560055467189721e-01
1.172560055467189721e-01
1.172560055467189721e-01
1.159508952241120328e-01
1.142107481273025860e-01
1.093301793167204689e-01
1.172560055467189721e-01
1.172560055467189721e-01
1.172560055467189721e-01
1.163859319983141932e-01
1.146457849015048575e-01
1.172560055467189721e-01
1.172560055467189721e-01
1.172560055467189721e-01
1.157061870386232039e-01
1.168209687725164647e-01
1.136533572603557196e-01
1.107712386312654229e-01
1.172560055467189721e-01
1.172560055467189721e-01
1.172560055467189721e-01
9.924276411490415284e-02
1.143738869176286893e-01
1.114917682885377959e-01
1.086096496594474992e-01
1.172560055467189721e-01
1.172560055467189721e-01
1.167393993773538363e-01
1.150944165749011594e-01
1.122122979458107517e-01
1.093301793167204689e-01
1.055643922400315987e-01
1.129464225022760587e-01
1.162227932079887005e-01
1.158149462321735323e-01
1.129328276030832356e-01
1.100507089739929528e-01
1.071685903449026561e-01
1.152303655668394378e-01
1.045447748004951216e-01
1.161684136112125648e-01
1.136533572603557196e-01
1.050749758690540520e-01
1.054012534497057452e-01
1.008741520181627854e-01
1.092622048207510244e-01
1.172560055467189721e-01
1.142107481273028358e-01
1.114917682885377959e-01
1.086096496594474992e-01
1.010780755060701336e-01
1.002623815544407548e-01
1.010101010100994956e-01
1.139932297402014572e-01
1.122122979458102660e-01
1.052381146593797806e-01
1.012819989939773568e-01
1.004663050423482140e-01
1.162227932079887005e-01
1.157333768370111399e-01
1.129328276030832356e-01
1.023016164335140837e-01
1.014859224818848299e-01
1.006702285302553262e-01
9.985453457862618343e-02
1.017920796117272181e-01
9.924276411490415284e-02
1.021384776431881053e-01
1.016898459697922891e-01
1.008741520181627854e-01
1.000584580665332818e-01
9.924276411490415284e-02
1.046671288932393556e-01
1.023831858286770730e-01
1.018937694576993874e-01
1.010780755060702585e-01
1.002623815544407548e-01
9.924276411490415284e-02
9.924276411490415284e-02
1.026278940141656659e-01
1.016490612722106696e-01
1.012819989939773568e-01
1.004663050423482140e-01
9.924276411490415284e-02
8.793180798564340095e-02
8.942724689696437967e-02
9.149367157442576948e-02
1.014859224818848299e-01
1.006702285302553262e-01
9.924276411490415284e-02
8.684421605013821488e-02
8.891064072759888304e-02
9.097706540506014794e-02
1.016898459697919282e-01
9.924276411490415284e-02
9.924276411490415284e-02
8.632760988077270436e-02
8.839403455823410805e-02
9.046045923569465130e-02
9.332082602607444377e-02
1.010780755060702585e-01
8.993025816713548504e-02
8.704813953804459159e-02
8.787742838886848651e-02
8.994385306632987631e-02
1.016490612722106696e-01
9.924276411490415284e-02
9.867177834876360298e-02
8.776866919531754740e-02
8.736082221950297599e-02
8.942724689696437967e-02
9.149367157442576948e-02
1.009149367157442800e-01
9.137131748168032808e-02
8.848919885259051710e-02
8.684421605013821488e-02
8.891064072759888304e-02
9.097706540506014794e-02
9.304349008252153774e-02
9.854942425601924405e-02
8.632760988077270436e-02
8.632760988077270436e-02
8.839403455823410805e-02
9.046045923569465130e-02
8.632760988077270436e-02
8.632760988077270436e-02
8.993025816713548504e-02
8.704813953804459159e-02
8.787742838886848651e-02
8.994385306632987631e-02
8.915534891308783683e-02
8.632760988077270436e-02
8.987587857036055672e-02
8.776866919531754740e-02
8.632760988077270436e-02
8.942724689696437967e-02
8.632760988077270436e-02
8.632760988077270436e-02
8.632760988077270436e-02
8.632760988077270436e-02
8.684421605013821488e-02
8.891064072759888304e-02
8.632760988077270436e-02
8.632760988077270436e-02
8.632760988077270436e-02
