1.117076532150393708e+00
1.028373314957577334e+00
1.079319522804599085e+00
9.789034842155129867e-01
8.849149403505744971e-01
8.205194022137042298e-01
8.007407726430939565e-01
7.835221155088503142e-01
8.224299065420559440e-01
7.357767345708253748e-01
6.984366251776562562e-01
6.802963090572375915e-01
6.524535940393643152e-01
6.304285283603943135e-01
6.115887850467286446e-01
6.707007192385544547e-01
5.995090227830655039e-01
5.759507300055987100e-01
5.700503897670011755e-01
5.597140273052240156e-01
5.337869847969334280e-01
5.028209655885265139e-01
5.337008484430852961e-01
5.051018562384252952e-01
5.018303975192728306e-01
4.815435634609585569e-01
4.728885826262974046e-01
4.634566518799259627e-01
4.570394935182393592e-01
4.511822214565656131e-01
4.484689263103492918e-01
4.433868814333088992e-01
4.502777897411600616e-01
4.447650630948791206e-01
4.364098367716093274e-01
4.336104052715448742e-01
4.279857013652609843e-01
4.296912011714542068e-01
4.265902924329213475e-01
4.256858607175158515e-01
4.281838149791119541e-01
4.024634997200565723e-01
4.060898402170635690e-01
4.113010896248760484e-01
3.975192730091735016e-01
4.009647271630991661e-01
3.854601834704335372e-01
3.894224557474481041e-01
3.880012059089537613e-01
3.854601834704335372e-01
3.835651836857743580e-01
3.824454110857486433e-01
3.820147293165078728e-01
3.805073431241655091e-01
3.783108661010379237e-01
3.755975709548213803e-01
3.762005254317583036e-01
3.733149575778456075e-01
3.734872302855418713e-01
3.682329127008053260e-01
3.674576855161721389e-01
3.669408673930832365e-01
3.535466643696971722e-01
3.552693914466599767e-01
3.577242775313321244e-01
3.608682544467890496e-01
3.458288470649036328e-01
3.448899608079590284e-01
3.505318919850122783e-01
3.532882553081526655e-01
3.490675739695940361e-01
3.542357552004823940e-01
3.279210990998749908e-01
3.315388259614970301e-01
3.368792799000817628e-01
3.403419613247767872e-01
3.370084844308540717e-01
3.209009862612516306e-01
3.244756449459494374e-01
3.248201903613419650e-01
3.268874628536972415e-01
3.208579180843275092e-01
3.243895085921013055e-01
3.209440544381755300e-01
3.205995090227831135e-01
3.182738274688832192e-01
3.195658727766053087e-01
3.199173091003056912e-01
3.125026917610576049e-01
3.153021232611223912e-01
3.072483741763210041e-01
3.094448511994486450e-01
3.124165554072094730e-01
3.129764417072224414e-01
3.069468969378525425e-01
3.060855333993710015e-01
3.047073517378008356e-01
3.065592833455358379e-01
3.088418967225117218e-01
3.063870106378395741e-01
3.047073517378008356e-01
3.036306473146990759e-01
3.044489426762564954e-01
3.052241698608896825e-01
3.019079202377362159e-01
3.063008742839914422e-01
3.012618975838751711e-01
3.034153064300787461e-01
2.978164434299495622e-01
3.004005340453937967e-01
2.968689435376199448e-01
2.941556483914034570e-01
2.960937163529866467e-01
2.927774667298332911e-01
2.947586028683404913e-01
2.962229208837587335e-01
2.943279210990996653e-01
2.926051940221370273e-01
2.881261036220335581e-01
2.851078857831938485e-01
2.941987165683276340e-01
2.960937163529866467e-01
2.945432619837201615e-01
2.902364442913130116e-01
2.852836039450449279e-01
2.851543994142727301e-01
2.930789439683016417e-01
2.956199664068219213e-01
2.938972393298590058e-01
2.909686032990221882e-01
2.833886041603859152e-01
2.803738317757009102e-01
2.752917868986604621e-01
2.902364442913130671e-01
2.935096257375423012e-01
2.814074680218784930e-01
2.797278091218396989e-01
2.825255178948273826e-01
2.776174684525601899e-01
2.873078082604761940e-01
2.811059907834101979e-01
2.792971273525992615e-01
2.798570136526121188e-01
2.715017873293423256e-01
2.671088332830870438e-01
2.697790602523795211e-01
2.810198544295620104e-01
2.703389465523923785e-01
2.706834919677850171e-01
2.722339463370515578e-01
2.580214479521080184e-01
2.670226969292390229e-01
2.641371290753262158e-01
2.713295146216460063e-01
2.719755372755070510e-01
2.691743830483653843e-01
2.592704250829062640e-01
2.646108790214911077e-01
2.595288341444507152e-01
2.639217881907059415e-01
2.732675825832291405e-01
2.478573581980275109e-01
2.472113355441663274e-01
2.624144019983632448e-01
2.583229251905767021e-01
2.633188337137688517e-01
2.646539471984151737e-01
2.627158792368319284e-01
2.457039493518239082e-01
2.459623584133683039e-01
2.563417890520694464e-01
2.627158792368319284e-01
2.679271286446444633e-01
2.280029286360308605e-01
2.425169042594425561e-01
2.483741763211163023e-01
2.547482665058787288e-01
2.609500839829451135e-01
2.627158792368319284e-01
2.250742926051939596e-01
2.301563374822343522e-01
2.452732675825832487e-01
2.531547439596881777e-01
2.578061070674879107e-01
2.104311124510099829e-01
2.185279297127353526e-01
2.295533830052975954e-01
2.363150867823765600e-01
2.464361083595330293e-01
2.574184934751710951e-01
2.069425901201599749e-01
2.192170205435202135e-01
2.255049743744346469e-01
2.348077005900340575e-01
2.427322451440629691e-01
2.045738403893362367e-01
2.045738403893362367e-01
2.116370214048841347e-01
2.231792928205348636e-01
2.302424738360828449e-01
2.278306559283345967e-01
2.045738403893362367e-01
2.053059993970454411e-01
2.098712261509967369e-01
2.169344071665446350e-01
2.281304104397255672e-01
2.045738403893362367e-01
2.045738403893362367e-01
2.045738403893362367e-01
2.081054308971099498e-01
2.139196347818595190e-01
2.252465653128902512e-01
2.045738403893362367e-01
2.045738403893362367e-01
2.040570222662474453e-01
2.063396356432230516e-01
2.017744088892715615e-01
2.177096343511779053e-01
2.045738403893362367e-01
2.045738403893362367e-01
2.038847495585511815e-01
2.045738403893362367e-01
2.080192945432621787e-01
2.000947499892328785e-01
1.978552047891811716e-01
2.045738403893362367e-01
2.045738403893362367e-01
2.044015676816399729e-01
2.060812265816785449e-01
2.006546362892457358e-01
1.984150910891941122e-01
1.961755458891424053e-01
2.035402041431584597e-01
2.042292949739437091e-01
2.034540677893104110e-01
2.012145225892587042e-01
1.989749773892070805e-01
2.045738403893362367e-01
2.033679314354621959e-01
2.040570222662474453e-01
2.020328179508161515e-01
2.017744088892715615e-01
1.995348636892199379e-01
1.972953184891682032e-01
1.995348636892199379e-01
1.950557732891165796e-01
2.045738403893362367e-01
2.023342951892845021e-01
2.000947499892328785e-01
1.956156595891295480e-01
1.940652052198629796e-01
1.925147508505964944e-01
2.037124768508549177e-01
1.969507730737758699e-01
2.006546362892457358e-01
1.960032731814462248e-01
1.944528188121795731e-01
1.929023644429130047e-01
1.892777466729831104e-01
1.872483741763205922e-01
1.979413411430294978e-01
1.963908867737629294e-01
1.948404324044962499e-01
1.932899780352296815e-01
1.901460011197725897e-01
1.887678194582022850e-01
1.983289547353458970e-01
1.906628192428614643e-01
1.952280459968128434e-01
1.936775916275462750e-01
1.885094103966578893e-01
1.862698651966062380e-01
1.869589560273912932e-01
1.876480468581765426e-01
1.956156595891295480e-01
1.913088418967225646e-01
1.890692966966708299e-01
1.876911150351005253e-01
1.867866833196950294e-01
1.874757741504802788e-01
1.881648649812653340e-01
1.918687281967354219e-01
1.896291829966837983e-01
1.873896377966320637e-01
1.866144106119987656e-01
1.873035014427840150e-01
1.963908867737629294e-01
1.948404324044962499e-01
1.901890692966967389e-01
1.879495240966450043e-01
1.864421379043025018e-01
1.884232740428094521e-01
1.878203195658728064e-01
1.885094103966578893e-01
1.907489555967095962e-01
1.885094103966578893e-01
1.862698651966062380e-01
1.869589560273912932e-01
1.862698651966062380e-01
1.862698651966062380e-01
1.913088418967225646e-01
1.890692966966708299e-01
1.868297514966192063e-01
1.862698651966062380e-01
1.862698651966062380e-01
1.862698651966062380e-01
1.862698651966062380e-01
1.896291829966837983e-01
1.873896377966320637e-01
1.866144106119987656e-01
1.862698651966062380e-01
1.862698651966062380e-01
1.862698651966062380e-01
1.901890692966967389e-01
1.879495240966450043e-01
1.862698651966062380e-01
1.862698651966062380e-01
1.862698651966062380e-01
1.862698651966062380e-01
1.862698651966062380e-01
1.885094103966578893e-01
1.862698651966062380e-01
1.862698651966062380e-01
1.862698651966062380e-01
1.862698651966062380e-01
1.862698651966062380e-01
1.862698651966062380e-01
1.861406606658341512e-01
1.862698651966062380e-01
1.862698651966062380e-01
1.862698651966062380e-01
1.862698651966062380e-01
1.854085016581247247e-01
1.862698651966062380e-01
1.862698651966062380e-01
1.862698651966062380e-01
1.862698651966062380e-01
1.862698651966062380e-01
1.814462293811102689e-01
1.842025927042508782e-01
1.862698651966062380e-01
1.862698651966062380e-01
1.767948662733105636e-01
1.862698651966062380e-01
1.807571385503252137e-01
1.835135018734658230e-01
1.862698651966062380e-01
1.862698651966062380e-01
1.862698651966062380e-01
1.862698651966062380e-01
1.800680477195399642e-01
1.828244110426805735e-01
1.855807743658211828e-01
1.812774021275668779e-01
1.750721391963477314e-01
1.785175933502733958e-01
1.793789568887549091e-01
1.821353202118953241e-01
1.848916835350359333e-01
1.862698651966062380e-01
1.862698651966062380e-01
1.862698651966062380e-01
1.786898660579698539e-01
1.814462293811102689e-01
1.842025927042508782e-01
1.862698651966062380e-01
1.862698651966062380e-01
1.752444119040441894e-01
1.780007752271846044e-01
1.807571385503252137e-01
1.835135018734658230e-01
1.862698651966062380e-01
1.862698651966062380e-01
1.862698651966062380e-01
1.773116843963995493e-01
1.800680477195399642e-01
1.828244110426805735e-01
1.849778198888840652e-01
1.803264567810841656e-01
1.750721391963477314e-01
1.766225935656142998e-01
1.793789568887549091e-01
1.821353202118953241e-01
1.836857745811620868e-01
1.823075929195917821e-01
1.612903225806452678e-01
1.759335027348292446e-01
1.786898660579698539e-01
1.814462293811102689e-01
1.842025927042508782e-01
1.699039579654592347e-01
1.625823678883670520e-01
1.580412593134928878e-01
1.780007752271846044e-01
1.807571385503252137e-01
