1.432403474464504889e+00
1.293601346127609242e+00
1.230089590249670017e+00
1.078835781527127446e+00
9.992523534494517357e-01
9.317385965710127671e-01
9.040884078402836588e-01
8.626731547591977023e-01
8.347028059484286056e-01
7.986993496748372445e-01
7.536950293328482653e-01
7.189958615671471209e-01
6.946145800172813800e-01
6.869307380963209919e-01
6.832416208104050703e-01
6.339115012051478315e-01
6.173905134385372362e-01
5.992541725408159214e-01
5.813361226067578214e-01
5.839647096275411009e-01
5.709491109190957259e-01
5.809723043339851678e-01
5.584610487061713036e-01
5.253081085997545197e-01
5.273545863841011538e-01
4.976306334985670654e-01
5.209422893264814558e-01
5.237618809404701592e-01
5.044340351994177629e-01
4.597753422165628545e-01
4.645959343308017631e-01
4.629587521033243780e-01
4.556823866478691976e-01
4.047023511755877268e-01
3.952430760834963475e-01
4.191641275183046744e-01
4.029287370958206660e-01
4.034289872208833838e-01
3.895584155714218455e-01
3.761426167629269846e-01
3.795079357860748348e-01
3.822365728318704026e-01
3.771431170130518096e-01
3.700486606939834000e-01
3.562017372322521247e-01
3.655918868525170895e-01
3.524489517486015244e-01
3.549956796580107099e-01
3.631361135113010952e-01
3.493110191459365965e-01
3.484469507481012807e-01
3.453999727136294329e-01
3.516758379189592887e-01
3.495838828505161144e-01
3.484469507481012807e-01
3.318750284233022430e-01
3.358497430533449180e-01
3.328937195870663168e-01
3.453999727136295439e-01
3.464914275319476711e-01
3.164764200281958706e-01
3.231161035062984355e-01
3.247078084496793360e-01
3.128837145845650980e-01
3.152248851698579712e-01
3.110646232207013306e-01
3.087088999044976800e-01
3.114284414934740397e-01
3.132930101414342916e-01
3.002846877984443608e-01
3.007867570148710645e-01
3.024239392423484496e-01
3.001955523216153221e-01
2.980581199690755523e-01
2.971030970030470453e-01
2.916458229114557987e-01
2.926463231615809568e-01
2.916003456273593142e-01
2.917822547637454744e-01
2.912365273545863831e-01
2.915548683432626076e-01
2.849151848651598762e-01
2.829141843649099486e-01
2.910091409341033497e-01
2.898722088316885714e-01
2.855063895584156186e-01
2.819591613988812751e-01
2.805493655918869234e-01
2.772750011369321532e-01
2.839601618991314247e-01
2.825503660921368509e-01
2.840056391832279092e-01
2.752285233525853525e-01
2.771385692846423110e-01
2.749101823639091280e-01
2.783209786711537959e-01
2.842330256037109426e-01
2.773204784210288598e-01
2.708172267952157486e-01
2.765018873072900285e-01
2.744554095229432278e-01
2.740006366819773831e-01
2.694529082723181035e-01
2.765928418754829976e-01
2.705443630906362307e-01
2.690436127154486878e-01
2.708172267952157486e-01
2.680431124653237518e-01
2.682250216017098565e-01
2.699531583973806548e-01
2.680431124653235297e-01
2.635408613397605126e-01
2.630860884987948345e-01
2.573559507026240700e-01
2.569921324298513610e-01
2.672245213515851425e-01
2.683159761699032697e-01
2.683159761699032697e-01
2.612215198508345826e-01
2.535358588385102085e-01
2.557187684751466850e-01
2.683159761699032697e-01
2.683159761699032697e-01
2.562644958843057208e-01
2.530356087134476017e-01
2.535358588385102085e-01
2.562644958843057208e-01
2.633134749192780899e-01
2.520351084633226657e-01
2.550820864977942359e-01
2.539451543953794022e-01
2.405748328709808870e-01
2.441220610305154248e-01
2.554913820546640402e-01
2.525353585883850505e-01
2.554459047705669450e-01
2.430760834962933659e-01
2.385283550866343083e-01
2.380735822456682138e-01
2.528482423029695392e-01
2.527172677247715993e-01
2.489881304288509289e-01
2.400291054618218234e-01
2.102815043885572222e-01
2.082404838783029621e-01
2.393014689162764053e-01
2.535358588385102085e-01
2.475328573377598707e-01
2.415298558370093662e-01
1.990540724907908232e-01
2.012078766656052453e-01
2.097958069944063642e-01
2.498067215425895105e-01
2.479421528946290920e-01
2.404838783027877236e-01
1.923234344444950950e-01
2.026013006503253611e-01
2.063140661239706020e-01
2.460775842466690344e-01
2.498067215425895105e-01
2.445313565873846184e-01
1.825912956478238924e-01
1.915048433307564857e-01
2.004183910136884961e-01
2.109691209240983079e-01
2.513529492018737321e-01
1.730410659875392387e-01
1.824093865114375379e-01
1.892764564100231361e-01
1.981900040929557572e-01
2.021920050934557511e-01
2.160170994588203608e-01
2.160170994588203608e-01
1.752239756241757151e-01
1.792714539087726100e-01
1.915048433307564857e-01
1.987357315021145987e-01
1.242894174359906595e-01
1.357496930283324521e-01
1.733594069762154632e-01
1.844558642957843386e-01
1.871390240574835606e-01
1.933694119787169319e-01
1.257901678111781885e-01
1.302469416526446933e-01
1.706762472145164355e-01
1.775887943971985183e-01
1.769975897039429702e-01
1.332939196871162357e-01
1.272909181863659256e-01
1.267451907772066677e-01
1.414343535404065377e-01
1.576697439628904351e-01
1.680385647369138646e-01
1.712674519077719837e-01
1.250879985447267972e-01
1.227886670608031305e-01
1.377052162444862560e-01
1.364773295738780645e-01
1.650825412706357076e-01
1.304743280731275323e-01
1.302924189367411778e-01
1.230615307653826623e-01
1.339760789485649750e-01
1.267906680613035408e-01
1.466187639274180443e-01
1.323388967210877842e-01
1.281549865842012137e-01
1.227886670608031305e-01
1.227886670608031305e-01
1.227886670608031305e-01
1.227886670608031305e-01
1.291100095502294709e-01
1.227886670608031305e-01
1.236072581745417259e-01
1.224248487880304215e-01
1.227886670608031305e-01
1.227886670608031305e-01
1.227886670608031305e-01
1.231979626176725323e-01
1.178771203783711419e-01
1.227886670608031305e-01
1.213333939697120861e-01
1.227886670608031305e-01
1.227886670608031305e-01
1.117376870253309618e-01
1.166492337077631447e-01
1.215607803901951334e-01
1.216972122424850034e-01
1.227886670608031305e-01
1.227886670608031305e-01
1.105098003547229646e-01
1.154213470371549533e-01
1.196962117422348953e-01
1.024603210696256456e-01
1.206057574241666680e-01
1.043703670016825763e-01
1.092819136841149674e-01
1.065532766383190388e-01
1.181499840829506737e-01
9.725226249488361230e-02
1.150575287643826466e-01
9.986811587611978125e-02
1.080540270135069703e-01
1.104188457865295792e-01
1.149665741961888588e-01
9.209150029560239648e-02
1.104643230706266743e-01
9.900404747828449314e-02
1.024603210696258399e-01
1.117376870253309618e-01
1.111919596161718982e-01
1.193778707535586708e-01
9.468370548910826079e-02
9.813997908044941321e-02
1.015962526717903575e-01
1.050525262631317042e-01
1.039610714448131745e-01
9.209150029560239648e-02
9.381963709127297268e-02
9.727591068261412510e-02
1.007321842739550694e-01
1.006867069898585848e-01
9.209150029560239648e-02
9.042339351493904054e-02
9.281913684114781460e-02
9.641184228477883700e-02
9.986811587611978125e-02
9.950429760334728035e-02
8.590658965846573181e-02
9.045431806812480324e-02
8.299604347628364298e-02
9.500204647778448530e-02
9.900404747828449314e-02
8.827140843148853500e-02
8.627040793123844087e-02
9.209150029560239648e-02
9.209150029560239648e-02
9.468370548910826079e-02
8.954477238619322488e-02
8.808949929510218047e-02
8.663422620401114993e-02
8.517895311292010552e-02
8.372368002182906110e-02
9.354677338669344089e-02
9.040884078402831869e-02
8.845331756787490340e-02
8.699804447678385899e-02
8.554277138569281458e-02
8.558824866978929913e-02
8.422393014689164015e-02
8.959024967028970943e-02
8.881713584064761247e-02
8.736186274955656805e-02
8.590658965846573181e-02
8.317795261266999751e-02
9.209150029560239648e-02
8.299604347628364298e-02
8.808949929510218047e-02
8.772568102232927711e-02
8.627040793123844087e-02
8.322342989676669023e-02
8.304152076038012753e-02
8.299604347628364298e-02
8.858974942016456522e-02
8.808949929510218047e-02
8.345081631724952931e-02
8.517895311292010552e-02
8.308699804447682025e-02
8.299604347628364298e-02
8.299604347628364298e-02
8.488789849470181059e-02
8.349629360134622202e-02
8.331438446495965933e-02
8.313247532857330480e-02
8.299604347628364298e-02
8.299604347628364298e-02
8.758924917003961530e-02
8.736186274955656805e-02
8.590658965846573181e-02
8.317795261266999751e-02
8.299604347628364298e-02
8.299604347628364298e-02
8.299604347628364298e-02
8.195006594206179218e-02
8.340533903315304476e-02
8.322342989676669023e-02
8.304152076038012753e-02
8.299604347628364298e-02
8.299604347628364298e-02
8.299604347628364298e-02
8.663422620401114993e-02
8.326890718086317478e-02
8.308699804447682025e-02
8.299604347628364298e-02
8.299604347628364298e-02
8.299604347628364298e-02
8.299604347628364298e-02
8.085861112374366499e-02
8.313247532857330480e-02
8.299604347628364298e-02
8.299604347628364298e-02
7.790258765746509162e-02
7.917595161216978150e-02
8.044931556687447138e-02
8.172267952157895310e-02
8.299604347628364298e-02
8.122242939651658222e-02
7.758424666878888099e-02
7.885761062349355699e-02
8.013097457819824687e-02
8.322342989676669023e-02
8.304152076038012753e-02
8.299604347628364298e-02
8.299604347628364298e-02
7.853926963481733248e-02
7.981263358952202236e-02
8.108599754422671224e-02
8.308699804447682025e-02
8.299604347628364298e-02
7.694756469143662625e-02
8.299604347628364298e-02
7.949429260084600601e-02
8.076765655555048773e-02
7.503751875937970939e-02
7.535585974805592002e-02
7.662922370276060990e-02
7.790258765746509162e-02
7.917595161216978150e-02
8.044931556687447138e-02
7.863022420301071791e-02
7.503751875937970939e-02
7.631088271408438539e-02
7.758424666878888099e-02
7.885761062349355699e-02
8.013097457819824687e-02
7.753876938469259072e-02
7.503751875937970939e-02
7.599254172540817476e-02
7.726590568011285076e-02
7.853926963481733248e-02
7.503751875937970939e-02
7.503751875937970939e-02
7.503751875937970939e-02
7.567420073673195025e-02
7.694756469143662625e-02
7.822092864614131613e-02
7.503751875937970939e-02
7.535585974805592002e-02
7.503751875937970939e-02
7.535585974805592002e-02
7.662922370276060990e-02
7.790258765746509162e-02
7.503751875937970939e-02
7.503751875937970939e-02
