6.004054713661386433e-01
5.869890459163401575e-01
5.923605198932968552e-01
5.577388046994722348e-01
5.233436630909813481e-01
4.927167262614219889e-01
4.821658436914696977e-01
4.813213008683807081e-01
4.885294284579148605e-01
4.661445030932515610e-01
4.494125659799080852e-01
4.350984732391169896e-01
4.231454679607239977e-01
4.146423747091206313e-01
4.297973778307509485e-01
4.190203757307450760e-01
4.081956978262105684e-01
3.994097281344003991e-01
3.914410579488052377e-01
3.838270049378512128e-01
3.933367387479426158e-01
3.941767410182189790e-01
3.801691355922583448e-01
3.772404790283216958e-01
3.631007435155229612e-01
3.655258527725750994e-01
3.596481071570463151e-01
3.715280095351605749e-01
3.673761280435893783e-01
3.579998864861795305e-01
3.483543901469999815e-01
3.388955105284066627e-01
3.275895340257674593e-01
3.578441455247184932e-01
3.525285203473522699e-01
3.455814745445256464e-01
3.382144276065612853e-01
3.267495317554910961e-01
3.202905953799875527e-01
3.077019127078716720e-01
2.988591861059082255e-01
3.380396163232871065e-01
3.308133265225041142e-01
3.174300471082351360e-01
3.051819058970430820e-01
3.008797321073839459e-01
2.965548555536635655e-01
3.266110448947145972e-01
3.156932856575287438e-01
2.980759407457853616e-01
2.960553947443101408e-01
2.922980872921274176e-01
2.867586128611156471e-01
2.869969918837617096e-01
2.779612917872748556e-01
2.933537658209884880e-01
2.879845621204380479e-01
2.825981043192009046e-01
2.864521255462851856e-01
2.836142800385944018e-01
2.609909756512854284e-01
2.669277484533740807e-01
2.657926102502979893e-01
2.701628923321412468e-01
2.736804585958342306e-01
2.457574209660025044e-01
2.588682672115328876e-01
2.562120438163345559e-01
2.470174243714174100e-01
2.540552812304896491e-01
2.549179862648274786e-01
2.446222827629263297e-01
2.443839037402806558e-01
2.489244565525854658e-01
2.437936318746809772e-01
2.432941710653271916e-01
2.451013110846244902e-01
2.367557750156076557e-01
2.366195584312394407e-01
2.340427947102559636e-01
2.342244168227479439e-01
2.366763153413927179e-01
2.357568533969010005e-01
2.319427890345648891e-01
2.344686985640500043e-01
2.340541460922866968e-01
2.307168397752427103e-01
2.329871161813951153e-01
2.317384641580112481e-01
2.306033259549353509e-01
2.335546852829331055e-01
2.313979226970884762e-01
2.283444009308133738e-01
2.284465633690902220e-01
2.261876383449688555e-01
2.253930416028153139e-01
2.284465633690902220e-01
2.281627788183211991e-01
2.230773596685403926e-01
2.133265225041151569e-01
2.170611271922356922e-01
2.201600544866336162e-01
2.262784494012149428e-01
2.273114251660140195e-01
2.052329871161815700e-01
2.115897610534083484e-01
2.146546342017143782e-01
2.182870764515582873e-01
2.226687099154323890e-01
2.007151370679380598e-01
2.019410863272607382e-01
2.055735285771044529e-01
2.131108462455305608e-01
2.115725069527213953e-01
2.162778818321140217e-01
1.954140416595723240e-01
1.995005391906466974e-01
2.055508258130427923e-01
2.023724388444299027e-01
2.090016459503949431e-01
1.929734945229580889e-01
1.941086327260344857e-01
1.984221578977243827e-01
1.977183722118171505e-01
1.925307906237588018e-01
1.941086327260344857e-01
1.926897099721892881e-01
1.930870083432660589e-01
1.913615982745897892e-01
1.963448549860944969e-01
1.889324025200066759e-01
1.941086327260344857e-01
1.887848345536068950e-01
1.920426811964357494e-01
1.923718712753278715e-01
1.883307792723762641e-01
1.912707872183438962e-01
1.870140189568078870e-01
1.870140189568080813e-01
1.862988818888701159e-01
1.873318576536693036e-01
1.891140246324990448e-01
1.872864521255461490e-01
1.868778023724388671e-01
1.869232079005619940e-01
1.840626596288099381e-01
1.867302344060388919e-01
1.871388841591463958e-01
1.844599579998864869e-01
1.868664509904081339e-01
1.869118565185312608e-01
1.811113003008115729e-01
1.791929167376127841e-01
1.846075259662864620e-01
1.818037346046880720e-01
1.836086043475792795e-01
1.824734661445030770e-01
1.813383279414268745e-01
1.802031897383504777e-01
1.802258925024121661e-01
1.796356206368124875e-01
1.796356206368124875e-01
1.756512855440151566e-01
1.764572336681990150e-01
1.782734547931209557e-01
1.796356206368124875e-01
1.811113003008117672e-01
1.796356206368124875e-01
1.796356206368124875e-01
1.760031783869685507e-01
1.778193995118905191e-01
1.796356206368124875e-01
1.796356206368124875e-01
1.694534309552186979e-01
1.700437028208187651e-01
1.729950621488169360e-01
1.773653442306600825e-01
1.788183211305977016e-01
1.796356206368124875e-01
1.795448095805665945e-01
1.698253022305460103e-01
1.722572223168168937e-01
1.752085816448156474e-01
1.770475055337992765e-01
1.618253022305466970e-01
1.755604744877694579e-01
1.685680231568194853e-01
1.715193824848174342e-01
1.719280322379249382e-01
1.763323684658605062e-01
1.637000964867464936e-01
1.627788183211307249e-01
1.659345025256823147e-01
1.702593790794033612e-01
1.708269481809411572e-01
1.763664226119531220e-01
1.611896248368238638e-01
1.641409841648220347e-01
1.617458425563313429e-01
1.653215278960217804e-01
1.667631534139286664e-01
1.611896248368238638e-01
1.611896248368238638e-01
1.612577331290084848e-01
1.625958340427946514e-01
1.608463590442130442e-01
1.653328792780519307e-01
1.611896248368238638e-01
1.611896248368238638e-01
1.612350303649468242e-01
1.613258414211931058e-01
1.589193484306716808e-01
1.639026051421761943e-01
1.611896248368238638e-01
1.600998921618706217e-01
1.612123276008853578e-01
1.576139394971334262e-01
1.592939440376861526e-01
1.552982575628578943e-01
1.611896248368238638e-01
1.597366479368862724e-01
1.611896248368238638e-01
1.583290765650718079e-01
1.554685282933197243e-01
1.562971791815648548e-01
1.611896248368238638e-01
1.593734037119021174e-01
1.608263806118395145e-01
1.590442136330097733e-01
1.561836653612576897e-01
1.533231170895056339e-01
1.504625688177535503e-01
1.534797661615276421e-01
1.604631363868551652e-01
1.597593507009475444e-01
1.568988024291956551e-01
1.540382541574435993e-01
1.511777058856915157e-01
1.457744480390487929e-01
1.600998921618706217e-01
1.604744877688855098e-01
1.555139338214430733e-01
1.547533912253813704e-01
1.475339122538166514e-01
1.461263408820024090e-01
1.458993132413868854e-01
1.433111981383732580e-01
1.583290765650718079e-01
1.492933764685849540e-01
1.505420284919690987e-01
1.464782337249558031e-01
1.464895851069865362e-01
1.608263806118395145e-01
1.524831148192291597e-01
1.548101481355354525e-01
1.500098757023661800e-01
1.468301265679096412e-01
1.434474147227425000e-01
1.598047562290710877e-01
1.364322606277316441e-01
1.515681934275492637e-01
1.485895907826777218e-01
1.471820194108632573e-01
1.457744480390487929e-01
1.435373176684260066e-01
1.353311765707480574e-01
1.360463136386856342e-01
1.489414836256311159e-01
1.475339122538166514e-01
1.461263408820024090e-01
1.434020091946193454e-01
1.342300925137634715e-01
1.484760769623703625e-01
1.448436347125258150e-01
1.478858050967702675e-01
1.421874113173278165e-01
1.378057778534532984e-01
1.433339009024349464e-01
1.353198251887167136e-01
1.457517452749871045e-01
1.421193030251431955e-01
1.468301265679094192e-01
1.385209149213912638e-01
1.356603666496392080e-01
1.349565809637323643e-01
1.364095578636699835e-01
1.393949713377601318e-01
1.357738804699471502e-01
1.392360519893296456e-01
1.363755037175775620e-01
1.345933367387480151e-01
1.360463136386856342e-01
1.474885067256937188e-01
1.355809069754238538e-01
1.399511890572676109e-01
1.370906407855155273e-01
1.342300925137634715e-01
1.356830694137010629e-01
1.342300925137634715e-01
1.368522617628688820e-01
1.406663261252053820e-01
1.378057778534532984e-01
1.349452295817008263e-01
1.353198251887167136e-01
1.342300925137634715e-01
1.342300925137634715e-01
1.342300925137634715e-01
1.385209149213916802e-01
1.356603666496392080e-01
1.349565809637321701e-01
1.342300925137634715e-01
1.342300925137634715e-01
1.343095521879788257e-01
1.342300925137634715e-01
1.332425222770870221e-01
1.342300925137634715e-01
1.342300925137634715e-01
1.342300925137634715e-01
1.342300925137634715e-01
1.342300925137634715e-01
1.357738804699467616e-01
1.342300925137634715e-01
1.342300925137634715e-01
1.342300925137634715e-01
1.342300925137634715e-01
1.342300925137634715e-01
1.342300925137634715e-01
1.346160395028090928e-01
1.342300925137634715e-01
1.342300925137634715e-01
1.342300925137634715e-01
1.342300925137634715e-01
1.322549520404107948e-01
1.335717123559793662e-01
1.342300925137634715e-01
1.342300925137634715e-01
1.342300925137634715e-01
1.342300925137634715e-01
1.319257619615190613e-01
1.332425222770870221e-01
1.342300925137634715e-01
1.342300925137634715e-01
1.342300925137634715e-01
1.342300925137634715e-01
1.342300925137634715e-01
1.329133321981952887e-01
1.342300925137634715e-01
1.342300925137634715e-01
1.342300925137634715e-01
1.342300925137634715e-01
1.312673818037343731e-01
1.325841421193029446e-01
1.339009024348717103e-01
1.342300925137634715e-01
1.342300925137634715e-01
1.296214314092740405e-01
1.309381917248426119e-01
1.322549520404107948e-01
1.335717123559793662e-01
1.342300925137634715e-01
1.342300925137634715e-01
1.292922413303821128e-01
1.342300925137634715e-01
1.319257619615190613e-01
1.332425222770870221e-01
1.336738747942557981e-01
1.294625120608431379e-01
1.322322492763495227e-01
1.302798115670585344e-01
1.315965718826267172e-01
1.329133321981952887e-01
1.342300925137634715e-01
1.342300925137634715e-01
1.342300925137634715e-01
1.299506214881661903e-01
1.312673818037343731e-01
1.325841421193029446e-01
1.339009024348717103e-01
1.264089902945681465e-01
1.283046710937058577e-01
1.296214314092740405e-01
1.309381917248426119e-01
1.322549520404107948e-01
1.335717123559793662e-01
1.342300925137634715e-01
1.279754810148135136e-01
1.292922413303821128e-01
1.306090016459502678e-01
1.319257619615190613e-01
1.328706510017592934e-01
1.336738747942557981e-01
1.294625120608431379e-01
1.289630512514899630e-01
1.302798115670585344e-01
1.315965718826267172e-01
