9.534258844603674676e-01
8.859113300492608145e-01
8.356471115091805846e-01
7.669055082848185156e-01
7.707120465741156279e-01
6.965965069413345701e-01
6.865203761755486189e-01
6.328168383340797565e-01
6.386027765338111450e-01
6.068069861173311930e-01
6.171070309001344123e-01
5.773219883564711941e-01
5.817286162113748382e-01
5.589252127183162999e-01
5.548589341692791166e-01
5.250783699059562437e-01
5.409762651141961642e-01
5.107836990595611137e-01
5.244066278549036619e-01
4.856695029108822337e-01
5.033587102552619097e-01
4.757008508732646357e-01
4.957456336766681848e-01
4.630541871921181052e-01
4.657411553963277662e-01
4.366681594267800559e-01
4.482758620689656359e-01
4.340886699507388591e-01
4.482758620689656359e-01
4.234124496193459875e-01
4.406627854903717445e-01
4.174115539632780592e-01
4.052843708016122259e-01
4.061800268696819094e-01
4.052843708016122259e-01
3.835647111509181140e-01
3.819973130317957377e-01
3.837886251679355487e-01
3.819973130317957377e-01
3.761755485893416573e-01
3.484102104791759191e-01
3.739364084191669768e-01
3.484102104791759191e-01
3.495297805642633149e-01
3.484102104791759191e-01
3.565069413345273719e-01
3.484102104791759191e-01
3.416927899686520442e-01
3.215405284370801975e-01
3.356471115091805291e-01
3.175100761307658170e-01
3.293775190326913571e-01
3.175100761307658170e-01
3.273622928795342224e-01
3.143752798925212866e-01
3.236274070756829935e-01
3.175100761307658170e-01
3.208687863860276157e-01
3.152709359605911366e-01
3.139274518584862506e-01
3.121361397223466061e-01
3.094491715181370561e-01
3.121361397223466061e-01
3.002686968204210660e-01
3.121361397223466061e-01
2.991491267353336148e-01
2.969099865651589343e-01
2.919838781907745928e-01
2.969099865651589343e-01
2.969099865651589343e-01
3.121361397223466061e-01
2.908643081056873081e-01
2.969099865651589343e-01
2.849440214957451589e-01
2.969099865651589343e-01
2.808240035826243264e-01
2.969099865651589343e-01
2.803403493058666540e-01
2.969099865651589343e-01
2.807881773399016345e-01
2.969099865651589343e-01
2.731751007613075766e-01
2.875055978504253984e-01
2.803403493058666540e-01
2.639319301388252659e-01
2.725033587102551613e-01
2.624272279444693212e-01
2.666815942678010809e-01
2.624272279444693212e-01
2.720555306762201808e-01
2.624272279444693212e-01
2.632781012091354733e-01
2.624272279444693212e-01
2.624272279444693212e-01
2.624272279444693212e-01
2.619793999104343407e-01
2.624272279444693212e-01
2.561576354679804268e-01
2.624272279444693212e-01
2.503358710255262354e-01
2.624272279444693212e-01
2.503358710255262354e-01
2.624272279444693212e-01
2.507836990595610493e-01
2.472010747872816772e-01
2.476489028213166854e-01
2.472010747872816772e-01
2.472010747872816772e-01
2.472010747872816772e-01
2.472010747872816772e-01
2.472010747872816772e-01
2.472010747872816772e-01
2.472010747872816772e-01
2.366771159874608288e-01
2.472010747872816772e-01
2.366771159874608288e-01
2.472010747872816772e-01
2.295118674429017791e-01
2.472010747872816772e-01
2.366771159874608288e-01
2.472010747872816772e-01
2.295118674429017791e-01
2.472010747872816772e-01
2.295118674429017791e-01
2.472010747872816772e-01
2.290640394088667708e-01
2.449619346171069967e-01
2.167487684729062503e-01
2.472010747872816772e-01
2.290640394088667708e-01
2.109270040304521976e-01
2.120465741155394546e-01
2.449619346171069967e-01
2.109270040304521976e-01
2.109270040304521976e-01
2.279444693237795139e-01
2.109270040304521976e-01
2.109270040304521976e-01
2.109270040304521976e-01
2.102552619793997823e-01
2.109270040304521976e-01
2.030900134348408714e-01
2.109270040304521976e-01
1.865203761755485634e-01
2.109270040304521976e-01
1.948051948051948701e-01
2.109270040304521976e-01
2.086878638602776836e-01
2.109270040304521976e-01
1.959247648902821548e-01
2.109270040304521976e-01
2.019704433497536145e-01
2.109270040304521976e-01
1.948051948051948701e-01
2.109270040304521976e-01
1.766681594267801303e-01
2.109270040304521976e-01
1.798029556650246608e-01
2.109270040304521976e-01
1.791133004926105665e-01
2.109270040304521976e-01
1.936856247201076131e-01
2.109270040304521976e-01
1.798029556650246608e-01
1.468875951634571464e-01
1.766681594267801303e-01
1.468875951634571464e-01
1.744290192566054498e-01
1.468875951634571464e-01
1.766681594267801303e-01
2.064487236901030032e-01
1.766681594267801303e-01
2.109270040304521976e-01
1.744290192566054498e-01
2.064487236901030032e-01
1.625615763546799375e-01
1.424093148231079242e-01
1.766681594267801303e-01
1.424093148231079242e-01
1.744290192566054498e-01
1.424093148231079242e-01
1.589789520824003988e-01
1.424093148231079242e-01
1.594267801164352405e-01
1.424093148231079242e-01
1.715181370353783541e-01
1.424093148231079242e-01
1.594267801164352405e-01
1.424093148231079242e-01
1.561576354679799217e-01
1.424093148231079242e-01
1.392745185848633938e-01
1.424093148231079242e-01
1.424093148231079242e-01
1.424093148231079242e-01
1.383788625167935438e-01
1.424093148231079242e-01
1.424093148231079242e-01
1.424093148231079242e-01
1.383788625167935438e-01
1.424093148231079242e-01
1.424093148231079242e-01
1.424093148231079242e-01
1.394984326018808285e-01
1.424093148231079242e-01
1.361397223466188633e-01
1.424093148231079242e-01
1.361397223466188633e-01
1.424093148231079242e-01
1.361397223466188633e-01
1.424093148231079242e-01
1.233766233766235010e-01
1.424093148231079242e-01
1.211374832064488205e-01
1.424093148231079242e-01
1.361397223466188633e-01
1.424093148231079242e-01
1.329422301836089559e-01
1.424093148231079242e-01
1.211374832064488205e-01
1.124048365427676582e-01
1.211374832064488205e-01
1.124048365427676582e-01
1.211374832064488205e-01
9.986565158978955026e-02
1.211374832064488205e-01
9.986565158978955026e-02
1.211374832064488205e-01
1.298701298701298301e-01
1.211374832064488205e-01
9.986565158978955026e-02
1.211374832064488205e-01
9.986565158978955026e-02
1.211374832064488205e-01
9.986565158978955026e-02
1.211374832064488205e-01
1.124048365427676582e-01
1.211374832064488205e-01
9.986565158978955026e-02
1.148678907299597596e-01
9.986565158978955026e-02
1.144200626959247652e-01
9.986565158978955026e-02
1.148678907299597596e-01
9.986565158978955026e-02
1.148678907299597596e-01
9.986565158978955026e-02
1.148678907299599261e-01
9.986565158978955026e-02
1.144200626959249179e-01
9.986565158978955026e-02
1.144200626959249179e-01
9.986565158978955026e-02
1.144200626959249179e-01
9.986565158978955026e-02
9.986565158978970291e-02
9.986565158978955026e-02
9.986565158978970291e-02
9.986565158978955026e-02
9.986565158978955026e-02
9.986565158978955026e-02
1.144200626959249179e-01
9.986565158978955026e-02
9.986565158978955026e-02
9.986565158978955026e-02
9.986565158978955026e-02
9.986565158978955026e-02
9.986565158978955026e-02
9.986565158978955026e-02
9.986565158978955026e-02
9.986565158978955026e-02
9.986565158978955026e-02
9.986565158978955026e-02
9.986565158978955026e-02
9.986565158978955026e-02
9.986565158978955026e-02
9.986565158978955026e-02
9.986565158978955026e-02
9.986565158978955026e-02
9.941782355575470853e-02
9.986565158978955026e-02
9.986565158978955026e-02
9.986565158978955026e-02
9.986565158978955026e-02
9.986565158978955026e-02
9.986565158978955026e-02
9.986565158978955026e-02
9.986565158978955026e-02
9.986565158978955026e-02
9.986565158978955026e-02
9.986565158978955026e-02
9.930138826690557141e-02
9.986565158978955026e-02
9.359605911330065586e-02
9.986565158978955026e-02
9.359605911330065586e-02
9.986565158978955026e-02
9.359605911330065586e-02
9.986565158978955026e-02
9.314823107926581414e-02
9.986565158978955026e-02
9.314823107926581414e-02
9.986565158978955026e-02
9.314823107926581414e-02
9.986565158978955026e-02
9.359605911330065586e-02
9.896999552171970027e-02
9.314823107926581414e-02
9.896999552171970027e-02
9.941782355575470853e-02
9.986565158978955026e-02
9.314823107926581414e-02
9.986565158978955026e-02
9.359605911330065586e-02
9.986565158978955026e-02
9.314823107926581414e-02
9.986565158978955026e-02
9.314823107926581414e-02
8.933273622928628033e-02
9.314823107926581414e-02
9.896999552171970027e-02
9.314823107926581414e-02
9.896999552171970027e-02
9.314823107926581414e-02
8.732646663681159493e-02
9.314823107926581414e-02
8.643081056874175883e-02
9.314823107926581414e-02
8.643081056874175883e-02
9.314823107926581414e-02
8.732646663681159493e-02
9.314823107926581414e-02
8.643081056874175883e-02
9.314823107926581414e-02
8.643081056874175883e-02
9.314823107926581414e-02
8.643081056874175883e-02
8.687863860277675321e-02
8.643081056874175883e-02
9.314823107926581414e-02
8.643081056874175883e-02
9.314823107926581414e-02
8.643081056874175883e-02
9.270040304523080588e-02
8.643081056874175883e-02
8.643081056874175883e-02
8.643081056874175883e-02
8.643081056874175883e-02
8.643081056874175883e-02
8.687863860277675321e-02
8.643081056874175883e-02
8.643081056874175883e-02
8.643081056874175883e-02
8.671742051052391820e-02
8.643081056874175883e-02
9.270040304523080588e-02
8.643081056874175883e-02
8.643081056874175883e-02
8.643081056874175883e-02
8.643081056874175883e-02
8.643081056874175883e-02
8.643081056874175883e-02
8.643081056874175883e-02
8.643081056874175883e-02
8.643081056874175883e-02
8.643081056874175883e-02
8.643081056874175883e-02
8.643081056874175883e-02
8.643081056874175883e-02
8.643081056874175883e-02
8.643081056874175883e-02
8.643081056874175883e-02
8.643081056874175883e-02
8.643081056874175883e-02
8.643081056874175883e-02
8.643081056874175883e-02
8.643081056874175883e-02
8.643081056874175883e-02
8.643081056874175883e-02
8.643081056874175883e-02
8.643081056874175883e-02
8.643081056874175883e-02
8.643081056874175883e-02
8.643081056874175883e-02
8.643081056874175883e-02
8.643081056874175883e-02
8.643081056874175883e-02
8.643081056874175883e-02
8.643081056874175883e-02
8.643081056874175883e-02
8.643081056874175883e-02
8.643081056874175883e-02
8.643081056874175883e-02
8.643081056874175883e-02
8.643081056874175883e-02
