6.443934337103766063e-01
6.264312789766978140e-01
5.924545056405455812e-01
5.719452708518959483e-01
5.396725916305480375e-01
5.334059229502998711e-01
5.125949529576996344e-01
4.996475225395291542e-01
4.986257305525770289e-01
4.944292251234576052e-01
4.648271591887279675e-01
4.567935726475074731e-01
4.474527689264086727e-01
4.481855112735400049e-01
4.455879909992903620e-01
4.442276152649620724e-01
4.308561245601583711e-01
4.104924717217631747e-01
4.097210686077593644e-01
4.005895766948066039e-01
4.052660193001798028e-01
4.020870773366356787e-01
3.906652370237249094e-01
3.895072262409955410e-01
3.792153072473836151e-01
3.789558572571999351e-01
3.791488590543212744e-01
3.769953335246235548e-01
3.764063609042996306e-01
3.718833532174515288e-01
3.614706193273631296e-01
3.577631121917333457e-01
3.602624703625958991e-01
3.676397299787065309e-01
3.707129589078332899e-01
3.464442665780690378e-01
3.478713925427004972e-01
3.388178262379749062e-01
3.391953727894647108e-01
3.517299182989267470e-01
3.420043191325491394e-01
3.360541854810698004e-01
3.295981394505942963e-01
3.159460561487233421e-01
3.180959572315265049e-01
3.290435990757659690e-01
3.326185118625127335e-01
3.065526979476571601e-01
2.992358457797846261e-01
2.947128380929371905e-01
3.054804657414259550e-01
3.149493332527904532e-01
3.262213630940696829e-01
3.013727592612163164e-01
2.740006342782065341e-01
2.773759004485257806e-01
2.906655390609663159e-01
2.948487548514739931e-01
2.896386124409141560e-01
2.608242596312129735e-01
2.495280668106377997e-01
2.561139888548246701e-01
2.645997251461104649e-01
2.685941676608724626e-01
2.527976199465393758e-01
2.541643384629326263e-01
2.473307458809672066e-01
2.365178126462992303e-01
2.445671051240620175e-01
2.527900690155095997e-01
2.427020251597023226e-01
2.363441412326139079e-01
2.326894906141924735e-01
2.290348399957712888e-01
2.269507830315477537e-01
2.462509627437062254e-01
2.385339112312546139e-01
2.346829364060591949e-01
2.317456242354680174e-01
2.250630502740985917e-01
2.202833109322377414e-01
2.145597052116521852e-01
2.271471072383226542e-01
2.325082682694776526e-01
2.033994291496138695e-01
1.955549179213794675e-01
2.080659045260281614e-01
2.039506471147891631e-01
1.953274838787622814e-01
2.292764697887254011e-01
1.976003141187306633e-01
1.940966821209055837e-01
1.952897292236133731e-01
1.980231662563993189e-01
1.938550523279519988e-01
1.663168068622858931e-01
1.980231662563993189e-01
1.900493830889349867e-01
1.857831070571001331e-01
1.865004455049306953e-01
1.734977422716220130e-01
1.654408988628298383e-01
1.607291179002367509e-01
1.851639307126562994e-01
1.759403174411399429e-01
1.794780796472205675e-01
1.725387740308376161e-01
1.658637510004981053e-01
1.585182052947126108e-01
1.570367126266666580e-01
1.768654575109102900e-01
1.722744914447947029e-01
1.592340335563373899e-01
1.642025461739432535e-01
1.580711901777484552e-01
1.542126644215232600e-01
1.597021912801847299e-01
1.622997115544346780e-01
1.536312427322289731e-01
1.555340773517374098e-01
1.585771025567450643e-01
1.534726731806030919e-01
1.544693960765362584e-01
1.554661189724692860e-01
1.605478955555216525e-01
1.512073938716643473e-01
1.521890149055378227e-01
1.547336786625787552e-01
1.528383949741005110e-01
1.534726731806030919e-01
1.521512602503890532e-01
1.509053566304725535e-01
1.518416720781672058e-01
1.520833018711206519e-01
1.480360028391499161e-01
1.438376851865833528e-01
1.496216983554072566e-01
1.423232704592471698e-01
1.414289381880785568e-01
1.503012821480890493e-01
1.467372427020250947e-01
1.440717640485070228e-01
1.399867103613875174e-01
1.410060860504090685e-01
1.458462328405089603e-01
1.317863992630290138e-01
1.470543818052765794e-01
1.439131944968812526e-01
1.407720071884862312e-01
1.461407191506697845e-01
1.343537158131594411e-01
1.338024978479840088e-01
1.470392799432170272e-01
1.418442393947172975e-01
1.413289638612438837e-01
1.353806424332121283e-01
1.323300662971749475e-01
1.271652294727941834e-01
1.263648307836346130e-01
1.215171330625066937e-01
1.358336982950000271e-01
1.366340969841580155e-01
1.324659830557106954e-01
1.281921560928463433e-01
1.286829666097832614e-01
1.435583007384815535e-01
1.370871528459451094e-01
1.376761254662696998e-01
1.333267891931073090e-01
1.292190827128983366e-01
1.251113762326895029e-01
1.210036697524805582e-01
1.385067278795477363e-01
1.311068154703478872e-01
1.343537158131591636e-01
1.302460093329504687e-01
1.258362656115495914e-01
1.232009906821506240e-01
1.210036697524805582e-01
1.213057069936722271e-01
1.353806424332121283e-01
1.310464080221092620e-01
1.268782940936612758e-01
1.227101801652139557e-01
1.206563269251099413e-01
1.249301538879734885e-01
1.268933959557211055e-01
1.320884365042208353e-01
1.200220487186069579e-01
1.237522086473263200e-01
1.206412250630502503e-01
1.207016325112886118e-01
1.274446139208957329e-01
1.206261232009906981e-01
1.260174879562643846e-01
1.231028285787637705e-01
1.206261232009906981e-01
1.206865306492290596e-01
1.206261232009906981e-01
1.170101333494421025e-01
1.206261232009906981e-01
1.237220049232068131e-01
1.212452995454338656e-01
1.206714287871695074e-01
1.206261232009906981e-01
1.206261232009906981e-01
1.166241297551987716e-01
1.180890103749794029e-01
1.218644758898770331e-01
1.187232885814818589e-01
1.206261232009906981e-01
1.170016763066887566e-01
1.206261232009906981e-01
1.176661582373105946e-01
1.224836522343206030e-01
1.196898077532954907e-01
1.206261232009906981e-01
1.163069906519475366e-01
1.157482217557426057e-01
1.172433060996422027e-01
1.189347146503164504e-01
1.206261232009906981e-01
1.168204539619736720e-01
1.135584517571016361e-01
1.151290454112994383e-01
1.168204539619736720e-01
1.185118625126479197e-01
1.202032710633221674e-01
1.177718712717277655e-01
1.064605765890934697e-01
1.147061932736306300e-01
1.163976018243048777e-01
1.180890103749794029e-01
1.194028723741641929e-01
1.090278931392238831e-01
1.068834287267618616e-01
1.049201866590150634e-01
1.121086729993805708e-01
1.151290454112991607e-01
1.182702327196942099e-01
1.196747058912359385e-01
1.074875032091454768e-01
1.052977332105046460e-01
1.155518975489678302e-01
1.146004802392137367e-01
1.174849358925956488e-01
1.206261232009906981e-01
1.080009665191718760e-01
1.058262983825903475e-01
1.037120376942475691e-01
1.060274551852235236e-01
1.055242611413975962e-01
1.100548197592762928e-01
1.080387211743206316e-01
1.063548635546762988e-01
1.042406028663335343e-01
9.872842321458243087e-02
1.100548197592762928e-01
1.100548197592762928e-01
1.090278931392238831e-01
1.068834287267618616e-01
1.047691680384190832e-01
1.026549073500761800e-01
1.027153147983145415e-01
1.100548197592762928e-01
1.093827868976241374e-01
1.074119938988474243e-01
1.052977332105046460e-01
9.883413624899946293e-02
9.388072549345317930e-02
9.123034870199467350e-02
8.626938701541901622e-02
1.079405590709335144e-01
1.058262983825903475e-01
9.900025673165499529e-02
9.483214280320727274e-02
9.102647356419024671e-02
8.826283280728479397e-02
1.080387211743206316e-01
1.033948985909962093e-01
9.958922935197918325e-02
9.578356011296136618e-02
9.197789087394434016e-02
8.817222163492718923e-02
1.087107540359723845e-01
1.034855097633535503e-01
1.005406466617332767e-01
9.673497742271611188e-02
9.292930818369909973e-02
8.912363894468194880e-02
8.626938701541901622e-02
1.052977332105043823e-01
1.002008547653921722e-01
9.768639473247020533e-02
9.388072549345317930e-02
9.007505625443602837e-02
8.626938701541901622e-02
8.626938701541901622e-02
1.012957397647123170e-01
9.863781204222442367e-02
9.483214280320727274e-02
9.102647356419024671e-02
8.685835963574252416e-02
8.626938701541901622e-02
1.023906247640326006e-01
9.937357476176825188e-02
9.363154476946942972e-02
9.197789087394500629e-02
8.744733225606698968e-02
8.626938701541901622e-02
8.626938701541901622e-02
9.910596976607122244e-02
9.673497742271611188e-02
9.039219535768726332e-02
8.803630487639130253e-02
8.669223915308781059e-02
8.626938701541901622e-02
1.002008547653921722e-01
9.768639473247087146e-02
9.098116797801157618e-02
8.862527749671482435e-02
8.626938701541901622e-02
8.626938701541901622e-02
8.626938701541901622e-02
9.314858722080215925e-02
9.253665977014995103e-02
8.921425011703928987e-02
8.685835963574252416e-02
8.626938701541901622e-02
8.281106060377313449e-02
9.758823262908322693e-02
9.000709787516762705e-02
8.707733663560730808e-02
8.744733225606698968e-02
8.626938701541901622e-02
8.626938701541901622e-02
8.506123805065232690e-02
8.228249543168676683e-02
9.039219535768726332e-02
8.803630487639130253e-02
8.626938701541901622e-02
8.113475391515764801e-02
8.427594122355322459e-02
8.192005074225687522e-02
8.854221725538739818e-02
8.862527749671482435e-02
8.626938701541901622e-02
7.865804853738496416e-02
8.349064439645399738e-02
8.155760605282656728e-02
8.300738481054710516e-02
8.921425011703928987e-02
8.590694232598911073e-02
8.626938701541901622e-02
8.626938701541901622e-02
8.119516136339613444e-02
8.264494012111721355e-02
8.457193771992048414e-02
8.554449763655881667e-02
8.626938701541901622e-02
7.938293791624516371e-02
8.083271667396624283e-02
8.228249543168676683e-02
8.373227418940784594e-02
8.518205294712836995e-02
7.799356660676312614e-02
7.902049322681486965e-02
8.047027198453580998e-02
8.192005074225687522e-02
8.336982949997741310e-02
8.481960825769847834e-02
7.720826977966389892e-02
8.034945708805948938e-02
8.010782729510550204e-02
8.155760605282656728e-02
8.300738481054710516e-02
8.196535632843514330e-02
7.720826977966389892e-02
7.829560384795453132e-02
7.974538260567561043e-02
8.119516136339613444e-02
7.720826977966389892e-02
8.409471887883773755e-02
7.720826977966389892e-02
7.793315915852409848e-02
7.938293791624516371e-02
8.083271667396624283e-02
8.228249543168676683e-02
8.373227418940784594e-02
7.720826977966389892e-02
7.742724677952814161e-02
7.902049322681486965e-02
8.047027198453580998e-02
8.192005074225687522e-02
7.720826977966389892e-02
