7.913309252570157604e-01
6.549485968324532115e-01
6.357321478188384667e-01
5.815504306751874131e-01
5.351486524034454462e-01
5.307029730480686824e-01
5.090302861906085274e-01
4.768880244512362365e-01
4.940261183662128519e-01
4.442900805779382289e-01
4.695748819116419837e-01
4.170602945262574246e-01
4.223395387607667417e-01
3.942761878299526623e-01
3.784384551264241003e-01
3.639899972214502011e-01
3.573214781883857216e-01
3.456515698805222581e-01
3.378716310086135044e-01
3.287024173381494219e-01
3.284245623784383672e-01
3.186996387885525084e-01
3.084190052792441517e-01
2.995276465684910683e-01
3.073075854404000440e-01
2.903584328980272078e-01
2.928591275354264778e-01
2.795220894692970748e-01
2.928591275354264778e-01
2.681300361211448879e-01
2.578494026118366422e-01
2.632175604334536789e-01
2.517365934981939946e-01
2.539594331758822099e-01
2.411781050291747497e-01
2.461794943039732897e-01
2.411781050291747497e-01
2.428452347874408002e-01
2.400666851903306420e-01
2.367324256737983468e-01
2.372881355932202896e-01
2.292303417616004257e-01
2.372881355932202896e-01
2.303417616004447277e-01
2.183939983328702095e-01
2.228396776882468067e-01
2.183939983328702095e-01
2.225618227285356410e-01
2.183939983328702095e-01
2.153375937760488856e-01
2.183939983328702095e-01
2.117254792998054247e-01
2.139483189774938066e-01
2.100583495415393742e-01
2.078355098638511589e-01
2.078355098638511589e-01
2.078355098638511589e-01
2.045012503473186694e-01
2.078355098638511589e-01
1.981105862739648560e-01
2.078355098638511589e-01
1.981105862739648560e-01
2.078355098638511589e-01
1.929647124201165076e-01
1.822728535704362940e-01
1.936649069185884531e-01
1.822728535704362940e-01
1.906085023617671292e-01
1.822728535704362940e-01
1.861628230063907263e-01
1.822728535704362940e-01
1.808835787718812149e-01
1.822728535704362940e-01
1.814392886913031577e-01
1.822728535704362940e-01
1.781939427618783878e-01
1.733814948596832939e-01
1.767157543762155891e-01
1.733814948596832939e-01
1.742150597388164024e-01
1.733814948596832939e-01
1.734259516532369594e-01
1.733814948596832939e-01
1.733814948596832939e-01
1.733814948596832939e-01
1.689358155043066967e-01
1.733814948596832939e-01
1.689358155043066967e-01
1.733814948596832939e-01
1.678243956654625890e-01
1.733814948596832939e-01
1.672686857460408405e-01
1.733814948596832939e-01
1.650458460683522366e-01
1.578216171158655090e-01
1.648124479021949307e-01
1.572659071964433442e-01
1.564323423173104299e-01
1.572659071964433442e-01
1.650458460683522366e-01
1.572659071964433442e-01
1.564323423173106242e-01
1.572659071964433442e-01
1.619894415115311348e-01
1.572659071964433442e-01
1.542095026396220203e-01
1.572659071964433442e-01
1.555987774381774880e-01
1.572659071964433442e-01
1.472631286468462641e-01
1.572659071964433442e-01
1.472631286468462641e-01
1.572659071964433442e-01
1.449402611836619337e-01
1.572659071964433442e-01
1.472631286468462641e-01
1.555987774381772937e-01
1.450402889691582708e-01
1.555987774381772937e-01
1.450402889691582708e-01
1.355932203389831059e-01
1.447624340094470774e-01
1.355932203389831059e-01
1.439288691303141632e-01
1.355932203389831059e-01
1.403167546540706745e-01
1.355932203389831059e-01
1.428174492914698612e-01
1.372603500972491564e-01
1.386496248958042354e-01
1.355932203389831059e-01
1.386496248958042354e-01
1.355932203389831059e-01
1.359155320922477428e-01
1.355932203389831059e-01
1.361489302584052707e-01
1.355932203389831059e-01
1.353153653792719402e-01
1.355932203389831059e-01
1.353153653792719402e-01
1.355932203389831059e-01
1.353153653792719402e-01
1.355932203389831059e-01
1.353153653792719402e-01
1.355932203389831059e-01
1.328146707418727535e-01
1.355932203389831059e-01
1.328146707418727535e-01
1.294804112253404582e-01
1.325368157821615878e-01
1.294804112253404582e-01
1.297582661850514296e-01
1.350375104195609688e-01
1.325368157821615878e-01
1.350375104195609688e-01
1.297582661850514296e-01
1.294804112253404582e-01
1.322589608224506164e-01
1.294804112253404582e-01
1.311475409836065087e-01
1.294804112253404582e-01
1.322589608224506164e-01
1.294804112253404582e-01
1.297582661850514296e-01
1.294804112253404582e-01
1.313253681578215593e-01
1.294804112253404582e-01
1.322589608224506164e-01
1.294804112253404582e-01
1.294804112253404582e-01
1.294804112253404582e-01
1.294804112253404582e-01
1.294804112253404582e-01
1.289247013059183211e-01
1.294804112253404582e-01
1.275354265073630478e-01
1.294804112253404582e-01
1.275354265073630478e-01
1.294804112253404582e-01
1.267018616282299115e-01
1.294804112253404582e-01
1.289247013059183211e-01
1.294804112253404582e-01
1.267018616282299115e-01
1.294804112253404582e-01
1.242011669908307525e-01
1.294804112253404582e-01
1.239233120311197672e-01
1.294804112253404582e-01
1.239233120311197672e-01
1.294804112253404582e-01
1.239233120311197672e-01
1.183662128368990762e-01
1.239233120311197672e-01
1.200333425951653210e-01
1.230897471519866448e-01
1.200333425951653210e-01
1.239233120311197672e-01
1.183662128368990762e-01
1.239233120311197672e-01
1.183662128368990762e-01
1.239233120311197672e-01
1.183662128368990762e-01
1.230897471519868391e-01
1.278132814670742134e-01
1.217004723534315797e-01
1.183662128368990762e-01
1.217004723534315797e-01
1.183662128368990762e-01
1.217004723534315797e-01
1.183662128368990762e-01
1.217004723534315797e-01
1.183662128368990762e-01
1.200333425951653210e-01
1.183662128368990762e-01
1.183662128368990762e-01
1.183662128368990762e-01
1.191997777160321986e-01
1.183662128368990762e-01
1.183662128368990762e-01
1.183662128368990762e-01
1.230897471519868391e-01
1.183662128368990762e-01
1.180883578771881048e-01
1.183662128368990762e-01
1.180883578771881048e-01
1.183662128368990762e-01
1.183662128368990762e-01
1.183662128368990762e-01
1.180883578771881048e-01
1.183662128368990762e-01
1.183662128368990762e-01
1.183662128368990762e-01
1.183662128368990762e-01
1.183662128368990762e-01
1.183662128368990762e-01
1.183662128368990762e-01
1.180883578771881048e-01
1.183662128368990762e-01
1.181328146707417565e-01
1.183662128368990762e-01
1.183662128368990762e-01
1.183662128368990762e-01
1.172547929980549825e-01
1.183662128368990762e-01
1.172547929980549825e-01
1.183662128368990762e-01
1.161433731592110691e-01
1.183662128368990762e-01
1.172547929980549825e-01
1.183662128368990762e-01
1.150319533203667810e-01
1.183662128368990762e-01
1.181328146707417565e-01
1.183662128368990762e-01
1.150319533203667810e-01
1.183662128368990762e-01
1.150319533203667810e-01
1.183662128368990762e-01
1.150319533203667810e-01
1.183662128368990762e-01
1.150319533203667810e-01
1.139205334815226733e-01
1.150319533203667810e-01
1.139205334815226733e-01
1.150319533203667810e-01
1.116976938038344858e-01
1.150319533203667810e-01
1.161433731592108748e-01
1.150319533203667810e-01
1.161433731592108748e-01
1.150319533203667810e-01
1.116976938038344858e-01
1.150319533203667810e-01
1.183662128368990762e-01
1.150319533203667810e-01
1.139205334815226733e-01
1.150319533203667810e-01
1.116976938038344858e-01
1.150319533203667810e-01
1.116976938038344858e-01
1.139205334815226733e-01
1.116976938038344858e-01
1.139205334815226733e-01
1.116976938038344858e-01
1.139205334815226733e-01
1.116976938038344858e-01
1.116976938038344858e-01
1.116976938038344858e-01
1.128091136426785795e-01
1.116976938038344858e-01
1.128091136426785795e-01
1.116976938038344858e-01
1.116976938038344858e-01
1.116976938038344858e-01
1.116976938038344858e-01
1.116976938038344858e-01
1.139205334815226733e-01
1.116976938038344858e-01
1.116976938038344858e-01
1.116976938038344858e-01
1.116976938038344858e-01
1.116976938038344858e-01
1.116976938038344858e-01
1.116976938038344858e-01
1.116976938038344858e-01
1.116976938038344858e-01
1.116976938038344858e-01
1.116976938038344858e-01
1.116976938038344858e-01
1.116976938038344858e-01
1.116976938038344858e-01
1.116976938038344858e-01
1.116976938038344858e-01
1.116976938038344858e-01
1.116976938038344858e-01
1.116976938038344858e-01
1.116976938038344858e-01
1.116976938038344858e-01
1.116976938038344858e-01
1.116976938038344858e-01
1.116976938038344858e-01
1.116976938038344858e-01
1.116976938038344858e-01
1.116976938038344858e-01
1.116976938038344858e-01
1.116976938038344858e-01
1.116976938038344858e-01
1.116976938038344858e-01
1.116976938038344858e-01
1.116976938038344858e-01
1.116976938038344858e-01
1.116976938038344858e-01
1.116976938038344858e-01
1.116976938038344858e-01
1.116976938038344858e-01
1.116976938038344858e-01
1.097527090858572557e-01
1.116976938038344858e-01
1.116976938038344858e-01
1.116976938038344858e-01
1.097527090858572557e-01
1.116976938038344858e-01
1.108641289247013495e-01
1.116976938038344858e-01
1.116976938038344858e-01
1.116976938038344858e-01
1.116976938038344858e-01
1.116976938038344858e-01
1.072520144484580829e-01
1.116976938038344858e-01
1.075298694081690543e-01
1.116976938038344858e-01
1.108641289247013495e-01
1.116976938038344858e-01
1.097527090858572557e-01
1.116976938038344858e-01
1.086412892470131619e-01
1.116976938038344858e-01
1.072520144484580829e-01
1.116976938038344858e-01
1.075298694081690543e-01
1.116976938038344858e-01
1.053070297304808528e-01
1.116976938038344858e-01
1.053070297304808528e-01
1.078077243678800257e-01
1.053070297304808528e-01
1.116976938038344858e-01
1.097527090858572557e-01
1.116976938038344858e-01
1.067741039177548396e-01
1.028063350930814857e-01
1.053070297304808528e-01
1.028063350930814857e-01
1.053070297304808528e-01
1.116976938038344858e-01
1.053070297304808528e-01
1.116976938038344858e-01
1.053070297304808528e-01
1.116976938038344858e-01
1.053070297304808528e-01
1.028063350930814857e-01
1.053070297304808528e-01
1.028063350930814857e-01
1.053070297304808528e-01
1.028063350930814857e-01
1.053070297304808528e-01
9.953876076687909191e-02
1.053070297304808528e-01
1.116976938038344858e-01
1.053070297304808528e-01
9.891636565712703943e-02
1.053070297304808528e-01
9.891636565712703943e-02
