7.920691408235892572e-01
7.354245043213014643e-01
6.919166243009658990e-01
6.365022877478392349e-01
6.044738179969495473e-01
5.600305033045245295e-01
5.673614641586171015e-01
5.224097610574477413e-01
5.265887137773235249e-01
4.814438230808336661e-01
4.829689883070665823e-01
4.494153533299440340e-01
4.748347737671580471e-01
4.321708185053381168e-01
4.478901881037111177e-01
4.080630401626843540e-01
4.351804778851042776e-01
3.904422979156074724e-01
3.614641586171836729e-01
3.716319267920690228e-01
3.614641586171836729e-01
3.567158108795119298e-01
3.274021352313165600e-01
3.347737671581088037e-01
3.172343670564309881e-01
3.257041179461106495e-01
3.157092018301982939e-01
3.101169293340112487e-01
3.157092018301982939e-01
3.035078800203354632e-01
2.984239959328927605e-01
2.961769191662428358e-01
2.984239959328927605e-01
2.915607524148449148e-01
2.928317234367054933e-01
2.842602948652768746e-01
2.928317234367054933e-01
2.801220132180987088e-01
2.740213523131670992e-01
2.669039145907473043e-01
2.704626334519573128e-01
2.669039145907473043e-01
2.704626334519573128e-01
2.559735638027451077e-01
2.455516014234876143e-01
2.569903406202338481e-01
2.689374682257243965e-01
2.473309608540924243e-01
2.455516014234876143e-01
2.371631926792068523e-01
2.455516014234876143e-01
2.417386883579055457e-01
2.455516014234876143e-01
2.360955770208438276e-01
2.191154041687848608e-01
2.247076766649721002e-01
2.191154041687848608e-01
2.295373665480427150e-01
2.191154041687848608e-01
2.217386883579055556e-01
2.191154041687848608e-01
2.214844941535333012e-01
2.191154041687848608e-01
2.107269954245040988e-01
2.160650737163192503e-01
2.107676664972035485e-01
2.023385866802236976e-01
2.107269954245040988e-01
2.023385866802236976e-01
2.086934417895270344e-01
2.023385866802236976e-01
2.043721403152007621e-01
2.023385866802236976e-01
2.023385866802236976e-01
1.967463141840364582e-01
2.023385866802235034e-01
1.997966446365022630e-01
1.997966446365020687e-01
1.967463141840364582e-01
1.982714794102693467e-01
1.997966446365022630e-01
1.944585663446872781e-01
1.967463141840364582e-01
1.921708185053381257e-01
1.891204880528723209e-01
1.921708185053381257e-01
1.967463141840364582e-01
1.908998474834774917e-01
1.967463141840364582e-01
1.893746822572446031e-01
1.967463141840364582e-01
1.893746822572446031e-01
1.896288764616166911e-01
1.870869344178952287e-01
1.820030503304525538e-01
1.820030503304525538e-01
1.891204880528723209e-01
1.855617691916625345e-01
1.820030503304525538e-01
1.820030503304525538e-01
1.820030503304525538e-01
1.820030503304525538e-01
1.820030503304525538e-01
1.723436705643111577e-01
1.820030503304525538e-01
1.723436705643111577e-01
1.820030503304525538e-01
1.685307574987290891e-01
1.820030503304525538e-01
1.723436705643111577e-01
1.820030503304525538e-01
1.685307574987290891e-01
1.820030503304525538e-01
1.692933401118455194e-01
1.657346212506355387e-01
1.685307574987290891e-01
1.820030503304525538e-01
1.685307574987290891e-01
1.713268937468226116e-01
1.677681748856126309e-01
1.657346212506355387e-01
1.667513980681240848e-01
1.550584646670056244e-01
1.659888154550076267e-01
1.550584646670056244e-01
1.631926792069141041e-01
1.550584646670056244e-01
1.631926792069141041e-01
1.550584646670056244e-01
1.578546009150991469e-01
1.550584646670056244e-01
1.573462125063547767e-01
1.550584646670056244e-01
1.550584646670056244e-01
1.550584646670056244e-01
1.550584646670056244e-01
1.550584646670056244e-01
1.550584646670056244e-01
1.550584646670056244e-01
1.527097102186067423e-01
1.550584646670056244e-01
1.497203863751906394e-01
1.550584646670056244e-01
1.497203863751906394e-01
1.550584646670056244e-01
1.497203863751906394e-01
1.550584646670056244e-01
1.497203863751906394e-01
1.443823080833756822e-01
1.497203863751906394e-01
1.443823080833756822e-01
1.497203863751906394e-01
1.443823080833756822e-01
1.497203863751906394e-01
1.443823080833756822e-01
1.443823080833756822e-01
1.443823080833756822e-01
1.443823080833756822e-01
1.443823080833756822e-01
1.497203863751906394e-01
1.443823080833756822e-01
1.443823080833756822e-01
1.443823080833756822e-01
1.443823080833756822e-01
1.443823080833756822e-01
1.443823080833756822e-01
1.443823080833756822e-01
1.436197254702592241e-01
1.443823080833756822e-01
1.443823080833756822e-01
1.443823080833756822e-01
1.420945602440265021e-01
1.443823080833756822e-01
1.424605998983220767e-01
1.443823080833756822e-01
1.443823080833756822e-01
1.443823080833756822e-01
1.362480935434671747e-01
1.443823080833756822e-01
1.344687341128623648e-01
1.443823080833756822e-01
1.413319776309100717e-01
1.443823080833756822e-01
1.362480935434671747e-01
1.443823080833756822e-01
1.354855109303509109e-01
1.443823080833756822e-01
1.309100152516523841e-01
1.443823080833756822e-01
1.344687341128623648e-01
1.235383833248601682e-01
1.309100152516523841e-01
1.235383833248601682e-01
1.309100152516523841e-01
1.235383833248601682e-01
1.309100152516523841e-01
1.382816471784442669e-01
1.309100152516523841e-01
1.174377224199287528e-01
1.291306558210472133e-01
1.174377224199287528e-01
1.291306558210472133e-01
1.174377224199287528e-01
1.309100152516523841e-01
1.174377224199287528e-01
1.309100152516523841e-01
1.174377224199287528e-01
1.291306558210472133e-01
1.174377224199287528e-01
1.260803253685814362e-01
1.174377224199287528e-01
1.260803253685814362e-01
1.174377224199287528e-01
1.260803253685814362e-01
1.174377224199287528e-01
1.278596847991866070e-01
1.174377224199287528e-01
1.174377224199287528e-01
1.174377224199287528e-01
1.240467717336043441e-01
1.174377224199287528e-01
1.174377224199287528e-01
1.174377224199287528e-01
1.174377224199287528e-01
1.174377224199287528e-01
1.174377224199287528e-01
1.174377224199287528e-01
1.174377224199287528e-01
1.174377224199287528e-01
1.174377224199287528e-01
1.174377224199287528e-01
1.174377224199287528e-01
1.174377224199287528e-01
1.174377224199287528e-01
1.174377224199287528e-01
1.174377224199287528e-01
1.174377224199287528e-01
1.128622267412302260e-01
1.174377224199287528e-01
1.174377224199287528e-01
1.174377224199287528e-01
1.159125571936958504e-01
1.174377224199287528e-01
1.128622267412302260e-01
1.174377224199287528e-01
1.159125571936958504e-01
1.174377224199287528e-01
1.159125571936958504e-01
1.174377224199287528e-01
1.110828673106252495e-01
1.174377224199287528e-01
1.110828673106252495e-01
1.174377224199287528e-01
1.128622267412302260e-01
1.174377224199287528e-01
1.141331977630908601e-01
1.174377224199287528e-01
1.110828673106252495e-01
1.082867310625317131e-01
1.110828673106252495e-01
1.082867310625317131e-01
1.110828673106252495e-01
1.174377224199287528e-01
1.110828673106252495e-01
1.174377224199287528e-01
1.110828673106252495e-01
1.138790035587187721e-01
1.110828673106252495e-01
1.047280122013217324e-01
1.110828673106252495e-01
1.047280122013217324e-01
1.110828673106252495e-01
1.047280122013217324e-01
1.110828673106252495e-01
1.138790035587187721e-01
1.110828673106252495e-01
1.047280122013217324e-01
1.065073716319267227e-01
1.082867310625317131e-01
1.110828673106252495e-01
1.047280122013217324e-01
1.110828673106252495e-01
1.047280122013217324e-01
1.065073716319267227e-01
1.047280122013217324e-01
1.065073716319267227e-01
1.047280122013217324e-01
1.093035078800202592e-01
1.047280122013217324e-01
1.047280122013217324e-01
1.047280122013217324e-01
1.047280122013217324e-01
1.047280122013217324e-01
1.047280122013217324e-01
1.047280122013217324e-01
1.093035078800202592e-01
1.047280122013217324e-01
1.047280122013217324e-01
1.047280122013217324e-01
1.065073716319267227e-01
1.047280122013217324e-01
1.047280122013217324e-01
1.047280122013217324e-01
1.047280122013217324e-01
1.047280122013217324e-01
1.047280122013217324e-01
1.047280122013217324e-01
1.047280122013217324e-01
1.047280122013217324e-01
1.047280122013217324e-01
1.047280122013217324e-01
1.047280122013217324e-01
1.047280122013217324e-01
1.047280122013217324e-01
1.047280122013217324e-01
1.047280122013217324e-01
1.047280122013217324e-01
1.047280122013217324e-01
1.047280122013217324e-01
1.047280122013217324e-01
1.047280122013217324e-01
1.047280122013217324e-01
1.047280122013217324e-01
1.047280122013217324e-01
1.047280122013217324e-01
1.047280122013217324e-01
1.047280122013217324e-01
1.047280122013217324e-01
1.047280122013217324e-01
1.047280122013217324e-01
1.047280122013217324e-01
1.047280122013217324e-01
1.047280122013217324e-01
1.047280122013217324e-01
1.047280122013217324e-01
1.047280122013217324e-01
1.047280122013217324e-01
1.047280122013217324e-01
1.047280122013217324e-01
1.047280122013217324e-01
1.047280122013217324e-01
1.047280122013217324e-01
1.047280122013217324e-01
1.047280122013217324e-01
1.047280122013217324e-01
1.032028469750888300e-01
1.047280122013217324e-01
1.047280122013217324e-01
1.047280122013217324e-01
1.044738179969496444e-01
1.047280122013217324e-01
1.026944585663446541e-01
1.047280122013217324e-01
1.029486527707167420e-01
1.047280122013217324e-01
9.837315709201840952e-02
1.047280122013217324e-01
9.659379766141341916e-02
1.047280122013217324e-01
9.659379766141341916e-02
1.047280122013217324e-01
9.837315709201840952e-02
1.047280122013217324e-01
9.862735129639049747e-02
1.047280122013217324e-01
9.659379766141341916e-02
1.047280122013217324e-01
1.011692933401117517e-01
1.047280122013217324e-01
9.659379766141341916e-02
1.047280122013217324e-01
9.659379766141341916e-02
1.047280122013217324e-01
9.659379766141341916e-02
1.047280122013217324e-01
9.659379766141341916e-02
1.006609049313675758e-01
9.659379766141341916e-02
1.006609049313675758e-01
9.659379766141341916e-02
1.047280122013217324e-01
9.659379766141341916e-02
8.845958312150492553e-02
9.659379766141341916e-02
9.252669039145908214e-02
9.659379766141341916e-02
9.252669039145908214e-02
9.659379766141341916e-02
1.006609049313675758e-01
9.659379766141341916e-02
1.006609049313675758e-01
9.659379766141341916e-02
9.252669039145908214e-02
9.659379766141341916e-02
9.252669039145908214e-02
