8.052236732425674948e-01
6.632842456237844075e-01
6.379549874965267930e-01
5.765934981939427884e-01
5.629341483745483599e-01
5.175882189497080788e-01
5.095859961100305258e-01
4.784662406223951781e-01
4.940261183662128519e-01
4.431786607390941213e-01
4.634620727979993360e-01
4.123367602111698282e-01
4.140038899694358787e-01
3.970547374270630425e-01
3.639899972214504231e-01
3.709363712142260683e-01
3.395387607668796659e-01
3.525979438732981808e-01
3.378716310086135044e-01
3.373159210891913395e-01
3.284245623784383672e-01
3.218005001389275255e-01
3.084190052792441517e-01
3.109196999166436437e-01
3.084190052792441517e-01
2.909141428174492616e-01
2.928591275354264778e-01
2.814670741872742910e-01
2.578494026118366422e-01
2.686857460405668308e-01
2.578494026118366422e-01
2.634065018060573471e-01
2.578494026118366422e-01
2.570158377327035337e-01
2.517365934981939946e-01
2.461794943039732897e-01
2.383995554320643973e-01
2.414559599888857211e-01
2.372881355932202896e-01
2.403445401500416134e-01
2.372881355932202896e-01
2.331203111975548858e-01
2.372881355932202896e-01
2.261739372047791019e-01
2.372881355932202896e-01
2.242289524868018857e-01
2.183939983328702095e-01
2.154709641567100764e-01
2.183939983328702095e-01
2.164490136148929933e-01
2.183939983328702095e-01
2.156154487357600513e-01
2.078355098638511589e-01
2.103362045012503456e-01
2.139483189774938066e-01
2.056126701861627770e-01
2.078355098638511589e-01
2.025562656293414532e-01
2.078355098638511589e-01
1.992220061128091579e-01
1.989441511530981865e-01
1.969991664351209426e-01
1.911642122811892663e-01
1.906085023617671292e-01
1.822728535704362940e-01
1.917199222006112369e-01
1.911642122811892663e-01
1.906085023617673235e-01
1.822728535704362940e-01
1.844956932481244816e-01
1.822728535704362940e-01
1.817171436510141291e-01
1.800500138927480787e-01
1.817171436510141291e-01
1.822728535704362940e-01
1.778271742150596968e-01
1.822728535704362940e-01
1.758821894970826749e-01
1.733814948596832939e-01
1.775493192553487254e-01
1.756043345373714815e-01
1.744929146985274016e-01
1.733814948596832939e-01
1.689358155043066967e-01
1.733814948596832939e-01
1.697693803834398329e-01
1.733814948596832939e-01
1.689358155043066967e-01
1.733814948596832939e-01
1.675465407057516176e-01
1.733814948596832939e-01
1.714365101417060777e-01
1.728257849402611290e-01
1.650458460683522366e-01
1.578216171158655090e-01
1.675465407057516176e-01
1.572659071964433442e-01
1.555987774381774880e-01
1.572659071964433442e-01
1.573992775771047292e-01
1.572659071964433442e-01
1.553209224784661280e-01
1.572659071964433442e-01
1.544873575993332138e-01
1.572659071964433442e-01
1.544873575993332138e-01
1.572659071964433442e-01
1.536537927202000775e-01
1.572659071964433442e-01
1.542095026396220203e-01
1.572659071964433442e-01
1.539316476799110489e-01
1.555987774381772937e-01
1.472631286468462641e-01
1.372603500972491564e-01
1.464295637677133222e-01
1.555987774381772937e-01
1.439288691303141632e-01
1.355932203389831059e-01
1.450402889691582708e-01
1.355932203389831059e-01
1.436510141706029975e-01
1.355932203389831059e-01
1.439288691303141632e-01
1.355932203389831059e-01
1.386496248958042354e-01
1.355932203389831059e-01
1.403167546540706745e-01
1.355932203389831059e-01
1.364267852181160479e-01
1.355932203389831059e-01
1.433731592108918040e-01
1.355932203389831059e-01
1.372603500972493507e-01
1.355932203389831059e-01
1.380939149763822926e-01
1.355932203389831059e-01
1.358710752986940773e-01
1.355932203389831059e-01
1.355932203389831059e-01
1.355932203389831059e-01
1.353153653792719402e-01
1.355932203389831059e-01
1.353153653792719402e-01
1.350375104195609688e-01
1.325368157821615878e-01
1.350375104195609688e-01
1.325368157821615878e-01
1.294804112253404582e-01
1.353153653792719402e-01
1.300361211447626231e-01
1.325368157821615878e-01
1.294804112253404582e-01
1.311475409836065087e-01
1.294804112253404582e-01
1.297582661850514296e-01
1.300361211447626231e-01
1.322589608224506164e-01
1.294804112253404582e-01
1.325368157821615878e-01
1.294804112253404582e-01
1.294804112253404582e-01
1.294804112253404582e-01
1.294804112253404582e-01
1.294804112253404582e-01
1.294804112253404582e-01
1.294804112253404582e-01
1.294804112253404582e-01
1.294804112253404582e-01
1.275354265073630478e-01
1.294804112253404582e-01
1.289247013059183211e-01
1.294804112253404582e-01
1.289247013059183211e-01
1.294804112253404582e-01
1.275354265073630478e-01
1.294804112253404582e-01
1.269797165879409107e-01
1.294804112253404582e-01
1.289247013059183211e-01
1.294804112253404582e-01
1.247568769102526953e-01
1.294804112253404582e-01
1.267018616282299115e-01
1.294804112253404582e-01
1.244790219505417239e-01
1.294804112253404582e-01
1.239233120311197672e-01
1.294804112253404582e-01
1.239233120311197672e-01
1.294804112253404582e-01
1.239233120311197672e-01
1.294804112253404582e-01
1.244790219505417239e-01
1.200333425951653210e-01
1.239233120311197672e-01
1.294804112253404582e-01
1.239233120311197672e-01
1.200333425951653210e-01
1.239233120311197672e-01
1.183662128368990762e-01
1.239233120311197672e-01
1.183662128368990762e-01
1.239233120311197672e-01
1.183662128368990762e-01
1.239233120311197672e-01
1.183662128368990762e-01
1.230897471519868391e-01
1.183662128368990762e-01
1.208669074742984434e-01
1.183662128368990762e-01
1.230897471519866448e-01
1.183662128368990762e-01
1.208669074742984434e-01
1.183662128368990762e-01
1.183662128368990762e-01
1.183662128368990762e-01
1.183662128368990762e-01
1.183662128368990762e-01
1.191997777160321986e-01
1.183662128368990762e-01
1.183662128368990762e-01
1.183662128368990762e-01
1.183662128368990762e-01
1.183662128368990762e-01
1.183662128368990762e-01
1.183662128368990762e-01
1.183662128368990762e-01
1.183662128368990762e-01
1.183662128368990762e-01
1.183662128368990762e-01
1.183662128368990762e-01
1.183662128368990762e-01
1.180883578771881048e-01
1.183662128368990762e-01
1.172547929980549825e-01
1.183662128368990762e-01
1.161433731592108748e-01
1.183662128368990762e-01
1.180883578771881048e-01
1.183662128368990762e-01
1.161433731592110691e-01
1.183662128368990762e-01
1.183662128368990762e-01
1.183662128368990762e-01
1.180883578771881048e-01
1.183662128368990762e-01
1.183662128368990762e-01
1.183662128368990762e-01
1.153098082800779467e-01
1.183662128368990762e-01
1.150319533203667810e-01
1.183662128368990762e-01
1.180883578771881048e-01
1.183662128368990762e-01
1.150319533203667810e-01
1.183662128368990762e-01
1.150319533203667810e-01
1.183662128368990762e-01
1.153098082800779467e-01
1.161433731592108748e-01
1.150319533203667810e-01
1.183662128368990762e-01
1.150319533203667810e-01
1.139205334815226733e-01
1.150319533203667810e-01
1.139205334815226733e-01
1.150319533203667810e-01
1.139205334815226733e-01
1.150319533203667810e-01
1.139205334815226733e-01
1.150319533203667810e-01
1.139205334815226733e-01
1.150319533203667810e-01
1.183662128368990762e-01
1.128091136426785795e-01
1.116976938038344858e-01
1.150319533203667810e-01
1.116976938038344858e-01
1.150319533203667810e-01
1.161433731592108748e-01
1.139205334815226733e-01
1.116976938038344858e-01
1.150319533203667810e-01
1.116976938038344858e-01
1.150319533203667810e-01
1.116976938038344858e-01
1.150319533203667810e-01
1.116976938038344858e-01
1.128091136426785795e-01
1.116976938038344858e-01
1.116976938038344858e-01
1.116976938038344858e-01
1.116976938038344858e-01
1.116976938038344858e-01
1.139205334815226733e-01
1.116976938038344858e-01
1.139205334815226733e-01
1.116976938038344858e-01
1.116976938038344858e-01
1.116976938038344858e-01
1.116976938038344858e-01
1.116976938038344858e-01
1.116976938038344858e-01
1.116976938038344858e-01
1.116976938038344858e-01
1.116976938038344858e-01
1.116976938038344858e-01
1.116976938038344858e-01
1.116976938038344858e-01
1.116976938038344858e-01
1.116976938038344858e-01
1.116976938038344858e-01
1.116976938038344858e-01
1.116976938038344858e-01
1.116976938038344858e-01
1.116976938038344858e-01
1.116976938038344858e-01
1.116976938038344858e-01
1.116976938038344858e-01
1.116976938038344858e-01
1.116976938038344858e-01
1.116976938038344858e-01
1.116976938038344858e-01
1.116976938038344858e-01
1.116976938038344858e-01
1.116976938038344858e-01
1.116976938038344858e-01
1.116976938038344858e-01
1.116976938038344858e-01
1.116976938038344858e-01
1.116976938038344858e-01
1.116976938038344858e-01
1.116976938038344858e-01
1.116976938038344858e-01
1.108641289247013495e-01
1.116976938038344858e-01
1.116976938038344858e-01
1.116976938038344858e-01
1.116976938038344858e-01
1.116976938038344858e-01
1.116976938038344858e-01
1.116976938038344858e-01
1.116976938038344858e-01
1.116976938038344858e-01
1.097527090858572557e-01
1.116976938038344858e-01
1.072520144484580829e-01
1.116976938038344858e-01
1.072520144484580829e-01
1.116976938038344858e-01
1.094748541261462843e-01
1.116976938038344858e-01
1.097527090858572557e-01
1.116976938038344858e-01
1.108641289247013495e-01
1.116976938038344858e-01
1.086412892470131619e-01
1.116976938038344858e-01
1.064184495693249605e-01
1.116976938038344858e-01
1.075298694081690543e-01
1.116976938038344858e-01
1.075298694081690543e-01
1.116976938038344858e-01
1.053070297304808528e-01
1.116976938038344858e-01
1.064184495693249605e-01
1.116976938038344858e-01
1.053070297304808528e-01
1.116976938038344858e-01
1.053070297304808528e-01
1.116976938038344858e-01
1.053070297304808528e-01
1.116976938038344858e-01
1.053070297304808528e-01
1.116976938038344858e-01
1.075298694081690543e-01
1.116976938038344858e-01
1.053070297304808528e-01
1.116976938038344858e-01
1.053070297304808528e-01
1.078077243678800257e-01
1.053070297304808528e-01
1.116976938038344858e-01
1.053070297304808528e-01
1.003389830508461672e-01
1.053070297304808528e-01
1.028063350930814857e-01
1.053070297304808528e-01
1.028063350930814857e-01
1.053070297304808528e-01
1.116976938038344858e-01
1.053070297304808528e-01
9.891636565712703943e-02
