8.603000934717369708e-01
8.466571555074531297e-01
8.169980813696067212e-01
7.548620061986518470e-01
6.779652678703200763e-01
6.451989964087174734e-01
6.083042259064297408e-01
5.887243567668619670e-01
5.853298568406551938e-01
5.896256210950951981e-01
5.585674226398386066e-01
5.306144536822944291e-01
5.052964037979044143e-01
5.147832931568847581e-01
5.196536626162246986e-01
4.882255128646627029e-01
4.779357504796575840e-01
4.525015988586607030e-01
4.365130122497169474e-01
4.471884685393812120e-01
4.458916711762679341e-01
4.427608599399812106e-01
4.126039258129580167e-01
4.086663058985585684e-01
3.968731244158016924e-01
3.980695626506612905e-01
3.970089044128498612e-01
3.907630245486297116e-01
3.770551483248880675e-01
3.708860136763911797e-01
3.591066069759432100e-01
3.667535789836177118e-01
3.661140355192602502e-01
3.749200570669552479e-01
3.431888621045898202e-01
3.423525360358142811e-01
3.333005362325968113e-01
3.391056230629210244e-01
3.405322969449501302e-01
3.318246666994636995e-01
3.339892753480592225e-01
3.217395582230530016e-01
3.180498843902198058e-01
3.032911890588870785e-01
3.194765582722488007e-01
3.204112756432331288e-01
3.160820583460420830e-01
3.070300585428247242e-01
3.078171889604958134e-01
2.840064938259457272e-01
2.979918335219166603e-01
3.089486889358979971e-01
3.112608845378069811e-01
3.011265804102916666e-01
2.793329069710235868e-01
2.815447434446796682e-01
2.713140158409996783e-01
2.777586461356816860e-01
3.070300585428249462e-01
2.889752545874941791e-01
2.708712549810595172e-01
2.688345550253352645e-01
2.698873419589707945e-01
2.688050376346731718e-01
2.642790377330641038e-01
2.804132434692769293e-01
2.725439071186104845e-01
2.629999508043488476e-01
2.519801249569536550e-01
2.587199291582621963e-01
2.565553205096668399e-01
2.484380380774338926e-01
2.623604073399909420e-01
2.488316032862693816e-01
2.534559944900868778e-01
2.594381856643869222e-01
2.499139076105671986e-01
2.486348206818517481e-01
2.642790377330641038e-01
2.422944851675109812e-01
2.300880602154768140e-01
2.417966251783341403e-01
2.398779947852609784e-01
2.428789295026318462e-01
2.400255817385741897e-01
2.398287991341564451e-01
2.253160820583461066e-01
2.329906036306389205e-01
2.293993211000145971e-01
2.367294731145765663e-01
2.389432774142765670e-01
2.336793427461010542e-01
2.242160672996508231e-01
2.159197126973975700e-01
2.228562995031238281e-01
2.183617848182220766e-01
2.398287991341564451e-01
2.096718650071333068e-01
2.155753431396665032e-01
2.037191912234957714e-01
2.108525606336399127e-01
2.144930388153685752e-01
2.351178235843950082e-01
2.063757563831357111e-01
2.052934520588377554e-01
2.118364736557287464e-01
2.105573867270132959e-01
2.188222561125595655e-01
1.892556697987896885e-01
2.065233433364488114e-01
1.927485610272049177e-01
2.007182565061244872e-01
1.911743001918629337e-01
1.918630393073252893e-01
1.913710827962807892e-01
1.834997786195701197e-01
1.960446696512028464e-01
1.917646480051164171e-01
1.937324740492940012e-01
1.930929305849363176e-01
1.879765828700743213e-01
1.832538003640478419e-01
1.863531263836276930e-01
1.832538003640478419e-01
1.822659516898703924e-01
1.603778226004820284e-01
1.881733654744920659e-01
1.832538003640478419e-01
1.852708220593300703e-01
1.819747134353322526e-01
1.673144094062085085e-01
1.660353224774928360e-01
1.820239090864367859e-01
1.843853003394499979e-01
1.773503222315146177e-01
1.823190829930634305e-01
1.714468440989814213e-01
1.654941703153443300e-01
1.820239090864367859e-01
1.818763221331233804e-01
1.793673439267969849e-01
1.675111920106264751e-01
1.715944310522950766e-01
1.715944310522950766e-01
1.820239090864367859e-01
1.818271264820190414e-01
1.820239090864367859e-01
1.704137354257883596e-01
1.761696266050081505e-01
1.625916269001820291e-01
1.532936488414423370e-01
1.817779308309145081e-01
1.819747134353322526e-01
1.731686918876370607e-01
1.604762139026910117e-01
1.622964529935551903e-01
1.495547793575048023e-01
1.328282579819941578e-01
1.807940178088257577e-01
1.754316918384413726e-01
1.643134746888374187e-01
1.520145619127268866e-01
1.401584099965561547e-01
1.371574752791855090e-01
1.243666059920305739e-01
1.786786048113347680e-01
1.665272789885375304e-01
1.546711270723670206e-01
1.430609534117185944e-01
1.306144536822946289e-01
1.237270625276726821e-01
1.820239090864367859e-01
1.678063659172528699e-01
1.575736704875289051e-01
1.453731490136272175e-01
1.378954100457519538e-01
1.242190190387168353e-01
1.807940178088257577e-01
1.703153441235795984e-01
1.573768878831111606e-01
1.483248880798937741e-01
1.365179318148276033e-01
1.200373886948393615e-01
1.110345845427264250e-01
1.070989324543711319e-01
1.607221921582130952e-01
1.512766271461602197e-01
1.394696708810940211e-01
1.276627146160281834e-01
1.130516062380087644e-01
1.070497368032668067e-01
1.072465194076845513e-01
1.506862793329070693e-01
1.324838884242632298e-01
1.239730407831948628e-01
1.150686279332907985e-01
1.070005411521622596e-01
1.070005411521622596e-01
1.540315836080091150e-01
1.290893884980566231e-01
1.251537364097013438e-01
1.170856496285731518e-01
1.083288237319821740e-01
1.070005411521622596e-01
1.070005411521622596e-01
1.309096275889211347e-01
1.212672799724502926e-01
1.191026713238551721e-01
1.110345845427264250e-01
1.070005411521622596e-01
1.070005411521622596e-01
1.328282579819944909e-01
1.243666059920302547e-01
1.211196930191373033e-01
1.062134107344910594e-01
1.070005411521622596e-01
8.855217198799633649e-02
9.248782407635172675e-02
1.260884537806855332e-01
1.164461061642151352e-01
1.143798888178284567e-01
1.070005411521622596e-01
1.070005411521622596e-01
9.111034584542726522e-02
9.484921532936491095e-02
1.180695626506616663e-01
1.057706498745510093e-01
1.071874846263590614e-01
8.540365031731182721e-02
9.017562847444285379e-02
9.391449795838049952e-02
9.765336744231814525e-02
1.065577802922223344e-01
1.037536281792692111e-01
8.550204161952081050e-02
8.924091110345845623e-02
9.297978058739608809e-02
8.983125891671191188e-02
9.652186746691598929e-02
8.382938948196951012e-02
8.422295469080522123e-02
8.830619373247404480e-02
9.204506321641167665e-02
8.991587543661049009e-02
9.165149800757618759e-02
9.578393270034954443e-02
8.363260687755198763e-02
8.579721552614742730e-02
8.440399468686887730e-02
8.589560682835674366e-02
9.238943277414285449e-02
8.363260687755198763e-02
8.363260687755198763e-02
8.525606336399861596e-02
8.742067201259406950e-02
8.427215034190976839e-02
8.363260687755198763e-02
8.363260687755198763e-02
8.363260687755198763e-02
8.284547645988088460e-02
8.687951985044514713e-02
8.363260687755198763e-02
7.812269395385439130e-02
8.363260687755198763e-02
8.363260687755198763e-02
8.417375903970089612e-02
8.633836768829633579e-02
8.009051999803208644e-02
7.851625916268999139e-02
8.363260687755198763e-02
8.363260687755198763e-02
8.363260687755198763e-02
8.205834604220978157e-02
8.048408520686768652e-02
8.363260687755198763e-02
8.363260687755198763e-02
8.363260687755198763e-02
8.363260687755198763e-02
8.245191125104538166e-02
8.087765041570318947e-02
7.930338958036109442e-02
7.772912874501888836e-02
8.363260687755198763e-02
8.225512864662752610e-02
8.471491120184970747e-02
8.127121562453867853e-02
7.969695478919658349e-02
8.363260687755198763e-02
7.881143306931671921e-02
8.156638953116540636e-02
8.318984601761204856e-02
8.166478083337429250e-02
8.009051999803208644e-02
7.851625916268999139e-02
7.143208540365020287e-02
8.087765041570330049e-02
8.363260687755198763e-02
8.205834604220978157e-02
8.009051999803208644e-02
7.890982437152549434e-02
7.113691149702368322e-02
7.231760712353038634e-02
8.294386776208986789e-02
8.230432429773196223e-02
8.087765041570318947e-02
6.966104196389036329e-02
7.772912874501888836e-02
7.202243321690365851e-02
7.320312884341015347e-02
8.274708515767201233e-02
7.379347665666360911e-02
7.871304176710784695e-02
7.054656368377044962e-02
7.172725931027704172e-02
8.068086781128511187e-02
7.379347665666349809e-02
8.166478083337429250e-02
7.704038962955687964e-02
7.025138977714370792e-02
7.143208540365020287e-02
7.261278103015690599e-02
7.379347665666349809e-02
8.186156343779203703e-02
6.838195503517499607e-02
6.995621587051709112e-02
7.113691149702368322e-02
7.231760712353038634e-02
7.320312884341026449e-02
6.715206375756385682e-02
6.793919417523495985e-02
6.911988980174144093e-02
7.084173759039706642e-02
7.202243321690365851e-02
7.320312884341015347e-02
5.795247700103327293e-02
6.070743346288196007e-02
6.936586805726373262e-02
7.054656368377044962e-02
6.966104196389047432e-02
7.290795493678352279e-02
5.726373788557093808e-02
6.001869434741984727e-02
6.907069415063711582e-02
6.670930289762402876e-02
7.143208540365020287e-02
7.143208540365020287e-02
5.657499877010882527e-02
5.932995523195772752e-02
6.208491169380641467e-02
6.936586805726373262e-02
7.113691149702368322e-02
5.854282481428652041e-02
5.696856397894432128e-02
5.864121611649539267e-02
6.139617257834407982e-02
6.415112904019276696e-02
6.395434643577502243e-02
6.641412899099718992e-02
5.736212918777992137e-02
5.795247700103327293e-02
6.070743346288196007e-02
6.346238992473064722e-02
6.021547695183748078e-02
5.932995523195761650e-02
5.775569439661541737e-02
5.726373788557093808e-02
6.001869434741984727e-02
6.862793329069719062e-02
6.198652039159754240e-02
6.592217247995271756e-02
5.814925960545091338e-02
5.657499877010882527e-02
5.932995523195772752e-02
5.706695528115319355e-02
6.483986815565510875e-02
5.932995523195751242e-02
5.657499877010882527e-02
5.696856397894432128e-02
5.864121611649539267e-02
6.139617257834407982e-02
6.415112904019276696e-02
5.657499877010882527e-02
5.657499877010882527e-02
5.736212918777992137e-02
5.795247700103327293e-02
6.070743346288196007e-02
5.657499877010882527e-02
5.657499877010882527e-02
5.657499877010882527e-02
5.657499877010882527e-02
5.726373788557093808e-02
5.657499877010882527e-02
5.805086830324193009e-02
5.657499877010882527e-02
5.657499877010882527e-02
