8.697299158754365767e-01
8.412456338859644056e-01
8.349977861957003089e-01
7.834899394893489744e-01
6.822118364736555751e-01
6.468303241993407227e-01
6.085502041619520464e-01
5.964283957298173178e-01
5.775648152703299898e-01
6.003660156442168772e-01
5.551945688001178603e-01
5.185123235106015027e-01
5.121759236483495181e-01
5.004673586854923029e-01
5.086830324199339559e-01
4.898902936980369383e-01
4.795296895754413424e-01
4.556186353126382427e-01
4.423318738623503998e-01
4.445319033797413000e-01
4.460077729128745228e-01
4.427608599399812106e-01
4.080779259113494484e-01
3.977094504845769540e-01
4.008461651989962404e-01
3.972037191912233811e-01
4.149653170659712842e-01
3.811679047572195111e-01
3.779701874354306490e-01
3.624735573375312825e-01
3.519456880011808120e-01
3.701972745609286575e-01
3.661140355192602502e-01
3.709844049785999687e-01
3.458454272642296212e-01
3.349731883701479451e-01
3.367442318099080345e-01
3.345107492497660373e-01
3.464357750774828548e-01
3.362522752988635344e-01
3.312343188862104104e-01
3.254292320558861973e-01
3.184926452501597449e-01
3.039346681753331003e-01
3.099326019579867197e-01
3.201161017366064843e-01
3.234614060117085299e-01
3.119496236532689482e-01
3.055541890096916124e-01
2.889752545874944012e-01
2.920745806070743633e-01
2.954198848821762979e-01
3.105229497712401754e-01
3.034879716633048230e-01
2.946327544645053198e-01
2.803581443400403606e-01
2.784473852511438197e-01
2.747085157672061739e-01
3.070300585428249462e-01
2.833905642741181841e-01
2.689506567619421307e-01
2.696315245732276433e-01
2.767255374624881803e-01
2.686712254636688391e-01
2.573424509273377070e-01
2.825798199439166214e-01
2.664338072514390587e-01
2.535543857922957778e-01
2.484380380774338926e-01
2.614748856201111193e-01
2.579327987405913292e-01
2.484380380774338926e-01
2.631967334087664812e-01
2.484380380774338926e-01
2.484380380774338926e-01
2.453387120578540137e-01
2.501598858660892821e-01
2.488316032862693816e-01
2.460274511733161473e-01
2.425837555960051184e-01
2.436168642691984021e-01
2.398287991341564451e-01
2.489791902395826761e-01
2.434200816647807686e-01
2.405175382496185510e-01
2.411570817139765677e-01
2.259261081320410314e-01
2.336183401387315339e-01
2.297299158754361192e-01
2.414148669257634994e-01
2.389432774142765670e-01
2.415506469228118347e-01
2.233974516652727504e-01
2.153293648841443086e-01
2.279234515668813743e-01
2.199045604368573825e-01
2.398287991341564451e-01
2.054803955330348764e-01
2.127711910267130468e-01
2.151325822797263421e-01
2.104097997736998626e-01
2.174447778816349930e-01
2.087371476361488953e-01
2.045555172922713105e-01
2.136075170954888081e-01
2.048506911988978441e-01
2.100654302159689069e-01
2.132139518866530969e-01
1.893540611009985608e-01
2.072120824519112503e-01
1.938800610026072957e-01
1.935848870959806789e-01
1.971761696266048913e-01
1.918630393073252893e-01
1.915186697495942225e-01
1.846312785949722757e-01
1.962906479067251519e-01
1.909775175874451891e-01
1.832538003640478419e-01
1.926993653761008007e-01
1.879765828700743213e-01
1.832538003640478419e-01
1.952575392335317572e-01
1.832538003640478419e-01
1.832538003640478419e-01
1.828110395041077918e-01
1.881733654744920659e-01
1.843853003394499979e-01
1.832538003640478419e-01
1.832538003640478419e-01
1.673144094062085085e-01
1.822698873419590915e-01
1.820239090864367859e-01
1.843853003394499979e-01
1.771535396270968732e-01
1.832538003640478419e-01
1.709548875879370600e-01
1.776454961381416786e-01
1.825650612485857083e-01
1.818763221331233804e-01
1.791213656712749014e-01
1.822698873419590915e-01
1.720371919122351267e-01
1.584591922074090886e-01
1.816303438776012968e-01
1.807940178088257577e-01
1.820239090864367859e-01
1.704137354257883596e-01
1.584099965563044443e-01
1.572293009297976163e-01
1.591479313228710002e-01
1.365179318148274923e-01
1.810399960643480632e-01
1.733162788409504662e-01
1.608205834604219675e-01
1.660845181285974803e-01
1.436513012249716059e-01
1.421754316918382721e-01
1.807940178088257577e-01
1.753333005362325003e-01
1.633787573178530073e-01
1.517685836572045810e-01
1.410006395434633963e-01
1.291877798002658284e-01
1.801544743444679630e-01
1.786294091602303180e-01
1.665272789885375304e-01
1.546711270723670206e-01
1.430609534117185944e-01
1.306144536822946289e-01
1.210213017169283201e-01
1.807940178088257577e-01
1.676095833128351253e-01
1.575736704875289051e-01
1.459634968268804789e-01
1.335661927485610467e-01
1.242190190387168353e-01
1.107394106360996833e-01
1.709056919368328320e-01
1.577212574408423107e-01
1.483248880798937741e-01
1.365179318148276033e-01
1.209721060658237729e-01
1.113297584493530418e-01
1.070989324543711319e-01
1.070477689772225682e-01
1.473409750578048294e-01
1.394696708810940211e-01
1.220052147390171676e-01
1.133074236237518045e-01
1.070497368032668067e-01
1.640674964333154462e-01
1.366163231170363646e-01
1.424214099473607997e-01
1.248093668519704019e-01
1.161017366064840822e-01
1.070005411521622596e-01
1.070005411521622596e-01
1.536380183991735149e-01
1.290893884980566231e-01
1.251537364097013438e-01
1.170856496285731518e-01
1.090175628474442798e-01
1.070005411521622596e-01
9.809612830225819535e-02
1.314507797510700571e-01
1.271707581049834890e-01
1.191026713238551721e-01
1.110345845427264250e-01
1.070005411521622596e-01
8.983125891671168983e-02
9.297978058739608809e-02
1.236778668765679129e-01
1.211196930191373033e-01
1.109853888916220860e-01
1.066069759433267705e-01
1.070005411521622596e-01
9.204506321641167665e-02
9.642347616470711702e-02
1.164461061642151352e-01
1.123136714714418893e-01
1.070005411521622596e-01
9.389678752398109007e-02
9.111034584542726522e-02
9.484921532936491095e-02
9.858808481330255669e-02
1.142126236040731380e-01
8.658434594381841931e-02
8.658434594381841931e-02
9.017562847444285379e-02
9.391449795838049952e-02
9.765336744231814525e-02
1.074924976632068568e-01
8.363260687755198763e-02
8.473065381020314368e-02
8.924091110345845623e-02
9.297978058739608809e-02
9.671865007133373382e-02
9.563634574703612501e-02
8.382938948196951012e-02
8.427215034190976839e-02
8.633836768829633579e-02
9.204506321641167665e-02
8.879815024351862818e-02
9.401288926058938566e-02
8.717469375707155577e-02
8.363260687755198763e-02
8.579721552614742730e-02
9.111034584542726522e-02
9.484921532936491095e-02
8.397697643528315159e-02
8.363260687755198763e-02
8.363260687755198763e-02
8.525606336399861596e-02
8.087765041570318947e-02
8.427215034190976839e-02
9.076597628769632331e-02
8.363260687755198763e-02
8.363260687755198763e-02
8.471491120184970747e-02
8.687951985044514713e-02
8.363260687755198763e-02
8.363260687755198763e-02
8.363260687755198763e-02
8.363260687755198763e-02
8.417375903970089612e-02
8.633836768829633579e-02
8.009051999803208644e-02
8.363260687755198763e-02
8.363260687755198763e-02
8.363260687755198763e-02
8.363260687755198763e-02
8.205834604220978157e-02
8.048408520686768652e-02
7.890982437152549434e-02
7.733556353618339929e-02
8.018891130024118075e-02
8.294386776208986789e-02
8.245191125104538166e-02
8.087765041570318947e-02
7.930338958036109442e-02
8.363260687755198763e-02
8.363260687755198763e-02
8.363260687755198763e-02
8.284547645988088460e-02
8.127121562453867853e-02
7.969695478919658349e-02
8.363260687755198763e-02
8.363260687755198763e-02
8.156638953116540636e-02
8.323904166871648469e-02
8.166478083337429250e-02
8.009051999803208644e-02
7.851625916268999139e-02
7.694199832734779920e-02
8.087765041570330049e-02
8.363260687755198763e-02
8.205834604220978157e-02
8.048408520686768652e-02
7.890982437152549434e-02
7.113691149702368322e-02
7.231760712353038634e-02
8.294386776208986789e-02
8.230432429773196223e-02
7.502336793427463735e-02
7.930338958036109442e-02
7.084173759039706642e-02
7.202243321690365851e-02
7.910660697594301682e-02
7.379347665666349809e-02
7.379347665666360911e-02
7.871304176710784695e-02
7.054656368377044962e-02
7.172725931027704172e-02
7.290795493678352279e-02
7.379347665666349809e-02
7.379347665666349809e-02
7.748315048949681871e-02
7.025138977714370792e-02
7.143208540365020287e-02
7.261278103015690599e-02
7.379347665666349809e-02
7.054656368377054676e-02
6.877552024401061004e-02
6.995621587051709112e-02
7.113691149702368322e-02
7.231760712353038634e-02
7.349830275003688129e-02
6.144536822944884208e-02
6.813597677965270438e-02
6.966104196389036329e-02
7.084173759039706642e-02
7.202243321690365851e-02
7.320312884341015347e-02
7.379347665666349809e-02
6.818517243075714052e-02
6.346238992473064722e-02
7.054656368377044962e-02
7.172725931027704172e-02
7.010380282383051054e-02
5.819845525655534951e-02
6.469228120234189749e-02
6.277365080926852747e-02
6.961184631278581614e-02
6.907069415063700479e-02
6.928321936340775533e-02
5.657499877010882527e-02
5.932995523195772752e-02
6.208491169380641467e-02
6.552860727111721462e-02
7.113691149702368322e-02
7.084173759039706642e-02
5.696856397894432128e-02
5.864121611649539267e-02
6.710286810645942068e-02
6.415112904019276696e-02
6.690608550204167615e-02
5.893639002312212050e-02
5.736212918777992137e-02
5.795247700103327293e-02
6.070743346288196007e-02
6.346238992473064722e-02
6.297043341368628588e-02
5.932995523195761650e-02
5.775569439661541737e-02
5.726373788557093808e-02
6.001869434741984727e-02
6.277365080926852747e-02
5.657499877010882527e-02
5.972352044079311251e-02
5.814925960545091338e-02
5.657499877010882527e-02
5.932995523195772752e-02
5.665371181187579125e-02
5.657499877010882527e-02
5.932995523195751242e-02
5.854282481428652041e-02
5.696856397894432128e-02
5.864121611649539267e-02
5.657499877010882527e-02
5.657499877010882527e-02
5.657499877010882527e-02
5.657499877010882527e-02
5.736212918777992137e-02
5.795247700103327293e-02
6.070743346288196007e-02
6.346238992473064722e-02
5.657499877010882527e-02
5.657499877010882527e-02
5.667339007231758652e-02
5.726373788557093808e-02
6.001869434741984727e-02
5.657499877010882527e-02
5.657499877010882527e-02
5.657499877010882527e-02
