9.596954769368564175e-01
8.744917151813704770e-01
8.522167487684728648e-01
7.649619346171068202e-01
7.792207792207792583e-01
6.937572772055532466e-01
6.865203761755486189e-01
6.330765785938200496e-01
6.497984773846844364e-01
6.119570085087326916e-01
6.341244961934617841e-01
5.747872816838335286e-01
5.817286162113748382e-01
5.537393640841916653e-01
5.763546798029557383e-01
5.218987908643081264e-01
5.199283475145544120e-01
5.038065382892970012e-01
5.033587102552619097e-01
4.876847290640393129e-01
5.033587102552619097e-01
4.762651141961488088e-01
4.885803851321093294e-01
4.516345723242275456e-01
4.657411553963277662e-01
4.467084639498433707e-01
4.500671742051052804e-01
4.305866547245859044e-01
4.482758620689656359e-01
4.214420062695922731e-01
4.406627854903717445e-01
4.099865651589788551e-01
4.052843708016122259e-01
4.050962830273173720e-01
4.052843708016122259e-01
3.890819525302280368e-01
3.819973130317957377e-01
3.797581728616210017e-01
3.819973130317957377e-01
3.746439767129419729e-01
3.819973130317957377e-01
3.631885356023285549e-01
3.779668607254813573e-01
3.602776533811017368e-01
3.443797581728615387e-01
3.416927899686520442e-01
3.484102104791759191e-01
3.434841021047916887e-01
3.215405284370801975e-01
3.302731751007613181e-01
3.175100761307658170e-01
3.307210031347961876e-01
3.175100761307658170e-01
3.291536050156740889e-01
3.175100761307658170e-01
3.224361845051498809e-01
3.143752798925212866e-01
3.226600985221674267e-01
3.121361397223466061e-01
3.116793551276307306e-01
3.143752798925212866e-01
3.125839677563814201e-01
3.121361397223466061e-01
3.072100313479623757e-01
3.121361397223466061e-01
2.991491267353336148e-01
3.098969995521719256e-01
2.966860725481415550e-01
3.098969995521719256e-01
2.919838781907745928e-01
2.969099865651589343e-01
2.908643081056873081e-01
2.969099865651589343e-01
2.884012539184951929e-01
2.969099865651589343e-01
2.807881773399016345e-01
2.969099865651589343e-01
2.813076578593818877e-01
2.969099865651589343e-01
2.745185848634116299e-01
2.718316166592029126e-01
2.803403493058666540e-01
2.969099865651589343e-01
2.796686072548142388e-01
2.718316166592029126e-01
2.725033587102551613e-01
2.718316166592029126e-01
2.671294223018361169e-01
2.624272279444693212e-01
2.615315718763993047e-01
2.624272279444693212e-01
2.634214061800264628e-01
2.624272279444693212e-01
2.595163457232422255e-01
2.624272279444693212e-01
2.552619793999104103e-01
2.624272279444693212e-01
2.583967756381549408e-01
2.624272279444693212e-01
2.552619793999104103e-01
2.503896103896082193e-01
2.503358710255262354e-01
2.624272279444693212e-01
2.548141513658755963e-01
2.472010747872816772e-01
2.476489028213166854e-01
2.472010747872816772e-01
2.476489028213166854e-01
2.472010747872816772e-01
2.472010747872816772e-01
2.472010747872816772e-01
2.377966860725482523e-01
2.472010747872816772e-01
2.472010747872816772e-01
2.472010747872816772e-01
2.366771159874608288e-01
2.472010747872816772e-01
2.290640394088667708e-01
2.472010747872816772e-01
2.295118674429017791e-01
2.472010747872816772e-01
2.290640394088667708e-01
2.472010747872816772e-01
2.290640394088667708e-01
2.472010747872816772e-01
2.362292879534258483e-01
2.449619346171069967e-01
2.290640394088667708e-01
2.131661442006268781e-01
2.234930586654720330e-01
2.131661442006268781e-01
2.109270040304521976e-01
2.131661442006268781e-01
2.120465741155394546e-01
2.449619346171069967e-01
2.120465741155394546e-01
2.109270040304521976e-01
2.120465741155394546e-01
2.109270040304521976e-01
2.066726377071204102e-01
2.109270040304521976e-01
2.109270040304521976e-01
2.109270040304521976e-01
2.030900134348408714e-01
2.109270040304521976e-01
2.030900134348408714e-01
2.109270040304521976e-01
2.019704433497536145e-01
2.109270040304521976e-01
1.809225257501119455e-01
2.109270040304521976e-01
2.019704433497536145e-01
2.109270040304521976e-01
1.936856247201076131e-01
2.109270040304521976e-01
1.936856247201076131e-01
2.109270040304521976e-01
1.936856247201076131e-01
2.109270040304521976e-01
1.783072100313481401e-01
2.109270040304521976e-01
1.936856247201076131e-01
1.468875951634571464e-01
1.858486341244963147e-01
1.468875951634571464e-01
1.836094939543216065e-01
2.109270040304521976e-01
1.786833855799374038e-01
2.109270040304521976e-01
1.766681594267801303e-01
2.064487236901030032e-01
1.766681594267801303e-01
1.424093148231079242e-01
1.744290192566054498e-01
1.424093148231079242e-01
1.744290192566054498e-01
1.424093148231079242e-01
1.744290192566054498e-01
1.424093148231079242e-01
1.594267801164352405e-01
1.424093148231079242e-01
1.744290192566054498e-01
1.424093148231079242e-01
1.425526197939989415e-01
1.424093148231079242e-01
1.594267801164352405e-01
1.424093148231079242e-01
1.589789520824003988e-01
1.424093148231079242e-01
1.403940886699506507e-01
1.424093148231079242e-01
1.424093148231079242e-01
1.424093148231079242e-01
1.383788625167935438e-01
1.424093148231079242e-01
1.383788625167935438e-01
1.424093148231079242e-01
1.392745185848633938e-01
1.424093148231079242e-01
1.424093148231079242e-01
1.424093148231079242e-01
1.394984326018808285e-01
1.424093148231079242e-01
1.394984326018808285e-01
1.424093148231079242e-01
1.383788625167935438e-01
1.424093148231079242e-01
1.383788625167935438e-01
1.424093148231079242e-01
1.274070756829378814e-01
1.424093148231079242e-01
1.361397223466188633e-01
1.424093148231079242e-01
1.214957456336764052e-01
1.424093148231079242e-01
1.361397223466188633e-01
1.424093148231079242e-01
1.361397223466188633e-01
1.424093148231079242e-01
1.211374832064488205e-01
1.172055530676177626e-01
1.214957456336764052e-01
9.986565158978955026e-02
1.211374832064488205e-01
1.298701298701298301e-01
1.211374832064488205e-01
9.986565158978955026e-02
1.211374832064488205e-01
9.986565158978955026e-02
1.211374832064488205e-01
1.424093148231079242e-01
1.211374832064488205e-01
9.986565158978955026e-02
1.171070309001344401e-01
9.986565158978955026e-02
1.211374832064488205e-01
9.986565158978955026e-02
1.148678907299599261e-01
9.986565158978955026e-02
1.172861621137483157e-01
9.986565158978955026e-02
1.144200626959249179e-01
9.986565158978955026e-02
9.986565158978970291e-02
1.298701298701298301e-01
1.211374832064488205e-01
9.986565158978955026e-02
1.166592028660994457e-01
9.986565158978955026e-02
1.148678907299597596e-01
9.986565158978955026e-02
1.144200626959249179e-01
9.986565158978955026e-02
9.986565158978970291e-02
9.986565158978955026e-02
9.986565158978955026e-02
9.986565158978955026e-02
1.144200626959247652e-01
9.986565158978955026e-02
9.986565158978955026e-02
9.986565158978955026e-02
9.986565158978955026e-02
9.986565158978955026e-02
9.986565158978955026e-02
9.986565158978955026e-02
9.986565158978955026e-02
9.986565158978955026e-02
1.144200626959247652e-01
9.986565158978955026e-02
9.986565158978955026e-02
9.986565158978955026e-02
9.986565158978955026e-02
9.986565158978955026e-02
9.359605911330065586e-02
9.986565158978955026e-02
9.986565158978955026e-02
9.986565158978955026e-02
9.941782355575470853e-02
9.986565158978955026e-02
9.941782355575470853e-02
9.986565158978955026e-02
9.986565158978955026e-02
9.986565158978955026e-02
9.986565158978955026e-02
9.986565158978955026e-02
9.986565158978955026e-02
9.986565158978955026e-02
9.459919390953798468e-02
9.986565158978955026e-02
9.359605911330065586e-02
9.986565158978955026e-02
9.986565158978955026e-02
9.986565158978955026e-02
9.941782355575470853e-02
9.986565158978955026e-02
9.314823107926581414e-02
9.986565158978955026e-02
9.314823107926581414e-02
9.986565158978955026e-02
9.941782355575470853e-02
9.986565158978955026e-02
9.314823107926581414e-02
9.986565158978955026e-02
9.314823107926581414e-02
9.986565158978955026e-02
9.314823107926581414e-02
9.986565158978955026e-02
9.359605911330065586e-02
9.986565158978955026e-02
9.314823107926581414e-02
9.986565158978955026e-02
9.314823107926581414e-02
8.732646663681159493e-02
9.314823107926581414e-02
9.986565158978955026e-02
9.314823107926581414e-02
9.896999552171970027e-02
8.687863860277675321e-02
9.986565158978955026e-02
9.314823107926581414e-02
9.986565158978955026e-02
9.314823107926581414e-02
9.896999552171970027e-02
9.314823107926581414e-02
8.732646663681159493e-02
9.314823107926581414e-02
8.643081056874175883e-02
9.270040304523080588e-02
8.643081056874175883e-02
8.687863860277675321e-02
8.732646663681159493e-02
9.314823107926581414e-02
8.643081056874175883e-02
9.314823107926581414e-02
8.643081056874175883e-02
9.314823107926581414e-02
8.732646663681159493e-02
8.687863860277675321e-02
8.643081056874175883e-02
9.270040304523080588e-02
8.643081056874175883e-02
9.314823107926581414e-02
8.643081056874175883e-02
8.687863860277675321e-02
8.643081056874175883e-02
8.643081056874175883e-02
8.643081056874175883e-02
8.643081056874175883e-02
8.643081056874175883e-02
8.643081056874175883e-02
8.643081056874175883e-02
8.643081056874175883e-02
8.643081056874175883e-02
8.643081056874175883e-02
8.643081056874175883e-02
8.643081056874175883e-02
8.643081056874175883e-02
8.643081056874175883e-02
8.643081056874175883e-02
8.643081056874175883e-02
8.643081056874175883e-02
9.270040304523080588e-02
8.643081056874175883e-02
8.643081056874175883e-02
8.643081056874175883e-02
8.643081056874175883e-02
8.643081056874175883e-02
8.643081056874175883e-02
8.643081056874175883e-02
8.643081056874175883e-02
8.643081056874175883e-02
8.643081056874175883e-02
8.643081056874175883e-02
8.643081056874175883e-02
8.643081056874175883e-02
8.643081056874175883e-02
8.643081056874175883e-02
8.643081056874175883e-02
8.643081056874175883e-02
8.643081056874175883e-02
8.643081056874175883e-02
8.643081056874175883e-02
8.643081056874175883e-02
8.643081056874175883e-02
8.643081056874175883e-02
8.643081056874175883e-02
8.643081056874175883e-02
8.643081056874175883e-02
8.643081056874175883e-02
8.643081056874175883e-02
8.643081056874175883e-02
8.643081056874175883e-02
8.643081056874175883e-02
8.643081056874175883e-02
8.643081056874175883e-02
