5.908968554998166312e-01
5.713011678018407036e-01
5.743573011406121198e-01
5.735834794784995250e-01
5.309553135663498402e-01
5.117935750506411585e-01
4.830267683565127590e-01
4.705738406949715458e-01
4.613972837391412396e-01
4.259553815408458344e-01
4.500406487485895113e-01
4.311812607909512596e-01
4.173634052503499836e-01
4.039044550484655050e-01
3.969846513588100034e-01
3.863670350884347848e-01
3.866389330723113416e-01
3.662873689791592002e-01
3.591228571040146478e-01
3.565398262571883303e-01
3.682858191606511178e-01
3.691015131122803994e-01
3.343665456720638640e-01
3.197384341395109186e-01
3.187596013975558251e-01
3.212355044387345537e-01
3.347743926478784493e-01
3.196568647443481792e-01
2.976619492366462394e-01
2.992917057520020352e-01
2.984896066995664232e-01
3.037780224859635836e-01
2.863085770219014892e-01
2.862422339138356864e-01
2.804355805701700954e-01
2.721426920619383072e-01
2.700626724852835947e-01
2.721019073643569097e-01
2.710551001264324689e-01
2.717076552877356610e-01
2.720611226667754012e-01
2.597305490979786580e-01
2.697771796022132573e-01
2.585341979689220748e-01
2.584662234729528940e-01
2.634147667795043168e-01
2.538847424446347700e-01
2.485435784493655320e-01
2.460948652065745035e-01
2.463259784928691909e-01
2.428320894000569885e-01
2.434846445613605137e-01
2.453607406501079891e-01
2.420289027556850048e-01
2.364017020813790892e-01
2.391070870209489052e-01
2.358035265168509642e-01
2.343352774039179354e-01
2.425873812145682706e-01
2.384001522628710346e-01
2.313308046820832797e-01
2.273746890166809809e-01
2.203189363350871455e-01
2.268444879481218146e-01
2.379379256902810769e-01
2.350558070611907802e-01
2.240439387141943961e-01
2.217735905488260328e-01
2.192449392987751433e-01
2.231602702665959337e-01
2.255529725247087947e-01
2.198974944600785575e-01
2.234729529480534993e-01
2.138749541172153545e-01
2.134807020405941891e-01
2.120124529276614100e-01
2.169066166374376825e-01
2.197615454681403901e-01
2.170425656293757111e-01
2.042361705887949797e-01
2.086681077259812667e-01
2.061666462743177164e-01
2.124746795002516175e-01
2.172872738148646787e-01
2.045488532702529894e-01
2.030806041573200993e-01
1.957665483910433768e-01
1.999945620403223434e-01
2.107617222018297598e-01
2.036515899234608851e-01
2.051334339355873337e-01
2.005247631088815097e-01
1.967181913346111588e-01
1.929116195603410300e-01
1.933466563345430655e-01
2.031077939557077994e-01
2.052829778267193928e-01
1.870114333102221860e-01
1.893905406691405169e-01
1.807311336786434630e-01
1.851625270198621609e-01
1.856383484916459270e-01
1.828377992577181477e-01
1.853664505077692592e-01
1.800236551245971706e-01
1.817322620552771217e-01
1.845507565561402552e-01
1.828785839552998782e-01
1.712957298421632080e-01
1.862229291569803824e-01
1.813015756488162988e-01
1.799284908302400399e-01
1.743137974631917553e-01
1.774950038745462810e-01
1.704256562937584152e-01
1.678970050437075257e-01
1.763938170398464678e-01
1.722065880881493427e-01
1.683728265154919024e-01
1.746400750438433513e-01
1.709966420598988401e-01
1.678970050437075257e-01
1.794526693584559129e-01
1.678970050437075257e-01
1.678970050437075257e-01
1.663064018380302767e-01
1.655858721807576539e-01
1.678698152453198256e-01
1.671770191824026308e-01
1.678970050437075257e-01
1.663743763339993464e-01
1.668094131082017428e-01
1.651780252049429853e-01
1.669453621001397714e-01
1.633970934105521411e-01
1.658305803662465105e-01
1.652459997009121662e-01
1.646750139347715192e-01
1.666598692170696838e-01
1.678290305477382061e-01
1.637233709912037372e-01
1.579047541362478824e-01
1.598488247209646773e-01
1.568715417975170001e-01
1.525211740554939244e-01
1.649061272210665396e-01
1.651780252049429853e-01
1.593594083499866310e-01
1.526707179466260944e-01
1.501420666965740114e-01
1.481164267166949489e-01
1.648381527250974699e-01
1.651100507089738878e-01
1.583261960112562206e-01
1.542341313539158931e-01
1.479804777247576419e-01
1.505635085715842925e-01
1.647701782291282890e-01
1.338613592180198653e-01
1.620511983903633602e-01
1.551585844990955032e-01
1.485242736925102558e-01
1.530105904264719430e-01
1.432222630069198976e-01
1.641176230678247638e-01
1.619152493984259422e-01
1.529426159305019295e-01
1.500197126038303741e-01
1.455605856682563592e-01
1.369006348817920771e-01
1.344535530269040657e-01
1.243933276234756857e-01
1.546147885313430004e-01
1.515151515151515749e-01
1.447177019182395163e-01
1.384640482890812652e-01
1.369006348817918273e-01
1.279008116154811969e-01
1.245972511113830339e-01
1.525347689546880658e-01
1.462811153255298147e-01
1.400274616963716745e-01
1.320608507687908439e-01
1.275201544380542007e-01
1.245292766154139502e-01
1.495302962328528273e-01
1.406392321600931083e-01
1.415908751036610014e-01
1.345623122204548661e-01
1.282270891961337367e-01
1.244613021194447555e-01
1.247332001033212984e-01
1.321168617534674294e-01
1.431542885109502172e-01
1.357722582487048968e-01
1.295050097203527262e-01
1.243933276234756857e-01
1.243933276234756857e-01
1.243933276234756857e-01
1.418219883899555778e-01
1.358946123414490059e-01
1.307829302445718545e-01
1.256712481476947862e-01
1.243933276234756857e-01
1.243933276234756857e-01
1.358538276438681358e-01
1.371725328656689669e-01
1.320608507687908439e-01
1.269491686719137757e-01
1.243933276234756857e-01
1.243933276234756857e-01
1.201109343774216798e-01
1.293146811316391864e-01
1.262966135106108612e-01
1.235368489742648124e-01
1.236727979662027160e-01
1.190233424419160080e-01
1.214160447000288551e-01
1.209674130266325531e-01
1.196079231072499777e-01
1.211849314137336958e-01
1.243933276234756857e-01
1.186698750628764759e-01
1.200837445790339797e-01
1.206819201435623407e-01
1.218238916758434265e-01
1.203828323612982226e-01
1.249507184904223162e-01
1.183164076838371936e-01
1.192544557282108064e-01
1.203964272604918923e-01
1.258507008170535735e-01
1.241622143371791803e-01
1.227891295186049891e-01
1.165218809902524577e-01
1.146457849015048575e-01
1.201109343774216798e-01
1.212529059097027656e-01
1.172560055467189721e-01
1.172560055467189721e-01
1.168889432684855345e-01
1.186834699620703815e-01
1.198254414943514673e-01
1.209674130266325531e-01
1.172560055467189721e-01
1.172560055467189721e-01
1.172560055467189721e-01
1.155158584499097613e-01
1.137757113531000785e-01
1.172560055467189721e-01
1.172560055467189721e-01
1.172560055467189721e-01
1.172560055467189721e-01
1.159508952241120328e-01
1.172560055467189721e-01
1.172560055467189721e-01
1.172560055467189721e-01
1.172560055467189721e-01
1.172560055467189721e-01
1.163859319983141932e-01
1.129328276030832356e-01
1.129056378046956605e-01
1.172560055467189721e-01
1.172560055467189721e-01
1.172560055467189721e-01
1.168209687725164647e-01
1.150808216757071289e-01
1.107712386312654229e-01
1.172560055467189721e-01
1.050070013730847324e-01
1.172560055467189721e-01
1.172560055467189721e-01
1.155158584499097613e-01
1.114917682885377959e-01
1.172560055467189721e-01
1.172560055467189721e-01
1.172560055467189721e-01
1.167393993773538363e-01
1.150944165749011594e-01
1.122122979458107517e-01
1.093301793167204689e-01
1.055643922400315987e-01
1.172560055467189721e-01
1.162227932079887005e-01
1.158149462321735323e-01
1.129328276030832356e-01
1.069238821594138134e-01
1.054828228448686095e-01
1.037154859496717124e-01
1.157061870386232039e-01
1.164946911918645217e-01
1.136533572603557196e-01
1.107712386312654229e-01
1.038378400424163073e-01
1.050070013730847324e-01
1.054556330464807845e-01
1.172560055467189721e-01
1.143738869176286893e-01
1.114917682885377959e-01
1.086096496594474992e-01
1.010780755060701336e-01
1.146729746998928073e-01
1.167393993773541971e-01
1.149720624821566894e-01
1.122122979458102660e-01
1.020976929456068605e-01
1.035251573609583947e-01
1.004663050423482140e-01
1.162227932079887005e-01
9.924276411490415284e-02
1.129328276030832356e-01
1.051565452642169163e-01
1.014859224818848299e-01
1.006702285302553262e-01
9.985453457862618343e-02
9.924276411490415284e-02
1.047486982884022200e-01
1.050749758690540520e-01
1.016898459697922891e-01
1.008741520181627854e-01
1.000584580665332818e-01
9.924276411490415284e-02
9.924276411490415284e-02
1.027094634093288911e-01
1.018937694576993874e-01
1.010780755060702585e-01
1.002623815544407548e-01
9.944668760281125119e-02
1.044632054053318965e-01
1.026278940141656659e-01
1.020976929456068605e-01
1.012819989939773568e-01
1.004663050423482140e-01
9.924276411490415284e-02
8.793180798564340095e-02
1.028726021996546197e-01
1.018937694576992764e-01
1.014859224818848299e-01
1.006702285302553262e-01
9.924276411490415284e-02
8.712970893320866328e-02
9.033810514295016747e-02
9.097706540506014794e-02
1.016898459697919282e-01
1.008741520181627854e-01
9.273896434058009897e-02
9.924276411490415284e-02
8.839403455823410805e-02
9.046045923569465130e-02
9.252688391315604111e-02
1.010780755060702585e-01
8.993025816713548504e-02
9.914759982054736909e-02
8.787742838886848651e-02
8.994385306632987631e-02
9.201027774379054447e-02
9.407670242125180937e-02
9.924276411490415284e-02
8.776866919531754740e-02
8.736082221950297599e-02
8.942724689696437967e-02
9.149367157442576948e-02
1.009149367157442800e-01
9.850863955843776332e-02
8.848919885259051710e-02
8.684421605013821488e-02
8.891064072759888304e-02
9.097706540506014794e-02
9.447095449787211441e-02
9.209184713895328389e-02
8.849028644452520964e-02
8.632760988077270436e-02
8.839403455823410805e-02
9.046045923569465130e-02
8.987587857036080652e-02
9.275799719945060362e-02
8.911456421550610629e-02
8.704813953804459159e-02
8.787742838886848651e-02
8.632760988077270436e-02
9.201027774379054447e-02
8.632760988077270436e-02
8.632760988077270436e-02
8.632760988077270436e-02
8.736082221950297599e-02
8.942724689696437967e-02
8.843481925581583858e-02
8.632760988077270436e-02
8.632760988077270436e-02
8.848919885259051710e-02
8.684421605013821488e-02
8.891064072759888304e-02
8.632760988077270436e-02
8.632760988077270436e-02
8.632760988077270436e-02
