1.106119987940910265e+00
1.024161247254403939e+00
1.079460786424910168e+00
9.796614841293765918e-01
8.955010982385112062e-01
8.348335414961882694e-01
7.952538869029671664e-01
7.851328653258106138e-01
8.091252853266719391e-01
7.354235755200481117e-01
7.154485550626642487e-01
6.778931047848745228e-01
6.490804944226711282e-01
6.298290193376113733e-01
6.067255265084627869e-01
6.629484473922216958e-01
5.947715233214175834e-01
5.806227658383220636e-01
5.670356173823160040e-01
5.521770963435116419e-01
5.318058486584261724e-01
4.802101727033892820e-01
5.165080322149960823e-01
5.086007149317365306e-01
5.019613247771218534e-01
4.883500581420388564e-01
4.694689693785259466e-01
4.613032430337222767e-01
4.610879021491018914e-01
4.572117662259355675e-01
4.520005168181230881e-01
4.558766527412891900e-01
4.492648262199057663e-01
4.392954046255221345e-01
4.334381325638484994e-01
4.382187002024203193e-01
4.231448382789954610e-01
4.220250656789696353e-01
4.256427925405916746e-01
4.162539299711442431e-01
4.059606356862912047e-01
4.119471122787371486e-01
4.131960894095353387e-01
3.967440458245403145e-01
4.004479090400101526e-01
4.044532494939486744e-01
4.037641586631636192e-01
3.875705241397129908e-01
3.868383651320037586e-01
3.852879107627372735e-01
3.842973426934837011e-01
3.839527972780911735e-01
3.833877427968470641e-01
3.852017744088892526e-01
3.799905250010767732e-01
3.730565485163012673e-01
3.718937077393512092e-01
3.638399586545499886e-01
3.741332529394030271e-01
3.782677979241137467e-01
3.592747319005986095e-01
3.669408673930832365e-01
3.603945045006245462e-01
3.605667772083208100e-01
3.628924587622205378e-01
3.549248460312674491e-01
3.581118911236486624e-01
3.446315517464146327e-01
3.460097334079847431e-01
3.506610965157843651e-01
3.476893923080237037e-01
3.542357552004823940e-01
3.284379172229640043e-01
3.330892803307635153e-01
3.406262112924759444e-01
3.405400749386278680e-01
3.430380292002240816e-01
3.214178043843404220e-01
3.244756449459494374e-01
3.239157586459364691e-01
3.282225763383433415e-01
3.189543046642836499e-01
3.217623497997330051e-01
3.191351910073646492e-01
3.191351910073646492e-01
3.176278048150221744e-01
3.195658727766053087e-01
3.133640552995392570e-01
3.149145096688056866e-01
3.079374650071061703e-01
3.072483741763210041e-01
3.105215556225504048e-01
3.133209871226150800e-01
3.088418967225117218e-01
3.117705327533484838e-01
3.060855333993710015e-01
3.079374650071061703e-01
3.067746242301561677e-01
3.088418967225117218e-01
3.047073517378008356e-01
3.027692837762175349e-01
3.006158749300140709e-01
3.044489426762564954e-01
3.047073517378008356e-01
3.003143976915457758e-01
2.998837159223048388e-01
3.012618975838751711e-01
2.997975795684568179e-01
2.966966708299237365e-01
2.990223523838235198e-01
2.968689435376199448e-01
2.907101942374777925e-01
2.960937163529866467e-01
2.980748524914938469e-01
2.964813299453033513e-01
2.962229208837587335e-01
2.941556483914034570e-01
2.915715577759592225e-01
2.948085619535724122e-01
2.950170119298849980e-01
2.941987165683276340e-01
2.960937163529866467e-01
2.945432619837201615e-01
2.902364442913130116e-01
2.836039450450061339e-01
2.906671260605537266e-01
2.883414445066539988e-01
2.954907618760497234e-01
2.922175804298202118e-01
2.861449674835264134e-01
2.795986045910677231e-01
2.803738317757009102e-01
2.826995133296005824e-01
2.902364442913130671e-01
2.935096257375423012e-01
2.789525819372064563e-01
2.797278091218396989e-01
2.792109909987508520e-01
2.687454240062018274e-01
2.867909901373872361e-01
2.948016710452645572e-01
2.820965588526638257e-01
2.798570136526121188e-01
2.715017873293423256e-01
2.685731512985055636e-01
2.684008785908092998e-01
2.810198544295620104e-01
2.782634911064214012e-01
2.777036048064085993e-01
2.722339463370515578e-01
2.635341745983890704e-01
2.663766742753779226e-01
2.641371290753262158e-01
2.758516731986733750e-01
2.719755372755070510e-01
2.729661053447607899e-01
2.609931521598690685e-01
2.646108790214911077e-01
2.597872432059952219e-01
2.756794004909771112e-01
2.674533786984794603e-01
2.499418579611510649e-01
2.472113355441663274e-01
2.612084930444892317e-01
2.579353115982601086e-01
2.627158792368319284e-01
2.627158792368319284e-01
2.312761100822600668e-01
2.514320168827252622e-01
2.588397433136654935e-01
2.563417890520694464e-01
2.627158792368319284e-01
2.627158792368319284e-01
2.307592919591712755e-01
2.397174727593779642e-01
2.417847452517335183e-01
2.547482665058787288e-01
2.603712476850855717e-01
2.627158792368319284e-01
2.275688014126361625e-01
2.301563374822343522e-01
2.455144493733578126e-01
2.487617899134329791e-01
2.580645161290324174e-01
2.615961066368059917e-01
2.240406563590165712e-01
2.278306559283345967e-01
2.371333821439340073e-01
2.464361083595330293e-01
2.531547439596881222e-01
2.069425901201599749e-01
2.146948619664928171e-01
2.281752013437271243e-01
2.348077005900340575e-01
2.427322451440629691e-01
2.499676988673070199e-01
2.045738403893362367e-01
2.138765666049358416e-01
2.231792928205348636e-01
2.302424738360828449e-01
2.402342908824669498e-01
2.045738403893362367e-01
2.045738403893362367e-01
2.098712261509967369e-01
2.169344071665446350e-01
2.096558852663764072e-01
2.248158835436497582e-01
2.045738403893362367e-01
2.042292949739437091e-01
2.081054308971099498e-01
2.151686119126578201e-01
2.252465653128902512e-01
2.276583832206384994e-01
2.045738403893362367e-01
2.045738403893362367e-01
2.063396356432230516e-01
2.099573625048452574e-01
2.121107713510485548e-01
2.171928162280892249e-01
2.045738403893362367e-01
2.038847495585511815e-01
2.045738403893362367e-01
2.080192945432621787e-01
2.000947499892328785e-01
1.978552047891811716e-01
2.022050906585123042e-01
2.037124768508549177e-01
2.044015676816399729e-01
2.060812265816785449e-01
2.014298634738791172e-01
1.984150910891941122e-01
1.961755458891424053e-01
2.035402041431584597e-01
2.042292949739437091e-01
2.001808863430810104e-01
2.012145225892587042e-01
1.989749773892070805e-01
1.967354321891553459e-01
2.033679314354621959e-01
1.939360006890907817e-01
2.040139540893232684e-01
2.017744088892715615e-01
1.995348636892199379e-01
1.972953184891682032e-01
1.936775916275462750e-01
1.922994099659759704e-01
1.905766828890132492e-01
1.944097506352553129e-01
2.000947499892328785e-01
1.978552047891811716e-01
1.940652052198629796e-01
1.896550239028376439e-01
1.910280373831775569e-01
2.028941814892974704e-01
2.006546362892457358e-01
1.960032731814462248e-01
1.944528188121795731e-01
1.929023644429130047e-01
1.914380464274945681e-01
1.994917955122959552e-01
1.905766828890132492e-01
1.963908867737629294e-01
1.948404324044962499e-01
1.901890692966967389e-01
1.918687281967354219e-01
1.887678194582022850e-01
1.983289547353458970e-01
1.967785003660795229e-01
1.952280459968128434e-01
1.936775916275462750e-01
1.885094103966578893e-01
1.862698651966062380e-01
1.869589560273912932e-01
1.937637279813945179e-01
1.956156595891295480e-01
1.913088418967225646e-01
1.890692966966708299e-01
1.868297514966192063e-01
1.867866833196950294e-01
1.874757741504802788e-01
1.960032731814462248e-01
1.918687281967354219e-01
1.896291829966837983e-01
1.873896377966320637e-01
1.866144106119987656e-01
1.873035014427840150e-01
1.879925922735690702e-01
1.924286144967483625e-01
1.901890692966967389e-01
1.879495240966450043e-01
1.864421379043025018e-01
1.871312287350875847e-01
1.878203195658728064e-01
1.929885007967612198e-01
1.907489555967095962e-01
1.885094103966578893e-01
1.862698651966062380e-01
1.862698651966062380e-01
1.862698651966062380e-01
1.862698651966062380e-01
1.913088418967225646e-01
1.890692966966708299e-01
1.868297514966192063e-01
1.867866833196950294e-01
1.862698651966062380e-01
1.862698651966062380e-01
1.862698651966062380e-01
1.896291829966837983e-01
1.873896377966320637e-01
1.866144106119987656e-01
1.862698651966062380e-01
1.862698651966062380e-01
1.862698651966062380e-01
1.862698651966062380e-01
1.862698651966062380e-01
1.862698651966062380e-01
1.862698651966062380e-01
1.862698651966062380e-01
1.862698651966062380e-01
1.836857745811618925e-01
1.862698651966062380e-01
1.862698651966062380e-01
1.862698651966062380e-01
1.862698651966062380e-01
1.862698651966062380e-01
1.913088418967225646e-01
1.862698651966062380e-01
1.861406606658341512e-01
1.862698651966062380e-01
1.862698651966062380e-01
1.862698651966062380e-01
1.862698651966062380e-01
1.821353202118953241e-01
1.860114561350617590e-01
1.862698651966062380e-01
1.862698651966062380e-01
1.862698651966062380e-01
1.862698651966062380e-01
1.814462293811102689e-01
1.842025927042508782e-01
1.862698651966062380e-01
1.862698651966062380e-01
1.862698651966062380e-01
1.862698651966062380e-01
1.807571385503252137e-01
1.835135018734658230e-01
1.862698651966062380e-01
1.862698651966062380e-01
1.862698651966062380e-01
1.862698651966062380e-01
1.800680477195399642e-01
1.828244110426805735e-01
1.855807743658211828e-01
1.862698651966062380e-01
1.862698651966062380e-01
1.769257935311595031e-01
1.793789568887549091e-01
1.821353202118953241e-01
1.848916835350359333e-01
1.823075929195917821e-01
1.850208880658080479e-01
1.759335027348292446e-01
1.786898660579698539e-01
1.814462293811102689e-01
1.826831474223694074e-01
1.862698651966062380e-01
1.862698651966062380e-01
1.767948662733105636e-01
1.780007752271846044e-01
1.807571385503252137e-01
1.835135018734658230e-01
1.862698651966062380e-01
1.862698651966062380e-01
1.745553210732589400e-01
1.773116843963995493e-01
1.800680477195399642e-01
1.828244110426805735e-01
1.849778198888840652e-01
1.803264567810841656e-01
1.700762306731554985e-01
1.766225935656142998e-01
1.793789568887549091e-01
1.821353202118953241e-01
1.848916835350359333e-01
1.707653215039407479e-01
1.719281622808906396e-01
1.759335027348292446e-01
1.786898660579698539e-01
1.814462293811102689e-01
1.842025927042508782e-01
1.862698651966062380e-01
1.763641845040697098e-01
1.663723674576856326e-01
1.780007752271846044e-01
1.807571385503252137e-01
