6.949207376253639934e-01
5.998058880621157662e-01
5.758654157230670423e-01
5.138013587835652540e-01
4.788094467809769217e-01
4.593982529925591529e-01
4.335166612746684800e-01
4.089291491426723102e-01
3.934001941119379953e-01
3.762536395988353988e-01
3.513426075703655616e-01
3.510190876738918941e-01
3.325784535748950166e-01
3.355418958265934948e-01
3.325784535748950166e-01
3.183435781300550937e-01
3.293432546101586200e-01
2.963442251698480412e-01
2.924619864121643098e-01
2.858233581365252074e-01
2.885797476544808005e-01
2.808152701391135597e-01
2.834034293109026770e-01
2.743448722096407666e-01
2.788741507602717773e-01
2.649627952119055774e-01
2.652863151083792448e-01
2.533160789388545497e-01
2.510514396635392664e-01
2.456551277903590846e-01
2.510514396635392664e-01
2.374636040116468172e-01
2.419928825622774671e-01
2.326108055645421391e-01
2.387576835975410983e-01
2.212876091879650564e-01
2.387576835975410983e-01
2.212876091879650564e-01
2.135231316725978989e-01
2.089938531219671380e-01
2.089938531219671380e-01
2.151407311549660972e-01
2.089938531219671380e-01
2.054351342607569630e-01
2.051116143642835177e-01
2.002588159171790616e-01
1.915237787123908741e-01
1.986412164348107523e-01
1.915237787123908741e-01
1.960530572630217461e-01
1.837593011970236057e-01
1.877968295050144454e-01
1.837593011970236057e-01
1.892591394370754243e-01
1.837593011970236057e-01
1.869945001617598634e-01
1.837593011970236057e-01
1.795535425428662901e-01
1.837593011970236057e-01
1.727596247169201904e-01
1.837593011970236057e-01
1.721125849239729388e-01
1.611129084438693015e-01
1.721125849239729388e-01
1.611129084438693015e-01
1.708185053380782137e-01
1.611129084438693015e-01
1.708185053380782137e-01
1.611129084438693015e-01
1.698479456486573780e-01
1.585247492720802953e-01
1.653186670980266171e-01
1.611129084438693015e-01
1.653186670980266171e-01
1.611129084438693015e-01
1.598188288579747984e-01
1.585247492720802953e-01
1.620834681332902483e-01
1.585247492720802953e-01
1.585247492720802953e-01
1.559365901002912891e-01
1.556130702038175939e-01
1.559365901002912891e-01
1.556130702038175939e-01
1.559365901002912891e-01
1.552895503073440375e-01
1.559365901002912891e-01
1.507602717567130546e-01
1.559365901002912891e-01
1.455839534131349033e-01
1.552895503073440375e-01
1.452604335166613470e-01
1.468780329990294065e-01
1.510837916531867220e-01
1.468780329990294065e-01
1.433193141378197033e-01
1.468780329990294065e-01
1.420252345519252002e-01
1.468780329990294065e-01
1.420252345519249504e-01
1.468780329990294065e-01
1.404076350695567799e-01
1.468780329990294065e-01
1.404076350695568909e-01
1.468780329990294065e-01
1.387900355871885816e-01
1.468780329990294065e-01
1.404076350695567799e-01
1.468780329990294065e-01
1.394370753801358331e-01
1.468780329990294065e-01
1.319961177612422598e-01
1.255257198317697442e-01
1.362018764153996864e-01
1.404076350695568909e-01
1.287609187965061130e-01
1.404076350695568909e-01
1.287609187965061130e-01
1.404076350695568909e-01
1.222905208670333616e-01
1.255257198317697442e-01
1.207246845681010650e-01
1.255257198317697442e-01
1.284373989000323069e-01
1.255257198317697442e-01
1.206729213846652882e-01
1.255257198317697442e-01
1.206729213846650522e-01
1.255257198317697442e-01
1.203494014881914820e-01
1.255257198317697442e-01
1.208282109349722716e-01
1.255257198317697442e-01
1.174377224199289055e-01
1.255257198317697442e-01
1.203494014881914820e-01
1.255257198317697442e-01
1.174377224199289055e-01
1.255257198317697442e-01
1.171142025234553352e-01
1.255257198317697442e-01
1.096732449045617619e-01
1.255257198317697442e-01
1.154966030410871508e-01
1.255257198317697442e-01
1.151730831446135805e-01
1.255257198317697442e-01
1.096732449045617619e-01
9.446780977030093396e-02
1.096732449045617619e-01
9.382076997735355750e-02
1.093497250080880806e-01
9.382076997735355750e-02
1.096732449045617619e-01
9.446780977030093396e-02
1.096732449045617619e-01
9.382076997735355750e-02
1.093497250080880806e-01
9.382076997735355750e-02
1.090262051116142744e-01
9.382076997735355750e-02
1.093497250080880806e-01
9.382076997735355750e-02
1.067615658362990744e-01
9.382076997735355750e-02
1.090262051116142744e-01
9.382076997735355750e-02
1.090262051116142744e-01
9.382076997735355750e-02
1.090262051116142744e-01
9.382076997735355750e-02
9.382076997735355750e-02
9.382076997735355750e-02
9.382076997735355750e-02
9.382076997735355750e-02
9.349725008087998723e-02
9.382076997735355750e-02
9.382076997735355750e-02
9.382076997735355750e-02
9.349725008087998723e-02
9.382076997735355750e-02
9.382076997735355750e-02
9.382076997735355750e-02
9.349725008087998723e-02
9.382076997735355750e-02
9.349725008087998723e-02
9.382076997735355750e-02
9.382076997735355750e-02
9.382076997735355750e-02
9.349725008087998723e-02
9.382076997735355750e-02
9.349725008087998723e-02
9.317373018440630594e-02
9.349725008087998723e-02
9.382076997735355750e-02
9.349725008087998723e-02
9.317373018440630594e-02
9.349725008087998723e-02
9.382076997735355750e-02
9.349725008087998723e-02
9.317373018440630594e-02
9.317373018440630594e-02
9.317373018440630594e-02
9.349725008087998723e-02
9.317373018440630594e-02
9.349725008087998723e-02
9.317373018440630594e-02
9.349725008087998723e-02
9.317373018440630594e-02
9.317373018440630594e-02
9.317373018440630594e-02
9.317373018440630594e-02
9.317373018440630594e-02
9.317373018440630594e-02
9.317373018440630594e-02
9.317373018440630594e-02
9.317373018440630594e-02
9.317373018440630594e-02
9.317373018440630594e-02
9.317373018440630594e-02
9.317373018440630594e-02
9.317373018440630594e-02
9.317373018440630594e-02
9.187965059851180283e-02
9.317373018440630594e-02
9.317373018440630594e-02
9.317373018440630594e-02
9.187965059851180283e-02
9.317373018440630594e-02
9.187965059851180283e-02
9.317373018440630594e-02
9.317373018440630594e-02
9.317373018440630594e-02
9.026205111614361842e-02
9.317373018440630594e-02
9.187965059851180283e-02
9.317373018440630594e-02
9.187965059851180283e-02
9.317373018440630594e-02
9.058557101261729971e-02
9.317373018440630594e-02
9.026205111614361842e-02
9.317373018440630594e-02
9.058557101261729971e-02
9.317373018440630594e-02
9.026205111614361842e-02
9.317373018440630594e-02
9.026205111614361842e-02
9.317373018440630594e-02
9.026205111614361842e-02
9.317373018440630594e-02
9.058557101261729971e-02
9.317373018440630594e-02
9.026205111614361842e-02
9.317373018440630594e-02
9.026205111614361842e-02
9.317373018440630594e-02
9.026205111614361842e-02
8.993853121967004816e-02
9.026205111614361842e-02
9.317373018440630594e-02
9.026205111614361842e-02
9.045616305402734425e-02
9.026205111614361842e-02
9.058557101261729971e-02
9.026205111614361842e-02
9.058557101261729971e-02
9.026205111614361842e-02
8.735037204788104193e-02
9.026205111614361842e-02
9.058557101261729971e-02
9.026205111614361842e-02
8.735037204788104193e-02
8.999029440310570005e-02
8.735037204788104193e-02
9.026205111614361842e-02
8.735037204788104193e-02
9.026205111614361842e-02
8.735037204788104193e-02
8.993853121967004816e-02
8.735037204788104193e-02
9.026205111614361842e-02
8.735037204788104193e-02
8.864445163377554504e-02
8.735037204788104193e-02
8.896797153024911531e-02
8.735037204788104193e-02
8.799741184082816858e-02
8.735037204788104193e-02
8.993853121967004816e-02
8.735037204788104193e-02
9.026205111614361842e-02
8.735037204788104193e-02
8.735037204788104193e-02
8.735037204788104193e-02
8.896797153024911531e-02
8.735037204788104193e-02
8.832093173730197477e-02
8.735037204788104193e-02
8.864445163377554504e-02
8.735037204788104193e-02
8.735037204788104193e-02
8.735037204788104193e-02
8.735037204788104193e-02
8.735037204788104193e-02
8.735037204788104193e-02
8.735037204788104193e-02
8.735037204788104193e-02
8.735037204788104193e-02
8.735037204788104193e-02
8.735037204788104193e-02
8.735037204788104193e-02
8.735037204788104193e-02
8.735037204788104193e-02
8.735037204788104193e-02
8.735037204788104193e-02
8.735037204788104193e-02
8.735037204788104193e-02
8.735037204788104193e-02
8.735037204788104193e-02
8.735037204788104193e-02
8.735037204788104193e-02
8.735037204788104193e-02
8.735037204788104193e-02
8.735037204788104193e-02
8.735037204788104193e-02
8.735037204788104193e-02
8.735037204788104193e-02
8.735037204788104193e-02
8.735037204788104193e-02
8.735037204788104193e-02
8.735037204788104193e-02
8.735037204788104193e-02
8.735037204788104193e-02
8.735037204788104193e-02
8.735037204788104193e-02
8.735037204788104193e-02
8.735037204788104193e-02
8.735037204788104193e-02
8.637981235846009520e-02
8.735037204788104193e-02
8.735037204788104193e-02
8.735037204788104193e-02
8.702685215140723574e-02
8.735037204788104193e-02
8.702685215140723574e-02
8.735037204788104193e-02
8.735037204788104193e-02
8.735037204788104193e-02
8.702685215140723574e-02
8.735037204788104193e-02
8.702685215140723574e-02
8.735037204788104193e-02
8.605629246198630289e-02
8.735037204788104193e-02
8.605629246198630289e-02
8.735037204788104193e-02
8.605629246198630289e-02
8.735037204788104193e-02
8.637981235846009520e-02
8.735037204788104193e-02
8.637981235846009520e-02
8.735037204788104193e-02
8.702685215140723574e-02
8.735037204788104193e-02
8.735037204788104193e-02
8.735037204788104193e-02
8.605629246198630289e-02
8.735037204788104193e-02
8.605629246198630289e-02
8.735037204788104193e-02
8.605629246198630289e-02
8.735037204788104193e-02
8.605629246198630289e-02
8.540925266903916235e-02
8.605629246198630289e-02
8.540925266903916235e-02
8.605629246198630289e-02
8.670333225493366547e-02
8.605629246198630289e-02
8.540925266903916235e-02
8.605629246198630289e-02
8.540925266903916235e-02
8.605629246198630289e-02
8.476221287609179977e-02
8.605629246198630289e-02
8.670333225493366547e-02
8.605629246198630289e-02
8.735037204788104193e-02
8.605629246198630289e-02
8.540925266903916235e-02
8.605629246198630289e-02
8.476221287609179977e-02
8.605629246198630289e-02
8.476221287609179977e-02
