7.819013726487035187e-01
7.254702592780883919e-01
6.919166243009658990e-01
6.398068124046769611e-01
6.029486527707168531e-01
5.661718352821553113e-01
5.638027452974072595e-01
5.231723436705641994e-01
5.210981189628876020e-01
4.716115912557192202e-01
4.829689883070665823e-01
4.622064056939501064e-01
4.748347737671580471e-01
4.252669039145906549e-01
4.463650228774784234e-01
4.016268429079816182e-01
4.351804778851042776e-01
3.914590747330959908e-01
3.619725470259278488e-01
3.762074224707675496e-01
3.584138281647178403e-01
3.566344687341126973e-01
3.538383324860193135e-01
3.429079816980171169e-01
3.274021352313165600e-01
3.357905439755971555e-01
3.172343670564309881e-01
3.096085409252670728e-01
3.070665988815456382e-01
3.116420945602441095e-01
2.984239959328927605e-01
3.050330452465683795e-01
2.984239959328927605e-01
2.836807320793084952e-01
2.928317234367054933e-01
2.788510421962378527e-01
2.928317234367054933e-01
2.699542450432129148e-01
2.928317234367054933e-01
2.691916624300964567e-01
2.704626334519573128e-01
2.651245551601423278e-01
2.704626334519573128e-01
2.501270971021861134e-01
2.689374682257243965e-01
2.486019318759532248e-01
2.689374682257243965e-01
2.463141840366038782e-01
2.455516014234876143e-01
2.475851550584647065e-01
2.455516014234876143e-01
2.351296390442297601e-01
2.389425521098118288e-01
2.309303507880018647e-01
2.191154041687848608e-01
2.315709201830197794e-01
2.191154041687848608e-01
2.226741230299948415e-01
2.191154041687848608e-01
2.231825114387390174e-01
2.191154041687848608e-01
2.149466192170813583e-01
2.191154041687848608e-01
2.109303507880017081e-01
2.023385866802236976e-01
2.092018301982713768e-01
2.023385866802236976e-01
2.086934417895270344e-01
2.023385866802236976e-01
2.086934417895270344e-01
2.023385866802236976e-01
2.023385866802236976e-01
2.023385866802236976e-01
2.028469750889678735e-01
2.023385866802236976e-01
2.010676156583628971e-01
1.967463141840364582e-01
1.982714794102693467e-01
1.997966446365022630e-01
1.972547025927809949e-01
1.967463141840364582e-01
1.929334011184543896e-01
1.967463141840364582e-01
1.940213523131671391e-01
1.967463141840364582e-01
1.936959837315710142e-01
1.967463141840364582e-01
1.893746822572446031e-01
1.967463141840364582e-01
1.893746822572446031e-01
1.967463141840364582e-01
1.858159633960346224e-01
1.896288764616166911e-01
1.820030503304525538e-01
1.891204880528723209e-01
1.858159633960346224e-01
1.820030503304525538e-01
1.820030503304525538e-01
1.896288764616166911e-01
1.820030503304525538e-01
1.820030503304525538e-01
1.820030503304525538e-01
1.820030503304525538e-01
1.804778851042196375e-01
1.820030503304525538e-01
1.774275546517538327e-01
1.820030503304525538e-01
1.723436705643111577e-01
1.820030503304525538e-01
1.723436705643111577e-01
1.820030503304525538e-01
1.723436705643111577e-01
1.576614133197738743e-01
1.723436705643111577e-01
1.657346212506355387e-01
1.667513980681240848e-01
1.820030503304525538e-01
1.627656329435688276e-01
1.550584646670056244e-01
1.631926792069141041e-01
1.550584646670056244e-01
1.667513980681240848e-01
1.550584646670056244e-01
1.603965429588205815e-01
1.550584646670056244e-01
1.603965429588205815e-01
1.550584646670056244e-01
1.627656329435688276e-01
1.550584646670056244e-01
1.631926792069141041e-01
1.550584646670056244e-01
1.603965429588205815e-01
1.550584646670056244e-01
1.550584646670056244e-01
1.550584646670056244e-01
1.497203863751906394e-01
1.550584646670056244e-01
1.550584646670056244e-01
1.550584646670056244e-01
1.497203863751906394e-01
1.550584646670056244e-01
1.522623284189120740e-01
1.550584646670056244e-01
1.497203863751906394e-01
1.443823080833756822e-01
1.550584646670056244e-01
1.550584646670056244e-01
1.497203863751906394e-01
1.550584646670056244e-01
1.474326385358414870e-01
1.443823080833756822e-01
1.497203863751906394e-01
1.443823080833756822e-01
1.443823080833756822e-01
1.443823080833756822e-01
1.474326385358414870e-01
1.443823080833756822e-01
1.443823080833756822e-01
1.443823080833756822e-01
1.443823080833756822e-01
1.443823080833756822e-01
1.443823080833756822e-01
1.443823080833756822e-01
1.474326385358414870e-01
1.443823080833756822e-01
1.443823080833756822e-01
1.443823080833756822e-01
1.443823080833756822e-01
1.443823080833756822e-01
1.443823080833756822e-01
1.443823080833756822e-01
1.443823080833756822e-01
1.443823080833756822e-01
1.370106761565836329e-01
1.443823080833756822e-01
1.413319776309100717e-01
1.443823080833756822e-01
1.413319776309100717e-01
1.443823080833756822e-01
1.362480935434671747e-01
1.443823080833756822e-01
1.362480935434671747e-01
1.443823080833756822e-01
1.362480935434671747e-01
1.443823080833756822e-01
1.309100152516523841e-01
1.443823080833756822e-01
1.362480935434671747e-01
1.443823080833756822e-01
1.344687341128623648e-01
1.443823080833756822e-01
1.309100152516523841e-01
1.235383833248601682e-01
1.327605490594814253e-01
1.174377224199287528e-01
1.309100152516523841e-01
1.443823080833756822e-01
1.309100152516523841e-01
1.382816471784442669e-01
1.309100152516523841e-01
1.235383833248601682e-01
1.309100152516523841e-01
1.235383833248601682e-01
1.296288764616165545e-01
1.174377224199287528e-01
1.309100152516523841e-01
1.174377224199287528e-01
1.309100152516523841e-01
1.382816471784442669e-01
1.291306558210472133e-01
1.174377224199287528e-01
1.278596847991866070e-01
1.174377224199287528e-01
1.291306558210472133e-01
1.174377224199287528e-01
1.260803253685814362e-01
1.174377224199287528e-01
1.260803253685814362e-01
1.174377224199287528e-01
1.260803253685814362e-01
1.174377224199287528e-01
1.240467717336043441e-01
1.174377224199287528e-01
1.260803253685814362e-01
1.174377224199287528e-01
1.159125571936958504e-01
1.174377224199287528e-01
1.174377224199287528e-01
1.174377224199287528e-01
1.174377224199287528e-01
1.174377224199287528e-01
1.174377224199287528e-01
1.174377224199287528e-01
1.174377224199287528e-01
1.174377224199287528e-01
1.174377224199287528e-01
1.174377224199287528e-01
1.128622267412302260e-01
1.174377224199287528e-01
1.174377224199287528e-01
1.174377224199287528e-01
1.110828673106252495e-01
1.174377224199287528e-01
1.128622267412302260e-01
1.174377224199287528e-01
1.141331977630908601e-01
1.174377224199287528e-01
1.159125571936958504e-01
1.174377224199287528e-01
1.128622267412302260e-01
1.174377224199287528e-01
1.110828673106252495e-01
1.174377224199287528e-01
1.128622267412302260e-01
1.174377224199287528e-01
1.128622267412302260e-01
1.174377224199287528e-01
1.110828673106252495e-01
1.174377224199287528e-01
1.110828673106252495e-01
1.174377224199287528e-01
1.110828673106252495e-01
1.174377224199287528e-01
1.110828673106252495e-01
1.174377224199287528e-01
1.110828673106252495e-01
1.138790035587187721e-01
1.110828673106252495e-01
1.082867310625317131e-01
1.110828673106252495e-01
1.138790035587187721e-01
1.110828673106252495e-01
1.047280122013217324e-01
1.110828673106252495e-01
1.082867310625317131e-01
1.110828673106252495e-01
1.138790035587187721e-01
1.080325368581596251e-01
1.082867310625317131e-01
1.067513980681237679e-01
1.047280122013217324e-01
1.110828673106252495e-01
1.047280122013217324e-01
1.065073716319267227e-01
1.047280122013217324e-01
1.065073716319267227e-01
1.047280122013217324e-01
1.080325368581596251e-01
1.047280122013217324e-01
1.093035078800202592e-01
1.047280122013217324e-01
1.065073716319267227e-01
1.047280122013217324e-01
1.047280122013217324e-01
1.047280122013217324e-01
1.065073716319267227e-01
1.047280122013217324e-01
1.047280122013217324e-01
1.047280122013217324e-01
1.065073716319267227e-01
1.047280122013217324e-01
1.047280122013217324e-01
1.047280122013217324e-01
1.047280122013217324e-01
1.047280122013217324e-01
1.047280122013217324e-01
1.047280122013217324e-01
1.047280122013217324e-01
1.047280122013217324e-01
1.047280122013217324e-01
1.047280122013217324e-01
1.047280122013217324e-01
1.047280122013217324e-01
1.047280122013217324e-01
1.047280122013217324e-01
1.047280122013217324e-01
1.047280122013217324e-01
1.047280122013217324e-01
1.047280122013217324e-01
1.047280122013217324e-01
1.047280122013217324e-01
1.047280122013217324e-01
1.047280122013217324e-01
1.047280122013217324e-01
1.047280122013217324e-01
1.047280122013217324e-01
1.047280122013217324e-01
1.047280122013217324e-01
1.047280122013217324e-01
1.047280122013217324e-01
1.047280122013217324e-01
1.047280122013217324e-01
1.047280122013217324e-01
1.047280122013217324e-01
1.047280122013217324e-01
9.862735129639049747e-02
1.047280122013217324e-01
1.047280122013217324e-01
1.047280122013217324e-01
1.047280122013217324e-01
1.047280122013217324e-01
1.047280122013217324e-01
1.047280122013217324e-01
9.862735129639049747e-02
1.047280122013217324e-01
1.045144890696490941e-01
1.047280122013217324e-01
1.044738179969496444e-01
1.047280122013217324e-01
1.011692933401117517e-01
1.047280122013217324e-01
1.044738179969496444e-01
1.047280122013217324e-01
1.026944585663446541e-01
1.047280122013217324e-01
1.014133197763088107e-01
1.047280122013217324e-01
1.047280122013217324e-01
1.047280122013217324e-01
9.837315709201840952e-02
1.047280122013217324e-01
1.011692933401117517e-01
1.047280122013217324e-01
1.026944585663446541e-01
1.047280122013217324e-01
9.862735129639049747e-02
1.047280122013217324e-01
9.659379766141341916e-02
1.047280122013217324e-01
9.837315709201840952e-02
1.047280122013217324e-01
1.011692933401117517e-01
1.047280122013217324e-01
9.659379766141341916e-02
9.252669039145908214e-02
9.659379766141341916e-02
1.047280122013217324e-01
9.659379766141341916e-02
1.006609049313675758e-01
9.659379766141341916e-02
9.252669039145908214e-02
9.659379766141341916e-02
9.252669039145908214e-02
9.659379766141341916e-02
1.047280122013217324e-01
9.659379766141341916e-02
9.252669039145908214e-02
9.659379766141341916e-02
1.006609049313675758e-01
9.659379766141341916e-02
8.845958312150492553e-02
9.659379766141341916e-02
1.006609049313675758e-01
9.659379766141341916e-02
1.006609049313675758e-01
