6.772186554434566075e-01
6.479775078645331199e-01
6.693649228975768750e-01
6.590171691110293661e-01
6.105106160479329969e-01
5.711833229044341875e-01
5.608170542502765032e-01
5.429340922143269799e-01
5.307338230630106457e-01
5.305593032923893171e-01
5.169237890333696628e-01
4.990871141664453003e-01
4.879696219024027282e-01
4.628888336490574740e-01
4.472732571595103290e-01
4.570343639371522992e-01
4.715788210486615006e-01
4.423699030540960142e-01
4.334364794322107528e-01
4.289106229052913610e-01
4.147501778627328828e-01
4.122986722439847540e-01
4.010354611144921755e-01
4.088528496609894480e-01
4.019440610990631657e-01
3.937666612379245312e-01
3.768975596375886972e-01
3.775404369851623754e-01
3.660543617085109114e-01
3.666115220764082916e-01
3.674772635711406332e-01
3.672492564052013964e-01
3.538139770107058824e-01
3.410078602470363318e-01
3.382049150116145930e-01
3.493138355776895243e-01
3.485680978545044884e-01
3.450451299897996926e-01
3.411450074145188638e-01
3.314247019192032573e-01
3.329333207615098877e-01
3.315532773887180373e-01
3.291960604476141805e-01
3.196900474014897631e-01
3.229815794210674773e-01
3.217472549137259663e-01
3.145813154127701794e-01
3.140155833469056579e-01
3.139689533099612184e-01
3.118109426296254982e-01
3.060010457471521450e-01
3.106811928374891840e-01
3.124126758269546444e-01
3.015780495958446661e-01
3.005494458397264257e-01
2.961350213863863656e-01
3.004380137661470385e-01
2.989636817157106385e-01
2.963921723254162033e-01
2.962807402518367050e-01
2.955092874347479692e-01
2.904091271439958599e-01
2.919091742883346829e-01
2.893719516899102562e-01
2.908634271362811607e-01
2.903834120500931038e-01
2.794802122352417761e-01
2.765744066242081800e-01
2.825403084096928530e-01
2.814962755972329478e-01
2.845375140361557365e-01
2.901519762049664664e-01
2.723314161302213821e-01
2.732914463025986063e-01
2.695284708947998098e-01
2.708656557777530671e-01
2.670941086719866853e-01
2.683541482732315631e-01
2.677541294154959228e-01
2.646426030532388896e-01
2.636139992971206492e-01
2.661940803853842796e-01
2.645140275837241650e-01
2.670341067862133100e-01
2.678741331870430620e-01
2.574595201563475433e-01
2.580938258059538581e-01
2.568166428087740316e-01
2.603396106734782167e-01
2.508329118915157419e-01
2.550879027626583029e-01
2.546222881290554629e-01
2.513828720331209299e-01
2.528993768375576434e-01
2.493764089728533195e-01
2.483820920086059203e-01
2.543651371900259583e-01
2.522393560940487389e-01
2.485106674781208114e-01
2.496335599118828519e-01
2.447391203723544573e-01
2.418830306095330340e-01
2.431790713422425088e-01
2.490078259602445943e-01
2.378731903002666292e-01
2.408132827031707335e-01
2.447648354662574910e-01
2.383360619905199040e-01
2.375694093242929628e-01
2.413275845812297704e-01
2.428876336113418577e-01
2.413790147690355603e-01
2.396303883836348181e-01
2.380531959575871714e-01
2.371188808791131752e-01
2.355245450571304133e-01
2.352931092120037759e-01
2.383669201032031781e-01
2.354559714733890641e-01
2.348388092197184474e-01
2.330987545322853738e-01
2.352931092120037759e-01
2.347445205420740644e-01
2.336644865981508112e-01
2.274585772695714436e-01
2.281614565029186636e-01
2.325501658623556345e-01
2.346330884684948714e-01
2.174982642311618919e-01
2.229755792324902286e-01
2.261471074805207759e-01
2.277500150004714841e-01
2.296357885533545917e-01
2.325330224664203804e-01
2.140695850441014791e-01
2.187668755303740775e-01
2.211498075653808293e-01
2.236956018617728414e-01
2.279128772618567722e-01
2.286596435887993106e-01
2.126809699733421544e-01
2.146781755998046215e-01
2.189725962815975147e-01
2.226412830117520114e-01
2.174211189494532070e-01
2.117209398009652632e-01
2.117209398009652632e-01
2.140867284400368997e-01
2.181668566726384373e-01
2.215869641617313479e-01
2.095265851212466945e-01
2.103923266159795080e-01
2.117209398009652632e-01
2.134952812802690392e-01
2.170782510307467661e-01
2.102123209586587993e-01
2.096637322887292543e-01
2.111593221501247286e-01
2.114980756538064055e-01
2.110780624533917516e-01
2.108980567960707653e-01
2.149696133307049672e-01
2.098008794562116197e-01
2.117209398009652632e-01
2.095523002151498948e-01
2.105294737834620400e-01
2.082922606139051835e-01
2.104866152936235857e-01
2.086008417407406446e-01
2.084979813651286207e-01
2.083951209895169021e-01
2.055064587744187266e-01
2.082922606139051835e-01
2.070150776167253570e-01
2.086265568346435118e-01
2.085236964590316544e-01
2.061921946118306925e-01
2.067493549797283503e-01
2.082922606139051835e-01
2.072550851598193022e-01
2.067322115837927909e-01
2.085494115529346881e-01
2.063293417793130857e-01
2.057807531093835129e-01
2.057293229215777230e-01
2.061750512158954385e-01
2.055064587744187266e-01
2.055064587744187266e-01
2.064664889467956177e-01
2.059179002768659061e-01
2.056178908479982248e-01
2.060636191423160790e-01
2.055064587744187266e-01
2.055064587744187266e-01
2.061932232155866407e-01
2.049664418024567947e-01
2.055064587744187266e-01
2.059521870687365808e-01
2.063979153630544350e-01
2.055064587744187266e-01
2.055064587744187266e-01
2.025920814654176838e-01
2.049235833126186457e-01
2.056950361297067431e-01
2.055064587744187266e-01
2.055064587744187266e-01
1.999777135852841559e-01
2.011863229987232438e-01
2.040664135158537784e-01
2.050778738760361541e-01
2.055064587744187266e-01
2.055064587744187266e-01
1.991462588824221835e-01
2.004663003694403256e-01
2.033463908865706937e-01
2.055064587744187266e-01
2.055064587744187266e-01
1.930603533253905657e-01
1.968661872230273169e-01
1.997462777401576850e-01
2.026263682572882197e-01
2.055064587744187266e-01
2.046492889776537205e-01
1.924431910717193384e-01
1.953575683807208530e-01
1.990262551108752109e-01
2.019063456280057178e-01
2.035435399398272671e-01
1.932917891705170366e-01
1.984262362531394042e-01
1.944866838672071885e-01
1.983062324815922650e-01
2.011863229987232438e-01
2.039728105740475084e-01
2.050778738760361541e-01
1.912088665643779661e-01
1.936775155790611824e-01
1.975862098523097909e-01
2.004663003694403256e-01
1.996177022706426274e-01
1.890659420724659368e-01
1.905917043107072106e-01
1.920574646631753590e-01
1.957261513933297170e-01
1.997462777401576850e-01
1.976547834360511402e-01
1.875058930423527948e-01
1.895288137627182956e-01
1.915517344830841018e-01
1.935746552034496026e-01
1.865801496618471889e-01
1.875058930423527948e-01
1.875058930423527948e-01
1.865030043801377546e-01
1.910460043029923727e-01
1.930689250233579013e-01
1.842915063044839319e-01
1.904802722371283230e-01
1.875058930423527948e-01
1.868373006008761106e-01
1.905402741229011154e-01
1.925631948432666163e-01
1.945861155636321171e-01
1.836486289569101149e-01
1.827914591601450811e-01
1.880116232224443573e-01
1.900345439428098582e-01
1.920574646631753590e-01
1.847200912028663655e-01
1.872573138012912086e-01
1.835543402792658707e-01
1.821485818125712919e-01
1.861687081593993986e-01
1.915517344830841018e-01
1.849343836520575823e-01
1.840772138552925485e-01
1.832200440585275147e-01
1.812571252239358888e-01
1.865030043801377546e-01
1.860058458980139717e-01
1.851486761012489379e-01
1.842915063044837654e-01
1.834343365077187316e-01
1.825771667109537255e-01
1.857401232610160491e-01
1.821485818125712919e-01
1.853629685504401547e-01
1.845057987536751487e-01
1.836486289569101149e-01
1.827914591601450811e-01
1.828686044418542100e-01
1.822342987922472846e-01
1.821485818125712919e-01
1.847200912028663655e-01
1.838629214061013317e-01
1.830057516093362979e-01
1.821485818125712919e-01
1.821485818125712919e-01
1.821485818125712919e-01
1.849343836520575823e-01
1.840772138552925485e-01
1.832200440585275147e-01
1.811199780564541062e-01
1.821485818125712919e-01
1.821485818125712919e-01
1.821485818125712919e-01
1.826628836906313835e-01
1.834343365077188981e-01
1.800913743003355605e-01
1.821485818125712919e-01
1.841752740800418620e-01
1.821485818125712919e-01
1.845057987536751487e-01
1.836486289569099484e-01
1.827914591601450811e-01
1.821485818125712919e-01
1.821485818125712919e-01
1.821485818125712919e-01
1.765941215295330491e-01
1.821485818125712919e-01
1.780341667880998568e-01
1.821485818125712919e-01
1.821485818125712919e-01
1.821485818125712919e-01
1.659909311435509016e-01
1.821485818125712919e-01
1.770055630319813111e-01
1.811199780564541062e-01
1.821485818125712919e-01
1.648166085219837096e-01
1.726682838603499359e-01
1.718625442513914692e-01
1.746912045807151315e-01
1.800913743003355605e-01
1.821485818125712919e-01
1.821485818125712919e-01
1.821485818125712919e-01
1.684767235541689279e-01
1.734483083754070620e-01
1.790627705442170148e-01
1.821485818125712919e-01
1.572906577063848677e-01
1.622622425276228353e-01
1.672338273488608307e-01
1.722054121700969942e-01
1.780341667880998568e-01
1.821485818125712919e-01
1.821485818125712919e-01
1.610193463223129340e-01
1.659909311435509016e-01
1.709625159647870651e-01
1.759341007860250605e-01
1.808113969296191170e-01
1.821485818125712919e-01
1.597764501170046980e-01
1.647480349382410003e-01
1.697196197594789957e-01
1.746912045807151315e-01
1.800913743003355605e-01
1.550020143490217495e-01
1.585335539116947690e-01
1.635051387329327643e-01
1.684767235541689279e-01
1.734483083754070620e-01
1.510761766798386363e-01
1.530390955144316223e-01
1.572906577063848677e-01
1.622622425276228353e-01
1.672338273488608307e-01
1.722054121700969942e-01
1.767998422807584846e-01
1.510761766798386363e-01
1.560477615010766039e-01
1.610193463223129340e-01
1.659909311435509016e-01
1.701139178659896722e-01
1.754626573978043114e-01
1.808113969296191170e-01
1.569649331836147355e-01
1.597764501170046980e-01
1.647480349382410003e-01
1.697196197594789957e-01
1.741254725148501659e-01
1.510761766798386363e-01
1.535619690904567736e-01
1.585335539116947690e-01
1.635051387329327643e-01
1.684767235541689279e-01
1.510761766798386363e-01
1.510761766798386363e-01
1.523190728851485376e-01
1.572906577063848677e-01
1.622622425276228353e-01
1.661023632171310105e-01
1.510761766798386363e-01
