1.018391322298539903e+00
9.795518522688883012e-01
8.854483353976653204e-01
8.249071050557371665e-01
7.770025897984457197e-01
7.093660623803625942e-01
6.856059753030814274e-01
6.744735953158429442e-01
6.741838381563635130e-01
6.357392185564688658e-01
6.179108959201290441e-01
5.847915024584315891e-01
5.704312577412453678e-01
5.654828660436137522e-01
5.555635626618623535e-01
5.597342641594414969e-01
4.950643696280448980e-01
5.029688848853356431e-01
4.873820515707690260e-01
4.818316255676911575e-01
4.717937169237699235e-01
4.532147280711631976e-01
4.435311338813195947e-01
4.372555643133280712e-01
4.336223398265959261e-01
4.299500806966181643e-01
4.231880794204856966e-01
4.223248132717787318e-01
4.082873550275870622e-01
3.940622302293285695e-01
3.960139623916225649e-01
4.018841722028297925e-01
3.879443005667529420e-01
3.838531696880981836e-01
3.811132379987239305e-01
3.665368014112522221e-01
3.620613294298689055e-01
3.664752467815186043e-01
3.674135795518523873e-01
3.695154449573997413e-01
3.542393874563675160e-01
3.522501219832601116e-01
3.494726569830726159e-01
3.510145253912845265e-01
3.447434598205907363e-01
3.463949254963779589e-01
3.424914611717898572e-01
3.379874638741882098e-01
3.279285365762113491e-01
3.327328003603197137e-01
3.299928686709454606e-01
3.338587996847202088e-01
3.384378636039485078e-01
3.248508050895169141e-01
3.173066096160342964e-01
3.065345494126037185e-01
3.173441429268473724e-01
3.183950756296211604e-01
3.213226738730624032e-01
3.066471493450437791e-01
3.022182186690688388e-01
3.010171527230417476e-01
3.070975490748039105e-01
3.075104154937505774e-01
3.102878804939382951e-01
3.018428855609352479e-01
2.938858236685057967e-01
2.931726907630521906e-01
2.912209586007581952e-01
3.005292196824682072e-01
2.961378223173065094e-01
2.983898209661073886e-01
2.851780955598094414e-01
2.843523627219155525e-01
2.778215666403934248e-01
2.856660286003826488e-01
2.880681604924370531e-01
2.797732988026874201e-01
2.791727658296739301e-01
2.785722328566602735e-01
2.763577675186728033e-01
2.739931689374319745e-01
2.782719663701535562e-01
2.796231655594338950e-01
2.760950343429794951e-01
2.765454340727396265e-01
2.706151709642308223e-01
2.645347746124686039e-01
2.627046503772093589e-01
2.739931689374319745e-01
2.732049694103517168e-01
2.687385054235633119e-01
2.679127725856698117e-01
2.566903126524790468e-01
2.616822429906542347e-01
2.603310438013737294e-01
2.739931689374319745e-01
2.541005142063581523e-01
2.598806440716134314e-01
2.577037120444394258e-01
2.582291783958262088e-01
2.559771797470254961e-01
2.527868483278909451e-01
2.573283789363056684e-01
2.512705025710316176e-01
2.524865818413840057e-01
2.477198513680892444e-01
2.531246481252109048e-01
2.502721165033965356e-01
2.484705175843560931e-01
2.486206508276094795e-01
2.529745148819577127e-01
2.496715835303832398e-01
2.524490485305707632e-01
2.497841834628231616e-01
2.470067184626354717e-01
2.484705175843560931e-01
2.477198513680890779e-01
2.446045865705813727e-01
2.477198513680890779e-01
2.504222497466500608e-01
2.477198513680890779e-01
2.448673197462747086e-01
2.441917201516347058e-01
2.465938520436888048e-01
2.456930525841684032e-01
2.465938520436888048e-01
2.473069849491422167e-01
2.413016552190068997e-01
2.386743234620725684e-01
2.445670532597679636e-01
2.419021881920203620e-01
2.420898547460871575e-01
2.432158540704876248e-01
2.411139886649402708e-01
2.369102578538452020e-01
2.334571932590173426e-01
2.399129227189131242e-01
2.383740569755658234e-01
2.420898547460871575e-01
2.418271215703936827e-01
2.388995233269528007e-01
2.349510190293880030e-01
2.416769883271403241e-01
2.297413954884960086e-01
2.256877979206544926e-01
2.420898547460871575e-01
2.386367901512592982e-01
2.351837255564312723e-01
2.202830011635324714e-01
2.220846000825732469e-01
2.366475246781518937e-01
2.403633224486732278e-01
2.360094583943249946e-01
2.279022632586419628e-01
2.267732612693760252e-01
2.230754794880442649e-01
2.288405960289756069e-01
2.213339338663062317e-01
2.380362571782456693e-01
2.115002064332092702e-01
2.077468753518746658e-01
2.180310025147318975e-01
2.189318019742521326e-01
2.206208009608526255e-01
2.205082010284127036e-01
2.006155462973387149e-01
2.189318019742519661e-01
2.178058026498516930e-01
2.187066021093720669e-01
2.206583342716660623e-01
2.205082010284127036e-01
1.985512142026046312e-01
2.020042787974326570e-01
2.153286041361708869e-01
2.136396051495702275e-01
2.161918702848776852e-01
2.205457343392259462e-01
1.972375483241375349e-01
2.009158127838456265e-01
2.052696768381938874e-01
2.182562023796119632e-01
2.153286041361707204e-01
1.950230829861500648e-01
1.954734827159103627e-01
1.998273467702585959e-01
2.041812108246068569e-01
2.046316105543669606e-01
2.123634725819164015e-01
1.958863491348570296e-01
1.943850167023231656e-01
1.987388807566714266e-01
1.990571632323679119e-01
1.932965506887361351e-01
2.066959426491010721e-01
1.967496152835639944e-01
1.932965506887361351e-01
1.976504147430845626e-01
1.932965506887361351e-01
1.980632811620314238e-01
2.022670119731261318e-01
1.901062192696015840e-01
1.935217505536162008e-01
1.932965506887361351e-01
1.932965506887361351e-01
1.932965506887361351e-01
1.932965506887361351e-01
1.984761475809780906e-01
1.937469504184962665e-01
1.931464174454827765e-01
1.932965506887361351e-01
1.932965506887361351e-01
1.932965506887361351e-01
1.932965506887361351e-01
1.913823518372554100e-01
1.921330180535224252e-01
1.874788875126672805e-01
1.928836842697893017e-01
1.932965506887361351e-01
1.881920204181210254e-01
1.907442855534286774e-01
1.932965506887361351e-01
1.886424201478809903e-01
1.932965506887361351e-01
1.932965506887361351e-01
1.875539541342941263e-01
1.901062192696017505e-01
1.923582179184024910e-01
1.930758548211539694e-01
1.812858912284651403e-01
1.914198851480688468e-01
1.869158878504672272e-01
1.894681529857746849e-01
1.920204181210823091e-01
1.909694854183087154e-01
1.763690275119168260e-01
1.784708929174641800e-01
1.862778215666403003e-01
1.888300867019477858e-01
1.904815523777351749e-01
1.781330931201440260e-01
1.752805614983296290e-01
1.726156964305820551e-01
1.808730248095182791e-01
1.753180948091432323e-01
1.895432196074015307e-01
1.773448935930637405e-01
1.752430281875162199e-01
1.731411627819688659e-01
1.710392973764213176e-01
1.848515557557331157e-01
1.886048868370678866e-01
1.773448935930637405e-01
1.790338925796643998e-01
1.736666291333558154e-01
1.715647637278084614e-01
1.694628983222609409e-01
1.604173704162445979e-01
1.773448935930637405e-01
1.679615658897272157e-01
1.741920954847426262e-01
1.720902300791952444e-01
1.666854333220732509e-01
1.702826258304243334e-01
1.543369740644820742e-01
1.768194272416769297e-01
1.747175618361294092e-01
1.726156964305820551e-01
1.705138310250345346e-01
1.575648387944300344e-01
1.529107082535748896e-01
1.773448935930637405e-01
1.752430281875162199e-01
1.488781293397889449e-01
1.633825019704985837e-01
1.587283714296437442e-01
1.540742408887885995e-01
1.502833764966407248e-01
1.632699020380589672e-01
1.692001651465674661e-01
1.673610329167135868e-01
1.598919040648574541e-01
1.552377735240026424e-01
1.523101752805613995e-01
1.495327102803738761e-01
1.703636977817811482e-01
1.657095672409263365e-01
1.610554367000711640e-01
1.564013061592163245e-01
1.517471756183611797e-01
1.488946439965469493e-01
1.506962429155870864e-01
1.482565777127200501e-01
1.622189693352848738e-01
1.575648387944300344e-01
1.563637728484027489e-01
1.482565777127200501e-01
1.560259730510822340e-01
1.680366325113537562e-01
1.633825019704985837e-01
1.587283714296437442e-01
1.540742408887885995e-01
1.491198438614270150e-01
1.613557031865774094e-01
1.482565777127200501e-01
1.482565777127200501e-01
1.598919040648574541e-01
1.534361746049620057e-01
1.499831100101339798e-01
1.482565777127200501e-01
1.482565777127200501e-01
1.482565777127200501e-01
1.610554367000711640e-01
1.564013061592163245e-01
1.508463761588409446e-01
1.482565777127200501e-01
1.482565777127200501e-01
1.482565777127200501e-01
1.482565777127200501e-01
1.575648387944300344e-01
1.517096423075477429e-01
1.482565777127200501e-01
1.482565777127200501e-01
1.482565777127200501e-01
1.482565777127200501e-01
1.482565777127200501e-01
1.525729084562547078e-01
1.491198438614270150e-01
1.482565777127200501e-01
1.482565777127200501e-01
1.482565777127200501e-01
1.452539128476522945e-01
1.534361746049620057e-01
1.499831100101339798e-01
1.482565777127200501e-01
1.463799121720527618e-01
1.482565777127200501e-01
1.449536463611455495e-01
1.461547123071726961e-01
1.508463761588409446e-01
1.482565777127200501e-01
1.482565777127200501e-01
1.434523139286116855e-01
1.446533798746388044e-01
1.458544458206657846e-01
1.517096423075477429e-01
1.482565777127200501e-01
1.419509814960778216e-01
1.431520474421049405e-01
1.443531133881320871e-01
1.455541793341590395e-01
1.467552452801861862e-01
1.491198438614270150e-01
1.435649138610518016e-01
1.428517809555980289e-01
1.440528469016251756e-01
1.452539128476522945e-01
1.464549787936794412e-01
1.499831100101339798e-01
1.448035131178920243e-01
1.425515144690912839e-01
1.437525804151184305e-01
1.449536463611455495e-01
1.461547123071726961e-01
1.416266936906496743e-01
1.416882483203843190e-01
1.422512479825845388e-01
1.434523139286116855e-01
1.446533798746388044e-01
1.458544458206657846e-01
1.407499155500506749e-01
1.482565777127200501e-01
1.419509814960778216e-01
1.431520474421049405e-01
1.443531133881320871e-01
1.455541793341590395e-01
1.467552452801861862e-01
1.407499155500506749e-01
1.416507150095710765e-01
1.428517809555980289e-01
1.440528469016251756e-01
1.452539128476522945e-01
1.464549787936794412e-01
1.407499155500506749e-01
1.413504485230641650e-01
1.425515144690912839e-01
1.437525804151184305e-01
1.449536463611455495e-01
1.461547123071726961e-01
1.407499155500506749e-01
1.410501820365574199e-01
1.422512479825845388e-01
1.434523139286116855e-01
1.420050294636485966e-01
1.407499155500506749e-01
