1.176469392469392528e+00
1.040887040887040538e+00
9.625724185724183757e-01
9.349503349503349714e-01
8.435204435204436413e-01
7.784245784245784616e-01
7.371956571956570503e-01
7.353661353661352651e-01
7.263515823515821479e-01
6.790482790482791353e-01
6.424116424116425028e-01
6.066066066066064799e-01
5.962115962115963619e-01
5.761570801570802258e-01
5.799491799491799382e-01
5.586047586047582225e-01
5.139755139755139979e-01
4.983598983598984122e-01
4.792885192885193435e-01
4.778932778932777903e-01
4.425040425040424052e-01
4.215754215754215495e-01
4.315139755139753563e-01
4.120120120120119855e-01
4.194945714945717552e-01
4.053592053592053879e-01
3.932363132363131397e-01
3.915453915453914191e-01
3.888195888195888905e-01
3.837837837837836941e-01
3.706167706167705633e-01
3.714483714483715060e-01
3.595749595749594962e-01
3.654885654885653423e-01
3.652575652575652532e-01
3.411411411411411354e-01
3.328713328713328590e-01
3.374913374913375841e-01
3.385539385539386159e-01
3.447909447909447977e-01
3.284361284361282940e-01
3.007623007623008715e-01
3.039501039501038560e-01
3.000194040194040235e-01
3.083853083853083099e-01
3.061677061677062217e-01
2.598752598752598897e-01
2.744744744744744280e-01
2.769175329175328493e-01
2.699006699006698540e-01
2.747775467775468439e-01
2.642642642642641926e-01
2.540540540540539016e-01
2.603372603372602900e-01
2.598752598752598897e-01
2.589512589512589780e-01
2.575652575652576104e-01
2.531300531300531564e-01
2.522781242781241273e-01
2.334950334950334494e-01
2.467544467544468823e-01
2.531762531762530855e-01
2.411180411180411376e-01
2.447678447678447999e-01
2.395213675213672955e-01
2.257334257334258076e-01
2.305382305382304986e-01
2.312774312774312502e-01
2.340494340494340408e-01
2.259644259644260078e-01
2.243936243936244246e-01
2.217602217602216708e-01
2.249942249942249450e-01
2.222222222222221821e-01
2.196812196812197027e-01
2.205590205590206021e-01
2.206052206052205311e-01
2.216216216216214396e-01
2.228690228690228536e-01
2.172326172326171090e-01
2.127050127050127970e-01
2.109032109032108748e-01
2.115500115500114353e-01
2.161700161700161882e-01
2.198198198198197395e-01
2.170478170478169488e-01
2.118272118272118976e-01
2.092400092400090728e-01
2.098868098868098553e-01
2.024024024024023705e-01
2.154308154308156309e-01
2.129822129822131205e-01
2.095634095634095750e-01
2.026796026796027217e-01
2.033726033726034610e-01
1.996765996765997586e-01
2.159852159852160003e-01
2.030492030492029587e-01
2.081774081774082352e-01
2.032802032802033809e-01
2.030030030030029187e-01
1.995841995841996785e-01
1.969969969969970480e-01
2.051744051744050501e-01
1.955185955185956559e-01
2.031416031416032608e-01
1.997505197505191898e-01
1.976899976899977873e-01
1.962115962115963674e-01
2.063294063294060787e-01
1.943173943173941709e-01
2.037422037422037813e-01
1.959805959805960562e-01
1.981057981057982587e-01
1.950565950565950335e-01
1.954723954723955048e-01
1.954261954261955481e-01
1.930237930237930222e-01
1.965811965811965767e-01
1.937629937629937737e-01
1.928389928389928343e-01
1.951951951951952646e-01
1.951951951951952646e-01
1.885423885423886114e-01
1.865095865095864891e-01
1.937629937629937737e-01
1.949641949641950367e-01
1.945945945945946054e-01
1.942249942249942851e-01
1.866019866019866802e-01
1.864633864633864491e-01
1.905751905751905118e-01
1.902055902055901915e-01
1.924231924231925850e-01
1.861399861399862798e-01
1.865095865095864891e-01
1.864171864171865201e-01
1.860475860475860888e-01
1.890505890505891629e-01
1.859551859551860087e-01
1.839223839223839974e-01
1.861861861861862089e-01
1.863709863709864800e-01
1.859551859551860087e-01
1.859551859551860087e-01
1.841071841071841575e-01
1.859551859551860087e-01
1.846615846615847489e-01
1.833679833679834059e-01
1.805035805035805352e-01
1.859551859551860087e-01
1.811041811041812777e-01
1.854931854931855806e-01
1.790251790251791153e-01
1.829983829983829746e-01
1.805035805035804242e-01
1.764841764841766636e-01
1.845229845229846288e-01
1.793485793485795066e-01
1.784707784707783296e-01
1.774543774543774211e-01
1.746361746361747014e-01
1.763455763455763214e-01
1.768999768999769129e-01
1.781473781473782436e-01
1.778701778701779757e-01
1.755601755601755298e-01
1.738045738045737587e-01
1.762069762069763124e-01
1.767613767613769038e-01
1.773157773157773842e-01
1.778701778701779757e-01
1.696465696465696560e-01
1.700161700161699763e-01
1.760683760683759702e-01
1.766227766227767837e-01
1.744051744051745012e-01
1.751277431277432628e-01
1.688149688149689076e-01
1.695541695541695482e-01
1.714021714021713994e-01
1.732501732501732505e-01
1.682605682605682051e-01
1.669669669669669454e-01
1.672441672441672966e-01
1.690921690921691478e-01
1.667821667821668963e-01
1.718641718641720217e-01
1.685839685839684854e-01
1.672903672903672256e-01
1.667821667821666742e-01
1.633171633171631998e-01
1.704781704781703766e-01
1.663201663201662739e-01
1.689073689073688767e-01
1.663201663201662739e-01
1.663201663201662739e-01
1.655347655347651770e-01
1.529683529683528442e-01
1.663201663201662739e-01
1.663201663201662739e-01
1.653961653961653344e-01
1.660891660891660737e-01
1.677061677061677247e-01
1.556479556479554438e-01
1.559251559251559893e-01
1.663201663201662739e-01
1.629937629937628918e-01
1.663201663201662739e-01
1.616077616077616630e-01
1.583275583275581266e-01
1.663201663201662739e-01
1.663201663201662739e-01
1.624393624393624114e-01
1.646569646569645828e-01
1.639639639639639823e-01
1.603141603141600147e-01
1.581427581427581885e-01
1.656733656733659077e-01
1.618849618849619032e-01
1.641025641025641024e-01
1.663201663201662739e-01
1.568953568953566635e-01
1.417417417417419501e-01
1.350427350427348405e-01
1.613305613305614228e-01
1.635481635481635942e-01
1.657657657657657657e-01
1.592515592515593714e-01
1.456687456687458526e-01
1.356433356433356940e-01
1.607761607761607203e-01
1.629937629937628918e-01
1.616077616077616630e-01
1.616077616077616630e-01
1.444213444213445219e-01
1.392931392931394396e-01
1.307923307923306577e-01
1.624393624393624114e-01
1.592515592515592604e-01
1.639639639639639823e-01
1.457611457611457106e-01
1.401709401709400338e-01
1.329175329175327491e-01
1.244167244167243697e-01
1.568953568953570521e-01
1.524601524601525149e-01
1.452529452529450760e-01
1.380457380457380256e-01
1.350427350427348405e-01
1.525063525063526382e-01
1.545391545391546495e-01
1.524601524601525149e-01
1.484407484407485045e-01
1.398475398475398368e-01
1.326403326403327032e-01
1.203511203511203331e-01
1.143451143451145874e-01
9.891429891429880106e-02
1.485793485793486246e-01
1.416493416493416480e-01
1.288981288981290718e-01
1.194733194733194476e-01
1.100485100485102397e-01
1.015939015939013867e-01
1.505197505197505836e-01
1.434511434511434591e-01
1.312543312543312801e-01
1.218295218295216559e-01
1.124047124047124480e-01
1.042735042735041806e-01
9.355509355509361580e-02
1.424809424809422853e-01
1.380457380457380256e-01
1.241857241857240585e-01
1.147609147609148506e-01
1.053361053361052263e-01
9.623469623469620149e-02
1.466389466389468044e-01
1.349965349965349115e-01
1.265419265419266692e-01
1.171171171171170450e-01
1.076923076923078371e-01
9.891429891429880106e-02
1.485793485793486246e-01
1.383229383229382936e-01
1.288981288981290718e-01
1.194733194733194476e-01
1.100485100485102397e-01
1.006237006237006293e-01
9.410949410949411009e-02
1.399861399861398736e-01
1.312543312543312801e-01
1.218295218295216559e-01
1.074151074151073887e-01
1.029799029799028237e-01
9.355509355509361580e-02
9.355509355509361580e-02
1.336105336105336827e-01
1.241857241857240585e-01
1.074151074151073887e-01
1.053361053361052263e-01
9.443289443289450136e-02
9.355509355509361580e-02
1.349965349965349115e-01
1.250173250173252093e-01
1.122661122661122168e-01
1.076923076923078371e-01
9.466389466389460439e-02
9.355509355509361580e-02
9.355509355509361580e-02
1.288981288981290718e-01
1.074151074151073887e-01
1.074151074151073887e-01
9.521829521829530685e-02
9.355509355509361580e-02
9.355509355509361580e-02
9.355509355509361580e-02
1.200277200277197476e-01
1.074151074151073887e-01
9.577269577269580114e-02
9.355509355509361580e-02
9.355509355509361580e-02
7.105567105567102415e-02
9.909909909909896120e-02
8.958188958188946505e-02
9.632709632709648973e-02
9.410949410949431826e-02
9.355509355509361580e-02
6.500346500346512735e-02
9.572649572649585825e-02
9.702009702009700698e-02
9.688149688149698402e-02
9.466389466389460439e-02
9.355509355509361580e-02
9.355509355509361580e-02
9.355509355509361580e-02
8.477708477708457979e-02
9.743589743589747831e-02
9.521829521829530685e-02
9.355509355509361580e-02
9.355509355509361580e-02
7.245460845460843791e-02
7.193347193347211788e-02
9.563409563409557002e-02
9.577269577269580114e-02
9.355509355509361580e-02
9.355509355509361580e-02
6.292446292446297884e-02
7.013167013167041774e-02
9.632709632709629544e-02
9.355509355509361580e-02
9.401709401709423819e-02
5.557865557865592637e-02
6.112266112266126483e-02
6.832986832986830128e-02
7.553707553707574018e-02
9.424809424809434122e-02
9.447909447909444425e-02
9.355509355509361580e-02
5.932085932085935653e-02
6.652806652806637910e-02
7.373527373527383189e-02
8.094248094248085446e-02
5.252945252945218774e-02
5.086625086625090608e-02
5.751905751905764946e-02
6.472626472626467897e-02
7.193347193347211788e-02
7.914067914067915432e-02
9.249249249249236193e-02
4.851004851004850349e-02
5.571725571725594239e-02
6.292446292446297884e-02
7.013167013167041774e-02
7.733887733887744032e-02
8.316008316008344226e-02
4.851004851004850349e-02
5.391545391545403410e-02
6.112266112266126483e-02
6.832986832986830128e-02
7.553707553707574018e-02
4.851004851004850349e-02
4.851004851004850349e-02
5.211365211365211886e-02
5.932085932085935653e-02
6.514206514206515031e-02
7.373527373527383189e-02
4.851004851004850349e-02
4.851004851004850349e-02
5.031185031185021056e-02
5.751905751905764946e-02
6.472626472626467897e-02
6.860706860706895782e-02
7.840147840147848601e-02
