1.033305558683331515e+00
9.885298202154414460e-01
9.055721953233494270e-01
8.202454678527192344e-01
7.648027624516759992e-01
6.985699808580115855e-01
6.826333370866641825e-01
6.600668092932476805e-01
6.721540367075778954e-01
6.423826145704312207e-01
6.214480351311786333e-01
5.873963142288781691e-01
5.766617873362608337e-01
5.561310663213602234e-01
5.592087978080546584e-01
5.655053860301015867e-01
5.005066996959803838e-01
4.986165221634198397e-01
4.955523026686184385e-01
4.943887700334047008e-01
4.903351724655631849e-01
4.532147280711631976e-01
4.475847314491611106e-01
4.321510340427129337e-01
4.339331156401303735e-01
4.240888788800059039e-01
4.207484142176181607e-01
4.321210073940620622e-01
4.017190256352511368e-01
3.965769620538227569e-01
4.040821228840595913e-01
3.941898434860939271e-01
3.910565626993954824e-01
3.852193822017039304e-01
3.854671020530721637e-01
3.770596404308824146e-01
3.685771121870659583e-01
3.665503134031452559e-01
3.764591074578689245e-01
3.676012461059190439e-01
3.510865893480465960e-01
3.496227902263259746e-01
3.462447922531246003e-01
3.520999887400069195e-01
3.428667942799234480e-01
3.411402619825093518e-01
3.424914611717898572e-01
3.415906617122694278e-01
3.373493975903614772e-01
3.300304019817587031e-01
3.301805352250121173e-01
3.357354652253874971e-01
3.422662613069097914e-01
3.221484067109559035e-01
3.159178771159403820e-01
3.162616822429901720e-01
3.154674773861800841e-01
3.152422775213000183e-01
3.179446758998611955e-01
3.084697669181396540e-01
3.084487482640842493e-01
3.025184851555756116e-01
3.070224824531772034e-01
3.030439515069625611e-01
3.100221446533798497e-01
3.000037533310810356e-01
2.955748226551062618e-01
2.952745561685995446e-01
2.909206921142514779e-01
2.923844912359719328e-01
2.953871561010396607e-01
2.796231655594340615e-01
2.828510302893818551e-01
2.824756971812484307e-01
2.871673610329166793e-01
2.816319483541637747e-01
2.828134969785684460e-01
2.800360319783808949e-01
2.788830086701947208e-01
2.785722328566602735e-01
2.779716998836466169e-01
2.717411702886310954e-01
2.649851743422287353e-01
2.784220996134069148e-01
2.715159704237510296e-01
2.692639717749503170e-01
2.676125060991630389e-01
2.686634388019366604e-01
2.634087752880681643e-01
2.735427692076718431e-01
2.738430356941786159e-01
2.700521713020304082e-01
2.661487069774424175e-01
2.634087752880681643e-01
2.591600045039967881e-01
2.576286454228128853e-01
2.739931689374319745e-01
2.572157790038660519e-01
2.598806440716134314e-01
2.631835754231880986e-01
2.582291783958262088e-01
2.552265135307584254e-01
2.512855158953571921e-01
2.531621814360243694e-01
2.523739819089440561e-01
2.500844499493301010e-01
2.516608490034906720e-01
2.523739819089442227e-01
2.502721165033965356e-01
2.482453177194760274e-01
2.486206508276094795e-01
2.541005142063579858e-01
2.496715835303832398e-01
2.540254475847313342e-01
2.497841834628231616e-01
2.478699846113424365e-01
2.484705175843560931e-01
2.438914536651277942e-01
2.450174529895282338e-01
2.459182524490484689e-01
2.456179859625417239e-01
2.477198513680890779e-01
2.448673197462747086e-01
2.441917201516347058e-01
2.447922531246480016e-01
2.433659873137408169e-01
2.465938520436886383e-01
2.463686521788085726e-01
2.451300529219681834e-01
2.462935855571820598e-01
2.445670532597679636e-01
2.452801861652215420e-01
2.426903877191006476e-01
2.450925196111549131e-01
2.411139886649402708e-01
2.391622565026461089e-01
2.357091919078180831e-01
2.399129227189131242e-01
2.319183275156700419e-01
2.420898547460871575e-01
2.414517884622602584e-01
2.388995233269528007e-01
2.363472581916449822e-01
2.308673948128964482e-01
2.327440603535635699e-01
2.307172615696430895e-01
2.420898547460871575e-01
2.395375896107795333e-01
2.351837255564312723e-01
2.220846000825732469e-01
2.220846000825732469e-01
2.270765304207482405e-01
2.410013887325001547e-01
2.366850579889651640e-01
2.109372067710092169e-01
2.325939271103103778e-01
2.216342003528131432e-01
2.191570018391321983e-01
2.399129227189131242e-01
2.300041286641891503e-01
2.369102578538452020e-01
2.208835341365461280e-01
2.180310025147318975e-01
2.189318019742521326e-01
2.206208009608526255e-01
2.207334008932927416e-01
1.999549600270238148e-01
2.064332094734075973e-01
2.178058026498516930e-01
2.175806027849716273e-01
2.170551364335846500e-01
2.205082010284127036e-01
1.991517471756182600e-01
2.020042787974326570e-01
2.153286041361708869e-01
2.163420035281312381e-01
2.191945351499454409e-01
2.202454678527192011e-01
1.972375483241375349e-01
2.009158127838456265e-01
2.052696768381938874e-01
2.034305446083400082e-01
2.135270052171301114e-01
1.950230829861500648e-01
1.959238824456704664e-01
1.998273467702585959e-01
1.946102165672033979e-01
2.046316105543669606e-01
2.144653379874639221e-01
1.958863491348570296e-01
1.946102165672032314e-01
1.987388807566714266e-01
1.932965506887361351e-01
1.997898134594451869e-01
1.932965506887361351e-01
1.967496152835639944e-01
1.932965506887361351e-01
1.976504147430845626e-01
1.932965506887361351e-01
1.968622152160042771e-01
1.932965506887361351e-01
1.976128814322711258e-01
1.935217505536162008e-01
1.965619487294971990e-01
1.932965506887361351e-01
1.932965506887361351e-01
1.932965506887361351e-01
1.932965506887361351e-01
1.937469504184962665e-01
1.932965506887361351e-01
1.998273467702585959e-01
1.932965506887361351e-01
1.932965506887361351e-01
1.932965506887361351e-01
1.913823518372554100e-01
1.921330180535224252e-01
1.874788875126672805e-01
1.901062192696015840e-01
1.932965506887361351e-01
1.932965506887361351e-01
1.907442855534286774e-01
1.932965506887361351e-01
1.886424201478809903e-01
1.911571519723753443e-01
1.905566189993617154e-01
1.875539541342941263e-01
1.901062192696017505e-01
1.926584844049092360e-01
1.790338925796643998e-01
1.828622902826257113e-01
1.836504898097061356e-01
1.780955598093307557e-01
1.894681529857746849e-01
1.920204181210823091e-01
1.909694854183087154e-01
1.763690275119168260e-01
1.720902300791952444e-01
1.794842923094245313e-01
1.888300867019477858e-01
1.904815523777351749e-01
1.921330180535224252e-01
1.801598919040648672e-01
1.726156964305820551e-01
1.705138310250345346e-01
1.881920204181210254e-01
1.721652967008217849e-01
1.773448935930637405e-01
1.795968922418646474e-01
1.731411627819688659e-01
1.710392973764213176e-01
1.767068273092370079e-01
1.773448935930637405e-01
1.773448935930637405e-01
1.757684945389033360e-01
1.736666291333558154e-01
1.715647637278084614e-01
1.750928949442630000e-01
1.876665540667340759e-01
1.773448935930637405e-01
1.762939608902901467e-01
1.741920954847426262e-01
1.720902300791952444e-01
1.699883646736477238e-01
1.624441692001652726e-01
1.773448935930637405e-01
1.726532297413954919e-01
1.747175618361294092e-01
1.726156964305820551e-01
1.669106331869532889e-01
1.575648387944300344e-01
1.773448935930637405e-01
1.773448935930637405e-01
1.585782381863898860e-01
1.680366325113537562e-01
1.710392973764213176e-01
1.587283714296437442e-01
1.583905716323234236e-01
1.502833764966407248e-01
1.632699020380589672e-01
1.736666291333558154e-01
1.645460346057126266e-01
1.598919040648574541e-01
1.552377735240026424e-01
1.523101752805613995e-01
1.679615658897272157e-01
1.520849754156815004e-01
1.657095672409263365e-01
1.610554367000711640e-01
1.564013061592163245e-01
1.517471756183611797e-01
1.488946439965469493e-01
1.506962429155870864e-01
1.482565777127200501e-01
1.622189693352848738e-01
1.575648387944300344e-01
1.517096423075477429e-01
1.482565777127200501e-01
1.482565777127200501e-01
1.680366325113537562e-01
1.633825019704985837e-01
1.587283714296437442e-01
1.525729084562547078e-01
1.491198438614270150e-01
1.482565777127200501e-01
1.482565777127200501e-01
1.482565777127200501e-01
1.598919040648574541e-01
1.552377735240026424e-01
1.499831100101339798e-01
1.482565777127200501e-01
1.482565777127200501e-01
1.482565777127200501e-01
1.610554367000711640e-01
1.564013061592163245e-01
1.508463761588409446e-01
1.482565777127200501e-01
1.482565777127200501e-01
1.482565777127200501e-01
1.482565777127200501e-01
1.551627069023757688e-01
1.517096423075477429e-01
1.482565777127200501e-01
1.482565777127200501e-01
1.482565777127200501e-01
1.482565777127200501e-01
1.587283714296437442e-01
1.525729084562547078e-01
1.491198438614270150e-01
1.482565777127200501e-01
1.482565777127200501e-01
1.482565777127200501e-01
1.482565777127200501e-01
1.534361746049620057e-01
1.499831100101339798e-01
1.453560034530640421e-01
1.482565777127200501e-01
1.482565777127200501e-01
1.449536463611455495e-01
1.461547123071726961e-01
1.508463761588409446e-01
1.482565777127200501e-01
1.482565777127200501e-01
1.434523139286116855e-01
1.446533798746388044e-01
1.458544458206657846e-01
1.470555117666929312e-01
1.482565777127200501e-01
1.482565777127200501e-01
1.482565777127200501e-01
1.443531133881320871e-01
1.455541793341590395e-01
1.467552452801861862e-01
1.479563112262133051e-01
1.482565777127200501e-01
1.473182449423864060e-01
1.440528469016251756e-01
1.452539128476522945e-01
1.475719701234835812e-01
1.476560447397065601e-01
1.448035131178920243e-01
1.425515144690912839e-01
1.437525804151184305e-01
1.449536463611455495e-01
1.461547123071726961e-01
1.508463761588409446e-01
1.416882483203843190e-01
1.422512479825845388e-01
1.434523139286116855e-01
1.446533798746388044e-01
1.458544458206657846e-01
1.407499155500506749e-01
1.482565777127200501e-01
1.419509814960778216e-01
1.431520474421049405e-01
1.443531133881320871e-01
1.455541793341590395e-01
1.467552452801861862e-01
1.407499155500506749e-01
1.416507150095710765e-01
1.428517809555980289e-01
1.440528469016251756e-01
1.452539128476522945e-01
1.464549787936794412e-01
1.407499155500506749e-01
1.415546297338886317e-01
1.425515144690912839e-01
1.437525804151184305e-01
1.449536463611455495e-01
1.407499155500506749e-01
1.407499155500506749e-01
1.410501820365574199e-01
1.422512479825845388e-01
1.434523139286116855e-01
1.407499155500506749e-01
1.407499155500506749e-01
