8.318666049096803405e-01
7.284205650764242757e-01
6.904122278832786064e-01
6.236683649837887478e-01
6.127836961556276663e-01
5.799722093561834324e-01
5.669291338582678197e-01
5.199536822603056940e-01
5.465493283927744805e-01
4.884205650764241735e-01
5.363594256600276999e-01
4.547197776748494458e-01
4.673459935155164224e-01
4.200555812876330952e-01
4.483557202408524067e-01
4.034275127373783132e-01
4.168596572487262564e-01
3.879851783232978191e-01
3.825845298749420142e-01
3.672996757758221209e-01
3.719314497452523294e-01
3.434460398332561115e-01
3.483094025011579387e-01
3.363408985641499482e-01
3.121815655396017464e-01
3.279666512274199142e-01
3.121815655396017464e-01
3.059286706808708178e-01
3.043075497915702088e-01
2.915516442797587704e-01
3.043075497915702088e-01
2.874015748031497064e-01
2.621584066697545401e-01
2.695692450208428403e-01
2.621584066697545401e-01
2.663270032422417888e-01
2.515053265400648552e-01
2.559055118110235560e-01
2.515053265400648552e-01
2.484946734599349227e-01
2.487262621584067079e-01
2.491894395553498065e-01
2.487262621584067079e-01
2.424733672996759182e-01
2.348309402501158050e-01
2.355257063455303834e-01
2.348309402501158050e-01
2.304307549791570764e-01
2.334414080592868423e-01
2.290412227883279472e-01
2.292728114867993994e-01
2.234738304770725326e-01
2.292728114867993994e-01
2.232515053265399230e-01
2.292728114867993994e-01
2.153774895785084964e-01
2.223251505326538646e-01
2.190829087540528131e-01
2.158406669754515950e-01
2.114404817044930329e-01
2.088930060213060602e-01
2.068087077350623526e-01
2.088930060213060602e-01
2.049930523390456338e-01
2.088930060213060602e-01
2.031032885595182025e-01
2.088930060213060602e-01
1.993978693839740524e-01
2.014821676702175934e-01
2.007874015748031815e-01
2.056507642427048421e-01
1.926817971283001363e-01
2.014821676702175934e-01
1.850393700787402174e-01
2.014821676702175934e-01
1.912922649374711737e-01
2.014821676702175934e-01
1.838814265863825403e-01
2.014821676702175934e-01
1.801760074108383902e-01
2.014821676702175934e-01
1.801760074108383902e-01
1.806391848077813223e-01
1.747660954145435763e-01
1.861973135710977001e-01
1.653543307086614289e-01
1.653543307086614289e-01
1.695229272811486776e-01
1.653543307086614289e-01
1.658175081056043609e-01
1.653543307086614289e-01
1.635016211208892012e-01
1.653543307086614289e-01
1.588698471514589927e-01
1.653543307086614289e-01
1.588698471514589927e-01
1.653543307086614289e-01
1.607225567392310817e-01
1.653543307086614289e-01
1.586382584529875406e-01
1.417322834645668717e-01
1.456692913385828347e-01
1.417322834645668717e-01
1.456692913385828347e-01
1.259842519685038797e-01
1.456692913385828347e-01
1.259842519685038797e-01
1.449745252431680897e-01
1.259842519685038797e-01
1.428902269569245487e-01
1.259842519685038797e-01
1.405743399722093612e-01
1.259842519685038797e-01
1.428902269569245487e-01
1.259842519685038797e-01
1.405743399722093612e-01
1.259842519685038797e-01
1.350162112088929556e-01
1.259842519685038797e-01
1.382584529874943402e-01
1.259842519685038797e-01
1.274015748031493700e-01
1.259842519685038797e-01
1.259842519685038797e-01
1.259842519685038797e-01
1.241315423807318047e-01
1.204261232051874880e-01
1.236683649837888727e-01
1.213524779990736852e-01
1.208893006021305866e-01
1.213524779990736852e-01
1.209263547938859429e-01
1.213524779990736852e-01
1.208893006021305866e-01
1.157943492357572934e-01
1.208893006021305866e-01
1.157943492357572934e-01
1.181102362204724809e-01
1.157943492357572934e-01
1.164057433997219837e-01
1.157943492357572934e-01
1.181102362204724809e-01
1.157943492357572934e-01
1.176470588235293685e-01
1.157943492357572934e-01
1.204261232051874880e-01
1.157943492357572934e-01
1.177211672070402476e-01
1.157943492357572934e-01
1.177211672070402476e-01
1.157943492357572934e-01
1.157943492357572934e-01
1.157943492357572934e-01
1.153311718388141949e-01
1.157943492357572934e-01
1.157943492357572934e-01
1.157943492357572934e-01
1.157943492357572934e-01
1.157943492357572934e-01
1.130152848540990213e-01
1.157943492357572934e-01
1.134784622510421198e-01
1.157943492357572934e-01
1.130152848540990213e-01
1.157943492357572934e-01
1.130152848540990213e-01
1.102362204724410683e-01
1.130152848540990213e-01
1.148679944418712628e-01
1.125521074571560753e-01
1.148679944418712628e-01
1.130152848540990213e-01
1.102362204724410683e-01
1.130152848540990213e-01
1.148679944418712628e-01
1.130152848540990213e-01
1.102362204724410683e-01
1.102362204724410683e-01
1.102362204724410683e-01
1.102362204724410683e-01
1.102362204724410683e-01
1.102362204724410683e-01
1.102362204724410683e-01
1.125521074571560753e-01
1.102362204724410683e-01
1.049096804075961425e-01
1.102362204724410683e-01
1.049096804075961425e-01
1.102362204724410683e-01
1.102362204724410683e-01
1.102362204724410683e-01
1.072255673923113162e-01
1.102362204724410683e-01
1.025937934228811216e-01
1.102362204724410683e-01
1.046780917091245100e-01
1.102362204724410683e-01
1.102362204724410683e-01
1.102362204724410683e-01
1.074571560907827822e-01
1.102362204724410683e-01
1.018990273274663905e-01
1.102362204724410683e-01
9.958314034275136950e-02
1.102362204724410683e-01
1.072255673923113162e-01
1.102362204724410683e-01
1.025937934228811216e-01
1.102362204724410683e-01
9.726725335803619588e-02
1.102362204724410683e-01
9.958314034275136950e-02
1.102362204724410683e-01
9.680407596109309731e-02
9.402501157943497778e-02
9.726725335803619588e-02
1.102362204724410683e-01
9.680407596109309731e-02
1.102362204724410683e-01
9.680407596109309731e-02
1.102362204724410683e-01
9.680407596109309731e-02
9.402501157943497778e-02
9.680407596109309731e-02
1.102362204724410683e-01
9.680407596109309731e-02
8.337193144974527903e-02
9.680407596109309731e-02
8.337193144974527903e-02
9.217230199166290272e-02
9.958314034275136950e-02
9.680407596109309731e-02
8.337193144974527903e-02
9.147753589624832427e-02
9.402501157943497778e-02
9.680407596109309731e-02
9.958314034275136950e-02
9.016211208893006035e-02
9.402501157943497778e-02
9.425660027790644380e-02
8.337193144974527903e-02
9.217230199166290272e-02
8.337193144974527903e-02
8.962482630847624920e-02
8.337193144974527903e-02
8.684576192681812967e-02
8.337193144974527903e-02
9.008800370541919511e-02
8.337193144974527903e-02
8.846688281611858606e-02
8.337193144974527903e-02
8.962482630847624920e-02
8.337193144974527903e-02
8.684576192681812967e-02
8.337193144974527903e-02
8.615099583140339856e-02
8.337193144974527903e-02
8.576192681797134565e-02
8.337193144974527903e-02
8.337193144974527903e-02
8.337193144974527903e-02
8.337193144974527903e-02
8.337193144974527903e-02
8.337193144974527903e-02
8.337193144974527903e-02
8.337193144974527903e-02
8.337193144974527903e-02
8.337193144974527903e-02
8.337193144974527903e-02
8.337193144974527903e-02
8.337193144974527903e-02
8.337193144974527903e-02
8.337193144974527903e-02
8.337193144974527903e-02
8.337193144974527903e-02
8.082445576655863939e-02
8.337193144974527903e-02
8.337193144974527903e-02
8.337193144974527903e-02
8.337193144974527903e-02
8.337193144974527903e-02
8.337193144974527903e-02
8.337193144974527903e-02
8.082445576655863939e-02
8.337193144974527903e-02
8.337193144974527903e-02
8.337193144974527903e-02
8.337193144974527903e-02
8.337193144974527903e-02
8.082445576655863939e-02
8.337193144974527903e-02
7.874015748031493178e-02
8.337193144974527903e-02
8.082445576655863939e-02
8.337193144974527903e-02
8.337193144974527903e-02
8.337193144974527903e-02
8.082445576655863939e-02
8.337193144974527903e-02
8.082445576655863939e-02
8.337193144974527903e-02
8.082445576655863939e-02
8.337193144974527903e-02
7.619268179712827826e-02
8.337193144974527903e-02
7.619268179712827826e-02
8.337193144974527903e-02
7.619268179712827826e-02
8.337193144974527903e-02
7.619268179712827826e-02
8.337193144974527903e-02
7.874015748031493178e-02
7.410838351088473719e-02
7.619268179712827826e-02
7.410838351088473719e-02
7.619268179712827826e-02
8.337193144974527903e-02
7.619268179712827826e-02
7.827698008337198587e-02
7.619268179712827826e-02
6.982862436313042043e-02
7.619268179712827826e-02
7.410838351088473719e-02
7.619268179712827826e-02
6.901343214451144403e-02
7.619268179712827826e-02
6.901343214451144403e-02
7.619268179712827826e-02
6.901343214451144403e-02
7.619268179712827826e-02
6.901343214451144403e-02
7.619268179712827826e-02
6.901343214451144403e-02
7.619268179712827826e-02
6.901343214451144403e-02
7.364520611394163863e-02
6.901343214451144403e-02
7.364520611394163863e-02
6.901343214451144403e-02
7.248726262158412814e-02
6.901343214451144403e-02
7.364520611394163863e-02
6.901343214451144403e-02
7.248726262158412814e-02
6.901343214451144403e-02
7.364520611394163863e-02
6.901343214451144403e-02
7.364520611394163863e-02
6.901343214451144403e-02
7.364520611394163863e-02
6.901343214451144403e-02
7.156090782769808367e-02
6.901343214451144403e-02
7.248726262158412814e-02
6.901343214451144403e-02
7.248726262158412814e-02
6.901343214451144403e-02
7.364520611394163863e-02
6.901343214451144403e-02
6.901343214451144403e-02
6.901343214451144403e-02
6.901343214451144403e-02
6.901343214451144403e-02
6.901343214451144403e-02
6.901343214451144403e-02
6.901343214451144403e-02
6.901343214451144403e-02
6.901343214451144403e-02
6.901343214451144403e-02
6.901343214451144403e-02
6.901343214451144403e-02
6.901343214451144403e-02
6.901343214451144403e-02
6.901343214451144403e-02
6.901343214451144403e-02
6.901343214451144403e-02
6.901343214451144403e-02
6.901343214451144403e-02
6.901343214451144403e-02
6.901343214451144403e-02
6.901343214451144403e-02
6.901343214451144403e-02
6.901343214451144403e-02
6.901343214451144403e-02
6.901343214451144403e-02
6.901343214451144403e-02
6.901343214451144403e-02
6.901343214451144403e-02
6.901343214451144403e-02
6.901343214451144403e-02
6.901343214451144403e-02
6.901343214451144403e-02
6.901343214451144403e-02
6.901343214451144403e-02
6.901343214451144403e-02
