7.587740978744438314e-01
6.686406327236777969e-01
6.075135936727631414e-01
5.819673751853678967e-01
5.734058329214039018e-01
5.224913494809687586e-01
5.294117647058823595e-01
4.975284231339595076e-01
4.834404349975284787e-01
4.614829461196240934e-01
4.676223430548688831e-01
4.320316361838852370e-01
4.542758279782500019e-01
4.029065743944636457e-01
4.142362827483934140e-01
3.865941670785960627e-01
3.816114681166583589e-01
3.779831932773108916e-01
3.776569451309935710e-01
3.692535837864556747e-01
3.682649530400394777e-01
3.425605536332179679e-01
3.242708848245181574e-01
3.349777558082057127e-01
3.361344537815126321e-01
3.277310924369745693e-01
3.069698467622343219e-01
3.133959466139396577e-01
3.069698467622343219e-01
3.112506178942165969e-01
2.881858625803261353e-01
2.968363816114682474e-01
2.881858625803261353e-01
2.906574394463669053e-01
2.807711319822046026e-01
2.775580820563518514e-01
2.837370242214531935e-01
2.773109243697480242e-01
2.743450321304992667e-01
2.753336628769154637e-01
2.763222936233316607e-01
2.667226890756302926e-01
2.669303015323777339e-01
2.706376668314385281e-01
2.669303015323777339e-01
2.629757785467130016e-01
2.669303015323777339e-01
2.585269401878400597e-01
2.545724172021751053e-01
2.558082056351952960e-01
2.525951557093427113e-01
2.545724172021752718e-01
2.525951557093427113e-01
2.535837864557589083e-01
2.525951557093427113e-01
2.482254078101830408e-01
2.436974789915967998e-01
2.446861097380129968e-01
2.436974789915967998e-01
2.427088482451804363e-01
2.436974789915967998e-01
2.355412753336628973e-01
2.436974789915967998e-01
2.352941176470590701e-01
2.357884330202670853e-01
2.343054869006427066e-01
2.343054869006427066e-01
2.273850716757291890e-01
2.343054869006427066e-01
2.224419179436482319e-01
2.343054869006427066e-01
2.231833910034604074e-01
2.343054869006427066e-01
2.183588729609491075e-01
2.343054869006427066e-01
2.221947602570442104e-01
2.343054869006427066e-01
2.182402372713792560e-01
2.343054869006427066e-01
2.160158180919428683e-01
2.021749876421156666e-01
2.157686604053387081e-01
2.105783489866535629e-01
2.088482451804251905e-01
2.021749876421156666e-01
2.072763222936231942e-01
2.021749876421156666e-01
2.100840336134453812e-01
2.021749876421156666e-01
2.039050914483440391e-01
2.021749876421156666e-01
2.021749876421156666e-01
2.021749876421156666e-01
2.021749876421156666e-01
2.021749876421156666e-01
1.977261492832426970e-01
1.932773109243697551e-01
1.947602570439941339e-01
2.021749876421156666e-01
1.927829955511615734e-01
2.021749876421156666e-01
1.917943648047453764e-01
1.868512110726644193e-01
1.900642609985170040e-01
1.779535343549185078e-01
1.900642609985170040e-01
1.779535343549185078e-01
1.898171033119129825e-01
1.779535343549185078e-01
1.875926841324764283e-01
1.779535343549185078e-01
1.779535343549185078e-01
1.779535343549185078e-01
1.799307958477509017e-01
1.779535343549185078e-01
1.772120612951064988e-01
1.779535343549185078e-01
1.832624814631735044e-01
1.779535343549185078e-01
1.774592189817103260e-01
1.779535343549185078e-01
1.779535343549185078e-01
1.779535343549185078e-01
1.749876421156697504e-01
1.769649036085023108e-01
1.759762728620861139e-01
1.730103806228373564e-01
1.749876421156697504e-01
1.769649036085023108e-01
1.749876421156697504e-01
1.720217498764211872e-01
1.720217498764213537e-01
1.730103806228373564e-01
1.744933267424617351e-01
1.728126544735533454e-01
1.720217498764211872e-01
1.720217498764211872e-01
1.638655462184874512e-01
1.720217498764211872e-01
1.720217498764211872e-01
1.720217498764211872e-01
1.720217498764211872e-01
1.720217498764211872e-01
1.720217498764211872e-01
1.720217498764211872e-01
1.720217498764211872e-01
1.720217498764211872e-01
1.663371230845278603e-01
1.720217498764211872e-01
1.628769154720712542e-01
1.720217498764211872e-01
1.628769154720712542e-01
1.720217498764211872e-01
1.623826000988630724e-01
1.720217498764211872e-01
1.604053386060308728e-01
1.720217498764211872e-01
1.599110232328226910e-01
1.651013346515078362e-01
1.603064755313887702e-01
1.720217498764211872e-01
1.599110232328226910e-01
1.720217498764211872e-01
1.599110232328226910e-01
1.720217498764211872e-01
1.599110232328226910e-01
1.478002965892240284e-01
1.599110232328226910e-01
1.478002965892240284e-01
1.599110232328226910e-01
1.478002965892240284e-01
1.599110232328226910e-01
1.478002965892240284e-01
1.599110232328226910e-01
1.478002965892240284e-01
1.559565002471577366e-01
1.478002965892240284e-01
1.559565002471577366e-01
1.478002965892240284e-01
1.564508156203659184e-01
1.478002965892240284e-01
1.559565002471577366e-01
1.478002965892240284e-01
1.559565002471577366e-01
1.478002965892240284e-01
1.534849233811173552e-01
1.478002965892240284e-01
1.478002965892240284e-01
1.478002965892240284e-01
1.478002965892240284e-01
1.478002965892240284e-01
1.559565002471577366e-01
1.478002965892240284e-01
1.478002965892240284e-01
1.478002965892240284e-01
1.478002965892240284e-01
1.478002965892240284e-01
1.478002965892240284e-01
1.478002965892240284e-01
1.478002965892240284e-01
1.478002965892240284e-01
1.478002965892240284e-01
1.478002965892240284e-01
1.438457736035592405e-01
1.478002965892240284e-01
1.443400889767672557e-01
1.478002965892240284e-01
1.443400889767672557e-01
1.478002965892240284e-01
1.443400889767672557e-01
1.478002965892240284e-01
1.443400889767672557e-01
1.408798813643105108e-01
1.443400889767672557e-01
1.478002965892240284e-01
1.438457736035592405e-01
1.408798813643105108e-01
1.438457736035592405e-01
1.468116658428078314e-01
1.438457736035592405e-01
1.478002965892240284e-01
1.438457736035592405e-01
1.468116658428078314e-01
1.438457736035592405e-01
1.398912506178943138e-01
1.438457736035592405e-01
1.408798813643105108e-01
1.438457736035592405e-01
1.398912506178943138e-01
1.438457736035592405e-01
1.398912506178943138e-01
1.398912506178943138e-01
1.468116658428078314e-01
1.438457736035592405e-01
1.398912506178943138e-01
1.403855659911024956e-01
1.398912506178943138e-01
1.398912506178943138e-01
1.398912506178943138e-01
1.398912506178943138e-01
1.398912506178943138e-01
1.433514582303510587e-01
1.398912506178943138e-01
1.398912506178943138e-01
1.398912506178943138e-01
1.398912506178943138e-01
1.398912506178943138e-01
1.398912506178943138e-01
1.398912506178943138e-01
1.398912506178943138e-01
1.398912506178943138e-01
1.398912506178943138e-01
1.398912506178943138e-01
1.398912506178943138e-01
1.398912506178943138e-01
1.398912506178943138e-01
1.398912506178943138e-01
1.398912506178943138e-01
1.398912506178943138e-01
1.398912506178943138e-01
1.398912506178943138e-01
1.398912506178943138e-01
1.398912506178943138e-01
1.374196737518537381e-01
1.398912506178943138e-01
1.379139891250617533e-01
1.398912506178943138e-01
1.398912506178943138e-01
1.398912506178943138e-01
1.329708353929807685e-01
1.398912506178943138e-01
1.398912506178943138e-01
1.398912506178943138e-01
1.329708353929807685e-01
1.398912506178943138e-01
1.398912506178943138e-01
1.398912506178943138e-01
1.270390509144834479e-01
1.398912506178943138e-01
1.304992585269402205e-01
1.398912506178943138e-01
1.278497281265444374e-01
1.398912506178943138e-01
1.374196737518537381e-01
1.398912506178943138e-01
1.295106277805240236e-01
1.398912506178943138e-01
1.270390509144834479e-01
1.398912506178943138e-01
1.275333662876914631e-01
1.398912506178943138e-01
1.270390509144834479e-01
1.398912506178943138e-01
1.270390509144834479e-01
1.398912506178943138e-01
1.275333662876914631e-01
1.398912506178943138e-01
1.270390509144834479e-01
1.398912506178943138e-01
1.270390509144834479e-01
1.398912506178943138e-01
1.270390509144834479e-01
1.349480968858131624e-01
1.270390509144834479e-01
1.398912506178943138e-01
1.270390509144834479e-01
1.349480968858131624e-01
1.270390509144834479e-01
1.398912506178943138e-01
1.270390509144834479e-01
1.141868512110725958e-01
1.270390509144834479e-01
1.191300049431537333e-01
1.270390509144834479e-01
1.175086505190280767e-01
1.270390509144834479e-01
1.175086505190280767e-01
1.270390509144834479e-01
1.349480968858131624e-01
1.270390509144834479e-01
1.141868512110725958e-01
1.253089471082550754e-01
1.141868512110725958e-01
1.270390509144834479e-01
1.141868512110725958e-01
1.173999011369253609e-01
1.141868512110725958e-01
1.196243203163619151e-01
1.349480968858131624e-01
1.173999011369253609e-01
1.141868512110725958e-01
1.248146317350468937e-01
1.141868512110725958e-01
1.246070192782994385e-01
1.141868512110725958e-01
1.270390509144834479e-01
1.141868512110725958e-01
1.206524962926346645e-01
1.175086505190280767e-01
1.173999011369253609e-01
1.141868512110725958e-01
1.166584280771131715e-01
1.141868512110725958e-01
1.245674740484428861e-01
1.141868512110725958e-01
1.141868512110725958e-01
1.141868512110725958e-01
1.166584280771131715e-01
1.141868512110725958e-01
1.171527434503213533e-01
1.141868512110725958e-01
1.245674740484428861e-01
1.141868512110725958e-01
1.171527434503213533e-01
1.141868512110725958e-01
1.144340088976766034e-01
1.141868512110725958e-01
1.141868512110725958e-01
1.141868512110725958e-01
1.141868512110725958e-01
1.141868512110725958e-01
1.141868512110725958e-01
1.141868512110725958e-01
1.141868512110725958e-01
1.141868512110725958e-01
1.141868512110725958e-01
1.141868512110725958e-01
1.141868512110725958e-01
1.141868512110725958e-01
1.141868512110725958e-01
1.141868512110725958e-01
1.141868512110725958e-01
1.141868512110725958e-01
1.141868512110725958e-01
1.141868512110725958e-01
1.141868512110725958e-01
1.141868512110725958e-01
1.141868512110725958e-01
1.141868512110725958e-01
1.141868512110725958e-01
1.141868512110725958e-01
1.141868512110725958e-01
1.141868512110725958e-01
1.141868512110725958e-01
1.141868512110725958e-01
1.141868512110725958e-01
1.141868512110725958e-01
1.141868512110725958e-01
1.141868512110725958e-01
1.141868512110725958e-01
1.141868512110725958e-01
1.141868512110725958e-01
1.141868512110725958e-01
1.141868512110725958e-01
1.141868512110725958e-01
