8.559565259209386268e-01
7.716168125420793666e-01
7.022698855439069021e-01
6.903433682793113091e-01
6.565970953159562251e-01
6.000750216408580195e-01
5.756468211984226979e-01
5.703568337020293866e-01
5.592959507550254727e-01
5.130306819274791374e-01
5.017312686351832474e-01
4.996633644320476186e-01
4.756179667211694606e-01
4.725074540732904227e-01
4.528229296912570367e-01
4.609502741175339202e-01
4.436375877657016686e-01
4.321996729825909322e-01
4.179571030104837770e-01
4.076175819948060219e-01
4.171876502837356115e-01
4.219967298259112432e-01
3.903048956429740479e-01
3.831393671251323019e-01
3.605847840723286346e-01
3.629720111570645114e-01
3.626045974800423122e-01
3.626584591709143823e-01
3.051360969510436005e-01
3.101856304703279887e-01
3.253342310281812089e-01
3.311051264787919779e-01
3.291237857074156836e-01
2.763778012888332691e-01
2.671385976724053868e-01
2.817158795806483096e-01
2.926324901413869251e-01
2.918149466192171970e-01
2.737328075406366690e-01
2.543041261902472261e-01
2.522362219871117639e-01
2.685870924305088780e-01
2.566605751659130630e-01
2.546407617581996075e-01
2.490352986438393312e-01
2.473309608540927018e-01
2.428585168798691185e-01
2.454054054054055356e-01
2.443012407425219634e-01
2.454073290372221494e-01
2.401654323362509558e-01
2.399730691545638450e-01
2.414157930172163846e-01
2.407425218813117607e-01
2.416562469943252522e-01
2.346349908627489711e-01
2.351639896123881024e-01
2.361258055208232398e-01
2.370395306338365093e-01
2.398768875637202480e-01
2.303068192747908527e-01
2.308358180244302060e-01
2.309781667788784187e-01
2.263633740502068448e-01
2.267961912090026011e-01
2.262671924593631090e-01
2.253053765509283046e-01
2.274694623449073083e-01
2.242954698470712160e-01
2.252572857555065478e-01
2.244878330287582158e-01
2.260267384822544634e-01
2.235741079157448352e-01
2.214581129171875884e-01
2.180917572376648017e-01
2.206886601904395895e-01
2.216985668942963450e-01
2.227084735981533226e-01
2.213138405309225398e-01
2.191016639415216960e-01
2.172261229200729837e-01
2.144849475810330641e-01
2.206886601904395895e-01
2.188612099644128284e-01
2.196306626911610493e-01
2.165047609887467139e-01
2.152063095123593339e-01
2.137154948542849264e-01
2.111666826969318123e-01
2.173223045109165807e-01
2.166971241704338247e-01
2.159276714436854927e-01
2.139078580359718429e-01
2.108300471289795697e-01
2.079099740309704736e-01
2.073309608540924442e-01
2.176108492834470942e-01
2.150408771761083138e-01
2.122246801962104357e-01
2.111666826969317012e-01
2.083293257670480736e-01
2.007790708858324391e-01
2.057805136096950704e-01
2.092911416754832110e-01
2.057805136096949594e-01
2.079696066172931346e-01
2.001346542271808249e-01
2.026546119072809293e-01
2.038087909974030665e-01
2.049629700875252036e-01
2.049629700875252036e-01
1.964508992978744040e-01
1.907280946426855028e-01
1.983745311147445678e-01
2.016447052034240628e-01
2.044820621333076904e-01
2.043858805424641767e-01
1.836587477156872705e-01
1.918534192555542972e-01
1.929402712320861801e-01
1.999615273636626556e-01
2.043858805424641767e-01
2.043858805424641767e-01
1.796191209002598599e-01
1.855342887371356497e-01
1.905838222564201490e-01
1.966913532749831606e-01
2.023660671347503326e-01
1.706742329518129986e-01
1.756756756756756577e-01
1.812542079445992882e-01
1.889968260075021722e-01
1.945753582764259138e-01
1.995768010002886561e-01
1.687025103395209946e-01
1.742810426084446529e-01
1.788977589689332848e-01
1.863999230547273844e-01
1.899586419159371709e-01
1.970510724247377943e-01
1.665653553909781093e-01
1.724055015869962459e-01
1.775993074925459048e-01
1.816389343079735097e-01
1.872174665768971680e-01
1.659132442050591238e-01
1.659132442050591238e-01
1.711070501106087549e-01
1.754352216985669011e-01
1.802443012407425327e-01
1.804366644224296434e-01
1.635087044339713636e-01
1.658170626142156379e-01
1.662498797730115052e-01
1.732711359045878696e-01
1.685697797441568779e-01
1.623064345484273863e-01
1.607675290949312497e-01
1.657208810233721241e-01
1.649514282966240142e-01
1.673078772722901286e-01
1.635087044339712525e-01
1.614888910262577137e-01
1.609118014811966035e-01
1.610560738674617354e-01
1.639415215927671199e-01
1.623064345484272752e-01
1.637491584110801202e-01
1.627873425026449827e-01
1.610560738674618464e-01
1.604789843224007362e-01
1.608637106857738752e-01
1.599018947773396260e-01
1.599018947773396260e-01
1.586515340963738641e-01
1.612003462537271170e-01
1.594209868231221128e-01
1.597095315956527095e-01
1.599018947773396260e-01
1.581706261421563786e-01
1.585553525055303781e-01
1.599018947773396260e-01
1.589400788689044886e-01
1.579782629604693511e-01
1.599018947773396260e-01
1.580744445513128649e-01
1.584591709146868643e-01
1.588438972780610858e-01
1.591805328460133562e-01
1.582187169375782188e-01
1.575935365970953517e-01
1.579782629604693511e-01
1.583629893238433783e-01
1.587477156872175998e-01
1.574973550062518657e-01
1.584591709146869754e-01
1.574973550062518657e-01
1.578820813696258651e-01
1.574973550062518657e-01
1.574973550062518657e-01
1.568721746657689708e-01
1.574973550062518657e-01
1.574973550062517547e-01
1.577858997787823514e-01
1.574973550062518657e-01
1.574973550062518657e-01
1.565355390978166172e-01
1.560546311435991040e-01
1.574973550062518657e-01
1.559584495527557013e-01
1.574492642108299978e-01
1.534096373954025871e-01
1.561989035298644579e-01
1.558141771664902364e-01
1.567759930749254849e-01
1.567279022795037280e-01
1.536500913725112327e-01
1.544195440992594814e-01
1.532653650091371222e-01
1.555737231893815908e-01
1.565355390978168393e-01
1.574973550062518657e-01
1.544195440992593704e-01
1.513417331922670972e-01
1.482639222852746019e-01
1.553332692122727510e-01
1.562950851207079717e-01
1.572569010291429981e-01
1.551889968260075914e-01
1.499951909204578493e-01
1.490333750120227119e-01
1.550928152351640776e-01
1.560546311435991040e-01
1.560546311435991040e-01
1.559584495527557013e-01
1.488891026257573580e-01
1.461960180821389732e-01
1.467250168317783543e-01
1.558141771664902364e-01
1.567759930749254849e-01
1.510531884197364727e-01
1.493219197845532253e-01
1.505722804655189595e-01
1.474944695585263810e-01
1.418197556987591257e-01
1.544195440992595647e-01
1.574973550062518657e-01
1.493700105799749822e-01
1.472540155814177076e-01
1.482639222852746019e-01
1.413696258536115691e-01
1.416273925170720982e-01
1.567279022795038390e-01
1.501875541021448490e-01
1.477830143310570887e-01
1.456670193324998419e-01
1.399442146773107187e-01
1.409060305857459394e-01
1.514860055785322290e-01
1.504280080792536056e-01
1.483120130806963588e-01
1.461960180821389732e-01
1.407136674040587454e-01
1.376358564970664444e-01
1.514860055785322290e-01
1.503799172838319598e-01
1.488410118303354901e-01
1.467250168317784653e-01
1.414831201308068553e-01
1.387130903145133709e-01
1.353274983168220869e-01
1.514860055785322290e-01
1.470616523997305969e-01
1.472540155814177076e-01
1.422525728575549653e-01
1.391747619505626088e-01
1.360969510435701135e-01
1.509570068288928757e-01
1.481677406944311992e-01
1.477830143310570887e-01
1.430220255843032140e-01
1.399442146773107187e-01
1.368664037703183345e-01
1.514860055785322290e-01
1.485043762623833585e-01
1.434067519476771024e-01
1.437914783110512129e-01
1.407136674040587454e-01
1.376358564970664444e-01
1.345580455900739769e-01
1.473232663268251308e-01
1.322496874098297026e-01
1.445609310377993506e-01
1.414831201308068553e-01
1.384053092238144711e-01
1.332115033182648400e-01
1.514860055785322290e-01
1.460998364912953762e-01
1.407136674040588287e-01
1.422525728575549653e-01
1.391747619505626088e-01
1.334519572953734856e-01
1.324901413869384592e-01
1.322496874098297026e-01
1.333884774454159039e-01
1.430220255843032140e-01
1.382610368375493393e-01
1.368664037703183345e-01
1.327305953640473268e-01
1.322496874098297026e-01
1.322496874098297026e-01
1.380205828604404716e-01
1.407136674040587454e-01
1.339328652495913041e-01
1.329710493411560834e-01
1.322496874098297026e-01
1.322496874098297026e-01
1.393671251322497195e-01
1.307588727517552118e-01
1.382610368375493393e-01
1.332115033182648400e-01
1.322496874098297026e-01
1.322496874098297026e-01
1.322496874098297026e-01
1.324901413869385702e-01
1.274886986630758279e-01
1.334519572953734856e-01
1.324901413869384592e-01
1.322496874098297026e-01
1.322496874098297026e-01
1.285466961623545623e-01
1.346542271809174629e-01
1.336924112724823532e-01
1.327305953640473268e-01
1.322496874098297026e-01
1.322496874098297026e-01
1.267192459363278012e-01
1.264307011637973155e-01
1.285466961623545623e-01
1.329710493411560834e-01
1.322496874098297026e-01
1.228719823025873070e-01
1.268154275271713149e-01
1.259017024141579344e-01
1.280176974127151812e-01
1.332115033182648400e-01
1.322496874098297026e-01
1.221025295758392942e-01
1.251803404828315536e-01
1.253727036645185811e-01
1.274886986630758279e-01
1.296046936616330747e-01
1.316725978647687034e-01
1.206117149177649006e-01
1.227277099163219393e-01
1.248437049148792000e-01
1.269596999134364468e-01
1.290756949119937214e-01
1.326344137732038131e-01
1.205636241223430466e-01
1.221987111666827941e-01
1.243147061652400548e-01
1.264307011637973155e-01
1.285466961623545623e-01
1.305184187746464552e-01
1.197941713955948118e-01
1.216697124170434269e-01
1.237857074156006876e-01
1.259017024141579344e-01
1.280176974127151812e-01
1.190247186688467990e-01
1.190247186688467990e-01
1.211407136674040597e-01
1.232567086659613204e-01
1.253727036645185811e-01
1.274886986630758279e-01
1.293642396845244291e-01
1.197941713955949228e-01
1.206117149177649006e-01
1.227277099163219393e-01
1.248437049148792000e-01
1.264787919592189613e-01
1.190247186688467990e-01
1.190247186688467990e-01
1.205636241223430466e-01
1.221987111666827941e-01
1.243147061652400548e-01
1.264307011637973155e-01
1.285466961623545623e-01
1.190247186688467990e-01
1.195537174184861662e-01
1.216697124170434269e-01
1.237857074156006876e-01
1.253246128690969352e-01
1.190247186688467990e-01
