5.780074999498666655e-01
5.231415565403975121e-01
5.004423767220808061e-01
4.700194517416326767e-01
4.617482503459201526e-01
4.421196382377121648e-01
4.377042934204987135e-01
4.225728437644133417e-01
4.209994585597689465e-01
3.779854412737883584e-01
3.772334409529347621e-01
3.735496420478474078e-01
3.622034612068101289e-01
3.564882587683238513e-01
3.566226161589827193e-01
3.564581787554896297e-01
3.431126797280767415e-01
3.261575791605670904e-01
3.212080133154188721e-01
3.256261656004973970e-01
3.290352337216997936e-01
3.120801331541901980e-01
3.132267832434275645e-01
2.975214069424669816e-01
2.923023241823248797e-01
2.986768805021356998e-01
2.991457276355104500e-01
2.871337758437443877e-01
2.823510538031162587e-01
2.710309423065353496e-01
2.662381935949627021e-01
2.673832394168486615e-01
2.699881685282854993e-01
2.731265165339804568e-01
2.540056550424131254e-01
2.520905608919727370e-01
2.448011711151663328e-01
2.449086570276937380e-01
2.502155734253111996e-01
2.447811177732771570e-01
2.475877835041211394e-01
2.389355686125092249e-01
2.303627649547796974e-01
2.275753504321494092e-01
2.256117271943368363e-01
2.254196161790358033e-01
2.471574387871739165e-01
2.224818015922355452e-01
2.165560390639101052e-01
2.123540618043996964e-01
2.143702247979626108e-01
2.098582228728421428e-01
2.019973128521868333e-01
2.046243006397017172e-01
2.023382196643071784e-01
1.998114985862398663e-01
1.966731505805443814e-01
1.982954659393991459e-01
1.989191248721600136e-01
1.983175246154772198e-01
1.986183247438186028e-01
1.960214169691379404e-01
1.917199751338561631e-01
1.839091984679248060e-01
1.788858363246235705e-01
1.930535223695029057e-01
1.896544809192451109e-01
1.854733591352999422e-01
1.870976798283433828e-01
1.773417289991378321e-01
1.763414683056932497e-01
1.925120821384884162e-01
1.888222672308339234e-01
1.811919706419077014e-01
1.740529809292719887e-01
1.728999137706300204e-01
1.711552730262497490e-01
1.719574067018270480e-01
1.543806525357452886e-01
1.691683879118455747e-01
1.714159664708123920e-01
1.673952714219827942e-01
1.661118575410595044e-01
1.537790522790623005e-01
1.525758517656967128e-01
1.683377784907854058e-01
1.600256682776184936e-01
1.639962299717250271e-01
1.565841137425549034e-01
1.515832113421701210e-01
1.511219844787133337e-01
1.467403292758740208e-01
1.506507309443118614e-01
1.464295024765879250e-01
1.507509976537589336e-01
1.469408626947681651e-01
1.388693925842741650e-01
1.446046483646499792e-01
1.497784105721220727e-01
1.473519562035011388e-01
1.455070487496741560e-01
1.430304610263299636e-01
1.388693925842741650e-01
1.398620330078007568e-01
1.411855535725028143e-01
1.426494475304308784e-01
1.395712595504040587e-01
1.401828864780317041e-01
1.386688591653798541e-01
1.389696592937212372e-01
1.362825114805383819e-01
1.423787274149231896e-01
1.369041650791103792e-01
1.381675256181442990e-01
1.366234182926583662e-01
1.382577656566465196e-01
1.358112579461367431e-01
1.343473639882086790e-01
1.358413379589707981e-01
1.339763771632542788e-01
1.337758437443599402e-01
1.388693925842741650e-01
1.369643251047787114e-01
1.337958970862495045e-01
1.344977640523793705e-01
1.357210179076343559e-01
1.335552569835762315e-01
1.337758437443597737e-01
1.331541901457877486e-01
1.335552569835762315e-01
1.328533900174463656e-01
1.303467222812682569e-01
1.312892293500712293e-01
1.325124832053262147e-01
1.324924298634368169e-01
1.328533900174463656e-01
1.328533900174463656e-01
1.298453887340325352e-01
1.300459221529266796e-01
1.319610163033672068e-01
1.326729099404414247e-01
1.328533900174463656e-01
1.328533900174463656e-01
1.293440551867970079e-01
1.264780315639595087e-01
1.312491226662922950e-01
1.328533900174463656e-01
1.291635751097924001e-01
1.254537068602481764e-01
1.260954138007099046e-01
1.292437884773499357e-01
1.275392544167489595e-01
1.318206429101412003e-01
1.320111496580904653e-01
1.236689594320893454e-01
1.241502396374356831e-01
1.288427216395610919e-01
1.258146670142575307e-01
1.275224096095623205e-01
1.232678925943008624e-01
1.241502396374356831e-01
1.240299195860990605e-01
1.188962640624060679e-01
1.203401046784445677e-01
1.261455471554331909e-01
1.230473058335171677e-01
1.234283193294162528e-01
1.202999979946658138e-01
1.191770108488579005e-01
1.186957306435119236e-01
1.239095995347626045e-01
1.228267190727334590e-01
1.217037319269257400e-01
1.237892794834259680e-01
1.194577576353099274e-01
1.178033569294325844e-01
1.179136503098241751e-01
1.220546654099907563e-01
1.226161589828944493e-01
1.208614915675696733e-01
1.197385044217619543e-01
1.169109832153527179e-01
1.183347704895020280e-01
1.166703431126796392e-01
1.166101830870116818e-01
1.211422383540217002e-01
1.200192512082137869e-01
1.160186095012733926e-01
1.123689012773980145e-01
1.147552489622396532e-01
1.223554655383319867e-01
1.204704514007257088e-01
1.202999979946658138e-01
1.151262357871940534e-01
1.118775944011071583e-01
1.144043154791748035e-01
1.158080494114345493e-01
1.158080494114345493e-01
1.091403132332001424e-01
1.071349790442577693e-01
1.113862875248163020e-01
1.133515150299800878e-01
1.151663424709730016e-01
1.158080494114345493e-01
1.047185513465820617e-01
1.056209517316060859e-01
1.080875127840054128e-01
1.128602081536890511e-01
1.142839954278385278e-01
9.905348226281962543e-02
1.011390298193196868e-01
1.042272444702912054e-01
1.104036737722342287e-01
1.123689012773980145e-01
1.134618084103716645e-01
1.158080494114345493e-01
1.023723103455197181e-01
1.034551908075485027e-01
1.074357791725991662e-01
1.074658591854335959e-01
1.127599414442417985e-01
9.650670784286206894e-02
9.959492249383357365e-02
1.026831371448050922e-01
1.057713517957771382e-01
1.064230854071835652e-01
1.105941805201840489e-01
9.678745462931391541e-02
9.882286883109088482e-02
1.019110834820623895e-01
1.049992981330339081e-01
1.053803116289329933e-01
9.650670784286206894e-02
9.706820141576592842e-02
9.805081516834818212e-02
1.011390298193196868e-01
1.001664427376824928e-01
1.043375378506829626e-01
9.938436240399474431e-02
9.734894820221795531e-02
9.727876150560529900e-02
1.003669761565768176e-01
1.034551908075485027e-01
1.032947640724331123e-01
9.650670784286206894e-02
9.762969498866978790e-02
9.650670784286206894e-02
9.574468085106388471e-02
9.808089518118259797e-02
9.650670784286206894e-02
9.650670784286206894e-02
9.650670784286206894e-02
9.651673451380675395e-02
9.650670784286206894e-02
9.703812140293203992e-02
9.650670784286206894e-02
9.650670784286206894e-02
9.650670784286206894e-02
9.596526761184775989e-02
9.612569434696296988e-02
9.536366735516478566e-02
9.650670784286206894e-02
9.650670784286206894e-02
9.650670784286206894e-02
9.569454749634025148e-02
9.631620109491242920e-02
9.555417410311424498e-02
9.479214711131606075e-02
9.650670784286206894e-02
9.434094691880413885e-02
9.542382738083310389e-02
9.650670784286206894e-02
9.574468085106388471e-02
9.498265385926550619e-02
9.650670784286206894e-02
9.407022680329697739e-02
9.515310726532594243e-02
9.623598772735492135e-02
9.593518759901334403e-02
9.517316060721514592e-02
9.650670784286206894e-02
9.650670784286206894e-02
9.488238714981879485e-02
9.596526761184775989e-02
9.612569434696296988e-02
9.536366735516478566e-02
9.650670784286206894e-02
9.352878657228232140e-02
9.461166703431128644e-02
9.569454749634025148e-02
9.631620109491242920e-02
9.555417410311424498e-02
9.479214711131606075e-02
9.078147873343096752e-02
9.434094691880413885e-02
9.542382738083310389e-02
9.650670784286206894e-02
9.574468085106388471e-02
9.038041189564248457e-02
9.070126536587326538e-02
9.354883991417152489e-02
9.515310726532594243e-02
9.544388072272354251e-02
9.593518759901334403e-02
9.517316060721514592e-02
9.062105199831557711e-02
9.094190546854653834e-02
9.476206709848199183e-02
9.438105360258342014e-02
9.391982673912663282e-02
9.021998516052710804e-02
9.054083863075787497e-02
9.086169210098865578e-02
9.314777307638286152e-02
9.228547937513778554e-02
8.907092867026268623e-02
9.013977179296940589e-02
9.046062526320018671e-02
9.078147873343096752e-02
9.110233220366174833e-02
9.134297230633482700e-02
8.973870495518093682e-02
9.005955842541171763e-02
9.038041189564248457e-02
9.070126536587326538e-02
8.669059698798818603e-02
8.592856999618980751e-02
8.973870495518093682e-02
8.667054364609862172e-02
9.030019852808497671e-02
9.062105199831557711e-02
9.094190546854653834e-02
8.651011691098287049e-02
8.973870495518093682e-02
8.769326408245980975e-02
8.660035694948561846e-02
9.054083863075787497e-02
9.064110534020496102e-02
8.925742474983423824e-02
8.554755650029090275e-02
8.524675637194949196e-02
8.632963683397829047e-02
8.741251729600743592e-02
8.726211723183655011e-02
8.650009024003854630e-02
8.573806324824018166e-02
8.973870495518093682e-02
8.605891671847130941e-02
9.038041189564248457e-02
9.044057192131062239e-02
8.669059698798818603e-02
8.592856999618980751e-02
8.516654300439162328e-02
8.578819660296398142e-02
8.840515771953401380e-02
8.497603625644216396e-02
8.688110373593763147e-02
8.611907674413944724e-02
8.535704975234126302e-02
8.551747648745647301e-02
8.660035694948561846e-02
8.783363747568528890e-02
8.707161048388727120e-02
8.630958349208890656e-02
8.554755650029090275e-02
8.524675637194949196e-02
8.497603625644216396e-02
8.802414422363491475e-02
8.497603625644216396e-02
8.650009024003854630e-02
8.573806324824018166e-02
8.497603625644216396e-02
8.497603625644216396e-02
8.497603625644216396e-02
8.497603625644216396e-02
8.497603625644216396e-02
8.592856999618980751e-02
8.516654300439162328e-02
8.534702308139657800e-02
8.497603625644216396e-02
8.497603625644216396e-02
8.497603625644216396e-02
8.611907674413944724e-02
8.535704975234126302e-02
8.505624962399968569e-02
8.497603625644216396e-02
8.497603625644216396e-02
8.707161048388727120e-02
8.630958349208890656e-02
8.554755650029090275e-02
8.497603625644216396e-02
8.497603625644216396e-02
8.497603625644216396e-02
8.497603625644216396e-02
8.650009024003854630e-02
