1.159348506279199498e+00
1.055711285414255629e+00
1.070627062706270394e+00
9.749689254639750668e-01
8.997042561398996829e-01
8.175388967468174561e-01
7.961510436757962550e-01
7.610166730958808357e-01
7.537816638806736913e-01
7.668029660108869328e-01
6.938733873387338269e-01
6.757104281856758377e-01
6.372637263726372847e-01
6.315202948866315280e-01
6.206763533496206797e-01
5.949303501778748782e-01
6.043804380438044799e-01
5.694140842655693868e-01
5.678607860786077932e-01
5.419159058763017844e-01
5.269144057262867831e-01
5.175517551755175472e-01
5.249050619347650493e-01
5.136513651365136601e-01
4.937002271655735464e-01
4.917063134884916420e-01
4.601174403154602577e-01
4.573743088594574568e-01
4.571600017144571426e-01
4.550597916934551179e-01
4.443444344434444027e-01
4.344005829154343190e-01
4.186704384724186379e-01
4.110411041104111707e-01
4.233423342334233785e-01
4.118983326904118170e-01
4.086837255154087689e-01
4.082311088251681652e-01
4.017830354464017040e-01
3.963396339633963872e-01
3.982683982683983825e-01
3.971111396853972408e-01
3.969396939693971005e-01
3.806523509493804913e-01
3.770519909133770442e-01
3.790236166473790469e-01
3.803951823753805028e-01
3.890531910333891452e-01
3.880245167373880255e-01
3.748231966053747755e-01
3.597394025116797400e-01
3.731087394453732609e-01
3.762804851913764126e-01
3.883245467403884099e-01
3.556212764133555582e-01
3.389910419613388903e-01
3.491063392053492254e-01
3.479919420513480355e-01
3.430200162873430214e-01
3.426771248553427407e-01
3.252325232523252119e-01
3.221036389353221230e-01
3.233466203763235014e-01
3.301615875873300521e-01
3.196605374823194845e-01
3.400625776863399063e-01
3.075307530753074725e-01
3.122026488363122687e-01
3.036732244653038149e-01
3.037160858943036001e-01
3.062517680339463255e-01
3.064592173503064010e-01
2.977583472632978068e-01
2.975440401182974925e-01
2.930864515022929551e-01
2.869572671552870768e-01
2.794565170802793541e-01
2.780849513522781202e-01
2.733273327332734204e-01
2.735845013072734644e-01
2.783901247267582257e-01
2.783849813552782826e-01
2.692126355492691636e-01
2.647550469332646261e-01
2.633834812052633922e-01
2.742702841712742479e-01
2.695983884102696182e-01
2.540825511122540847e-01
2.592259225922590171e-01
2.586687240152586442e-01
2.618833311902618033e-01
2.365950880802367984e-01
2.429385795722428243e-01
2.485105653422483574e-01
2.551112254082549824e-01
2.525824010972526623e-01
2.625262526252624684e-01
2.309373794522308343e-01
2.346234623462344904e-01
2.390381895332390760e-01
2.409240924092409530e-01
2.518108953752515866e-01
2.206506364922205254e-01
2.257082851142256097e-01
2.322232223222323588e-01
2.265655136942265613e-01
2.390296172474386249e-01
2.228794308002229052e-01
2.197505464832196220e-01
2.247653336762247545e-01
2.279799408512282743e-01
2.207363593502207899e-01
2.291423428057088041e-01
2.134070549912134018e-01
2.121212121212120716e-01
2.191556298486992405e-01
2.113068449702114604e-01
2.183361193262184641e-01
2.139642535682138025e-01
2.127212721272126184e-01
2.185504264712185563e-01
2.175217521752174643e-01
2.067635334962066584e-01
2.122069349792121695e-01
2.097209720972097458e-01
2.098066949552098437e-01
2.089494663752090586e-01
1.984912776991984151e-01
2.030774506022029746e-01
2.037203720372038340e-01
2.046804680468044257e-01
2.068063949252067768e-01
2.067206720672067066e-01
1.970768505421970629e-01
1.979340791221978479e-01
2.020487763062020770e-01
1.960910376751960893e-01
1.971625734001971608e-01
1.971625734001971608e-01
1.970339891131969445e-01
1.967339591101967822e-01
1.950195019501950455e-01
1.967339591101967822e-01
1.910762504821911512e-01
1.971625734001971608e-01
1.969911276841969927e-01
1.971625734001971608e-01
1.954481162401954242e-01
1.958767305301958306e-01
1.948051948051947591e-01
1.948480562341949052e-01
1.958767305301958306e-01
1.954052548111955001e-01
1.958767305301958306e-01
1.941622733701940939e-01
1.888474561741887991e-01
1.903047447601902975e-01
1.907333590501906762e-01
1.932193219321932665e-01
1.963053448201962092e-01
1.897046847541895565e-01
1.922335090651922929e-01
1.883331190261883503e-01
1.845184518451844780e-01
1.907333590501906762e-01
1.913762804851913413e-01
1.898761304701899189e-01
1.891903476061891076e-01
1.885045647421884907e-01
1.851613732801851431e-01
1.894475161801895124e-01
1.907333590501906762e-01
1.871758604431872086e-01
1.893617933221892480e-01
1.855899875701855217e-01
1.838755304101838128e-01
1.860186018601859004e-01
1.897904076121898209e-01
1.846898975611846183e-01
1.818181818181817955e-01
1.829325789721827633e-01
1.843041447001841915e-01
1.849042047061849048e-01
1.888474561741887991e-01
1.847327589901843758e-01
1.800180018001799886e-01
1.864472161501862790e-01
1.779606532081779713e-01
1.764176417641764028e-01
1.791179117911790852e-01
1.800180018001799886e-01
1.800180018001799886e-01
1.672452959581670895e-01
1.720457760061719354e-01
1.759033046161757596e-01
1.779606532081779713e-01
1.800180018001799886e-01
1.800180018001799886e-01
1.660451759461660237e-01
1.733316188761732934e-01
1.753889674681753108e-01
1.774463160601773282e-01
1.797179717971798263e-01
1.800180018001799886e-01
1.648450559341647637e-01
1.668166816681667108e-01
1.748746303201748342e-01
1.723029445801723680e-01
1.789893275041788967e-01
1.588444558741586854e-01
1.621019244781621571e-01
1.658737302301656891e-01
1.694740902661696635e-01
1.764176417641764028e-01
1.761604731901763587e-01
1.576443358621576196e-01
1.611589730401611076e-01
1.649307787921648616e-01
1.687025845441687821e-01
1.663023445201662620e-01
1.748746303201750285e-01
1.564442158501563596e-01
1.602160216021602801e-01
1.639878273541640064e-01
1.608160816081609934e-01
1.625305387681625358e-01
1.735887874501736983e-01
1.568728301401567382e-01
1.592730701641590640e-01
1.617161716171617025e-01
1.588444558741586854e-01
1.628734302001628442e-01
1.564442158501563596e-01
1.573014444301571169e-01
1.583301187261582088e-01
1.564442158501563596e-01
1.564442158501563596e-01
1.611589730401613019e-01
1.564442158501563596e-01
1.566499507093563892e-01
1.573871672881571870e-01
1.605160516051602482e-01
1.564442158501563596e-01
1.564442158501563596e-01
1.564442158501563596e-01
1.564442158501563596e-01
1.564442158501563596e-01
1.564442158501563596e-01
1.526295486691524872e-01
1.564442158501563596e-01
1.564442158501563596e-01
1.564442158501563596e-01
1.564442158501563596e-01
1.564442158501563596e-01
1.512579829411510590e-01
1.564442158501563596e-01
1.564442158501563596e-01
1.564442158501563596e-01
1.549012044061547910e-01
1.527581329561526757e-01
1.535296386781533629e-01
1.564442158501563596e-01
1.377137713771375005e-01
1.564442158501563596e-01
1.541296986841541039e-01
1.546011744031546009e-01
1.472290086151470945e-01
1.501435857871500634e-01
1.564442158501563596e-01
1.564442158501563596e-01
1.533581929621534168e-01
1.564442158501563596e-01
1.490720500621488254e-01
1.489863272041489495e-01
1.398997042561395399e-01
1.495006643521493983e-01
1.525866872401525354e-01
1.556727101281556724e-01
1.509150915091509448e-01
1.435429257211434384e-01
1.357421456431355533e-01
1.564442158501563596e-01
1.518151815181516540e-01
1.549012044061547910e-01
1.527581329561526757e-01
1.453859671681451693e-01
1.358707299301359361e-01
1.353563927821350987e-01
1.510436757961509668e-01
1.541296986841541039e-01
1.546011744031546009e-01
1.365136513651366013e-01
1.359993142171359581e-01
1.283699798551282134e-01
1.502721700741500854e-01
1.533581929621534168e-01
1.564442158501563596e-01
1.490720500621488254e-01
1.285842870001284999e-01
1.242981441001241305e-01
1.238695298101237380e-01
1.178689297501176458e-01
1.549869272641548612e-01
1.509150915091505840e-01
1.296558227251295714e-01
1.253696798251253686e-01
1.210835369251209853e-01
1.167973940251167825e-01
1.371565728001370998e-01
1.374137413741373104e-01
1.307273584501306152e-01
1.264412155501264123e-01
1.221550726501220291e-01
1.208692297801208793e-01
1.371565728001370998e-01
1.407397882645384513e-01
1.317988941751316589e-01
1.275127512751274561e-01
1.232266083751230729e-01
1.189404654751188839e-01
1.533581929621534168e-01
1.371565728001370998e-01
1.328704299001327027e-01
1.285842870001284999e-01
1.150949380652348530e-01
1.076679096481076153e-01
1.137970939951137295e-01
9.356649950709344798e-02
1.339419656251337465e-01
1.236552226651234515e-01
1.253696798251253686e-01
1.210835369251209853e-01
1.021387853071022145e-01
9.562384809909546535e-02
9.262354806909260663e-02
1.260983241181259096e-01
1.264412155501264123e-01
1.146114611461145488e-01
1.039818267541039593e-01
9.660966096609643894e-02
9.185204234709172522e-02
1.317988941751316589e-01
1.205691997771205226e-01
1.149972140071149895e-01
1.124255282671125095e-01
1.001671595730998926e-01
9.108053662509103809e-02
1.294415155801292849e-01
1.217264583601218308e-01
1.150400754361147471e-01
1.076679096481076153e-01
1.002957438601000950e-01
9.292357807209278286e-02
9.339505379109348804e-02
1.236552226651234515e-01
1.168831168831168665e-01
1.095109510951093462e-01
1.021387853071022145e-01
9.476661951909470805e-02
9.262354806909260663e-02
9.570957095709572982e-02
1.187261583301187917e-01
1.113539925421112714e-01
1.039818267541039593e-01
9.660966096609643894e-02
9.185204234709172522e-02
9.108053662509103809e-02
1.128541425571128881e-01
1.131970339891130162e-01
1.058248682011058844e-01
9.845270241309816983e-02
9.108053662509103809e-02
9.108053662509103809e-02
1.155544125841155845e-01
1.047533324761044521e-01
1.076679096481076153e-01
1.002957438601000950e-01
9.292357807209278286e-02
9.108053662509103809e-02
9.108053662509103809e-02
9.108053662509103809e-02
9.665252239509657117e-02
9.108053662509103809e-02
9.476661951909470805e-02
9.108053662509103809e-02
9.108053662509103809e-02
1.090737645193089050e-01
1.113539925421112714e-01
1.039818267541039593e-01
9.660966096609643894e-02
9.108053662509103809e-02
9.108053662509103809e-02
1.128541425571128881e-01
1.020530624491017557e-01
9.125198234109119233e-02
