6.863958581555421601e-01
6.604596144450251005e-01
6.603560683335761849e-01
6.500261436788015157e-01
6.176594121529535020e-01
5.804668146713183319e-01
5.478446465460342640e-01
5.374139187231601333e-01
5.214534171073949009e-01
5.310681192837490849e-01
5.269708476552121823e-01
4.904296992191184423e-01
4.851581049690132375e-01
4.686918731731568033e-01
4.398138227201424111e-01
4.572486563863435438e-01
4.650574732348734530e-01
4.411424359051286381e-01
4.327997737071735962e-01
4.292630911257210857e-01
4.156073476594979166e-01
4.122986722439847540e-01
4.119294034955384154e-01
3.956010046030018490e-01
4.011554648860393146e-01
3.965353196814757064e-01
3.792119180888542385e-01
3.588112769258461343e-01
3.662686541577022670e-01
3.683001465760349924e-01
3.671295955015728696e-01
3.585969844766550563e-01
3.559311864087156274e-01
3.404335564832037253e-01
3.387963621713828144e-01
3.460651620479501256e-01
3.421890402269788800e-01
3.470509073142297729e-01
3.384192074608060041e-01
3.345790867712988836e-01
3.330800682307158422e-01
3.292389189374523295e-01
3.244901982633741078e-01
3.235044529970942939e-01
3.230419241747596315e-01
3.215415341625021961e-01
3.145813154127701794e-01
3.125247936363718115e-01
3.144602830374664815e-01
3.145470286208995048e-01
3.106726211395215431e-01
3.073810891199437179e-01
3.117173396878187841e-01
3.024780778824479599e-01
3.039866967247542573e-01
2.993747803502389560e-01
3.014666175222650013e-01
2.923720459785884018e-01
2.973093440079545013e-01
2.998037081165408901e-01
2.873576026675125350e-01
2.833374763206844560e-01
2.858890993716945439e-01
2.908277688727356480e-01
2.912148667529552148e-01
2.903834120500931038e-01
2.795967873276017923e-01
2.868690158833562265e-01
2.825403084096928530e-01
2.825060216178221784e-01
2.883090611419218408e-01
2.901519762049664664e-01
2.704542142753057488e-01
2.740862141381597006e-01
2.703945552574507638e-01
2.708656557777530671e-01
2.713799576558119653e-01
2.682588309918312319e-01
2.702999237118882681e-01
2.660055030300953471e-01
2.673855464028869200e-01
2.645654577715299549e-01
2.667255256593779600e-01
2.674626916845957436e-01
2.580969116172222022e-01
2.619768049852997382e-01
2.610510616047934107e-01
2.588309918311720859e-01
2.556766069790764595e-01
2.629196917617415696e-01
2.550508730274380631e-01
2.542365617205113448e-01
2.531650994745549554e-01
2.500278580183948884e-01
2.493764089728533195e-01
2.528908051395901690e-01
2.543651371900259583e-01
2.522393560940487389e-01
2.485106674781208114e-01
2.448419807479663146e-01
2.447391203723544573e-01
2.436076562406246371e-01
2.529422353273962920e-01
2.496078448179797904e-01
2.465906071333670291e-01
2.448676958418693483e-01
2.441648166085222948e-01
2.396218166856673437e-01
2.426219109743450175e-01
2.371960261608221654e-01
2.378474752063632902e-01
2.407978536468292352e-01
2.406589921397530862e-01
2.380531959575871714e-01
2.364760035315393583e-01
2.356616922246128065e-01
2.372217412547250326e-01
2.319158602127494584e-01
2.317187111594939675e-01
2.356616922246129453e-01
2.330987545322853738e-01
2.352931092120037759e-01
2.347445205420740644e-01
2.317701413473000627e-01
2.275244079099629224e-01
2.281614565029186636e-01
2.340930714965326342e-01
2.339130658392123974e-01
2.348816677095565963e-01
2.209012283243189378e-01
2.248366662952260842e-01
2.266356942646769457e-01
2.296357885533545917e-01
2.331844715119618106e-01
2.143695944729691605e-01
2.166496661323644990e-01
2.211498075653808293e-01
2.249213546711469058e-01
2.279128772618567722e-01
2.262413961581656308e-01
2.126809699733421544e-01
2.157496378457610109e-01
2.202069207889391922e-01
2.226412830117520114e-01
2.210983773775750394e-01
2.117209398009652632e-01
2.117209398009652632e-01
2.149438982368019335e-01
2.165756066619235476e-01
2.215869641617313479e-01
2.095265851212466945e-01
2.109494869838766939e-01
2.116095077273857650e-01
2.134952812802690392e-01
2.153553397392489466e-01
2.102123209586587993e-01
2.096637322887292543e-01
2.114809322578713180e-01
2.114980756538064055e-01
2.095180134232796643e-01
2.131524133615629035e-01
2.103494681261411925e-01
2.085751266468375831e-01
2.084722662712258645e-01
2.073922323273018342e-01
2.082922606139051835e-01
2.082922606139051835e-01
2.085579832509021625e-01
2.099380266236940129e-01
2.084979813651286207e-01
2.083951209895169021e-01
2.082922606139051835e-01
2.082922606139051835e-01
2.082922606139051835e-01
2.068436436573722892e-01
2.085236964590316544e-01
2.061921946118306925e-01
2.063550568732165913e-01
2.082922606139051835e-01
2.062864832894749367e-01
2.086522719285464067e-01
2.085494115529346881e-01
2.063293417793130857e-01
2.057807531093835129e-01
2.057293229215777230e-01
2.048892965207478323e-01
2.066207795102132927e-01
2.055064587744187266e-01
2.064664889467956177e-01
2.059179002768659061e-01
2.056178908479982248e-01
2.060636191423160790e-01
2.065093474366339332e-01
2.055064587744187266e-01
2.066036361142778721e-01
2.055150304723863675e-01
2.055064587744187266e-01
2.059521870687365808e-01
2.055064587744187266e-01
1.974833494766983777e-01
2.008091682881466000e-01
2.029486641008717007e-01
2.049235833126186457e-01
2.048635814268449373e-01
2.055064587744187266e-01
2.055064587744187266e-01
2.055064587744187266e-01
2.033035323967329888e-01
2.043407078508185648e-01
2.050778738760361541e-01
2.055064587744187266e-01
2.055064587744187266e-01
1.976547834360509737e-01
2.004663003694403256e-01
2.033463908865706937e-01
2.052921663252273710e-01
2.044349965284623372e-01
2.024892210898056599e-01
1.983148041795602112e-01
1.997462777401576850e-01
2.026263682572882197e-01
2.055064587744187266e-01
2.046492889776537205e-01
1.932660740766138363e-01
1.961461645937448428e-01
1.990262551108752109e-01
2.019063456280057178e-01
2.047864361451362525e-01
2.049431267839845749e-01
2.040064116300799035e-01
1.949889853681115170e-01
1.983062324815922650e-01
2.011863229987232438e-01
2.015806211052356134e-01
2.050778738760361541e-01
1.912088665643779661e-01
1.925631948432666163e-01
1.975862098523097909e-01
2.004663003694403256e-01
1.875058930423527948e-01
1.881230552960240221e-01
1.905917043107072106e-01
1.920574646631753590e-01
1.940803853835408599e-01
1.916974533485342747e-01
1.972776287254744965e-01
2.055064587744187266e-01
2.046492889776537205e-01
1.915517344830841018e-01
1.935746552034496026e-01
1.874287477606445818e-01
1.956918646014595142e-01
2.027378003308681620e-01
1.890230835826270384e-01
1.910460043029923727e-01
1.930689250233579013e-01
1.856629779793079749e-01
1.937289457668680270e-01
1.875058930423527948e-01
1.885173534025357811e-01
1.905402741229011154e-01
1.925631948432666163e-01
1.845057987536751487e-01
1.879087628468323334e-01
1.875058930423527948e-01
1.871715968216141335e-01
1.900345439428098582e-01
1.855772609996313716e-01
1.847200912028663655e-01
1.838629214061013317e-01
1.851315327053135174e-01
1.875058930423527948e-01
1.895288137627182956e-01
1.857915534488225884e-01
1.849343836520575823e-01
1.840772138552925485e-01
1.839057798959394807e-01
1.828943195357566609e-01
1.865030043801377546e-01
1.910460043029923727e-01
1.851486761012489379e-01
1.842915063044837654e-01
1.834343365077187316e-01
1.828514610459185119e-01
1.868373006008761106e-01
1.821485818125712919e-01
1.853629685504401547e-01
1.845057987536751487e-01
1.836486289569101149e-01
1.827914591601450811e-01
1.821485818125712919e-01
1.821485818125712919e-01
1.855772609996313716e-01
1.847200912028663655e-01
1.838629214061013317e-01
1.830057516093362979e-01
1.821485818125712919e-01
1.821485818125712919e-01
1.821485818125712919e-01
1.821485818125712919e-01
1.840772138552925485e-01
1.770055630319813111e-01
1.811199780564541062e-01
1.821485818125712919e-01
1.821485818125712919e-01
1.821485818125712919e-01
1.842915063044837654e-01
1.834343365077188981e-01
1.825771667109537255e-01
1.821485818125712919e-01
1.821485818125712919e-01
1.821485818125712919e-01
1.809142573052297531e-01
1.749483555197457185e-01
1.790627705442170148e-01
1.821485818125712919e-01
1.821485818125712919e-01
1.821485818125712919e-01
1.754626573978030901e-01
1.739197517636270340e-01
1.780341667880998568e-01
1.821485818125712919e-01
1.821485818125712919e-01
1.667795273565738368e-01
1.746312026949427831e-01
1.840772138552927151e-01
1.770055630319813111e-01
1.811199780564541062e-01
1.821485818125712919e-01
1.821485818125712919e-01
1.725739951827056917e-01
1.817199969141899130e-01
1.759769592758627654e-01
1.800913743003355605e-01
1.821485818125712919e-01
1.821485818125712919e-01
1.707053650257596700e-01
1.684767235541689279e-01
1.734483083754070620e-01
1.790627705442170148e-01
1.821485818125712919e-01
1.614479312206950623e-01
1.821485818125712919e-01
1.672338273488608307e-01
1.722054121700969942e-01
1.776570120775233519e-01
1.821485818125712919e-01
1.589278520182076104e-01
1.821485818125712919e-01
1.659909311435509016e-01
1.709625159647870651e-01
1.770055630319813111e-01
1.803142384474957782e-01
1.569649331836147355e-01
1.648166085219837096e-01
1.647480349382410003e-01
1.697196197594789957e-01
1.746912045807151315e-01
1.799329693218934823e-01
1.552248784961805794e-01
1.628536896873907236e-01
1.635051387329327643e-01
1.684767235541689279e-01
1.727882876318979910e-01
1.510761766798386363e-01
1.530390955144316223e-01
1.608907708527978486e-01
1.622622425276228353e-01
1.672338273488608307e-01
1.722054121700969942e-01
1.510761766798386363e-01
1.510761766798386363e-01
1.560477615010766039e-01
1.610193463223129340e-01
1.659909311435509016e-01
1.709625159647870651e-01
1.544088528496581347e-01
1.510761766798386363e-01
1.548048652957667026e-01
1.597764501170046980e-01
1.647480349382410003e-01
1.697196197594789957e-01
1.742159896453884249e-01
1.510761766798386363e-01
1.535619690904567736e-01
1.585335539116947690e-01
1.635051387329327643e-01
1.684767235541689279e-01
1.727882876318979910e-01
1.510761766798386363e-01
1.514790464843183138e-01
1.572906577063848677e-01
1.622622425276228353e-01
1.672338273488608307e-01
1.714511027489438455e-01
