8.196805770221534670e-01
7.216177228232869556e-01
7.068521380731580539e-01
6.522720247295207274e-01
6.177228232869653723e-01
5.852653271509530297e-01
5.965996908809892973e-01
5.465327150953116497e-01
5.218959299330241386e-01
5.128799587841319507e-01
5.090159711488924099e-01
4.872436888201954752e-01
4.786192684183411261e-01
4.652241112828439662e-01
4.611025244719217375e-01
4.422977846470891872e-01
4.518289541473466953e-01
4.214322514167954670e-01
4.410097887686758589e-01
4.054611025244718725e-01
4.379185986604842706e-01
3.980731581658938367e-01
4.255538382277176401e-01
3.882019577537353938e-01
3.941267387944357714e-01
3.791859866048428174e-01
3.750643997939205332e-01
3.722308088614115218e-01
3.750643997939205332e-01
3.596084492529624255e-01
3.570324574961359909e-01
3.475012879958782608e-01
3.513652756311179681e-01
3.392581143740340255e-01
3.426069036579082461e-01
3.266769706336940526e-01
3.343637300360637887e-01
3.243173621844410714e-01
3.343637300360637887e-01
3.171045852653271990e-01
3.343637300360637887e-01
3.104070066975787023e-01
3.003606388459555965e-01
3.098918083462133266e-01
3.003606388459555965e-01
3.037094281298301501e-01
3.003606388459555965e-01
3.019062339000515016e-01
2.910870685213808318e-01
2.887686759402370296e-01
2.910870685213808318e-01
2.885110767645543972e-01
2.910870685213808318e-01
2.797527047913446752e-01
2.910870685213808318e-01
2.733127253992785333e-01
2.910870685213808318e-01
2.717671303451827947e-01
2.838742916022669593e-01
2.640391550747037686e-01
2.818134981968057340e-01
2.619783616692427097e-01
2.818134981968057340e-01
2.609479649665120138e-01
2.818134981968057340e-01
2.548068006182379608e-01
2.818134981968057340e-01
2.480680061823800908e-01
2.818134981968057340e-01
2.378773827923749140e-01
2.400824317362184601e-01
2.357032457496137379e-01
2.400824317362184601e-01
2.326120556414219831e-01
2.400824317362184601e-01
2.279752704791344897e-01
2.400824317362184601e-01
2.300360638845955485e-01
2.400824317362184601e-01
2.272024729520867314e-01
2.400824317362184601e-01
2.199896960329726647e-01
2.400824317362184601e-01
2.117465224111282629e-01
2.225656877897990993e-01
2.122617207624934166e-01
1.844410097887687616e-01
2.122617207624934166e-01
1.844410097887687616e-01
2.076249356002061452e-01
1.844410097887687616e-01
2.050489438433795442e-01
1.844410097887687616e-01
1.998969603297270636e-01
1.844410097887687616e-01
1.893353941267390261e-01
1.844410097887687616e-01
1.916537867078826618e-01
1.844410097887687616e-01
1.844410097887687616e-01
1.834106130860382322e-01
1.746522411128284546e-01
1.658938691396187048e-01
1.839258114374034137e-01
1.648634724368881754e-01
1.751674394641938304e-01
1.648634724368881754e-01
1.746522411128284546e-01
1.648634724368881754e-01
1.741370427614633010e-01
1.648634724368881754e-01
1.720762493560020479e-01
1.648634724368881754e-01
1.715610510046368664e-01
1.648634724368881754e-01
1.648634724368881754e-01
1.648634724368881754e-01
1.682122617207627013e-01
1.648634724368881754e-01
1.648634724368881754e-01
1.648634724368881754e-01
1.615146831530139826e-01
1.648634724368881754e-01
1.620298815043791640e-01
1.648634724368881754e-01
1.615146831530139826e-01
1.648634724368881754e-01
1.615146831530139826e-01
1.581658938691396232e-01
1.589386913961875758e-01
1.581658938691396232e-01
1.615146831530139826e-01
1.530139103554869762e-01
1.581658938691396232e-01
1.530139103554869762e-01
1.589386913961875758e-01
1.530139103554869762e-01
1.589386913961875758e-01
1.530139103554869762e-01
1.555899021123132164e-01
1.530139103554869762e-01
1.530139103554869762e-01
1.530139103554869762e-01
1.553323029366306396e-01
1.530139103554869762e-01
1.499227202472950271e-01
1.530139103554869762e-01
1.468315301391036332e-01
1.530139103554869762e-01
1.472539927872227039e-01
1.530139103554869762e-01
1.470891293147860435e-01
1.530139103554869762e-01
1.437403400309118506e-01
1.530139103554869762e-01
1.411643482740856381e-01
1.530139103554869762e-01
1.437403400309118506e-01
1.530139103554869762e-01
1.445131375579598032e-01
1.530139103554869762e-01
1.432251416795466692e-01
1.530139103554869762e-01
1.411643482740856381e-01
1.530139103554869762e-01
1.411643482740856381e-01
1.365275631117981447e-01
1.411643482740856381e-01
1.530139103554869762e-01
1.411643482740856381e-01
1.293147861926842723e-01
1.411643482740856381e-01
1.293147861926842723e-01
1.375579598145286742e-01
1.293147861926842723e-01
1.398763523956725041e-01
1.293147861926842723e-01
1.375579598145286742e-01
1.293147861926842723e-01
1.293147861926842723e-01
1.293147861926842723e-01
1.362699639361155679e-01
1.293147861926842723e-01
1.362699639361155679e-01
1.293147861926842723e-01
1.362699639361155679e-01
1.293147861926842723e-01
1.302627511591954446e-01
1.293147861926842723e-01
1.362699639361155679e-01
1.293147861926842723e-01
1.251931993817621547e-01
1.293147861926842723e-01
1.293147861926842723e-01
1.293147861926842723e-01
1.293147861926842723e-01
1.293147861926842723e-01
1.277691911385883672e-01
1.293147861926842723e-01
1.251931993817621547e-01
1.293147861926842723e-01
1.251931993817621547e-01
1.293147861926842723e-01
1.277691911385883672e-01
1.293147861926842723e-01
1.277691911385883672e-01
1.293147861926842723e-01
1.202988150437919040e-01
1.293147861926842723e-01
1.251931993817621547e-01
1.293147861926842723e-01
1.202988150437919040e-01
1.293147861926842723e-01
1.239052035033488403e-01
1.293147861926842723e-01
1.202988150437919040e-01
1.293147861926842723e-01
1.202988150437919040e-01
1.293147861926842723e-01
1.202988150437919040e-01
1.138588356517259564e-01
1.202988150437919040e-01
1.112828438948995496e-01
1.202988150437919040e-01
1.138588356517259564e-01
1.202988150437919040e-01
1.138588356517259564e-01
1.202988150437919040e-01
1.112828438948995496e-01
1.159196290571870153e-01
1.138588356517259564e-01
1.190108191653787839e-01
1.267387944358578378e-01
1.202988150437919040e-01
1.112828438948995496e-01
1.159196290571870153e-01
1.112828438948995496e-01
1.202988150437919040e-01
1.112828438948995496e-01
1.146316331787738951e-01
1.112828438948995496e-01
1.159196290571870153e-01
1.112828438948995496e-01
1.190108191653787839e-01
1.112828438948995496e-01
1.190108191653787839e-01
1.112828438948995496e-01
1.146316331787738951e-01
1.112828438948995496e-01
1.125708397733126559e-01
1.112828438948995496e-01
1.125708397733126559e-01
1.112828438948995496e-01
1.190108191653787839e-01
1.112828438948995496e-01
1.112828438948995496e-01
1.112828438948995496e-01
1.112828438948995496e-01
1.112828438948995496e-01
1.112828438948995496e-01
1.112828438948995496e-01
1.112828438948995496e-01
1.112828438948995496e-01
1.112828438948995496e-01
1.112828438948995496e-01
1.112828438948995496e-01
1.112828438948995496e-01
1.112828438948995496e-01
1.112828438948995496e-01
1.112828438948995496e-01
1.112828438948995496e-01
1.079340546110253707e-01
1.112828438948995496e-01
1.112828438948995496e-01
1.112828438948995496e-01
1.112828438948995496e-01
1.112828438948995496e-01
1.112828438948995496e-01
1.112828438948995496e-01
9.969088098918077456e-02
1.112828438948995496e-01
9.891808346213282199e-02
1.112828438948995496e-01
1.112828438948995496e-01
1.112828438948995496e-01
9.840288511076765443e-02
1.112828438948995496e-01
9.659969088098918633e-02
1.112828438948995496e-01
9.969088098918077456e-02
1.112828438948995496e-01
9.840288511076765443e-02
1.112828438948995496e-01
9.531169500257606619e-02
1.112828438948995496e-01
9.840288511076765443e-02
1.112828438948995496e-01
9.402369912416294606e-02
1.112828438948995496e-01
9.402369912416294606e-02
1.025244719216899525e-01
9.402369912416294606e-02
1.112828438948995496e-01
9.659969088098918633e-02
1.112828438948995496e-01
9.402369912416294606e-02
1.112828438948995496e-01
9.402369912416294606e-02
1.025244719216899525e-01
9.531169500257606619e-02
1.112828438948995496e-01
9.402369912416294606e-02
1.025244719216899525e-01
9.402369912416294606e-02
1.112828438948995496e-01
9.402369912416294606e-02
1.025244719216899525e-01
9.402369912416294606e-02
7.816589386913846971e-02
9.402369912416294606e-02
7.676455435342617595e-02
9.402369912416294606e-02
1.025244719216899525e-01
9.402369912416294606e-02
8.552292632663575922e-02
9.402369912416294606e-02
7.676455435342617595e-02
9.380731581658929841e-02
7.676455435342617595e-02
9.402369912416294606e-02
7.676455435342617595e-02
9.402369912416294606e-02
7.676455435342617595e-02
9.402369912416294606e-02
7.676455435342617595e-02
9.325090159711500737e-02
7.676455435342617595e-02
8.887171561051011859e-02
7.676455435342617595e-02
9.402369912416294606e-02
7.676455435342617595e-02
9.402369912416294606e-02
7.676455435342617595e-02
9.325090159711500737e-02
7.676455435342617595e-02
8.964451313755805728e-02
7.676455435342617595e-02
9.402369912416294606e-02
7.676455435342617595e-02
9.333333333333343473e-02
7.676455435342617595e-02
8.887171561051011859e-02
7.676455435342617595e-02
8.964451313755805728e-02
7.676455435342617595e-02
8.964451313755805728e-02
7.676455435342617595e-02
7.676455435342617595e-02
7.676455435342617595e-02
8.964451313755805728e-02
7.676455435342617595e-02
7.676455435342617595e-02
7.676455435342617595e-02
8.887171561051011859e-02
7.676455435342617595e-02
7.676455435342617595e-02
7.676455435342617595e-02
7.676455435342617595e-02
7.676455435342617595e-02
7.676455435342617595e-02
7.676455435342617595e-02
7.676455435342617595e-02
7.676455435342617595e-02
7.676455435342617595e-02
7.676455435342617595e-02
7.676455435342617595e-02
7.676455435342617595e-02
7.676455435342617595e-02
7.676455435342617595e-02
7.676455435342617595e-02
7.676455435342617595e-02
7.676455435342617595e-02
7.676455435342617595e-02
7.676455435342617595e-02
7.676455435342617595e-02
7.676455435342617595e-02
7.676455435342617595e-02
7.676455435342617595e-02
7.676455435342617595e-02
7.676455435342617595e-02
7.676455435342617595e-02
7.676455435342617595e-02
7.676455435342617595e-02
7.676455435342617595e-02
7.676455435342617595e-02
