8.083462132921174215e-01
7.114889232354456583e-01
7.047913446676969951e-01
6.340752189592993027e-01
6.177228232869653723e-01
5.790829469345697422e-01
6.002060793405462613e-01
5.481710458526531937e-01
5.218959299330241386e-01
5.164863472436886926e-01
5.090159711488924099e-01
4.817928902627509613e-01
4.786192684183411261e-01
4.565069551777433676e-01
4.611025244719217375e-01
4.396290571870167807e-01
4.518289541473466953e-01
4.289026275115918052e-01
4.410097887686758589e-01
4.070066975785677776e-01
4.286450283359092284e-01
4.018547140649148530e-01
4.255538382277176401e-01
3.900875837197320117e-01
3.946419371458010361e-01
3.820195775373518288e-01
3.941267387944357714e-01
3.722308088614115218e-01
3.626996393611540137e-01
3.619268418341060611e-01
3.570324574961359909e-01
3.467284904688305303e-01
3.513652756311179681e-01
3.394229778464707414e-01
3.426069036579082461e-01
3.317877382792375762e-01
3.343637300360637887e-01
3.258629572385368101e-01
3.343637300360637887e-01
3.243173621844410714e-01
3.297269448737763509e-01
3.155589902112313494e-01
3.049974240082430899e-01
3.035651725914474963e-01
3.003606388459555965e-01
3.055435342606902527e-01
3.003606388459555965e-01
2.959814528593507355e-01
2.910870685213808318e-01
2.910870685213806652e-01
2.910870685213808318e-01
2.895414734672849266e-01
2.910870685213808318e-01
2.797527047913446752e-01
2.910870685213808318e-01
2.745079855744457231e-01
2.890262751159196064e-01
2.681607418856258862e-01
2.829675425038629122e-01
2.717671303451827947e-01
2.818134981968057340e-01
2.671303451828953568e-01
2.818134981968057340e-01
2.645543534260689222e-01
2.818134981968057340e-01
2.552807831014939910e-01
2.400824317362184601e-01
2.462648119526016366e-01
2.694487377640391590e-01
2.393096342091705075e-01
2.400824317362184601e-01
2.335085007727973061e-01
2.400824317362184601e-01
2.336424523441526790e-01
2.400824317362184601e-01
2.292632663575474294e-01
2.400824317362184601e-01
2.323956723338486963e-01
2.400824317362184601e-01
2.274600721277691417e-01
2.400824317362184601e-01
2.150953116950024280e-01
1.844410097887687616e-01
2.122617207624934166e-01
1.844410097887687616e-01
2.122617207624934166e-01
2.019577537351881225e-01
2.117465224111282629e-01
1.844410097887687616e-01
2.122617207624934166e-01
1.844410097887687616e-01
2.065018031942295329e-01
1.844410097887687616e-01
2.073570324574957324e-01
1.844410097887687616e-01
1.989077794951054912e-01
1.844410097887687616e-01
1.875321998969603499e-01
1.834106130860382322e-01
1.746522411128284546e-01
1.658938691396187048e-01
1.901081916537865901e-01
1.648634724368881754e-01
1.798042246264811017e-01
1.648634724368881754e-01
1.751674394641938304e-01
1.648634724368881754e-01
1.746522411128284546e-01
1.648634724368881754e-01
1.792890262751159480e-01
1.648634724368881754e-01
1.741370427614633010e-01
1.648634724368881754e-01
1.715610510046368664e-01
1.648634724368881754e-01
1.741370427614633010e-01
1.648634724368881754e-01
1.687274600721278828e-01
1.648634724368881754e-01
1.648634724368881754e-01
1.648634724368881754e-01
1.620298815043791640e-01
1.648634724368881754e-01
1.620298815043791640e-01
1.648634724368881754e-01
1.620298815043791640e-01
1.648634724368881754e-01
1.615146831530139826e-01
1.648634724368881754e-01
1.615146831530139826e-01
1.648634724368881754e-01
1.586810922205048047e-01
1.530139103554869762e-01
1.589386913961875758e-01
1.597114889232355284e-01
1.555899021123132164e-01
1.597114889232355284e-01
1.535291087068521576e-01
1.530139103554869762e-01
1.486347243688819209e-01
1.597114889232355284e-01
1.530139103554869762e-01
1.530139103554869762e-01
1.530139103554869762e-01
1.530139103554869762e-01
1.486347243688820874e-01
1.530139103554869762e-01
1.530139103554869762e-01
1.530139103554869762e-01
1.468727460072123958e-01
1.530139103554869762e-01
1.468315301391036332e-01
1.530139103554869762e-01
1.458011334363729095e-01
1.530139103554869762e-01
1.411643482740856381e-01
1.530139103554869762e-01
1.445131375579598032e-01
1.530139103554869762e-01
1.411643482740856381e-01
1.365275631117981447e-01
1.411643482740856381e-01
1.530139103554869762e-01
1.445131375579598032e-01
1.530139103554869762e-01
1.411643482740856381e-01
1.365275631117981447e-01
1.411643482740856381e-01
1.458011334363731037e-01
1.411643482740856381e-01
1.293147861926842723e-01
1.411643482740856381e-01
1.458011334363731037e-01
1.375579598145286742e-01
1.293147861926842723e-01
1.398763523956725041e-01
1.293147861926842723e-01
1.375579598145286742e-01
1.293147861926842723e-01
1.411643482740856381e-01
1.293147861926842723e-01
1.293147861926842723e-01
1.293147861926842723e-01
1.375579598145286742e-01
1.293147861926842723e-01
1.293147861926842723e-01
1.293147861926842723e-01
1.362699639361155679e-01
1.293147861926842723e-01
1.362699639361155679e-01
1.293147861926842723e-01
1.347243688820196905e-01
1.293147861926842723e-01
1.293147861926842723e-01
1.293147861926842723e-01
1.251931993817621547e-01
1.293147861926842723e-01
1.251931993817621547e-01
1.293147861926842723e-01
1.251931993817621547e-01
1.293147861926842723e-01
1.277691911385883672e-01
1.293147861926842723e-01
1.277691911385883672e-01
1.293147861926842723e-01
1.202988150437919040e-01
1.293147861926842723e-01
1.202988150437919040e-01
1.293147861926842723e-01
1.202988150437919040e-01
1.293147861926842723e-01
1.251931993817621547e-01
1.293147861926842723e-01
1.215868109222052046e-01
1.293147861926842723e-01
1.202988150437919040e-01
1.293147861926842723e-01
1.202988150437919040e-01
1.293147861926842723e-01
1.202988150437919040e-01
1.138588356517259564e-01
1.202988150437919040e-01
1.293147861926842723e-01
1.202988150437919040e-01
1.267387944358578378e-01
1.202988150437919040e-01
1.138588356517259564e-01
1.202988150437919040e-01
1.267387944358578378e-01
1.202988150437919040e-01
1.112828438948995496e-01
1.202988150437919040e-01
1.112828438948995496e-01
1.202988150437919040e-01
1.112828438948995496e-01
1.190108191653787839e-01
1.112828438948995496e-01
1.202988150437919040e-01
1.112828438948995496e-01
1.190108191653787839e-01
1.112828438948995496e-01
1.159196290571870153e-01
1.112828438948995496e-01
1.190108191653787839e-01
1.112828438948995496e-01
1.195260175167439654e-01
1.112828438948995496e-01
1.146316331787738951e-01
1.112828438948995496e-01
1.182380216383308452e-01
1.112828438948995496e-01
1.112828438948995496e-01
1.112828438948995496e-01
1.112828438948995496e-01
1.112828438948995496e-01
1.112828438948995496e-01
1.112828438948995496e-01
1.112828438948995496e-01
1.112828438948995496e-01
1.112828438948995496e-01
1.112828438948995496e-01
1.130860381246780177e-01
1.112828438948995496e-01
1.105100463678517775e-01
1.112828438948995496e-01
1.112828438948995496e-01
1.112828438948995496e-01
1.112828438948995496e-01
1.112828438948995496e-01
1.112828438948995496e-01
1.112828438948995496e-01
1.112828438948995496e-01
1.112828438948995496e-01
1.112828438948995496e-01
1.112828438948995496e-01
1.112828438948995496e-01
1.112828438948995496e-01
9.969088098918077456e-02
1.112828438948995496e-01
1.112828438948995496e-01
1.112828438948995496e-01
1.079340546110253707e-01
1.112828438948995496e-01
9.840288511076765443e-02
1.112828438948995496e-01
9.969088098918077456e-02
1.112828438948995496e-01
9.969088098918077456e-02
1.112828438948995496e-01
9.891808346213282199e-02
1.112828438948995496e-01
9.969088098918077456e-02
1.112828438948995496e-01
9.711488923235435389e-02
1.112828438948995496e-01
9.531169500257606619e-02
1.025244719216899525e-01
9.402369912416294606e-02
1.112828438948995496e-01
9.402369912416294606e-02
1.112828438948995496e-01
9.840288511076765443e-02
1.112828438948995496e-01
9.402369912416294606e-02
1.112828438948995496e-01
9.402369912416294606e-02
1.025244719216899525e-01
9.402369912416294606e-02
8.088614116434462986e-02
9.402369912416294606e-02
1.039258114374022463e-01
9.402369912416294606e-02
1.025244719216899525e-01
9.402369912416294606e-02
1.112828438948995496e-01
9.402369912416294606e-02
1.112828438948995496e-01
9.402369912416294606e-02
8.552292632663575922e-02
9.402369912416294606e-02
1.025244719216899525e-01
9.402369912416294606e-02
8.552292632663575922e-02
9.402369912416294606e-02
1.025244719216899525e-01
8.964451313755805728e-02
7.676455435342617595e-02
8.964451313755805728e-02
7.676455435342617595e-02
9.402369912416294606e-02
7.676455435342617595e-02
9.402369912416294606e-02
7.676455435342617595e-02
9.402369912416294606e-02
7.676455435342617595e-02
9.402369912416294606e-02
7.676455435342617595e-02
8.964451313755805728e-02
7.676455435342617595e-02
9.402369912416294606e-02
7.676455435342617595e-02
8.964451313755805728e-02
7.676455435342617595e-02
7.676455435342617595e-02
7.676455435342617595e-02
9.402369912416294606e-02
7.676455435342617595e-02
7.676455435342617595e-02
7.676455435342617595e-02
8.887171561051011859e-02
7.676455435342617595e-02
7.676455435342617595e-02
7.676455435342617595e-02
8.887171561051011859e-02
7.676455435342617595e-02
8.887171561051011859e-02
7.676455435342617595e-02
8.887171561051011859e-02
7.676455435342617595e-02
8.114374034003105085e-02
7.676455435342617595e-02
7.676455435342617595e-02
7.676455435342617595e-02
7.676455435342617595e-02
7.676455435342617595e-02
7.676455435342617595e-02
7.676455435342617595e-02
7.676455435342617595e-02
7.676455435342617595e-02
7.676455435342617595e-02
7.676455435342617595e-02
7.676455435342617595e-02
7.676455435342617595e-02
7.676455435342617595e-02
7.676455435342617595e-02
7.676455435342617595e-02
7.676455435342617595e-02
7.676455435342617595e-02
7.676455435342617595e-02
7.676455435342617595e-02
7.676455435342617595e-02
7.676455435342617595e-02
7.676455435342617595e-02
7.676455435342617595e-02
7.676455435342617595e-02
7.676455435342617595e-02
7.676455435342617595e-02
7.676455435342617595e-02
7.676455435342617595e-02
7.676455435342617595e-02
7.676455435342617595e-02
7.676455435342617595e-02
7.676455435342617595e-02
7.676455435342617595e-02
7.676455435342617595e-02
