1.168391776391776382e+00
1.059006699006698637e+00
9.578193578193578972e-01
9.227073227073228079e-01
8.569646569646570677e-01
7.816253176253178392e-01
7.335735735735735563e-01
7.387904827904827609e-01
7.321838761838759257e-01
6.683760683760683330e-01
6.343728343728344266e-01
6.112266112266113716e-01
5.838761838761838963e-01
5.902813582813578597e-01
5.664587664587664717e-01
5.526449526449527250e-01
5.072303072303071536e-01
4.951720951720951502e-01
4.909678909678910075e-01
4.777084777084778522e-01
4.535865095865094787e-01
4.215754215754215495e-01
4.332640332640333991e-01
4.134904134904135442e-01
4.147378147378146251e-01
4.058212058212058992e-01
3.943173943173943208e-01
3.902979902979902271e-01
3.859551859551859643e-01
3.826343266343266158e-01
3.765765765765765605e-01
3.684453684453685152e-01
3.611291291291290340e-01
3.695079695079695470e-01
3.642873642873643014e-01
3.411411411411411354e-01
3.365673365673365613e-01
3.259875259875260056e-01
3.401709401709401837e-01
3.518133518133517712e-01
3.279741279741278936e-01
2.961422961422960909e-01
2.972196812196811200e-01
3.020300300300297613e-01
3.019099099099096795e-01
3.061677061677062217e-01
2.598752598752598897e-01
2.723492723492721979e-01
2.724878724878724290e-01
2.801108801108800339e-01
2.844536844536843523e-01
2.642642642642641926e-01
2.558096558096559781e-01
2.606144606144605302e-01
2.582120582120582264e-01
2.611688611688610662e-01
2.541002541002540527e-01
2.531300531300531564e-01
2.528990528990527342e-01
2.347424347424347524e-01
2.485562485562485824e-01
2.471702471702473536e-01
2.392700392700392031e-01
2.437514437514438082e-01
2.445368445368444887e-01
2.265650265650265560e-01
2.284592284592284472e-01
2.324324324324325008e-01
2.346038346038345213e-01
2.248556248556248249e-01
2.239316239316239132e-01
2.217602217602216708e-01
2.240702240702241166e-01
2.227304227304227335e-01
2.245322245322245447e-01
2.162624162624162683e-01
2.222222222222221821e-01
2.224994224994223113e-01
2.198198198198197395e-01
2.167706167706165976e-01
2.159390159390160713e-01
2.125202125202126091e-01
2.189882189882189911e-01
2.186186186186184488e-01
2.169554169554168688e-01
2.170478170478169488e-01
2.099792099792100464e-01
2.082236082236080810e-01
2.063294063294063008e-01
2.159852159852160003e-01
2.160314160314159571e-01
2.115962115962115864e-01
2.109956109956109549e-01
2.072072072072071725e-01
2.048972048972050042e-01
2.026796026796025274e-01
1.963501963501963765e-01
2.124740124740123748e-01
2.063294063294063840e-01
2.059598059598059527e-01
2.022638022638022504e-01
2.005082005082005070e-01
1.972279972279972760e-01
2.055902055902055214e-01
1.963501963501963765e-01
2.031416031416032608e-01
2.037422037422037813e-01
1.976899976899977873e-01
1.963501963501963765e-01
1.957495957495957450e-01
1.954723954723955048e-01
1.951951951951952646e-01
1.991221991221990562e-01
1.981057981057982587e-01
1.964425964425964566e-01
1.949549549549551841e-01
1.951951951951952646e-01
1.922845922845923539e-01
1.913605913605913311e-01
1.937629937629937737e-01
1.959805959805959452e-01
1.951951951951952646e-01
1.890967890967892029e-01
1.892815892815893630e-01
1.903903903903903516e-01
1.880138600138597516e-01
1.933841533841534899e-01
1.945945945945946054e-01
1.942249942249942851e-01
1.868607068607067989e-01
1.900207900207900313e-01
1.875721875721875487e-01
1.902055902055901915e-01
1.895809655809657657e-01
1.861399861399862798e-01
1.865095865095864891e-01
1.827211827211828177e-01
1.860475860475860888e-01
1.863247863247863290e-01
1.859551859551860087e-01
1.839223839223839974e-01
1.861861861861862089e-01
1.863709863709864800e-01
1.859551859551860087e-01
1.848925848925849491e-01
1.859551859551860087e-01
1.859551859551860087e-01
1.793485793485795066e-01
1.833679833679834059e-01
1.810579810579810434e-01
1.807807807807808864e-01
1.834141834141835292e-01
1.854931854931855806e-01
1.860937860937862398e-01
1.829983829983829746e-01
1.799953799953798728e-01
1.806421806421807663e-01
1.817509817509817549e-01
1.793485793485795066e-01
1.803631323631322558e-01
1.778701778701779757e-01
1.746361746361747014e-01
1.763455763455763214e-01
1.768999768999769129e-01
1.798105798105799069e-01
1.778701778701779757e-01
1.704781704781703766e-01
1.789789789789788810e-01
1.762069762069763124e-01
1.723261723261723388e-01
1.750981750981752127e-01
1.778701778701779757e-01
1.696465696465696560e-01
1.700161700161699763e-01
1.718641718641718275e-01
1.766227766227767837e-01
1.744051744051745012e-01
1.773028413028414074e-01
1.688149688149689076e-01
1.695541695541695482e-01
1.714021714021713994e-01
1.709401709401711100e-01
1.682605682605682051e-01
1.669669669669669454e-01
1.672441672441672966e-01
1.690921690921691478e-01
1.690921690921691478e-01
1.718641718641720217e-01
1.663201663201662739e-01
1.672903672903672256e-01
1.671517671517670223e-01
1.686301686301685254e-01
1.704781704781703766e-01
1.663201663201662739e-01
1.663201663201662739e-01
1.663201663201662739e-01
1.663201663201662739e-01
1.655347655347651770e-01
1.700161700161699763e-01
1.663201663201662739e-01
1.663201663201662739e-01
1.663201663201662739e-01
1.660891660891660737e-01
1.620143220143219764e-01
1.663201663201662739e-01
1.559251559251559893e-01
1.663201663201662739e-01
1.629937629937628918e-01
1.658581658581659568e-01
1.663201663201662739e-01
1.602679602679600579e-01
1.476091476091476729e-01
1.602217602217602399e-01
1.624393624393624114e-01
1.656271656271655623e-01
1.639639639639639823e-01
1.603141603141600147e-01
1.476553476553477129e-01
1.434511434511432648e-01
1.618849618849619032e-01
1.641025641025641024e-01
1.663201663201662739e-01
1.568953568953566635e-01
1.472395472395473526e-01
1.350427350427348405e-01
1.613305613305614228e-01
1.635481635481635942e-01
1.639639639639638713e-01
1.592515592515593714e-01
1.430815430815431388e-01
1.371679371679373483e-01
1.607761607761607203e-01
1.629937629937628918e-01
1.616077616077616630e-01
1.616077616077616630e-01
1.466389466389466933e-01
1.344421344421346254e-01
1.272349272349271865e-01
1.624393624393624114e-01
1.592515592515592604e-01
1.639639639639639823e-01
1.434511434511434591e-01
1.362439362439361312e-01
1.329175329175327491e-01
1.220143220143220242e-01
1.565257565257567318e-01
1.524601524601525149e-01
1.471009471009471214e-01
1.380457380457380256e-01
1.308385308385308088e-01
1.265419265419266692e-01
1.090321090321089287e-01
1.524601524601525149e-01
1.470547470547472757e-01
1.398475398475398368e-01
1.326403326403327032e-01
1.171171171171170450e-01
1.096327096327097683e-01
1.524601524601525149e-01
1.485793485793486246e-01
1.416493416493416480e-01
1.344421344421346254e-01
1.194733194733194476e-01
1.100485100485102397e-01
1.039501039501037893e-01
1.505197505197505836e-01
1.434511434511434591e-01
1.312543312543312801e-01
1.218295218295216559e-01
1.130127050127046895e-01
1.042735042735041806e-01
1.524601524601525149e-01
1.452529452529450760e-01
1.380457380457380256e-01
1.241857241857240585e-01
1.154539154539153678e-01
1.053361053361052263e-01
9.623469623469620149e-02
1.466389466389468044e-01
1.359667359667359743e-01
1.265419265419266692e-01
1.171171171171170450e-01
1.074151074151073887e-01
9.826749826749822669e-02
1.467313467313468012e-01
1.374913374913373232e-01
1.288981288981290718e-01
1.194733194733194476e-01
1.100485100485102397e-01
1.006237006237006293e-01
1.495957495957496441e-01
1.399861399861398736e-01
1.312543312543312801e-01
1.218295218295216559e-01
1.124047124047124480e-01
1.029799029799028237e-01
9.355509355509361580e-02
1.424809424809422853e-01
1.336105336105336827e-01
1.241857241857240585e-01
1.074151074151073887e-01
1.053361053361052263e-01
9.443289443289450136e-02
1.422037422037418231e-01
9.355509355509361580e-02
1.265419265419266692e-01
1.064911064911063659e-01
1.068607068607068944e-01
9.466389466389460439e-02
9.355509355509361580e-02
9.355509355509361580e-02
1.182721182721183789e-01
1.175329175329173220e-01
9.743589743589747831e-02
9.521829521829530685e-02
9.355509355509361580e-02
9.355509355509361580e-02
1.300069300069300604e-01
1.134211134211135508e-01
9.799029799029797261e-02
1.029799029799028237e-01
9.355509355509361580e-02
9.355509355509361580e-02
9.355509355509361580e-02
9.221529221529212172e-02
9.632709632709629544e-02
9.632709632709648973e-02
9.410949410949431826e-02
9.355509355509361580e-02
9.355509355509361580e-02
9.355509355509361580e-02
7.553707553707574018e-02
9.688149688149698402e-02
9.466389466389460439e-02
9.355509355509361580e-02
9.355509355509361580e-02
9.355509355509361580e-02
9.771309771309752423e-02
9.743589743589747831e-02
9.521829521829530685e-02
9.355509355509361580e-02
9.355509355509361580e-02
6.472626472626467897e-02
7.193347193347211788e-02
9.799029799029797261e-02
9.577269577269580114e-02
9.355509355509361580e-02
9.355509355509361580e-02
6.292446292446297884e-02
7.013167013167041774e-02
9.632709632709629544e-02
9.355509355509361580e-02
9.410949410949431826e-02
5.391545391545403410e-02
6.112266112266126483e-02
6.832986832986830128e-02
7.553707553707574018e-02
8.274428274428276275e-02
9.139477939477909374e-02
5.414645414645392896e-02
5.932085932085935653e-02
6.652806652806637910e-02
7.373527373527383189e-02
8.029568029568028009e-02
9.189189189189173046e-02
5.086625086625090608e-02
5.751905751905764946e-02
6.472626472626467897e-02
7.193347193347211788e-02
7.914067914067915432e-02
8.597828597828625907e-02
4.851004851004850349e-02
5.571725571725594239e-02
6.292446292446297884e-02
7.013167013167041774e-02
7.650727650727649765e-02
4.851004851004850349e-02
4.851004851004850349e-02
5.391545391545403410e-02
6.112266112266126483e-02
6.832986832986830128e-02
7.461307461307470357e-02
8.108108108108108558e-02
8.976668976668983335e-02
5.211365211365211886e-02
5.932085932085935653e-02
6.652806652806637910e-02
7.068607068607091204e-02
4.851004851004850349e-02
4.851004851004850349e-02
5.031185031185021056e-02
5.751905751905764946e-02
6.472626472626467897e-02
4.851004851004850349e-02
7.840147840147848601e-02
