5.601598448944420383e-01
5.387225333907799119e-01
5.528112882378286574e-01
5.131688927186557336e-01
4.743606204222318712e-01
4.485941404566997082e-01
4.341878500646273453e-01
4.316600603188281982e-01
4.447005601034038080e-01
4.440542869452822061e-01
4.116286083584660971e-01
3.902498922878069321e-01
3.752908229211547875e-01
3.743214131839724956e-01
3.953576044808275181e-01
3.825183110728135327e-01
3.631495045239121477e-01
3.447544161999138157e-01
3.322382593709609644e-01
3.357040068935804866e-01
3.373364928909952098e-01
3.379470056010340229e-01
3.292408444635933074e-01
3.135812149935370829e-01
2.969922447221023942e-01
2.916307626023267874e-01
2.980396380870313222e-01
2.769887979319256011e-01
2.919987074536838922e-01
2.834118914261093969e-01
2.757970702283498166e-01
2.775743214131839998e-01
2.676755708746227369e-01
2.475872468763462841e-01
2.502477380439465660e-01
2.494075829383886611e-01
2.515769065058162668e-01
2.466716932356741998e-01
2.323998276604914426e-01
2.339077983627744772e-01
2.431279620853079859e-01
2.359220163722532404e-01
2.297884532529083645e-01
2.310211115898321843e-01
2.219082292115467092e-01
2.179004739336494745e-01
2.081538130116330487e-01
2.226087893149503727e-01
2.165553640672122915e-01
2.187914691943116385e-01
2.124084446359325584e-01
2.114390348987506552e-01
2.058595433003017061e-01
2.041900043084875216e-01
2.035760448082723773e-01
2.035760448082723773e-01
2.000753985351139963e-01
2.040392072382591349e-01
2.040392072382595234e-01
2.016156828953036273e-01
1.980719517449372469e-01
1.990521327014219133e-01
1.928909952606634171e-01
1.954868591124515331e-01
1.851895734597155119e-01
1.923739767341666740e-01
1.922662645411462867e-01
1.925993106419647549e-01
1.878069797501076277e-01
1.852649719948299134e-01
1.857927617406290588e-01
1.801486428263680828e-01
1.828737613097801973e-01
1.839077983627746549e-01
1.814519603619129395e-01
1.838323998276606697e-01
1.821951744937528594e-01
1.802886686772942892e-01
1.795850926324856212e-01
1.813011632916843863e-01
1.782421370099095126e-01
1.781021111589831396e-01
1.781128823782847648e-01
1.780934941835418395e-01
1.759801809564841835e-01
1.768095648427404909e-01
1.736320551486428554e-01
1.754093063334770386e-01
1.761094355881085705e-01
1.755062473071944684e-01
1.755277897457992453e-01
1.748707453683757129e-01
1.665661352865144829e-01
1.696467040068939114e-01
1.715639810426539125e-01
1.687203791469192304e-01
1.761094355881085705e-01
1.730073244291255308e-01
1.640672124084436023e-01
1.676971133132269531e-01
1.649181387333046589e-01
1.687850064627316182e-01
1.633670831538120982e-01
1.694420508401551506e-01
1.627638948728995227e-01
1.638087031451959941e-01
1.608681602757435214e-01
1.614174924601466665e-01
1.637871607065919943e-01
1.648750538560964651e-01
1.591447651874191294e-01
1.591447651874191294e-01
1.578306764325722866e-01
1.593171046962515158e-01
1.603726841878498066e-01
1.596079276174062755e-01
1.604911676001723742e-01
1.591447651874191294e-01
1.520465316673849654e-01
1.547919000430848235e-01
1.572490305902627672e-01
1.591447651874191294e-01
1.424493752692808646e-01
1.446467040068938059e-01
1.483735458853941980e-01
1.511956053425246582e-01
1.567750969409736073e-01
1.584769495906938053e-01
1.580461008186124783e-01
1.425678586816026550e-01
1.488043946574751364e-01
1.489121068504955236e-01
1.526820336062042760e-01
1.569905213270141875e-01
1.390241275312362745e-01
1.401658767772513414e-01
1.422339508832398958e-01
1.488043946574753307e-01
1.492352434295562968e-01
1.538776389487293283e-01
1.380116329168461775e-01
1.409952606635072325e-01
1.410383455407150377e-01
1.414584230934943787e-01
1.467165015079709423e-01
1.370637656182679132e-01
1.370637656182679132e-01
1.343278759155526747e-01
1.400581645842311485e-01
1.393472641102978249e-01
1.374838431710474207e-01
1.297393364928909609e-01
1.368698836708315270e-01
1.386148211977595301e-01
1.306010340370530598e-01
1.400366221456267601e-01
1.356635071090048494e-01
1.313981042654031317e-01
1.290715208961652483e-01
1.320012925463153186e-01
1.328199052132698066e-01
1.334015510555793260e-01
1.319366652305040966e-01
1.291146057733734143e-01
1.310426540284361785e-01
1.333476949590700900e-01
1.284467901766484788e-01
1.279082292115467645e-01
1.299763033175355131e-01
1.292869452822058007e-01
1.285975872468764769e-01
1.279082292115467645e-01
1.279082292115467645e-01
1.246122361051271443e-01
1.253877638948730500e-01
1.294592847910381872e-01
1.253769926755710362e-01
1.238367083153812387e-01
1.262925463162431483e-01
1.279082292115467645e-01
1.251938819474364695e-01
1.296316242998707680e-01
1.252585092632484687e-01
1.280374838431709572e-01
1.234489444205084802e-01
1.242244722102541915e-01
1.250000000000000833e-01
1.245906936665231446e-01
1.256247307195174356e-01
1.241598448944421923e-01
1.232550624730718997e-01
1.205299439896584668e-01
1.248061180525637109e-01
1.230611805256355273e-01
1.230611805256355273e-01
1.245260663507109511e-01
1.230611805256355273e-01
1.209715639810427651e-01
1.246122361051271443e-01
1.239875053856098058e-01
1.230611805256355273e-01
1.243537268418785785e-01
1.233196897888840932e-01
1.236428263679448525e-01
1.158552348125807679e-01
1.129470056010341006e-01
1.230611805256355273e-01
1.226734166307631435e-01
1.235781990521326729e-01
1.230611805256355273e-01
1.116221456268844808e-01
1.233843171046964809e-01
1.230611805256355273e-01
1.223071951744938157e-01
1.227380439465747680e-01
1.211546747091761800e-01
1.171908660060304724e-01
1.094355881085729426e-01
1.217686342093926705e-01
1.221994829814736228e-01
1.226303317535545750e-01
1.230611805256355273e-01
1.154351572598019959e-01
1.137548470486863805e-01
1.001831107281336147e-01
1.220917707884534298e-01
1.225226195605343821e-01
1.229534683326153344e-01
1.173416630762599971e-01
1.091339939681173349e-01
1.028651443343386734e-01
9.704868591124533872e-02
1.224149073675141891e-01
1.228457561395951414e-01
1.192481688927179984e-01
1.107389056441185765e-01
1.039961223610509494e-01
1.037160706591985643e-01
9.055364067212409718e-02
1.210254200775527644e-01
1.211546747091761800e-01
1.123438173201201928e-01
1.100387763894866699e-01
9.801809564842685341e-02
1.209284791038347656e-01
1.203683757001294263e-01
1.203683757001294263e-01
1.139487289961225724e-01
1.059780267126231440e-01
1.004416199913820001e-01
9.316027574321342208e-02
8.406936665230446692e-02
1.218392934080140683e-01
1.149719948298146693e-01
1.077768203360620902e-01
1.005816458423095250e-01
9.177078845325332968e-02
1.203683757001294263e-01
1.203683757001294263e-01
1.167707884532524776e-01
1.095756139594998985e-01
1.023804394657473332e-01
9.367729426971133089e-02
8.861482119775972166e-02
1.203683757001294263e-01
1.183110728134417061e-01
1.113744075829379010e-01
1.032098233520028496e-01
9.558380008616933210e-02
9.088754847048646779e-02
8.033175355450228317e-02
1.203683757001294263e-01
1.131732012063768611e-01
1.059780267126231440e-01
9.749030590262752760e-02
8.986428263679380191e-02
8.223825937096028438e-02
7.497845756139552564e-02
7.880913399396280439e-02
1.070228349849203786e-01
9.939681171908686108e-02
9.177078845325199741e-02
8.414476518741846600e-02
1.192266264541149562e-01
7.292115467470933199e-02
1.080245583800082815e-01
1.013033175355448623e-01
9.367729426971133089e-02
8.605127100387781336e-02
7.842524773804428195e-02
7.281344248168913902e-02
1.100818612666946694e-01
1.032098233520028496e-01
9.558380008616933210e-02
8.795777682033581457e-02
8.031021111589808914e-02
7.270573028866876564e-02
7.270573028866876564e-02
1.030482550624720883e-01
9.749030590262752760e-02
8.986428263679380191e-02
8.153813011632876639e-02
7.404136148211866442e-02
7.270573028866876564e-02
1.052132701421786554e-01
9.939681171908686108e-02
8.767772511848286043e-02
8.071951744937581885e-02
7.537699267557047833e-02
7.292115467470913770e-02
7.270573028866876564e-02
9.871822490305723341e-02
9.161999138302456824e-02
8.205514864282552334e-02
7.671262386902229224e-02
7.270573028866876564e-02
1.071736320551495286e-01
7.270573028866876564e-02
9.013356311934571374e-02
8.339077983627733726e-02
7.804825506247219102e-02
7.270573028866876564e-02
7.270573028866876564e-02
7.270573028866876564e-02
9.438819474364408546e-02
8.644980611805314075e-02
7.938388625592381065e-02
7.404136148211866442e-02
7.270573028866876564e-02
7.270573028866876564e-02
6.471348556656610074e-02
8.289530374838362248e-02
8.071951744937581885e-02
7.537699267557047833e-02
7.270573028866876564e-02
7.270573028866876564e-02
7.270573028866876564e-02
8.739767341663086386e-02
6.887117621714647364e-02
7.671262386902229224e-02
7.270573028866876564e-02
7.270573028866876564e-02
7.270573028866876564e-02
7.991469194312544877e-02
6.813873330461028832e-02
7.261956053425142055e-02
7.270573028866876564e-02
7.270573028866876564e-02
6.386255924170600173e-02
6.528436018957381459e-02
6.756785868160257447e-02
7.421370099095181416e-02
7.387979319258847211e-02
6.046962516156838274e-02
6.242998707453733392e-02
6.471348556656610074e-02
6.699698405859580430e-02
6.928048255062475846e-02
7.217406290392035240e-02
7.270573028866876564e-02
6.185911245152962007e-02
6.414261094355933057e-02
6.642610943558828474e-02
7.627100387763799394e-02
7.099310641964676205e-02
6.241835415768971079e-02
6.128823782852209356e-02
6.357173632055181101e-02
6.585523481258133416e-02
6.813873330461028832e-02
6.977595863851847324e-02
5.843386471348561984e-02
6.071736320551533728e-02
6.300086169754409715e-02
6.528436018957381459e-02
6.756785868160257447e-02
6.904351572598038667e-02
5.843386471348561984e-02
6.014648858250761648e-02
6.242998707453733392e-02
6.471348556656610074e-02
6.699698405859580430e-02
6.831107281344248050e-02
5.843386471348561984e-02
5.957561395950009692e-02
6.185911245152962007e-02
6.414261094355933057e-02
6.464885825075410153e-02
6.757862990090533761e-02
5.843386471348561984e-02
5.900473933649314634e-02
6.128823782852209356e-02
6.357173632055181101e-02
6.391641533821715293e-02
5.843386471348561984e-02
