7.587740978744438314e-01
6.720217498764212705e-01
6.075135936727631414e-01
5.805734058329213854e-01
5.684626791893228059e-01
5.232328225407809619e-01
5.294117647058823595e-01
4.866930301532376157e-01
4.834404349975284787e-01
4.508156203657934236e-01
4.715768660405337820e-01
4.310430054374690401e-01
4.542758279782500019e-01
4.055857637172515240e-01
4.453781512605041182e-01
3.932278793870490063e-01
3.816114681166583589e-01
3.792189817103310823e-01
3.776569451309935710e-01
3.618388531883341419e-01
3.682649530400394777e-01
3.507167572911517039e-01
3.242708848245181574e-01
3.284725654967869390e-01
3.242708848245181574e-01
3.272367770637667483e-01
3.069698467622343219e-01
3.097676717745921904e-01
3.069698467622343219e-01
3.030153237765694230e-01
2.990608007909046351e-01
2.889273356401383386e-01
2.881858625803261353e-01
2.918932278793870960e-01
2.881858625803261353e-01
2.817597627286210216e-01
2.837370242214531935e-01
2.767276322293622526e-01
2.689075630252101279e-01
2.716262975778547251e-01
2.689075630252101279e-01
2.681660899653979802e-01
2.669303015323777339e-01
2.624814631735047921e-01
2.669303015323777339e-01
2.597627286208602504e-01
2.649530400395453955e-01
2.567968363816116595e-01
2.525951557093427113e-01
2.590212555610480472e-01
2.525951557093427113e-01
2.536233316856152942e-01
2.525951557093427113e-01
2.476915472071181124e-01
2.516065249629265144e-01
2.446861097380129968e-01
2.446861097380129968e-01
2.434503213049926118e-01
2.436974789915967998e-01
2.434503213049926118e-01
2.436974789915967998e-01
2.407315867523480424e-01
2.436974789915967998e-01
2.325753830944143341e-01
2.436974789915967998e-01
2.345526445872467003e-01
2.357884330202670853e-01
2.343054869006427066e-01
2.422145328719724211e-01
2.221947602570442104e-01
2.343054869006427066e-01
2.221947602570442104e-01
2.343054869006427066e-01
2.224419179436482319e-01
2.343054869006427066e-01
2.224419179436482319e-01
2.343054869006427066e-01
2.157686604053387081e-01
2.343054869006427066e-01
2.147800296589223445e-01
2.021749876421156666e-01
2.081067721206129872e-01
2.105783489866535629e-01
2.083539298072171753e-01
2.021749876421156666e-01
2.083539298072171753e-01
2.021749876421156666e-01
2.076124567474048055e-01
2.021749876421156666e-01
2.058823529411765996e-01
2.021749876421156666e-01
2.058823529411765996e-01
2.021749876421156666e-01
1.994562530894710972e-01
1.932773109243697551e-01
1.957884330202668832e-01
2.021749876421156666e-01
1.932773109243697551e-01
2.021749876421156666e-01
1.895699456253089887e-01
1.868512110726644193e-01
1.900642609985170040e-01
1.779535343549185078e-01
1.974789915966387033e-01
1.779535343549185078e-01
1.900642609985170040e-01
1.779535343549185078e-01
1.895699456253089887e-01
1.779535343549185078e-01
1.870983687592684130e-01
1.779535343549185078e-01
1.870983687592684130e-01
1.779535343549185078e-01
1.851211072664360191e-01
1.779535343549185078e-01
1.764705882352942956e-01
1.779535343549185078e-01
1.764705882352942956e-01
1.779535343549185078e-01
1.754819574888779321e-01
1.730103806228373564e-01
1.754819574888779321e-01
1.779535343549185078e-01
1.754819574888779321e-01
1.769649036085023108e-01
1.749876421156697504e-01
1.779535343549185078e-01
1.749876421156697504e-01
1.730103806228373564e-01
1.749876421156697504e-01
1.720217498764211872e-01
1.749876421156697504e-01
1.720217498764211872e-01
1.744933267424617351e-01
1.720217498764211872e-01
1.720217498764213537e-01
1.720217498764211872e-01
1.720217498764211872e-01
1.720217498764211872e-01
1.638655462184874512e-01
1.720217498764211872e-01
1.715274345032129777e-01
1.720217498764211872e-01
1.715274345032129777e-01
1.720217498764211872e-01
1.710331191300049902e-01
1.720217498764211872e-01
1.633712308452792694e-01
1.720217498764211872e-01
1.638655462184874512e-01
1.720217498764211872e-01
1.705388037567968085e-01
1.720217498764211872e-01
1.604053386060308728e-01
1.720217498764211872e-01
1.599110232328226910e-01
1.720217498764211872e-01
1.599110232328226910e-01
1.651013346515078362e-01
1.599110232328226910e-01
1.651013346515078362e-01
1.599110232328226910e-01
1.651013346515078362e-01
1.599110232328226910e-01
1.720217498764211872e-01
1.599110232328226910e-01
1.478002965892240284e-01
1.599110232328226910e-01
1.478002965892240284e-01
1.589223924864063275e-01
1.478002965892240284e-01
1.589223924864063275e-01
1.478002965892240284e-01
1.599110232328226910e-01
1.478002965892240284e-01
1.564508156203659184e-01
1.478002965892240284e-01
1.564508156203659184e-01
1.478002965892240284e-01
1.512605042016807733e-01
1.478002965892240284e-01
1.534849233811173552e-01
1.478002965892240284e-01
1.517548195748887885e-01
1.478002965892240284e-01
1.559565002471577366e-01
1.478002965892240284e-01
1.478002965892240284e-01
1.478002965892240284e-01
1.502718734552645763e-01
1.478002965892240284e-01
1.513395946613940724e-01
1.478002965892240284e-01
1.478002965892240284e-01
1.478002965892240284e-01
1.478002965892240284e-01
1.478002965892240284e-01
1.478002965892240284e-01
1.478002965892240284e-01
1.478002965892240284e-01
1.478002965892240284e-01
1.478002965892240284e-01
1.478002965892240284e-01
1.478002965892240284e-01
1.478002965892240284e-01
1.443400889767672557e-01
1.478002965892240284e-01
1.478002965892240284e-01
1.478002965892240284e-01
1.438457736035592405e-01
1.478002965892240284e-01
1.438457736035592405e-01
1.478002965892240284e-01
1.438457736035592405e-01
1.478002965892240284e-01
1.438457736035592405e-01
1.468116658428078314e-01
1.438457736035592405e-01
1.408798813643105108e-01
1.438457736035592405e-01
1.468116658428078314e-01
1.438457736035592405e-01
1.398912506178943138e-01
1.438457736035592405e-01
1.408798813643105108e-01
1.438457736035592405e-01
1.408798813643105108e-01
1.438457736035592405e-01
1.408798813643105108e-01
1.438457736035592405e-01
1.398912506178943138e-01
1.438457736035592405e-01
1.398912506178943138e-01
1.398912506178943138e-01
1.398912506178943138e-01
1.433514582303510587e-01
1.398912506178943138e-01
1.403855659911024956e-01
1.398912506178943138e-01
1.398912506178943138e-01
1.398912506178943138e-01
1.399307958477508662e-01
1.398912506178943138e-01
1.398912506178943138e-01
1.398912506178943138e-01
1.398912506178943138e-01
1.398912506178943138e-01
1.398912506178943138e-01
1.398912506178943138e-01
1.398912506178943138e-01
1.398912506178943138e-01
1.398912506178943138e-01
1.398912506178943138e-01
1.398912506178943138e-01
1.398912506178943138e-01
1.398912506178943138e-01
1.398912506178943138e-01
1.398912506178943138e-01
1.398912506178943138e-01
1.398912506178943138e-01
1.398912506178943138e-01
1.398912506178943138e-01
1.398912506178943138e-01
1.398912506178943138e-01
1.398912506178943138e-01
1.398912506178943138e-01
1.398912506178943138e-01
1.364310430054375411e-01
1.398912506178943138e-01
1.379139891250617533e-01
1.398912506178943138e-01
1.398912506178943138e-01
1.398912506178943138e-01
1.398912506178943138e-01
1.398912506178943138e-01
1.309935739001482080e-01
1.398912506178943138e-01
1.379139891250617533e-01
1.398912506178943138e-01
1.275333662876914631e-01
1.398912506178943138e-01
1.389026198714779503e-01
1.398912506178943138e-01
1.304992585269402205e-01
1.398912506178943138e-01
1.275333662876914631e-01
1.398912506178943138e-01
1.271181413741967470e-01
1.398912506178943138e-01
1.304992585269402205e-01
1.398912506178943138e-01
1.275333662876914631e-01
1.398912506178943138e-01
1.270390509144834479e-01
1.398912506178943138e-01
1.270390509144834479e-01
1.398912506178943138e-01
1.275333662876914631e-01
1.398912506178943138e-01
1.275333662876914631e-01
1.398912506178943138e-01
1.270390509144834479e-01
1.398912506178943138e-01
1.270390509144834479e-01
1.398912506178943138e-01
1.270390509144834479e-01
1.349480968858131624e-01
1.270390509144834479e-01
1.398912506178943138e-01
1.270390509144834479e-01
1.398912506178943138e-01
1.230845279288186878e-01
1.349480968858131624e-01
1.270390509144834479e-01
1.141868512110725958e-01
1.270390509144834479e-01
1.141868512110725958e-01
1.270390509144834479e-01
1.191300049431537333e-01
1.270390509144834479e-01
1.349480968858131624e-01
1.270390509144834479e-01
1.141868512110725958e-01
1.270390509144834479e-01
1.141868512110725958e-01
1.270390509144834479e-01
1.191300049431537333e-01
1.248146317350468937e-01
1.141868512110725958e-01
1.230845279288186878e-01
1.141868512110725958e-01
1.196243203163619151e-01
1.141868512110725958e-01
1.173999011369253609e-01
1.141868512110725958e-01
1.144340088976766034e-01
1.141868512110725958e-01
1.245674740484428861e-01
1.141868512110725958e-01
1.144340088976766034e-01
1.141868512110725958e-01
1.171527434503213533e-01
1.141868512110725958e-01
1.141868512110725958e-01
1.141868512110725958e-01
1.141868512110725958e-01
1.141868512110725958e-01
1.141868512110725958e-01
1.141868512110725958e-01
1.173999011369253609e-01
1.141868512110725958e-01
1.245674740484428861e-01
1.141868512110725958e-01
1.141868512110725958e-01
1.141868512110725958e-01
1.141868512110725958e-01
1.141868512110725958e-01
1.171527434503213533e-01
1.141868512110725958e-01
1.141868512110725958e-01
1.141868512110725958e-01
1.171527434503213533e-01
1.141868512110725958e-01
1.141868512110725958e-01
1.141868512110725958e-01
1.141868512110725958e-01
1.141868512110725958e-01
1.141868512110725958e-01
1.141868512110725958e-01
1.141868512110725958e-01
1.141868512110725958e-01
1.141868512110725958e-01
1.141868512110725958e-01
1.141868512110725958e-01
1.141868512110725958e-01
1.141868512110725958e-01
1.141868512110725958e-01
1.141868512110725958e-01
1.141868512110725958e-01
1.141868512110725958e-01
1.141868512110725958e-01
1.141868512110725958e-01
1.141868512110725958e-01
1.141868512110725958e-01
1.141868512110725958e-01
1.141868512110725958e-01
1.141868512110725958e-01
1.141868512110725958e-01
1.141868512110725958e-01
1.141868512110725958e-01
1.141868512110725958e-01
1.141868512110725958e-01
1.141868512110725958e-01
1.141868512110725958e-01
1.141868512110725958e-01
