5.675019783698233011e-01
5.497757847533635278e-01
5.762943814297021294e-01
5.819968346082827759e-01
5.073727248747031959e-01
4.659424953838037786e-01
4.451543128462148724e-01
4.135848061197573977e-01
4.071427064099181203e-01
4.694407807966235469e-01
4.058295964125559485e-01
3.789448694275917018e-01
3.605629121603795562e-01
3.561413874967025994e-01
3.492218412028489927e-01
3.154471115800581704e-01
3.119889211289896824e-01
3.332234238987076269e-01
3.052756528620416132e-01
2.921798997625954519e-01
2.705354787654972171e-01
2.637166974413058251e-01
2.611685571089421010e-01
2.620021102611447272e-01
2.654634661039303456e-01
2.506093379055654990e-01
2.478237931944078654e-01
2.468477974149300980e-01
2.366657873911893750e-01
2.392376681614350187e-01
2.424162490108152102e-01
2.312054866789766683e-01
2.372461092060143550e-01
2.329332629912950203e-01
2.293590081772618194e-01
2.153389606963861669e-01
2.163677130044843466e-01
2.177393827486149291e-01
2.152081245054076331e-01
2.192160379847000184e-01
2.083487206541810577e-01
1.999472434713794600e-01
1.943286731733052941e-01
1.931020838828804154e-01
1.926800316539172553e-01
1.949617515167501036e-01
1.849775784753364127e-01
1.950936428383009680e-01
1.848588762859403045e-01
1.791479820627803754e-01
1.805185966763386274e-01
1.847137958322343787e-01
1.831970456343973985e-01
1.710762331838564243e-01
1.769058295964127392e-01
1.688499076760749118e-01
1.642706409918227306e-01
1.577156423107355099e-01
1.725534159852281646e-01
1.670667370087047243e-01
1.601820100237403288e-01
1.595225534159853686e-01
1.586916380902137491e-01
1.470983909258771205e-01
1.408731205486677129e-01
1.636375626483777823e-01
1.573463466103928732e-01
1.546953310472170273e-01
1.494856238459508213e-01
1.398575573727249277e-01
1.419155895542070223e-01
1.292534951200210447e-01
1.309944605644948468e-01
1.506462674755998654e-01
1.367185439198099484e-01
1.405038248483249375e-01
1.333289369559482185e-01
1.297942495383801187e-01
1.292534951200210447e-01
1.329047744658398422e-01
1.362437351622264869e-01
1.348588762859403711e-01
1.313109997362174319e-01
1.282774993405434993e-01
1.106700079134790848e-01
1.139672909522555372e-01
1.172381957267212421e-01
1.261936164600368504e-01
1.251252967554734585e-01
1.128857821155355295e-01
1.094961751516750903e-01
1.127011342653655573e-01
1.132155104194143558e-01
1.091400685834871681e-01
1.152598259034554179e-01
1.098522817198625406e-01
1.091400685834871681e-01
1.104062252703771480e-01
1.082843576892642407e-01
1.160775520970720870e-01
1.091400685834871681e-01
1.081508836718543115e-01
1.058559746768657911e-01
1.058559746768663740e-01
1.057240833553151765e-01
1.043392244790292966e-01
1.043919810076495980e-01
1.070825639672909058e-01
1.026378264310207206e-01
1.018728567660246997e-01
1.046926932207859484e-01
1.015563175943022395e-01
1.027829068847268823e-01
1.054734898443683150e-01
9.969664996043255123e-02
9.977578475336322528e-02
1.005671326826695078e-01
9.957794777103665118e-02
9.957794777103665118e-02
1.010551305724083915e-01
9.973621735689776335e-02
9.957794777103665118e-02
9.957794777103665118e-02
9.957794777103665118e-02
9.957794777103665118e-02
9.827222368768133431e-02
9.949881297810586611e-02
9.876022157742045393e-02
9.606963861777891023e-02
9.835135848061189734e-02
9.679504088630970504e-02
9.812714323397517258e-02
9.705882352941165581e-02
9.757319968346080119e-02
9.603007122131357320e-02
9.500131891321539346e-02
9.569770509100487821e-02
9.576628857821152530e-02
9.595093642838289916e-02
9.708520179372215342e-02
9.668952782906876930e-02
9.443418623054594674e-02
9.522553415985221537e-02
9.422316011606417241e-02
9.508678448958057805e-02
9.384067528356634935e-02
9.595093642838289916e-02
9.489580585597456874e-02
9.352413611184376419e-02
9.405170139804798490e-02
9.041150092323951837e-02
9.252176206805595715e-02
9.083355315220209558e-02
9.472434713795814532e-02
9.194091268794503391e-02
9.261408599314158163e-02
8.500395673964639132e-02
8.890793985755728046e-02
9.457926668425233052e-02
9.307570561856974567e-02
8.496438934318152614e-02
8.408071748878938323e-02
8.475336322869965466e-02
8.568979161171184911e-02
9.129517277763131433e-02
9.386705354787684696e-02
7.636507517805371514e-02
8.260353468741764293e-02
8.377736744922187340e-02
8.530730677921402605e-02
8.683724610920605380e-02
9.595093642838289916e-02
7.454497494064889207e-02
7.670799261408586811e-02
8.339488261672392544e-02
8.380374571353237101e-02
8.567132682669494070e-02
7.170931152730142255e-02
7.371405961487739744e-02
7.602215774202063236e-02
8.220786072276438372e-02
8.309153257715617968e-02
8.504352413611208916e-02
7.393827486151223483e-02
7.259298338169369036e-02
7.533632286995529947e-02
8.157478237931933829e-02
8.415985228171982135e-02
8.195304668952775595e-02
7.213136375626483243e-02
7.190714850962788562e-02
7.465048799789006373e-02
7.739382748615167285e-02
8.034819308889480649e-02
7.364811395410179873e-02
7.243471379583221736e-02
7.122131363756264988e-02
7.396465312582425899e-02
7.495383803745699069e-02
7.664626747560071562e-02
7.875230809812752697e-02
7.273806383539950515e-02
7.135320495911362526e-02
7.122131363756264988e-02
7.293590081772619027e-02
7.122131363756264988e-02
7.267211817462412848e-02
7.122131363756264988e-02
7.148509628066471167e-02
7.238195726721192991e-02
7.122131363756264988e-02
7.550778158797159800e-02
7.122131363756264988e-02
7.002110261144815773e-02
7.070693748351361552e-02
7.180163545238753275e-02
7.069374835135842916e-02
7.122131363756264988e-02
7.122131363756264988e-02
6.984964389343184532e-02
7.053547876549731699e-02
7.122131363756264988e-02
7.079926140859936490e-02
6.830651543128463121e-02
7.122131363756264988e-02
6.967818517541554679e-02
7.036402004748089356e-02
7.087259298338169367e-02
7.090477446584018961e-02
7.122131363756264988e-02
6.882089158533366557e-02
6.950672645739912336e-02
7.019256132946458115e-02
7.045634397256675396e-02
6.872856766024826314e-02
7.058823529411760445e-02
6.759430229490902275e-02
6.933526773938281096e-02
7.002110261144815773e-02
7.007385914006857008e-02
7.111580058032171414e-02
7.069374835135842916e-02
6.752835663413353506e-02
6.779213927723559685e-02
6.816143497757858050e-02
6.969137430757062213e-02
6.693484568715382665e-02
6.994196781851759470e-02
6.746241097335804737e-02
6.772619361645998426e-02
6.798997625956215707e-02
6.693484568715382665e-02
6.693484568715382665e-02
6.713268266948040075e-02
6.739646531258244866e-02
6.577420205750467153e-02
6.817726193616434338e-02
6.797678712740731766e-02
6.693484568715382665e-02
6.706673700870478816e-02
6.733051965180696097e-02
6.759430229490902275e-02
6.785808493801107066e-02
6.854391981007652845e-02
6.693484568715382665e-02
6.700079134792931435e-02
6.726457399103148715e-02
6.752835663413353506e-02
6.556317594302291107e-02
6.816143497757858050e-02
6.471907148509621621e-02
6.693484568715382665e-02
6.719862833025587456e-02
6.746241097335804737e-02
6.566868900026372191e-02
6.524663677130043693e-02
6.634133474017399335e-02
6.470588235294101598e-02
6.481139541018196559e-02
6.549723028224742338e-02
6.577420205750467153e-02
6.535214982854126164e-02
6.493009759957785176e-02
6.511474544974923950e-02
6.466631495647556793e-02
6.532577156423111098e-02
6.587971511474548236e-02
6.545766288578208636e-02
6.503561065681880138e-02
6.552360854655768507e-02
6.537852809285070455e-02
6.429701925613291735e-02
6.598522817198630708e-02
6.556317594302291107e-02
6.514112371405961222e-02
6.401002374043768262e-02
6.429701925613291735e-02
6.429701925613291735e-02
6.429701925613291735e-02
6.566868900026372191e-02
6.524663677130043693e-02
6.482458454233702705e-02
6.419150619889210652e-02
6.429701925613291735e-02
6.429701925613291735e-02
6.577420205750467153e-02
6.535214982854126164e-02
6.366394091268787192e-02
6.408599314165128180e-02
6.429701925613291735e-02
6.429701925613291735e-02
6.429701925613291735e-02
6.545766288578208636e-02
6.503561065681867648e-02
6.398048008441034606e-02
6.429701925613291735e-02
6.429701925613291735e-02
6.429701925613291735e-02
6.399366921656529650e-02
6.345291479820634739e-02
6.387496702716975727e-02
6.429701925613291735e-02
6.429701925613291735e-02
6.429701925613291735e-02
6.155367976787132211e-02
6.334740174096541165e-02
6.376945396992882154e-02
6.419150619889210652e-02
6.429701925613291735e-02
6.429701925613291735e-02
6.399788973885504884e-02
6.218675811131636755e-02
6.366394091268787192e-02
6.408599314165128180e-02
6.429701925613291735e-02
6.429701925613291735e-02
6.113162753890814816e-02
6.197573199683460710e-02
6.355842785544717211e-02
6.398048008441034606e-02
6.429701925613291735e-02
6.429701925613291735e-02
6.092060142442626974e-02
6.176470588235308257e-02
6.345291479820634739e-02
6.387496702716975727e-02
6.429701925613291735e-02
6.006383539963125462e-02
6.070957530994450929e-02
6.155367976787132211e-02
6.239778422579789208e-02
6.376945396992882154e-02
6.419150619889210652e-02
6.429701925613291735e-02
6.169876022157771284e-02
6.134265365338956166e-02
6.218675811131636755e-02
6.303086256924282649e-02
5.902136639409124447e-02
6.115800580321770902e-02
6.028752308098134227e-02
6.113162753890814816e-02
6.197573199683460710e-02
6.281983645476141298e-02
6.326510155631753785e-02
5.923239250857300492e-02
6.007649696649946386e-02
6.092060142442626974e-02
6.176470588235308257e-02
6.260881034027965253e-02
6.345291479820647229e-02
5.902136639409124447e-02
5.986547085201805035e-02
6.070957530994450929e-02
6.155367976787132211e-02
6.097335795304656414e-02
5.902136639409124447e-02
5.902136639409124447e-02
5.965444473753628990e-02
6.049854919546310272e-02
6.134265365338956166e-02
6.218675811131636755e-02
5.902136639409124447e-02
5.902136639409124447e-02
5.944341862305452945e-02
6.028752308098134227e-02
6.113162753890814816e-02
6.023476655236081195e-02
6.171194935373278817e-02
5.902136639409124447e-02
5.923239250857300492e-02
6.007649696649946386e-02
6.092060142442626974e-02
6.176470588235308257e-02
6.134265365338967269e-02
