7.539038101186756879e-01
6.658838226108680924e-01
6.508432229856340179e-01
5.724547158026233040e-01
5.559025608994377921e-01
5.028607120549652976e-01
5.178013741411617854e-01
4.622111180512180617e-01
4.084946908182386371e-01
4.343035602748279156e-01
3.785134291068081303e-01
3.895440349781387757e-01
3.760149906308556389e-01
3.657089319175514941e-01
3.610243597751405797e-01
3.372891942535916066e-01
3.485321673953778454e-01
3.238600874453466671e-01
3.322923173016864573e-01
3.157401623985008898e-01
3.322923173016864573e-01
3.019987507807620486e-01
3.091817613991254543e-01
2.995003123048095572e-01
2.910680824484697116e-01
2.920049968769516946e-01
2.910680824484697116e-01
2.804497189256713319e-01
2.710805746408493366e-01
2.786258588382261037e-01
2.710805746408493366e-01
2.657713928794500080e-01
2.598376014990629312e-01
2.620237351655214098e-01
2.573391630231104954e-01
2.567145534041223587e-01
2.542161149281697563e-01
2.548407245471581151e-01
2.542161149281697563e-01
2.526545908806994145e-01
2.523422860712055127e-01
2.504684572142409360e-01
2.492192379762648291e-01
2.486445971267956523e-01
2.492192379762648291e-01
2.420362273579012846e-01
2.492192379762648291e-01
2.410993129294189408e-01
2.485946283572765814e-01
2.382885696439723533e-01
2.454715802623360088e-01
2.323547782635851655e-01
2.454715802623360088e-01
2.307932542161147127e-01
2.454715802623360088e-01
2.286071205496563452e-01
2.454715802623360088e-01
2.264209868831979777e-01
2.242348532167393882e-01
2.245471580262335121e-01
2.242348532167393882e-01
2.186633354153652564e-01
2.242348532167393882e-01
2.204871955028107899e-01
2.242348532167393882e-01
2.176764522173640914e-01
2.242348532167393882e-01
2.146033728919423123e-01
2.029981261711429064e-01
2.087195502810740566e-01
2.029981261711429064e-01
2.073703935040598356e-01
2.029981261711429064e-01
2.042473454091191520e-01
2.029981261711429064e-01
2.021611492816988709e-01
2.029981261711429064e-01
2.020612117426607846e-01
1.930043722673329964e-01
2.001873828856963189e-01
2.029981261711429064e-01
1.967520299812615947e-01
2.029981261711429064e-01
1.970643347907558296e-01
1.930043722673329964e-01
1.951905059337913639e-01
1.911305434103686418e-01
1.911305434103684198e-01
1.911305434103686418e-01
1.946158650843220761e-01
1.911305434103686418e-01
1.848844472204872191e-01
1.911305434103686418e-01
1.911305434103684198e-01
1.911305434103686418e-01
1.895690193628981890e-01
1.911305434103686418e-01
1.830106183635229755e-01
1.848844472204872191e-01
1.830106183635229755e-01
1.848844472204872191e-01
1.815990006246095412e-01
1.848844472204872191e-01
1.798875702685821809e-01
1.911305434103686418e-01
1.798875702685822919e-01
1.686445971267958033e-01
1.789506558401000313e-01
1.686445971267958033e-01
1.783260462211118114e-01
1.686445971267958033e-01
1.752029981261712110e-01
1.686445971267958033e-01
1.757151780137411745e-01
1.686445971267958033e-01
1.686445971267958033e-01
1.686445971267958033e-01
1.742660836976889782e-01
1.686445971267958033e-01
1.693191755153029554e-01
1.686445971267958033e-01
1.742660836976889782e-01
1.686445971267958033e-01
1.680199875078078053e-01
1.686445971267958033e-01
1.680199875078078053e-01
1.667707682698313376e-01
1.680199875078078053e-01
1.686445971267958033e-01
1.670830730793255725e-01
1.667707682698313376e-01
1.664584634603373248e-01
1.655215490318550919e-01
1.670830730793255725e-01
1.655215490318550919e-01
1.670830730793255725e-01
1.655215490318550919e-01
1.673953778888195576e-01
1.655215490318550919e-01
1.655215490318550919e-01
1.655215490318550919e-01
1.655215490318550919e-01
1.655215490318550919e-01
1.648969394128669830e-01
1.655215490318550919e-01
1.614615865084322588e-01
1.655215490318550919e-01
1.599000624609619170e-01
1.655215490318550919e-01
1.649469081823860261e-01
1.655215490318550919e-01
1.592754528419738080e-01
1.655215490318550919e-01
1.623985009369144916e-01
1.655215490318550919e-01
1.586508432229857823e-01
1.655215490318550919e-01
1.577139287945035495e-01
1.655215490318550919e-01
1.583385384134915475e-01
1.530293566520924964e-01
1.577139287945035495e-01
1.655215490318550919e-01
1.577139287945035495e-01
1.655215490318550919e-01
1.577139287945035495e-01
1.655215490318550919e-01
1.577139287945035495e-01
1.655215490318550919e-01
1.577139287945035495e-01
1.530293566520924964e-01
1.561524047470333187e-01
1.499063085571518961e-01
1.520924422236101525e-01
1.499063085571518961e-01
1.520924422236101525e-01
1.499063085571518961e-01
1.520924422236101525e-01
1.499063085571518961e-01
1.514678326046221546e-01
1.499063085571518961e-01
1.514678326046221546e-01
1.499063085571518961e-01
1.517176764522172594e-01
1.499063085571518961e-01
1.514678326046221546e-01
1.499063085571518961e-01
1.514678326046221546e-01
1.499063085571518961e-01
1.392879450343535441e-01
1.499063085571518961e-01
1.499063085571518961e-01
1.499063085571518961e-01
1.386633354153655462e-01
1.499063085571518961e-01
1.386633354153655462e-01
1.499063085571518961e-01
1.386633354153655462e-01
1.499063085571518961e-01
1.374141161773893005e-01
1.499063085571518961e-01
1.377264209868833134e-01
1.499063085571518961e-01
1.377264209868833134e-01
1.499063085571518961e-01
1.499063085571518961e-01
1.499063085571518961e-01
1.364772017489068456e-01
1.499063085571518961e-01
1.374141161773890785e-01
1.499063085571518961e-01
1.364772017489070677e-01
1.499063085571518961e-01
1.349156777014364761e-01
1.499063085571518961e-01
1.364772017489070677e-01
1.499063085571518961e-01
1.314803247970017797e-01
1.499063085571518961e-01
1.314803247970017797e-01
1.405371642723297898e-01
1.314803247970017797e-01
1.130543410368518714e-01
1.364772017489070677e-01
1.174515927545242977e-01
1.314803247970017797e-01
1.499063085571518961e-01
1.314803247970017797e-01
1.405371642723297898e-01
1.302311055590255340e-01
1.130543410368518714e-01
1.314803247970017797e-01
1.130543410368518714e-01
1.311680199875077668e-01
1.130543410368518714e-01
1.314803247970017797e-01
1.130543410368518714e-01
1.314803247970017797e-01
1.130543410368518714e-01
1.278201124297312086e-01
1.130543410368518714e-01
1.302311055590255340e-01
1.130543410368518714e-01
1.286695815115553032e-01
1.130543410368518714e-01
1.255465334166145919e-01
1.130543410368518714e-01
1.274203622735790575e-01
1.130543410368518714e-01
1.208619612742035249e-01
1.130543410368518714e-01
1.302311055590255340e-01
1.130543410368518714e-01
1.267957526545908375e-01
1.130543410368518714e-01
1.208619612742036359e-01
1.130543410368518714e-01
1.193004372267332941e-01
1.130543410368518714e-01
1.208619612742035249e-01
1.130543410368518714e-01
1.130543410368518714e-01
1.130543410368518714e-01
1.130543410368518714e-01
1.130543410368518714e-01
1.130543410368518714e-01
1.130543410368518714e-01
1.130543410368518714e-01
1.130543410368518714e-01
1.130543410368518714e-01
1.130543410368518714e-01
1.130543410368518714e-01
1.130543410368518714e-01
1.130543410368518714e-01
1.130543410368518714e-01
1.130543410368518714e-01
1.130543410368518714e-01
1.111805121798876278e-01
1.130543410368518714e-01
1.130543410368518714e-01
1.130543410368518714e-01
1.130543410368518714e-01
1.130543410368518714e-01
1.130543410368518714e-01
1.130543410368518714e-01
1.130543410368518714e-01
1.130543410368518714e-01
1.130543410368518714e-01
1.130543410368518714e-01
1.102435977514053950e-01
1.130543410368518714e-01
1.130543410368518714e-01
1.130543410368518714e-01
1.102435977514053950e-01
1.130543410368518714e-01
1.118051217988756396e-01
1.130543410368518714e-01
1.089943785134291632e-01
1.130543410368518714e-01
1.099312929419113960e-01
1.130543410368518714e-01
1.089943785134291632e-01
1.130543410368518714e-01
1.089943785134291632e-01
1.130543410368518714e-01
1.089943785134291632e-01
1.130543410368518714e-01
1.118051217988756396e-01
1.130543410368518714e-01
1.089943785134291632e-01
1.105559025608993939e-01
1.089943785134291632e-01
1.130543410368518714e-01
1.102435977514053950e-01
1.105559025608993939e-01
1.089943785134291632e-01
1.049344159900062190e-01
1.089943785134291632e-01
1.074328544659586965e-01
1.118051217988756396e-01
1.053341661461582451e-01
1.089943785134291632e-01
1.105559025608993939e-01
1.089943785134291632e-01
1.049344159900062190e-01
1.089943785134291632e-01
1.049344159900062190e-01
1.089943785134291632e-01
1.049344159900062190e-01
1.089943785134291632e-01
1.049344159900062190e-01
1.089943785134291632e-01
1.049344159900062190e-01
1.089943785134291632e-01
1.049344159900062190e-01
1.089943785134291632e-01
1.049344159900062190e-01
1.077451592754529175e-01
1.049344159900062190e-01
1.061836352279824508e-01
1.049344159900062190e-01
1.089943785134291632e-01
1.049344159900062190e-01
1.061836352279824508e-01
1.049344159900062190e-01
1.066333541536535340e-01
1.049344159900062190e-01
1.049344159900062190e-01
1.049344159900062190e-01
1.049344159900062190e-01
1.049344159900062190e-01
1.049344159900062190e-01
1.049344159900062190e-01
1.049344159900062190e-01
1.049344159900062190e-01
1.061836352279824508e-01
1.049344159900062190e-01
1.049344159900062190e-01
1.049344159900062190e-01
1.051342910680822806e-01
1.049344159900062190e-01
1.049344159900062190e-01
1.049344159900062190e-01
1.049344159900062190e-01
1.049344159900062190e-01
1.049344159900062190e-01
1.049344159900062190e-01
1.049344159900062190e-01
1.049344159900062190e-01
1.049344159900062190e-01
1.049344159900062190e-01
1.049344159900062190e-01
1.049344159900062190e-01
1.049344159900062190e-01
1.049344159900062190e-01
1.049344159900062190e-01
1.049344159900062190e-01
1.049344159900062190e-01
1.049344159900062190e-01
1.049344159900062190e-01
1.049344159900062190e-01
1.049344159900062190e-01
1.049344159900062190e-01
1.049344159900062190e-01
1.049344159900062190e-01
1.049344159900062190e-01
1.049344159900062190e-01
1.049344159900062190e-01
1.049344159900062190e-01
1.049344159900062190e-01
1.049344159900062190e-01
1.049344159900062190e-01
1.049344159900062190e-01
1.049344159900062190e-01
1.049344159900062190e-01
