8.535096662498793396e-01
7.740598249495047600e-01
7.148658266807733641e-01
6.988554390689621920e-01
6.457785899778782923e-01
5.971434067519476585e-01
5.855823795325574288e-01
5.639934596518224597e-01
5.545234202173703331e-01
5.055996922189092135e-01
5.048090795421757981e-01
4.860344330095219822e-01
4.753294219486389749e-01
4.717707030874289664e-01
4.551774550351063708e-01
4.615754544580166763e-01
4.456381648552465990e-01
4.183418293738579985e-01
4.182937385784361028e-01
4.048033086467250907e-01
4.127632971049342014e-01
4.219967298259112432e-01
3.863614504183898180e-01
3.861209964412812834e-01
3.516552851784169875e-01
3.705876695200538418e-01
3.586707704145424835e-01
3.608060017312685885e-01
3.074867750312589298e-01
3.096085409252670728e-01
3.251418678464940148e-01
3.282196787534865101e-01
3.296624026161392718e-01
2.767625276522073241e-01
2.668789073771281051e-01
2.786861594690777655e-01
2.895065884389729227e-01
2.915744926421083294e-01
2.672886409541213037e-01
2.537270366451861436e-01
2.536308550543426299e-01
2.625757430027892414e-01
2.609406559584496188e-01
2.550735789169952805e-01
2.493988650572279975e-01
2.480042319899970205e-01
2.428585168798691185e-01
2.447532942194863559e-01
2.469462344907182860e-01
2.428585168798691185e-01
2.419447917668558490e-01
2.423776089256515220e-01
2.424256997210732512e-01
2.418005193805904951e-01
2.358853515437145942e-01
2.335769933634702367e-01
2.375685293834758904e-01
2.387707992690198677e-01
2.402616139270942475e-01
2.353563527940752131e-01
2.300663652976819851e-01
2.305953640473213384e-01
2.316052707511782327e-01
2.263633740502068448e-01
2.303549100702128039e-01
2.263152832547849769e-01
2.238626526882754597e-01
2.253053765509281103e-01
2.283350966624987377e-01
2.228046551889969473e-01
2.258343753005673527e-01
2.260267384822544634e-01
2.232855631432143495e-01
2.202077522362218542e-01
2.209772049629701862e-01
2.202558430316439164e-01
2.214965855535249162e-01
2.224199288256228368e-01
2.204001154179090760e-01
2.204001154179090760e-01
2.172261229200729837e-01
2.180917572376648017e-01
2.171299413292292479e-01
2.188612099644128284e-01
2.210733865538137000e-01
2.186688467827257176e-01
2.152063095123593339e-01
2.120804078099451928e-01
2.155429450803116875e-01
2.169375781475425813e-01
2.171299413292294700e-01
2.123208617870540604e-01
2.139078580359718429e-01
2.119842262191015958e-01
2.094835048571704328e-01
2.096912570933923969e-01
2.067904203135519370e-01
2.113109550831969718e-01
2.122246801962104357e-01
2.111666826969317012e-01
2.070308742906608046e-01
2.067904203135520480e-01
2.057805136096950704e-01
2.067904203135519370e-01
2.125132249687409491e-01
2.095315956525919676e-01
2.053476964508992031e-01
2.032317014523421506e-01
2.042896989516205797e-01
2.059190151005095282e-01
2.049629700875252036e-01
1.923631816870251532e-01
1.907280946426855028e-01
1.971722612292006738e-01
2.021737039530632218e-01
2.042416081561989338e-01
2.048667884966816899e-01
1.860632874867750308e-01
1.903914590747330382e-01
1.920746369144946397e-01
1.999615273636626556e-01
2.043858805424641767e-01
2.034240646340290670e-01
1.805328460132731294e-01
1.855342887371356497e-01
1.910166394152160163e-01
1.966913532749831606e-01
2.031836106569201994e-01
2.036645186111377959e-01
1.756756756756756577e-01
1.828412041935174037e-01
1.889968260075021722e-01
1.931326344137731799e-01
1.968952582475713975e-01
1.690872367028950218e-01
1.742810426084446529e-01
1.784168510147157716e-01
1.840915648744830269e-01
1.917860921419641540e-01
1.659132442050591238e-01
1.673078772722901286e-01
1.724055015869962459e-01
1.775993074925459048e-01
1.816389343079735097e-01
1.861594690776185446e-01
1.659132442050591238e-01
1.659132442050591238e-01
1.677406944310858850e-01
1.763008560161584137e-01
1.771183995383283916e-01
1.693757814754256186e-01
1.635087044339713636e-01
1.658170626142156379e-01
1.656727902279504783e-01
1.739444070404923826e-01
1.765413099932672814e-01
1.623064345484273863e-01
1.639415215927671199e-01
1.652399730691546109e-01
1.658170626142156379e-01
1.673078772722901286e-01
1.708185053380778251e-01
1.625468885255362261e-01
1.609118014811966035e-01
1.616331634125228733e-01
1.599018947773396260e-01
1.666346061363855047e-01
1.637491584110801202e-01
1.616331634125229844e-01
1.610560738674618464e-01
1.612484370491487629e-01
1.599018947773396260e-01
1.599018947773396260e-01
1.582668077329998646e-01
1.586515340963738641e-01
1.612003462537271170e-01
1.606232567086659790e-01
1.581706261421564619e-01
1.599018947773396260e-01
1.599018947773396260e-01
1.585553525055303781e-01
1.599018947773396260e-01
1.589400788689044886e-01
1.579782629604693511e-01
1.599018947773396260e-01
1.580744445513128649e-01
1.584591709146868643e-01
1.574973550062518657e-01
1.591805328460133562e-01
1.582187169375782188e-01
1.575935365970953517e-01
1.579782629604693511e-01
1.583629893238433783e-01
1.574973550062518657e-01
1.574973550062518657e-01
1.574973550062517547e-01
1.574973550062518657e-01
1.578820813696258651e-01
1.574973550062518657e-01
1.574973550062518657e-01
1.568721746657689708e-01
1.562950851207079717e-01
1.574973550062517547e-01
1.554775415985381049e-01
1.571126286428776442e-01
1.574973550062518657e-01
1.565355390978166172e-01
1.560546311435991040e-01
1.570164470520343525e-01
1.561508127344427288e-01
1.574492642108299978e-01
1.534096373954025871e-01
1.561989035298644579e-01
1.558141771664902364e-01
1.574973550062518657e-01
1.567279022795037280e-01
1.574973550062518657e-01
1.544195440992594814e-01
1.558622679619121043e-01
1.555737231893815908e-01
1.565355390978168393e-01
1.574973550062518657e-01
1.544195440992593704e-01
1.554294508031163480e-01
1.494181013753966281e-01
1.553332692122727510e-01
1.562950851207079717e-01
1.572569010291429981e-01
1.551889968260075914e-01
1.521111859190150961e-01
1.490333750120228229e-01
1.459555641050303276e-01
1.547080888717898561e-01
1.570164470520343525e-01
1.559584495527557013e-01
1.488891026257573580e-01
1.461960180821389732e-01
1.514860055785322290e-01
1.558141771664902364e-01
1.551889968260075914e-01
1.567279022795037280e-01
1.488410118303354901e-01
1.467250168317784653e-01
1.474944695585263810e-01
1.478791959219006025e-01
1.542271809175725650e-01
1.514860055785322290e-01
1.493700105799749822e-01
1.513417331922669862e-01
1.469654708088869999e-01
1.391747619505626088e-01
1.514860055785322290e-01
1.514860055785322290e-01
1.498990093296143356e-01
1.477830143310570887e-01
1.456670193324998419e-01
1.435510243339425673e-01
1.525920938732326093e-01
1.529768202366068308e-01
1.504280080792536056e-01
1.448494758103298641e-01
1.461960180821389732e-01
1.407136674040587454e-01
1.399442146773108298e-01
1.514860055785322290e-01
1.503799172838319598e-01
1.488410118303354901e-01
1.467250168317784653e-01
1.414831201308068553e-01
1.384053092238144711e-01
1.514860055785322290e-01
1.514860055785322290e-01
1.470616523997305969e-01
1.453303837645474605e-01
1.422525728575549653e-01
1.391747619505626088e-01
1.372992209291139798e-01
1.333288448590938813e-01
1.481677406944311992e-01
1.460998364912954872e-01
1.430220255843032140e-01
1.399442146773107187e-01
1.368664037703183345e-01
1.342695008175434634e-01
1.327305953640472158e-01
1.468692892180435972e-01
1.437914783110512129e-01
1.407136674040587454e-01
1.376358564970664444e-01
1.352794075214003300e-01
1.480234683081659564e-01
1.447532942194862393e-01
1.445609310377993506e-01
1.414831201308068553e-01
1.384053092238144711e-01
1.353274983168220869e-01
1.322496874098297026e-01
1.445609310377991286e-01
1.407136674040588287e-01
1.422525728575549653e-01
1.391747619505626088e-01
1.334519572953734856e-01
1.324901413869384592e-01
1.322496874098297026e-01
1.420602096758679656e-01
1.366740405886313348e-01
1.305665095700683231e-01
1.336924112724823532e-01
1.327305953640473268e-01
1.322496874098297026e-01
1.322496874098297026e-01
1.380205828604404716e-01
1.382610368375493393e-01
1.339328652495913041e-01
1.329710493411560834e-01
1.322496874098297026e-01
1.322496874098297026e-01
1.393671251322497195e-01
1.382610368375492282e-01
1.341733192266999497e-01
1.332115033182648400e-01
1.322496874098297026e-01
1.322496874098297026e-01
1.251803404828315536e-01
1.322496874098297026e-01
1.344137732038087063e-01
1.334519572953734856e-01
1.324901413869384592e-01
1.322496874098297026e-01
1.262306434548417511e-01
1.285409252669037772e-01
1.346542271809174629e-01
1.336924112724823532e-01
1.327305953640473268e-01
1.322496874098297026e-01
1.322496874098297026e-01
1.267192459363278012e-01
1.268154275271713149e-01
1.285466961623545623e-01
1.306626911609118091e-01
1.322496874098297026e-01
1.228719823025873070e-01
1.237857074156006876e-01
1.259017024141579344e-01
1.280176974127151812e-01
1.332115033182648400e-01
1.322496874098297026e-01
1.224872559392132937e-01
1.232567086659613204e-01
1.253727036645185811e-01
1.274886986630758279e-01
1.296046936616330747e-01
1.197941713955949228e-01
1.322496874098297026e-01
1.250841588919880676e-01
1.248437049148792000e-01
1.269596999134364468e-01
1.336924112724823532e-01
1.310955083197076765e-01
1.207559873040300463e-01
1.221987111666827941e-01
1.243147061652400548e-01
1.264307011637973155e-01
1.285466961623545623e-01
1.306626911609118091e-01
1.195537174184861662e-01
1.216697124170434269e-01
1.237857074156006876e-01
1.259017024141579344e-01
1.280176974127151812e-01
1.301336924112724558e-01
1.190247186688467990e-01
1.211407136674040597e-01
1.232567086659613204e-01
1.253727036645185811e-01
1.190247186688467990e-01
1.190247186688467990e-01
1.306626911609118091e-01
1.206117149177649006e-01
1.227277099163219393e-01
1.248437049148792000e-01
1.269596999134364468e-01
1.290756949119937214e-01
1.190247186688467990e-01
1.200827161681253252e-01
1.221987111666827941e-01
1.243147061652400548e-01
1.264307011637973155e-01
1.190247186688467990e-01
1.190247186688467990e-01
1.195537174184861662e-01
1.216697124170434269e-01
1.237857074156006876e-01
1.253246128690969352e-01
1.190247186688467990e-01
