7.520299812617113888e-01
6.561524047470329579e-01
6.508432229856340179e-01
5.843722673329165840e-01
5.496564647095564249e-01
5.281574016239850566e-01
4.234853216739536963e-01
4.675202998126169462e-01
4.084946908182386371e-01
4.391005621486571142e-01
3.810118675827607326e-01
4.028732042473453512e-01
3.722673329169269296e-01
3.589381636477202986e-01
3.585259212991879774e-01
3.329169269206745385e-01
3.485321673953778454e-01
3.313554028732043077e-01
3.354153653966270299e-01
3.157401623985006678e-01
3.260462211118050346e-01
3.104309806371017277e-01
2.998126171143035701e-01
2.960649594003746388e-01
2.935665209244221474e-01
2.907557776389755877e-01
2.773266708307307593e-01
2.788881948782011011e-01
2.710805746408493366e-01
2.729544034978139133e-01
2.598376014990629312e-01
2.677951280449717419e-01
2.598376014990629312e-01
2.635852592129916960e-01
2.598376014990629312e-01
2.577014366021236347e-01
2.598376014990629312e-01
2.551530293566519059e-01
2.523422860712055127e-01
2.548407245471581151e-01
2.523422860712055127e-01
2.495315427857587032e-01
2.492192379762648291e-01
2.486945658963146955e-01
2.492192379762648291e-01
2.426608369768891715e-01
2.492192379762648291e-01
2.392254840724544751e-01
2.485946283572765814e-01
2.370393504059961076e-01
2.454715802623360088e-01
2.311055590256088088e-01
2.454715802623360088e-01
2.301686445971265760e-01
2.454715802623360088e-01
2.248469706433477711e-01
2.442223610243596521e-01
2.251717676452216210e-01
2.242348532167393882e-01
2.223610243597752556e-01
2.242348532167393882e-01
2.192379762648343222e-01
2.242348532167393882e-01
2.161149281698936386e-01
2.242348532167393882e-01
2.186133666458463243e-01
2.117426608369767926e-01
2.151780137414116278e-01
2.154903185509055019e-01
2.126795752654589144e-01
2.029981261711429064e-01
2.083073079325419852e-01
2.029981261711429064e-01
2.073703935040598356e-01
2.029981261711429064e-01
2.029981261711429064e-01
2.029981261711429064e-01
2.003372891942533374e-01
2.029981261711429064e-01
1.983135540287320753e-01
2.029981261711429064e-01
1.983135540287320753e-01
2.029981261711429064e-01
1.948782011242973511e-01
1.911305434103686418e-01
1.958151155527795839e-01
1.911305434103686418e-01
1.948782011242973511e-01
1.911305434103686418e-01
1.942535915053091311e-01
1.911305434103686418e-01
1.851967520299811210e-01
1.911305434103686418e-01
1.830106183635229755e-01
1.911305434103686418e-01
1.839475327920050973e-01
1.911305434103686418e-01
1.830106183635229755e-01
1.911305434103686418e-01
1.798875702685822919e-01
1.911305434103686418e-01
1.830106183635228645e-01
1.748906933166772260e-01
1.798875702685822919e-01
1.748906933166772260e-01
1.798875702685822919e-01
1.686445971267958033e-01
1.792629606495940442e-01
1.686445971267958033e-01
1.805121798875704009e-01
1.686445971267958033e-01
1.783260462211118114e-01
1.686445971267958033e-01
1.783260462211118114e-01
1.686445971267958033e-01
1.705933791380380149e-01
1.686445971267958033e-01
1.686445971267958033e-01
1.686445971267958033e-01
1.758276077451593478e-01
1.686445971267958033e-01
1.686445971267958033e-01
1.686445971267958033e-01
1.680199875078078053e-01
1.686445971267958033e-01
1.677076826983135704e-01
1.686445971267958033e-01
1.671830106183635478e-01
1.686445971267958033e-01
1.673953778888195576e-01
1.673953778888195576e-01
1.670830730793255725e-01
1.686445971267958033e-01
1.655215490318550919e-01
1.667707682698313376e-01
1.664584634603373248e-01
1.655215490318550919e-01
1.659337913803871911e-01
1.667707682698313376e-01
1.655215490318550919e-01
1.655215490318550919e-01
1.608369768894441498e-01
1.655215490318550919e-01
1.648969394128669830e-01
1.655215490318550919e-01
1.599000624609619170e-01
1.655215490318550919e-01
1.592754528419739191e-01
1.655215490318550919e-01
1.655215490318550919e-01
1.655215490318550919e-01
1.630231105559026283e-01
1.655215490318550919e-01
1.592754528419738080e-01
1.655215490318550919e-01
1.592754528419738080e-01
1.655215490318550919e-01
1.586508432229857823e-01
1.655215490318550919e-01
1.567770143660213167e-01
1.655215490318550919e-01
1.577139287945035495e-01
1.655215490318550919e-01
1.577139287945035495e-01
1.655215490318550919e-01
1.577139287945035495e-01
1.655215490318550919e-01
1.577139287945035495e-01
1.623985009369144916e-01
1.577139287945035495e-01
1.655215490318550919e-01
1.530293566520923854e-01
1.499063085571518961e-01
1.544159900062457014e-01
1.499063085571518961e-01
1.561524047470333187e-01
1.499063085571518961e-01
1.524047470331043874e-01
1.499063085571518961e-01
1.514678326046221546e-01
1.499063085571518961e-01
1.524047470331043874e-01
1.499063085571518961e-01
1.514678326046221546e-01
1.499063085571518961e-01
1.514678326046221546e-01
1.499063085571518961e-01
1.520924422236101525e-01
1.499063085571518961e-01
1.499063085571518961e-01
1.499063085571518961e-01
1.499063085571518961e-01
1.499063085571518961e-01
1.499063085571518961e-01
1.499063085571518961e-01
1.457339163023110284e-01
1.499063085571518961e-01
1.412242348532158909e-01
1.499063085571518961e-01
1.377264209868833134e-01
1.499063085571518961e-01
1.377264209868833134e-01
1.499063085571518961e-01
1.377264209868833134e-01
1.499063085571518961e-01
1.377264209868833134e-01
1.499063085571518961e-01
1.349156777014364761e-01
1.499063085571518961e-01
1.377264209868833134e-01
1.499063085571518961e-01
1.321049344159901107e-01
1.499063085571518961e-01
1.364772017489068456e-01
1.499063085571518961e-01
1.314803247970017797e-01
1.499063085571518961e-01
1.314803247970017797e-01
1.499063085571518961e-01
1.314803247970017797e-01
1.499063085571518961e-01
1.314803247970017797e-01
1.224234853216739916e-01
1.314803247970017797e-01
1.130543410368518714e-01
1.314803247970017797e-01
1.224234853216739916e-01
1.311680199875077668e-01
1.130543410368518714e-01
1.314803247970017797e-01
1.224234853216739916e-01
1.314803247970017797e-01
1.405371642723297898e-01
1.314803247970017797e-01
1.130543410368518714e-01
1.314803247970017797e-01
1.130543410368518714e-01
1.304309806371015956e-01
1.130543410368518714e-01
1.302311055590255340e-01
1.130543410368518714e-01
1.286695815115553032e-01
1.130543410368518714e-01
1.302311055590255340e-01
1.130543410368518714e-01
1.267957526545908375e-01
1.130543410368518714e-01
1.255465334166145919e-01
1.130543410368518714e-01
1.149281698938163510e-01
1.130543410368518714e-01
1.267957526545908375e-01
1.130543410368518714e-01
1.130543410368518714e-01
1.130543410368518714e-01
1.239850093691442362e-01
1.130543410368518714e-01
1.274203622735790575e-01
1.130543410368518714e-01
1.255465334166145919e-01
1.130543410368518714e-01
1.130543410368518714e-01
1.130543410368518714e-01
1.130543410368518714e-01
1.130543410368518714e-01
1.130543410368518714e-01
1.130543410368518714e-01
1.130543410368518714e-01
1.130543410368518714e-01
1.130543410368518714e-01
1.130543410368518714e-01
1.130543410368518714e-01
1.130543410368518714e-01
1.130543410368518714e-01
1.130543410368518714e-01
1.130543410368518714e-01
1.130543410368518714e-01
1.130543410368518714e-01
1.130543410368518714e-01
1.130543410368518714e-01
1.130543410368518714e-01
1.130543410368518714e-01
1.130543410368518714e-01
1.130543410368518714e-01
1.130543410368518714e-01
1.130543410368518714e-01
1.130543410368518714e-01
1.130543410368518714e-01
1.130543410368518714e-01
1.089943785134291632e-01
1.130543410368518714e-01
1.111805121798876278e-01
1.130543410368518714e-01
1.130543410368518714e-01
1.130543410368518714e-01
1.102435977514053950e-01
1.105559025608993939e-01
1.089943785134291632e-01
1.130543410368518714e-01
1.111805121798876278e-01
1.130543410368518714e-01
1.089943785134291632e-01
1.130543410368518714e-01
1.089943785134291632e-01
1.105559025608993939e-01
1.099312929419113960e-01
1.130543410368518714e-01
1.089943785134291632e-01
1.074328544659586965e-01
1.089943785134291632e-01
1.130543410368518714e-01
1.089943785134291632e-01
1.130543410368518714e-01
1.102435977514053950e-01
1.105559025608993939e-01
1.089943785134291632e-01
1.074328544659586965e-01
1.089943785134291632e-01
1.130543410368518714e-01
1.089943785134291632e-01
1.049344159900062190e-01
1.089943785134291632e-01
1.105559025608993939e-01
1.077451592754529175e-01
1.074328544659586965e-01
1.089943785134291632e-01
1.049344159900062190e-01
1.089943785134291632e-01
1.074328544659586965e-01
1.089943785134291632e-01
1.049344159900062190e-01
1.077451592754529175e-01
1.049344159900062190e-01
1.077451592754529175e-01
1.049344159900062190e-01
1.077451592754529175e-01
1.049344159900062190e-01
1.089943785134291632e-01
1.105559025608993939e-01
1.089943785134291632e-01
1.049344159900062190e-01
1.077451592754529175e-01
1.049344159900062190e-01
1.049344159900062190e-01
1.049344159900062190e-01
1.089943785134291632e-01
1.049344159900062190e-01
1.077451592754529175e-01
1.049344159900062190e-01
1.089943785134291632e-01
1.049344159900062190e-01
1.049344159900062190e-01
1.049344159900062190e-01
1.049344159900062190e-01
1.049344159900062190e-01
1.049344159900062190e-01
1.049344159900062190e-01
1.049344159900062190e-01
1.049344159900062190e-01
1.049344159900062190e-01
1.049344159900062190e-01
1.049344159900062190e-01
1.049344159900062190e-01
1.049344159900062190e-01
1.049344159900062190e-01
1.049344159900062190e-01
1.049344159900062190e-01
1.049344159900062190e-01
1.049344159900062190e-01
1.049344159900062190e-01
1.049344159900062190e-01
1.049344159900062190e-01
1.049344159900062190e-01
1.049344159900062190e-01
1.049344159900062190e-01
1.049344159900062190e-01
1.049344159900062190e-01
1.049344159900062190e-01
1.049344159900062190e-01
1.049344159900062190e-01
1.049344159900062190e-01
1.049344159900062190e-01
1.049344159900062190e-01
1.049344159900062190e-01
1.049344159900062190e-01
1.049344159900062190e-01
1.049344159900062190e-01
1.049344159900062190e-01
1.049344159900062190e-01
1.049344159900062190e-01
1.049344159900062190e-01
1.049344159900062190e-01
1.049344159900062190e-01
1.049344159900062190e-01
1.049344159900062190e-01
