8.638258452987493952e-01
7.262992125984251146e-01
6.771653543307086798e-01
6.336637332098190578e-01
5.988883742473367633e-01
5.727559055118108811e-01
5.646132468735526322e-01
5.328855951829551962e-01
5.493283927744325723e-01
4.833163501621118852e-01
4.835572024085223464e-01
4.588142658638256766e-01
4.673459935155164224e-01
4.326076887447894426e-01
4.437239462714220317e-01
4.018063918480778707e-01
4.168596572487262564e-01
3.920796665122742164e-01
3.960166743862899574e-01
3.722000926354793182e-01
3.825845298749420142e-01
3.457619268179712990e-01
3.251505326540064522e-01
3.367299675775822232e-01
3.205187586845762993e-01
3.142658638258453152e-01
3.121815655396017464e-01
3.142658638258453152e-01
3.043075497915702088e-01
2.881333950903194330e-01
2.880963408985641183e-01
2.834645669291339098e-01
2.621584066697545401e-01
2.751273737841592459e-01
2.621584066697545401e-01
2.684113015284853021e-01
2.515053265400648552e-01
2.570171375636867150e-01
2.515053265400648552e-01
2.510421491431215624e-01
2.376100046317739245e-01
2.464103751736913817e-01
2.348309402501158050e-01
2.438628994905048808e-01
2.348309402501158050e-01
2.355257063455303834e-01
2.348309402501158050e-01
2.320518758684575189e-01
2.292728114867993994e-01
2.270310328855951187e-01
2.292728114867993994e-01
2.239462714219546402e-01
2.292728114867993994e-01
2.195460861509959116e-01
2.292728114867993994e-01
2.174617878647522040e-01
2.292728114867993994e-01
2.153774895785084964e-01
2.223251505326538646e-01
2.072718851320054512e-01
2.088930060213060602e-01
2.086614173228346081e-01
2.088930060213060602e-01
2.051875868457617436e-01
2.047244094488188115e-01
2.051875868457617436e-01
2.056507642427048421e-01
1.993978693839740524e-01
2.088930060213060602e-01
1.880500231588697890e-01
2.014821676702175934e-01
1.959240389069011878e-01
2.014821676702175934e-01
1.859657248726262480e-01
2.014821676702175934e-01
1.838814265863825403e-01
2.014821676702175934e-01
1.834182491894394418e-01
2.014821676702175934e-01
1.834182491894394418e-01
2.014821676702175934e-01
1.771653543307084577e-01
1.806391848077813223e-01
1.732283464566929942e-01
1.806391848077813223e-01
1.725335803612782770e-01
1.653543307086614289e-01
1.699861046780916374e-01
1.653543307086614289e-01
1.648911533117184969e-01
1.653543307086614289e-01
1.648448355720239789e-01
1.653543307086614289e-01
1.609541454377025338e-01
1.653543307086614289e-01
1.623436776285315242e-01
1.653543307086614289e-01
1.602593793422881496e-01
1.653543307086614289e-01
1.567392311255209336e-01
1.653543307086614289e-01
1.505326540064844953e-01
1.496062992125984370e-01
1.518295507179247550e-01
1.259842519685038797e-01
1.456692913385828347e-01
1.259842519685038797e-01
1.456692913385828347e-01
1.259842519685038797e-01
1.408059286706810076e-01
1.259842519685038797e-01
1.428902269569245487e-01
1.259842519685038797e-01
1.419175544233439723e-01
1.259842519685038797e-01
1.382584529874943402e-01
1.259842519685038797e-01
1.401111625752662626e-01
1.259842519685038797e-01
1.322742010189902062e-01
1.259842519685038797e-01
1.377952755905512416e-01
1.213524779990736852e-01
1.232051875868456076e-01
1.259842519685038797e-01
1.236683649837888727e-01
1.220935618341817963e-01
1.259842519685038797e-01
1.204261232051874880e-01
1.232051875868456076e-01
1.157943492357572934e-01
1.208893006021305866e-01
1.157943492357572934e-01
1.206577119036591206e-01
1.157943492357572934e-01
1.208893006021305866e-01
1.157943492357572934e-01
1.204261232051874880e-01
1.157943492357572934e-01
1.185734136174155795e-01
1.157943492357572934e-01
1.185734136174154130e-01
1.157943492357572934e-01
1.204261232051874880e-01
1.157943492357572934e-01
1.162575266327003920e-01
1.157943492357572934e-01
1.157943492357572934e-01
1.157943492357572934e-01
1.176470588235293685e-01
1.157943492357572934e-01
1.176470588235293685e-01
1.157943492357572934e-01
1.157943492357572934e-01
1.157943492357572934e-01
1.157943492357572934e-01
1.157943492357572934e-01
1.157943492357572934e-01
1.111625752663270988e-01
1.153311718388141949e-01
1.157943492357572934e-01
1.153311718388141949e-01
1.148679944418712628e-01
1.130152848540990213e-01
1.157943492357572934e-01
1.130152848540990213e-01
1.157943492357572934e-01
1.130152848540990213e-01
1.102362204724410683e-01
1.130152848540990213e-01
1.102362204724410683e-01
1.106993978693840003e-01
1.150162112088928407e-01
1.130152848540990213e-01
1.102362204724410683e-01
1.106993978693840003e-01
1.102362204724410683e-01
1.130152848540990213e-01
1.148679944418712628e-01
1.102362204724410683e-01
1.102362204724410683e-01
1.125521074571560753e-01
1.102362204724410683e-01
1.102362204724410683e-01
1.102362204724410683e-01
1.102362204724410683e-01
1.102362204724410683e-01
1.102362204724410683e-01
1.102362204724410683e-01
1.100046317739694357e-01
1.102362204724410683e-01
1.102362204724410683e-01
1.102362204724410683e-01
1.102362204724410683e-01
1.102362204724410683e-01
1.072255673923113162e-01
1.102362204724410683e-01
1.072255673923113162e-01
1.102362204724410683e-01
1.072255673923113162e-01
1.102362204724410683e-01
1.102362204724410683e-01
1.102362204724410683e-01
1.072255673923113162e-01
1.102362204724410683e-01
9.958314034275136950e-02
1.102362204724410683e-01
1.021306160259380230e-01
1.102362204724410683e-01
9.911996294580827094e-02
1.102362204724410683e-01
9.680407596109309731e-02
1.102362204724410683e-01
9.680407596109309731e-02
1.102362204724410683e-01
9.680407596109309731e-02
1.102362204724410683e-01
9.680407596109309731e-02
9.402501157943497778e-02
9.680407596109309731e-02
1.102362204724410683e-01
9.263547938860583475e-02
1.102362204724410683e-01
9.680407596109309731e-02
9.958314034275136950e-02
9.657248726262161742e-02
9.402501157943497778e-02
9.680407596109309731e-02
8.337193144974527903e-02
9.680407596109309731e-02
1.102362204724410683e-01
9.201482167670230194e-02
9.402501157943497778e-02
9.680407596109309731e-02
8.337193144974527903e-02
9.680407596109309731e-02
8.337193144974527903e-02
9.680407596109309731e-02
8.337193144974527903e-02
9.680407596109309731e-02
8.337193144974527903e-02
9.217230199166290272e-02
8.337193144974527903e-02
9.217230199166290272e-02
8.337193144974527903e-02
9.680407596109309731e-02
8.337193144974527903e-02
8.962482630847624920e-02
8.337193144974527903e-02
8.962482630847624920e-02
8.337193144974527903e-02
8.568781843446046653e-02
8.337193144974527903e-02
8.684576192681812967e-02
8.337193144974527903e-02
8.684576192681812967e-02
8.337193144974527903e-02
8.684576192681812967e-02
8.337193144974527903e-02
8.337193144974527903e-02
8.337193144974527903e-02
8.337193144974527903e-02
8.337193144974527903e-02
8.337193144974527903e-02
8.337193144974527903e-02
8.337193144974527903e-02
8.337193144974527903e-02
8.337193144974527903e-02
8.337193144974527903e-02
8.337193144974527903e-02
8.337193144974527903e-02
8.337193144974527903e-02
8.337193144974527903e-02
8.337193144974527903e-02
8.337193144974527903e-02
8.337193144974527903e-02
8.337193144974527903e-02
8.337193144974527903e-02
8.337193144974527903e-02
8.337193144974527903e-02
8.337193144974527903e-02
7.874015748031493178e-02
8.337193144974527903e-02
8.337193144974527903e-02
8.337193144974527903e-02
8.082445576655863939e-02
8.337193144974527903e-02
8.337193144974527903e-02
8.337193144974527903e-02
7.874015748031493178e-02
8.337193144974527903e-02
8.337193144974527903e-02
8.337193144974527903e-02
8.337193144974527903e-02
8.337193144974527903e-02
7.874015748031493178e-02
8.337193144974527903e-02
7.619268179712827826e-02
8.337193144974527903e-02
7.619268179712827826e-02
8.337193144974527903e-02
7.619268179712827826e-02
7.410838351088473719e-02
7.619268179712827826e-02
8.337193144974527903e-02
7.619268179712827826e-02
7.827698008337198587e-02
7.619268179712827826e-02
7.827698008337198587e-02
7.619268179712827826e-02
8.337193144974527903e-02
7.619268179712827826e-02
7.410838351088473719e-02
7.619268179712827826e-02
8.337193144974527903e-02
7.619268179712827826e-02
8.337193144974527903e-02
7.619268179712827826e-02
6.901343214451144403e-02
7.619268179712827826e-02
6.901343214451144403e-02
7.619268179712827826e-02
7.827698008337198587e-02
7.619268179712827826e-02
7.410838351088473719e-02
7.619268179712827826e-02
7.827698008337198587e-02
7.619268179712827826e-02
6.901343214451144403e-02
7.619268179712827826e-02
6.901343214451144403e-02
7.619268179712827826e-02
6.901343214451144403e-02
7.364520611394163863e-02
6.901343214451144403e-02
7.364520611394163863e-02
7.410838351088473719e-02
7.156090782769808367e-02
6.901343214451144403e-02
7.156090782769808367e-02
6.901343214451144403e-02
6.901343214451144403e-02
6.901343214451144403e-02
7.364520611394163863e-02
6.901343214451144403e-02
7.364520611394163863e-02
6.901343214451144403e-02
6.901343214451144403e-02
6.901343214451144403e-02
7.619268179712827826e-02
6.901343214451144403e-02
7.248726262158412814e-02
6.901343214451144403e-02
7.248726262158412814e-02
6.901343214451144403e-02
7.156090782769808367e-02
6.901343214451144403e-02
7.248726262158412814e-02
6.901343214451144403e-02
6.901343214451144403e-02
6.901343214451144403e-02
6.901343214451144403e-02
6.901343214451144403e-02
7.109773043075498511e-02
6.901343214451144403e-02
6.901343214451144403e-02
6.901343214451144403e-02
6.901343214451144403e-02
6.901343214451144403e-02
6.901343214451144403e-02
6.901343214451144403e-02
6.901343214451144403e-02
6.901343214451144403e-02
6.901343214451144403e-02
6.901343214451144403e-02
6.901343214451144403e-02
6.901343214451144403e-02
6.901343214451144403e-02
6.901343214451144403e-02
6.901343214451144403e-02
6.901343214451144403e-02
6.901343214451144403e-02
6.901343214451144403e-02
6.901343214451144403e-02
6.901343214451144403e-02
6.901343214451144403e-02
6.901343214451144403e-02
6.901343214451144403e-02
6.901343214451144403e-02
6.901343214451144403e-02
6.901343214451144403e-02
6.901343214451144403e-02
6.901343214451144403e-02
6.901343214451144403e-02
6.901343214451144403e-02
