5.762727512529677298e-01
5.454998681086784540e-01
5.612941176470588323e-01
5.533653389606961737e-01
5.042706409918225052e-01
4.646045898179900768e-01
4.525850699024006607e-01
4.149432867317330298e-01
4.006858348720652163e-01
4.539804800844103316e-01
4.232144552888418843e-01
3.779424953838035894e-01
3.666974413083619599e-01
3.556713268266945560e-01
3.463202321287259244e-01
3.063772091796358454e-01
3.304589817989979639e-01
3.304468477974147333e-01
3.034555526246372481e-01
2.760221577420206573e-01
2.741529939329991339e-01
2.608150883671854214e-01
2.658005803218149166e-01
2.720385122658930399e-01
2.652339752044315380e-01
2.553943550514377048e-01
2.463070429965710240e-01
2.420601424426271908e-01
2.390266420469532582e-01
2.436296491690847776e-01
2.393695594829859941e-01
2.285676602479556341e-01
2.263914534423634994e-01
2.290424690055395673e-01
2.310208388288050585e-01
2.245977314692691740e-01
2.161698760221577864e-01
2.089353732524402152e-01
2.148641519388027055e-01
2.184515958849905237e-01
2.094829860195199511e-01
2.072672118174624656e-01
1.875362701134264121e-01
1.949353732524396199e-01
1.965444473753627797e-01
1.900553943550515323e-01
1.849775784753364127e-01
1.955684515958847625e-01
1.883144289105776192e-01
1.791479820627803754e-01
1.827691901872856572e-01
1.797019256132948717e-01
1.745977314692693794e-01
1.800759694012128431e-01
1.751516750197836259e-01
1.697441308361908596e-01
1.667106304405169270e-01
1.638485887628589599e-01
1.706014244262729629e-01
1.662226325507780433e-01
1.614613558427855089e-01
1.624901081508836886e-01
1.586916380902137491e-01
1.487206541809549254e-01
1.473853864415717863e-01
1.626615668689001259e-01
1.603139013452913042e-01
1.544515958849906057e-01
1.460300712213136176e-01
1.435241361118437808e-01
1.377868636243733680e-01
1.328805064626746857e-01
1.327881825375890612e-01
1.482194671590607304e-01
1.420997098390925917e-01
1.364415721445529361e-01
1.338696913743074035e-01
1.306251648641515994e-01
1.143233975204432235e-01
1.453046689527830448e-01
1.363888156159325238e-01
1.362437351622257931e-01
1.313109997362174319e-01
1.299393299920866274e-01
1.112503297283037179e-01
1.144025323133742444e-01
1.171854391981008298e-01
1.266288578211553217e-01
1.277763123186493044e-01
1.262199947243468900e-01
1.098918491163282246e-01
1.122395146399366855e-01
1.132155104194143558e-01
1.172250065945659447e-01
1.180870482722237436e-01
1.099788973885514332e-01
1.045238723292006844e-01
1.075705618570297895e-01
1.083091532577157845e-01
1.071616987602212329e-01
1.112107623318385058e-01
1.081508836718543115e-01
1.059614877341067268e-01
1.070429965708256798e-01
1.057240833553151765e-01
1.071089422316011674e-01
1.043919810076495980e-01
1.029939329992084068e-01
1.048288050646265512e-01
1.015826958586123901e-01
1.045238723292006844e-01
1.043260353468739854e-01
1.023476655236085220e-01
1.008704827222368927e-01
1.001318913215509115e-01
1.002769717752573092e-01
1.005671326826695078e-01
9.980216301767337594e-02
1.004088630968082707e-01
1.010551305724083915e-01
9.973621735689776335e-02
9.957794777103665118e-02
9.836454761276697267e-02
9.957794777103665118e-02
9.957794777103665118e-02
9.853811659192791839e-02
9.977578475336310038e-02
9.876022157742045393e-02
9.848324980216309477e-02
9.957794777103665118e-02
9.754682141915053950e-02
9.812714323397517258e-02
9.595093642838289916e-02
9.720390398311803959e-02
9.763914534423616398e-02
9.618834080717481028e-02
9.687417567924039297e-02
9.595093642838289916e-02
9.595093642838289916e-02
9.595093642838289916e-02
9.485623845950910682e-02
9.515958849907674155e-02
9.452651015563168224e-02
9.473753627011322065e-02
9.227116855710885968e-02
9.595093642838289916e-02
9.595093642838289916e-02
9.489580585597456874e-02
9.352413611184376419e-02
9.471115800580294508e-02
8.890793985755762741e-02
9.252176206805595715e-02
9.526510155631767729e-02
9.515958849907661665e-02
9.308889475072527897e-02
8.460828277499336803e-02
8.526773938274856413e-02
8.718016354523866474e-02
9.198100764969595333e-02
9.513321023476635496e-02
9.413083619097843691e-02
8.408071748878938323e-02
8.430493273542609411e-02
8.698232656291210452e-02
8.777367449221838702e-02
9.451332102347684283e-02
7.577156423107329897e-02
8.260353468741764293e-02
8.377736744922187340e-02
8.530730677921402605e-02
8.689000263782635514e-02
8.836718543919809543e-02
7.637826431020844353e-02
8.218148245845412203e-02
8.339488261672392544e-02
8.492482194671595319e-02
8.559746768662633565e-02
8.781324188868372405e-02
7.327881825375903713e-02
7.703772091796363963e-02
7.876549723028224148e-02
8.282774993405424280e-02
8.504352413611208916e-02
7.182801371669732260e-02
7.259298338169369036e-02
7.533632286995529947e-02
7.807966235821689471e-02
8.227380638353998243e-02
8.448958058559748185e-02
7.213136375626483243e-02
7.190714850962788562e-02
7.465048799789006373e-02
7.465048799789006373e-02
8.034819308889480649e-02
7.185439198100747327e-02
7.243471379583221736e-02
7.122131363756264988e-02
7.396465312582425899e-02
7.379319440780783557e-02
7.621999472434778933e-02
7.395146399366907264e-02
7.273806383539950515e-02
7.135320495911362526e-02
7.296227908203656298e-02
7.293590081772619027e-02
7.122131363756264988e-02
7.768398839356352448e-02
7.122131363756264988e-02
7.148509628066471167e-02
7.122131363756264988e-02
7.144552888419961056e-02
7.234238987074670391e-02
7.122131363756264988e-02
7.024531785808488249e-02
7.070693748351361552e-02
7.111580058032171414e-02
7.069374835135842916e-02
7.122131363756264988e-02
7.122131363756264988e-02
7.122131363756264988e-02
7.053547876549731699e-02
7.122131363756264988e-02
7.079926140859936490e-02
7.122131363756264988e-02
7.122131363756264988e-02
6.967818517541554679e-02
7.036402004748089356e-02
7.104985491954635135e-02
6.962542864679524546e-02
7.048272223687677973e-02
7.122131363756264988e-02
6.950672645739912336e-02
7.019256132946458115e-02
7.045634397256675396e-02
7.101028752308088943e-02
7.058823529411760445e-02
7.122131363756264988e-02
6.933526773938281096e-02
6.854391981007652845e-02
7.007385914006857008e-02
6.768662621999511908e-02
7.069374835135842916e-02
6.752835663413353506e-02
6.779213927723559685e-02
6.984964389343184532e-02
6.969137430757062213e-02
6.693484568715382665e-02
6.994196781851759470e-02
6.746241097335804737e-02
6.772619361645998426e-02
6.798997625956215707e-02
6.693484568715382665e-02
6.693484568715382665e-02
6.713268266948040075e-02
6.739646531258244866e-02
6.766024795568451045e-02
6.792403059878655835e-02
6.892640464257471233e-02
6.693484568715382665e-02
6.500923239250828989e-02
6.733051965180696097e-02
6.759430229490902275e-02
6.785808493801107066e-02
6.693484568715382665e-02
6.693484568715382665e-02
6.597203903983064888e-02
6.726457399103148715e-02
6.752835663413353506e-02
6.556317594302291107e-02
6.514112371405961222e-02
6.693484568715382665e-02
6.693484568715382665e-02
6.719862833025587456e-02
6.746241097335804737e-02
6.566868900026372191e-02
6.693484568715382665e-02
6.634133474017399335e-02
6.693484568715382665e-02
6.713268266948040075e-02
6.739646531258244866e-02
6.577420205750467153e-02
6.535214982854126164e-02
6.493009759957785176e-02
6.450804537061456678e-02
6.463993669216565319e-02
6.429701925613291735e-02
6.429701925613291735e-02
6.545766288578208636e-02
6.503561065681880138e-02
6.461355842785539150e-02
6.597203903983064888e-02
6.429701925613291735e-02
6.598522817198630708e-02
6.556317594302291107e-02
6.514112371405961222e-02
6.471907148509621621e-02
6.429701925613291735e-02
6.429701925613291735e-02
6.429701925613291735e-02
6.566868900026372191e-02
6.524663677130043693e-02
6.482458454233702705e-02
6.419150619889210652e-02
6.429701925613291735e-02
6.429701925613291735e-02
6.577420205750467153e-02
6.535214982854126164e-02
6.366394091268787192e-02
6.408599314165128180e-02
6.429701925613291735e-02
6.429701925613291735e-02
6.429701925613291735e-02
6.545766288578208636e-02
6.503561065681867648e-02
6.398048008441034606e-02
6.429701925613291735e-02
6.429701925613291735e-02
6.429701925613291735e-02
6.429701925613291735e-02
6.345291479820634739e-02
6.387496702716975727e-02
6.429701925613291735e-02
6.429701925613291735e-02
6.208124505407531385e-02
6.429701925613291735e-02
6.429701925613291735e-02
6.482458454233702705e-02
6.419150619889210652e-02
6.429701925613291735e-02
6.429701925613291735e-02
6.134265365338956166e-02
6.218675811131636755e-02
6.366394091268787192e-02
6.408599314165128180e-02
6.429701925613291735e-02
6.429701925613291735e-02
6.429701925613291735e-02
6.429701925613291735e-02
6.281983645476141298e-02
6.398048008441034606e-02
6.429701925613291735e-02
6.429701925613291735e-02
6.092060142442626974e-02
6.176470588235308257e-02
6.260881034027965253e-02
6.345291479820647229e-02
6.429701925613291735e-02
6.055130572408350814e-02
6.070957530994450929e-02
6.155367976787132211e-02
6.239778422579789208e-02
6.376945396992882154e-02
6.403323661303110537e-02
5.973674492218404575e-02
6.049854919546310272e-02
6.134265365338956166e-02
6.218675811131636755e-02
6.303086256924282649e-02
6.376945396992893256e-02
5.978633605908714038e-02
6.028752308098134227e-02
6.113162753890814816e-02
6.197573199683460710e-02
6.281983645476141298e-02
6.283302558691625239e-02
6.429701925613291735e-02
6.007649696649946386e-02
6.092060142442626974e-02
6.176470588235308257e-02
6.134265365338967269e-02
5.944341862305452945e-02
5.902136639409124447e-02
5.986547085201805035e-02
6.070957530994450929e-02
6.155367976787132211e-02
6.239778422579789208e-02
5.902136639409124447e-02
6.403323661303110537e-02
5.965444473753628990e-02
6.049854919546310272e-02
6.134265365338956166e-02
6.218675811131636755e-02
6.208124505407531385e-02
5.902136639409124447e-02
5.944341862305452945e-02
6.028752308098134227e-02
6.113162753890814816e-02
5.902136639409124447e-02
5.902136639409124447e-02
5.902136639409124447e-02
5.923239250857300492e-02
6.007649696649946386e-02
6.092060142442626974e-02
5.986547085201828627e-02
5.902136639409124447e-02
