1.133727658480133904e+00
1.057674338862457430e+00
1.083156315631563116e+00
9.877947794779474711e-01
8.796776820539196073e-01
8.198174103124598044e-01
7.832926149757831746e-01
7.598919891989196485e-01
7.445030217307445630e-01
7.495298101238694333e-01
7.350306459217349486e-01
6.748360550340745112e-01
6.570228451416569859e-01
6.253191033389052800e-01
6.366156615661564544e-01
5.944520166302342812e-01
5.910933950537911041e-01
5.723903818953322009e-01
5.555269812695555753e-01
5.420256311345420519e-01
5.289100338605289275e-01
5.293386481505294450e-01
5.096738245253095156e-01
5.103938965325104382e-01
4.915451545154512769e-01
4.878916463074880472e-01
4.545454545454545303e-01
4.538596716814538579e-01
4.482448244824482897e-01
4.559598817024559936e-01
4.443444344434444027e-01
4.277570614204277422e-01
4.164416441644164801e-01
4.072264369294072983e-01
4.310522480819510283e-01
4.246041747031844560e-01
4.206849256354208144e-01
4.115554412584115362e-01
3.981569585529979305e-01
3.931678882173931799e-01
3.993827954223995724e-01
4.036003600360034138e-01
3.956109896703956519e-01
3.901675881873903351e-01
3.825811152543825422e-01
3.836526509793835582e-01
3.953966825253955597e-01
3.883674081693883617e-01
3.610012429814407064e-01
3.722515108653722815e-01
3.533924821053534004e-01
3.643221465003643744e-01
3.778234966353780089e-01
3.803951823753805028e-01
3.541211263983541357e-01
3.389053191033388202e-01
3.375251810895373294e-01
3.426771248553425187e-01
3.609360936093610750e-01
3.449059191633448984e-01
3.252325232523252119e-01
3.242467103853242105e-01
3.143457202863145783e-01
3.257022845141656631e-01
3.375766148043375381e-01
3.085594273713085367e-01
3.068878316403068074e-01
3.043727229865842987e-01
3.098452702413097004e-01
3.086451502293086624e-01
3.089451802323088248e-01
3.064592173503064010e-01
3.011444001543011062e-01
2.958295829582958114e-01
2.930864515022929551e-01
2.858428700012858870e-01
2.863143457202864117e-01
2.791564870772789697e-01
2.733273327332734204e-01
2.825854013972823875e-01
2.805280528052805922e-01
2.764562170502762872e-01
2.670267026702669577e-01
2.659551669452658862e-01
2.638120954952637987e-01
2.701555869872699911e-01
2.728129955852727773e-01
2.743560070292743180e-01
2.592259225922590171e-01
2.586687240152586442e-01
2.623119454802621542e-01
2.488105953452489083e-01
2.426385495692426619e-01
2.485105653422483574e-01
2.498392696412498337e-01
2.573828811452574805e-01
2.625262526252624684e-01
2.309373794522308343e-01
2.389953281042389577e-01
2.419099052762419266e-01
2.409240924092409530e-01
2.518108953752515866e-01
2.228794308002229052e-01
2.276370494192276051e-01
2.324803908962323751e-01
2.265655136942265613e-01
2.361664737902362254e-01
2.368522566542368424e-01
2.212506964982212387e-01
2.206934979212206716e-01
2.214221422142212126e-01
2.243795808152245219e-01
2.229222922292228293e-01
2.171788607432171558e-01
2.182932578972181514e-01
2.194076550512195078e-01
2.145214521452145917e-01
2.175217521752174643e-01
2.103210321032102925e-01
2.184218421842181734e-01
2.112639835412111200e-01
1.971625734001971608e-01
2.093352192362093189e-01
2.124212421242122617e-01
2.069349792122069931e-01
2.101924478162100762e-01
2.096352492392091205e-01
1.984912776991984151e-01
1.993485062791993945e-01
2.067635334962068250e-01
2.061206120612061599e-01
2.068063949252067768e-01
1.984484162701984911e-01
1.970768505421970629e-01
1.979340791221978479e-01
1.994770905661993887e-01
2.020916377352021953e-01
1.971625734001971608e-01
1.968625433971969707e-01
1.970339891131969445e-01
1.975483262611975876e-01
2.012344091552012437e-01
1.999485662851999135e-01
1.940765505121940238e-01
1.951052248081951435e-01
1.961338991041960411e-01
1.971625734001971608e-01
1.987055848441987016e-01
1.971625734001971608e-01
1.920192019201920064e-01
1.948480562341949052e-01
1.958767305301958306e-01
1.961767605331961872e-01
1.958767305301958306e-01
1.941622733701940939e-01
1.888474561741887991e-01
1.881616733101879879e-01
1.907333590501906762e-01
1.907333590501906762e-01
1.925266812395518834e-01
1.897046847541895565e-01
1.890189018901889395e-01
1.883331190261883503e-01
1.907333590501906762e-01
1.907333590501906762e-01
1.895332390381894161e-01
1.898761304701899189e-01
1.891903476061891076e-01
1.851613732801851431e-01
1.907333590501906762e-01
1.879902275941880418e-01
1.907333590501906762e-01
1.900475761861900592e-01
1.873044447301872306e-01
1.855899875701855217e-01
1.838755304101838128e-01
1.832326089751831477e-01
1.897904076121898209e-01
1.821182118211821521e-01
1.895332390381894161e-01
1.756461360421755213e-01
1.787321589301786584e-01
1.818181818181817955e-01
1.888474561741887991e-01
1.805323389481804375e-01
1.811752603831811026e-01
1.864472161501862790e-01
1.779606532081779713e-01
1.779177917791778252e-01
1.879045047361877774e-01
1.871758604431872086e-01
1.800180018001799886e-01
1.710599631391709619e-01
1.738459560241737423e-01
1.759033046161757596e-01
1.779606532081779713e-01
1.800180018001799886e-01
1.800180018001799886e-01
1.660451759461660237e-01
1.677596331061677604e-01
1.753889674681753108e-01
1.774463160601773282e-01
1.780463760661780415e-01
1.600445758861599455e-01
1.648450559341647637e-01
1.668166816681667108e-01
1.748746303201748342e-01
1.769319789121768516e-01
1.778749303501779011e-01
1.604731901761603241e-01
1.621019244781621571e-01
1.658737302301656891e-01
1.743602931721743854e-01
1.710171017101710378e-01
1.741031245981743414e-01
1.800180018001799886e-01
1.611589730401611076e-01
1.649307787921648616e-01
1.738459560241739366e-01
1.663023445201662620e-01
1.716171617161717511e-01
1.564442158501563596e-01
1.602160216021602801e-01
1.639878273541640064e-01
1.677596331061677604e-01
1.564442158501563596e-01
1.701598731301702805e-01
1.568728301401567382e-01
1.592730701641590640e-01
1.630448759161629846e-01
1.582015344391580203e-01
1.628734302001628442e-01
1.564442158501563596e-01
1.573014444301571169e-01
1.583301187261582088e-01
1.591873473061591604e-01
1.658737302301656891e-01
1.565676567656764107e-01
1.564442158501563596e-01
1.577300587201576898e-01
1.573871672881571870e-01
1.558012944151555002e-01
1.564442158501563596e-01
1.564442158501563596e-01
1.564442158501563596e-01
1.564442158501563596e-01
1.564442158501563596e-01
1.564442158501563596e-01
1.564442158501563596e-01
1.564442158501563596e-01
1.564442158501563596e-01
1.564442158501563596e-01
1.556727101281556724e-01
1.509150915091509448e-01
1.564442158501563596e-01
1.564442158501563596e-01
1.564442158501563596e-01
1.564442158501563596e-01
1.549012044061547910e-01
1.546440358321545527e-01
1.453859671681451693e-01
1.380138013801380514e-01
1.564442158501563596e-01
1.564442158501563596e-01
1.541296986841541039e-01
1.546011744031546009e-01
1.472290086151470945e-01
1.398568428271397823e-01
1.564442158501563596e-01
1.502721700741500854e-01
1.533581929621534168e-01
1.564442158501563596e-01
1.546440358321541642e-01
1.416998842741415132e-01
1.398997042561395399e-01
1.495006643521493983e-01
1.525866872401525354e-01
1.556727101281556724e-01
1.509150915091509448e-01
1.564442158501563596e-01
1.313702798851314746e-01
1.326561227551326105e-01
1.518151815181516540e-01
1.549012044061547910e-01
1.527581329561526757e-01
1.453859671681451693e-01
1.264412155501264123e-01
1.268698298401265967e-01
1.510436757961509668e-01
1.541296986841541039e-01
1.546011744031546009e-01
1.472290086151470945e-01
1.359993142171359581e-01
1.232266083751230729e-01
1.189404654751188839e-01
1.533581929621534168e-01
1.564442158501563596e-01
1.381921049247778199e-01
1.285842870001284999e-01
1.242981441001241305e-01
1.200120012001199277e-01
1.525866872401525354e-01
1.371565728001370998e-01
1.367708199391366453e-01
1.362564827911361964e-01
1.253696798251253686e-01
1.210835369251209853e-01
1.126826968411127478e-01
1.371565728001370998e-01
1.350135013501349845e-01
1.307273584501306152e-01
1.264412155501264123e-01
1.221550726501220291e-01
1.130684497021129942e-01
1.389258925892571939e-01
1.352278084951350767e-01
1.317988941751316589e-01
1.275127512751274561e-01
1.232266083751230729e-01
1.189404654751188839e-01
1.506150615061505882e-01
1.564442158501563596e-01
1.328704299001327027e-01
1.285842870001284999e-01
1.242981441001241305e-01
1.138399554241138617e-01
1.024388153101021964e-01
9.335219236209335580e-02
1.313702798851310860e-01
1.296558227251295714e-01
1.253696798251253686e-01
1.210835369251209853e-01
1.130941665595128071e-01
9.476661951909470805e-02
9.262354806909260663e-02
1.255839869701254607e-01
1.264412155501264123e-01
1.113539925421112714e-01
1.039818267541039593e-01
9.660966096609643894e-02
9.185204234709172522e-02
1.317988941751316589e-01
1.275127512751274561e-01
1.149972140071149895e-01
1.058248682011058844e-01
9.845270241309816983e-02
9.108053662509103809e-02
1.328704299001327027e-01
1.217264583601218308e-01
1.153829668681152359e-01
1.076679096481076153e-01
1.002957438601000950e-01
9.292357807209278286e-02
1.290557627191286361e-01
1.242552826711241787e-01
1.168831168831168665e-01
1.095109510951093462e-01
1.021387853071022145e-01
9.476661951909470805e-02
9.262354806909260663e-02
1.255839869701254607e-01
1.088680296601088754e-01
1.113539925421112714e-01
1.039818267541039593e-01
9.660966096609643894e-02
1.352278084951350767e-01
9.108053662509103809e-02
1.128541425571128881e-01
1.131970339891130162e-01
1.058248682011058844e-01
9.845270241309816983e-02
9.108053662509103809e-02
9.416655951309417516e-02
9.108053662509103809e-02
1.047533324761044521e-01
1.076679096481076153e-01
1.002957438601000950e-01
9.292357807209278286e-02
9.108053662509103809e-02
9.108053662509103809e-02
1.081873901675876465e-01
1.095109510951093462e-01
1.021387853071022145e-01
9.476661951909470805e-02
9.108053662509103809e-02
9.108053662509103809e-02
1.101538725301102056e-01
1.113539925421112714e-01
9.108053662509103809e-02
9.660966096609643894e-02
9.108053662509103809e-02
9.108053662509103809e-02
9.108053662509103809e-02
9.108053662509103809e-02
9.125198234109119233e-02
