1.422812997046126071e+00
1.287925471483753581e+00
1.276057259713701431e+00
1.143331061122472292e+00
1.046287661895024090e+00
1.006887525562371932e+00
9.654623949102478786e-01
9.343821858668482916e-01
9.285616905248806896e-01
8.904176323562829065e-01
8.336487162008633378e-01
8.120881617814132980e-01
8.028175414678483390e-01
7.788684389911384454e-01
7.620540786184958337e-01
7.443199272892524476e-01
7.016950693024313068e-01
6.982540331742783657e-01
6.927062031356510108e-01
6.778459441036129851e-01
6.553056123608270722e-01
6.169052488070893014e-01
6.339468302658487486e-01
6.309929561463305525e-01
6.244489888661669541e-01
6.101795046580325010e-01
5.989547830038628451e-01
6.004998863894568384e-01
5.864576232674391099e-01
5.919563735514656866e-01
5.740513519654624197e-01
5.712338104976141251e-01
5.616905248807088080e-01
5.576459895478298456e-01
5.547866394001361723e-01
5.521926834810271245e-01
5.514655760054534284e-01
5.351111111111112040e-01
5.392410815723700512e-01
5.296523517382413226e-01
5.437855032947057632e-01
5.387411951829129686e-01
5.250533969552374502e-01
5.187911838218586258e-01
5.172660758918425916e-01
5.162008634401272777e-01
5.169279709157010849e-01
5.136105430583958187e-01
5.193365144285390089e-01
5.013860486253125526e-01
4.993410588502611991e-01
5.010224948875255935e-01
5.015223812769823430e-01
5.006589411497386344e-01
4.977505112474437388e-01
4.933878663940013398e-01
4.828448079981821350e-01
4.835719154737558867e-01
4.900704385366961291e-01
4.721654169506930843e-01
4.703476482617587884e-01
4.594410361281527910e-01
4.646216768916154316e-01
4.623040218132244417e-01
4.638036809815953010e-01
4.693933197000682567e-01
4.558054987502841993e-01
4.536241763235629443e-01
4.581449670529423313e-01
4.461258804817087031e-01
4.553056123608271166e-01
4.317200636219041265e-01
4.409906839354691965e-01
4.403999091115656239e-01
4.409906839354693076e-01
4.295841854124062276e-01
4.358100431720063339e-01
4.305039763690066690e-01
4.311747330152237989e-01
4.215405589638719364e-01
4.228129970461258491e-01
4.239945466939332164e-01
4.164508066348556747e-01
4.189956827993636668e-01
4.098613951374688313e-01
4.090433992274483677e-01
4.176323562826630420e-01
4.183594637582369047e-01
4.068166325835037567e-01
4.079000227221081243e-01
4.042717564189956536e-01
4.053624176323564754e-01
4.091797318791182136e-01
4.053169734151328973e-01
4.008179959100205414e-01
4.047716428084526807e-01
4.033174278573051774e-01
4.060440808907067600e-01
4.018632129061576741e-01
3.993637809588730936e-01
3.999091115655533657e-01
3.992274483072029700e-01
3.959554646671212264e-01
4.019541013406043306e-01
3.995910020449898736e-01
3.979095660077255903e-01
3.969552374460351696e-01
3.888207225630538333e-01
3.952738014087707197e-01
3.956373551465576233e-01
3.980004544421721913e-01
3.874119518291300746e-01
3.861395137468754957e-01
3.844580777096114343e-01
3.894569416041808729e-01
3.986821177005228090e-01
3.717336968870710856e-01
3.782776641672345730e-01
3.762781186094069086e-01
3.739586457623265692e-01
3.820949784139968108e-01
3.953646898432175427e-01
3.748693478754828723e-01
3.652351738241309542e-01
3.725062485798682488e-01
3.690979322881164926e-01
3.787775505566917111e-01
3.879118382185869907e-01
3.601908657123382151e-01
3.634628493524200699e-01
3.603726425812316392e-01
3.621904112701659351e-01
3.631901840490801558e-01
3.514201317882298947e-01
3.545103385594185474e-01
3.616905248807089635e-01
3.519654623949102223e-01
3.568734378550328934e-01
3.510565780504431022e-01
3.516019086571234298e-01
3.526471256532605625e-01
3.501476937059759265e-01
3.510565780504431022e-01
3.508748011815496781e-01
3.510565780504431022e-01
3.441490570324925446e-01
3.510565780504431022e-01
3.503294705748693505e-01
3.496023630992955988e-01
3.498750284026356794e-01
3.450579413769598314e-01
3.510565780504431022e-01
3.493296977959554628e-01
3.505112474437627190e-01
3.497841399681890784e-01
3.264258123153829794e-01
3.328788911610998102e-01
3.406952965235174879e-01
3.438763917291526306e-01
3.505112474437627190e-01
3.296977959554638904e-01
3.237355146557598928e-01
3.295160190865712990e-01
3.369688707112019621e-01
3.078845716882525618e-01
3.081117927743693419e-01
3.240172688025448333e-01
3.217905021586003333e-01
3.279709157009768616e-01
3.174278573051578789e-01
3.245171551920018049e-01
3.078845716882525618e-01
3.140649852306293122e-01
3.202453987730061180e-01
3.264258123153829794e-01
3.158373097023404186e-01
3.051579186548510902e-01
3.057850488525329924e-01
3.122472165416950163e-01
3.180640763462849185e-01
3.248807089297887640e-01
3.101567825494207509e-01
3.050670302204046558e-01
3.037037037037035869e-01
3.099750056805270493e-01
3.166098613951374152e-01
3.060668029993182659e-01
3.053396955237445143e-01
3.046125880481707626e-01
3.038854805725970665e-01
3.050670302204043782e-01
3.033401499659167389e-01
3.050215860031811332e-01
3.055214723926378828e-01
3.047943649170642422e-01
2.966144058168597164e-01
3.033401499659167389e-01
3.033401499659167389e-01
3.033401499659167389e-01
3.011133833219726275e-01
2.969216087252882774e-01
2.949329697795953775e-01
3.016587139286525665e-01
3.033401499659167389e-01
2.818904794364919808e-01
3.033401499659167389e-01
3.037945921381503545e-01
2.932515337423312052e-01
2.995228357191546675e-01
3.033401499659167389e-01
2.897523290161330145e-01
2.892524426266755988e-01
2.835719154737560421e-01
2.912065439672800182e-01
2.976141785957736041e-01
3.033401499659167389e-01
3.033401499659167389e-01
2.890706657577823968e-01
2.809815950920246941e-01
2.884344467166552461e-01
2.958872983412861868e-01
3.033401499659167389e-01
2.734378550329476520e-01
2.854805725971371611e-01
2.791183821858670977e-01
2.865712338104976498e-01
2.940240854351285904e-01
2.567598273119746644e-01
2.672574414905701801e-01
2.698023176550785607e-01
2.772551692797091127e-01
2.847080209043400534e-01
2.907975460122698141e-01
2.950693024312656121e-01
2.643253805953187374e-01
2.673937741422404146e-01
2.753919563735512943e-01
2.828448079981822905e-01
2.658032265394226767e-01
2.567598273119746644e-01
2.602590320381731326e-01
2.656214496705296413e-01
2.735287434673937534e-01
2.809815950920246941e-01
2.706493978641212883e-01
2.567598273119746644e-01
2.567598273119746644e-01
2.638491251988187569e-01
2.716655305612361571e-01
2.791183821858670977e-01
2.567598273119746644e-01
2.567598273119746644e-01
2.567598273119746644e-01
2.620768007271074840e-01
2.691660986139515210e-01
2.730743012951600823e-01
2.833446943876393731e-01
2.567598273119746644e-01
2.567598273119746644e-01
2.603044762553965996e-01
2.630765735060213717e-01
2.558509429675074887e-01
2.554873892297206406e-01
2.567598273119746644e-01
2.567598273119746644e-01
2.566689388775279523e-01
2.610770279481937073e-01
2.559418314019542007e-01
2.555782776641673526e-01
2.566689388775279523e-01
2.567598273119746644e-01
2.567598273119746644e-01
2.590774823903659874e-01
2.670756646216768670e-01
2.567598273119746644e-01
2.567598273119746644e-01
2.558509429675074887e-01
2.565326062258577733e-01
2.570779368325379899e-01
2.561236082708475692e-01
2.557600545330607766e-01
2.567598273119746644e-01
2.561236082708476802e-01
2.563053851397411043e-01
2.557600545330607766e-01
2.562144967052942812e-01
2.558509429675074887e-01
2.554873892297206406e-01
2.535332878891161656e-01
2.546239491024768209e-01
2.544876164508067529e-01
2.563053851397411043e-01
2.559418314019542007e-01
2.555782776641673526e-01
2.533969552374462086e-01
2.558509429675075997e-01
2.567598273119746644e-01
2.547602817541467779e-01
2.560327198364009127e-01
2.527152919790958130e-01
2.532606225857760296e-01
2.538059531924563572e-01
2.565326062258577733e-01
2.552601681436038050e-01
2.544876164508067529e-01
2.557600545330607766e-01
2.531242899341060726e-01
2.536696205407862892e-01
2.545785048852534649e-01
2.544876164508067529e-01
2.562144967052942812e-01
2.558509429675074887e-01
2.529879572824358935e-01
2.535332878891161656e-01
2.540786184957964933e-01
2.544876164508067529e-01
2.563053851397411043e-01
2.544876164508067529e-01
2.528516246307657700e-01
2.533969552374462086e-01
2.539422858441265363e-01
2.567598273119746644e-01
2.544876164508067529e-01
2.506248579868212145e-01
2.527152919790958130e-01
2.532606225857760296e-01
2.538059531924563572e-01
2.523062940240856089e-01
2.494887525562372865e-01
2.520336287207453618e-01
2.525789593274256339e-01
2.531242899341060726e-01
2.536696205407862892e-01
2.501249715973644649e-01
2.529879572824357825e-01
2.501704158145877099e-01
2.510793001590547746e-01
2.529879572824358935e-01
2.494433083390139583e-01
2.490797546012270269e-01
2.490343103840037542e-01
2.499431947284708466e-01
2.508520790729381056e-01
2.528516246307657700e-01
2.533969552374462086e-01
2.491706430356737390e-01
2.488070892978868909e-01
2.497159736423541776e-01
2.506248579868212145e-01
2.515337423312885012e-01
2.496250852079073546e-01
2.492615314701204232e-01
2.488979777323336029e-01
2.494887525562372865e-01
2.503976369007045455e-01
2.513065212451716102e-01
2.488070892978868909e-01
2.493524199045672463e-01
2.489888661667803149e-01
2.529879572824357825e-01
2.501704158145877099e-01
2.510793001590547746e-01
2.488070892978868909e-01
2.494433083390139583e-01
2.490797546012270269e-01
2.490343103840037542e-01
2.499431947284708466e-01
2.508520790729381056e-01
2.517609634174051703e-01
2.488070892978868909e-01
2.491706430356737390e-01
2.488070892978868909e-01
2.497159736423541776e-01
2.488070892978868909e-01
2.488070892978868909e-01
2.524426266757555659e-01
2.492615314701204232e-01
2.488979777323336029e-01
2.494887525562372865e-01
2.488070892978868909e-01
2.488070892978868909e-01
2.488070892978868909e-01
2.488070892978868909e-01
2.489888661667803149e-01
2.492615314701204232e-01
2.501704158145877099e-01
2.488070892978868909e-01
2.488070892978868909e-01
2.488070892978868909e-01
2.490797546012270269e-01
2.490343103840037542e-01
2.488070892978868909e-01
2.488070892978868909e-01
2.488070892978868909e-01
2.488070892978868909e-01
