1.287008910490076596e+00
1.181692993114621171e+00
1.094663831510733099e+00
9.804070473876063119e-01
9.061360874848116698e-01
8.474544349939243659e-01
8.206763872012962091e-01
8.165755366545157656e-01
7.559740785743216396e-01
7.251417577966786654e-01
7.040299716484405002e-01
7.001822600243012840e-01
6.863345484001619479e-01
6.788396111786145770e-01
6.780072904009719625e-01
6.808930741190764024e-01
6.558829485621708866e-01
6.418590522478733185e-01
6.198359659781288444e-01
6.244430943701904102e-01
6.319360064803561938e-01
6.505670311867151057e-01
5.975597407857432541e-01
5.823207776427703486e-01
5.814601053057917301e-01
5.865735115431346403e-01
5.799412717699471420e-01
5.952308626974484040e-01
5.568124746861076169e-01
5.521972458485217006e-01
5.439955447549615908e-01
5.442486836776021519e-01
5.448562170919399872e-01
5.488558120696638287e-01
5.408059943296881222e-01
5.184791413527745085e-01
5.148845686512758535e-01
5.171121911705143237e-01
5.248582422033211126e-01
5.290603483191574918e-01
5.204029971648440611e-01
4.988051842851355389e-01
4.979748886188740675e-01
4.931146213041717741e-01
4.929627379505873153e-01
4.935196435803969051e-01
5.075435398946941401e-01
4.910895099230458971e-01
4.787869582827054549e-01
4.756986634264883662e-01
4.795970028351559944e-01
4.693195625759416512e-01
4.857229647630620373e-01
4.834447144592952106e-01
4.602065613608748995e-01
4.656237343053867273e-01
4.604597002835155162e-01
4.624848116646416152e-01
4.824787363304979260e-01
4.813689752936411437e-01
4.532199270959902382e-01
4.470433373835560609e-01
4.467395706763873098e-01
4.428412312677195706e-01
4.404110976103684516e-01
4.593458890238961145e-01
4.477116241393271356e-01
4.335257189145402812e-01
4.353989469420816993e-01
4.382341028756579493e-01
4.343357634669906542e-01
4.189449169704334008e-01
4.349554475496149597e-01
4.335257189145402812e-01
4.248177399756986050e-01
4.155528554070473390e-01
4.240076954232481765e-01
4.194005670311866663e-01
4.338294856217092543e-01
4.224382341028753984e-01
4.057310652085865943e-01
4.174260834345889792e-01
4.119582827055486840e-01
4.209700283515593333e-01
4.177298501417579524e-01
4.187930336168489420e-01
4.095787768327258105e-01
3.903908464965571978e-01
3.880113406237343243e-01
4.093762656946132727e-01
4.155528554070473390e-01
4.116038882138517985e-01
4.062879708383961841e-01
3.852774402592141767e-01
3.828473066018631688e-01
3.882644795463749410e-01
4.176792223572296514e-01
4.128189550425273580e-01
3.650263264479546299e-01
3.741393276630214371e-01
3.719117051437830224e-01
3.870494127176994925e-01
4.120089104900771515e-01
4.075030376670715770e-01
3.581409477521264595e-01
3.555589307411907707e-01
3.680639935196436952e-01
3.811765897124341773e-01
3.788477116241396048e-01
3.489266909680033280e-01
3.562170919400567404e-01
3.624949372215473531e-01
3.654313487241796499e-01
3.594572701498579548e-01
3.728230052652894977e-01
3.196638315107329098e-01
3.295868772782501455e-01
3.516605913325233090e-01
3.161988659376259170e-01
3.575840421223165366e-01
3.483961117861456569e-01
3.151579586877277794e-01
3.264985824220332788e-01
3.378392061563385562e-01
3.151579586877277794e-01
3.151579586877277794e-01
3.199675982179018829e-01
3.161198865937626667e-01
3.191069258809234310e-01
3.151579586877277794e-01
3.094876468205750575e-01
3.151579586877277794e-01
3.151579586877277794e-01
3.170818144997974986e-01
3.151579586877277794e-01
3.151579586877277794e-01
3.106014580801944591e-01
3.110064803564197011e-01
3.130315917375455781e-01
3.113608748481165867e-01
3.130315917375455781e-01
3.045261239368165507e-01
3.102976913730253750e-01
2.990583232077763665e-01
2.952106115836371503e-01
3.126265694613202806e-01
3.075637910085053939e-01
3.066524908869988075e-01
3.099939246658565128e-01
2.985014175779667212e-01
2.872620494127170465e-01
2.976913730255164037e-01
3.088294856217090878e-01
3.020959902794653207e-01
2.948055893074117972e-01
3.018934791413526719e-01
2.885277440259209625e-01
2.917679222357230651e-01
3.073612798703930227e-01
3.039185905224784934e-01
2.948055893074117972e-01
3.027541514783309573e-01
2.608849736735521785e-01
2.687322802754151807e-01
2.979951397326852658e-01
3.054880518428512715e-01
2.969319562575941096e-01
2.670473876063175767e-01
2.822498987444309604e-01
2.579485621709194931e-01
2.948055893074119083e-01
3.075637910085053939e-01
2.446334548400161957e-01
2.614418793033617683e-01
2.729850141757798054e-01
2.448359659781287889e-01
2.563183475091121988e-01
3.043742405832320364e-01
2.979951397326851548e-01
2.472154718509519677e-01
2.428614823815310741e-01
2.437727825030376605e-01
2.556196840826244765e-01
2.548096395301741590e-01
3.015897124341836988e-01
2.345078979343865055e-01
2.414945321992710836e-01
2.427095990279465321e-01
2.469623329283109070e-01
2.526326447954637677e-01
2.228635074929122550e-01
2.333940866747672427e-01
2.351154313487241188e-01
2.416464155528552926e-01
2.458991494532200006e-01
2.479242608343458776e-01
1.746658566221142850e-01
2.290400972053463213e-01
2.294451194815713690e-01
2.405832320777643862e-01
2.411907654921019994e-01
2.470635884973673146e-01
1.767922235722965418e-01
1.842345078979341910e-01
2.292426083434590256e-01
2.300526528959093153e-01
2.379505872823003687e-01
2.446840826245441081e-01
1.789185905224786877e-01
1.810449574726608057e-01
1.938031591737547632e-01
2.065613608748480545e-01
2.347104090724989600e-01
1.895504252733901662e-01
1.810449574726609168e-01
1.778554070473876703e-01
1.906136087484814057e-01
2.286350749291210793e-01
2.334953422438234005e-01
2.371405427298499680e-01
1.831713244228431736e-01
1.746658566221142850e-01
1.874240583232080204e-01
1.932968813284731135e-01
2.044896719319564127e-01
1.938031591737545412e-01
1.852976913730253195e-01
1.763872012960713831e-01
1.842345078979341910e-01
1.897023086269745973e-01
1.746658566221142850e-01
1.746658566221142850e-01
1.826144187930337226e-01
1.781085459700283702e-01
1.746658566221142850e-01
1.746658566221142850e-01
1.746658566221142850e-01
1.746658566221142850e-01
1.849939246658566794e-01
1.780579181855001247e-01
1.744127176994735851e-01
1.746658566221142850e-01
1.746658566221142850e-01
1.746658566221142850e-01
1.746658566221142850e-01
1.762353179424866190e-01
1.746658566221142850e-01
1.746658566221142850e-01
1.746658566221142850e-01
1.746658566221142850e-01
1.710206561360875233e-01
1.726407452409883247e-01
1.763872012960713831e-01
1.739064398541920187e-01
1.746658566221142850e-01
1.746658566221142850e-01
1.706156338598623645e-01
1.722357229647631660e-01
1.738558120696639953e-01
1.741595787768328574e-01
1.746658566221142850e-01
1.746658566221142850e-01
1.746658566221142850e-01
1.718307006885380350e-01
1.734507897934388365e-01
1.744127176994735851e-01
1.734001620089104800e-01
1.746658566221142850e-01
1.746658566221142850e-01
1.714256784123126542e-01
1.724382341028757593e-01
1.746658566221142850e-01
1.736533009315513187e-01
1.746658566221142850e-01
1.694005670311869161e-01
1.710206561360875233e-01
1.718813284730660584e-01
1.741089509923046119e-01
1.739064398541920187e-01
1.656034831915754735e-01
1.662110166059133087e-01
1.706156338598623645e-01
1.713244228432563576e-01
1.645402997164844838e-01
1.677298501417576193e-01
1.731470230862697524e-01
1.660591332523288777e-01
1.702106115836372058e-01
1.707675172134466846e-01
1.645402997164844838e-01
1.646921830700689149e-01
1.652997164844066114e-01
1.659072498987445576e-01
1.698055893074120748e-01
1.645402997164844838e-01
1.645402997164844838e-01
1.645402997164844838e-01
1.651478331308223191e-01
1.657553665451601543e-01
1.694005670311869161e-01
1.696537059538275327e-01
1.645402997164844838e-01
1.645402997164844838e-01
1.649959497772378880e-01
1.656034831915754735e-01
1.640846496557310796e-01
1.645402997164844838e-01
1.615208586472252905e-01
1.645402997164844838e-01
1.648440664236533459e-01
1.654515998379910424e-01
1.630214661806398402e-01
1.649959497772376382e-01
1.599837991089509970e-01
1.645402997164844838e-01
1.640846496557310796e-01
1.652997164844066114e-01
1.634771162413932444e-01
1.612494937221546909e-01
1.645402997164844838e-01
1.645402997164844838e-01
1.645402997164844838e-01
1.651478331308223191e-01
1.631733495342242712e-01
1.615026326447954186e-01
1.604900769542324246e-01
1.645402997164844838e-01
1.605913325232887212e-01
1.637808829485622175e-01
1.656034831915754735e-01
1.617557715674362573e-01
1.607432158768732633e-01
1.597306601863102693e-01
1.645402997164844838e-01
1.590218712029160542e-01
1.630214661806399512e-01
1.620089104900769572e-01
1.609963547995139910e-01
1.599837991089509970e-01
1.589712434183880307e-01
1.636796273795059209e-01
1.632746051032806511e-01
1.622620494127177959e-01
1.612494937221546909e-01
1.602369380315917247e-01
1.592243823410287307e-01
1.582118266504657644e-01
1.582118266504657644e-01
1.625151883353584958e-01
1.615026326447954186e-01
1.604900769542324246e-01
1.594775212636694584e-01
1.583130822195219223e-01
1.637808829485622175e-01
1.591960307816923936e-01
1.617557715674362573e-01
1.607432158768732633e-01
1.597306601863102693e-01
1.587181044957471920e-01
1.582118266504657644e-01
1.593762656946132727e-01
1.582118266504657644e-01
1.609963547995139910e-01
1.599837991089509970e-01
1.585155933576346265e-01
1.582118266504657644e-01
1.582118266504657644e-01
1.582118266504657644e-01
1.612494937221546909e-01
1.602369380315917247e-01
1.586168489266910064e-01
1.582118266504657644e-01
1.582118266504657644e-01
1.582118266504657644e-01
1.582118266504657644e-01
1.591231267719724340e-01
1.587181044957471920e-01
1.583130822195219223e-01
1.582118266504657644e-01
1.582118266504657644e-01
1.582118266504657644e-01
1.607432158768732633e-01
1.588193600648034609e-01
1.584143377885783299e-01
1.582118266504657644e-01
1.582118266504657644e-01
1.620089104900769572e-01
1.565411097610366897e-01
1.571486431753746360e-01
1.585155933576346265e-01
1.582118266504657644e-01
1.582118266504657644e-01
1.582118266504657644e-01
1.582118266504657644e-01
1.569967598217900939e-01
