1.155780780780780725e+00
1.162959834834834894e+00
1.200503003003002611e+00
1.094485735735735377e+00
9.918656156156154813e-01
9.504504504504502904e-01
9.103134384384379274e-01
9.036336336336331376e-01
9.234234234234232064e-01
9.051707957957956241e-01
8.678678678678678482e-01
8.368524774774774855e-01
8.160660660660659094e-01
7.957957957957957351e-01
8.026801801801799474e-01
8.452233483483481136e-01
7.964996246246245359e-01
7.666103603603603434e-01
7.260885885885884905e-01
7.375656906906905563e-01
7.363926426426427030e-01
7.847691441441441151e-01
7.145739489489487672e-01
6.840746996996994733e-01
6.656700450450449003e-01
6.763325825825824422e-01
6.798986486486485736e-01
6.662912912912911656e-01
6.894237987987987815e-01
6.344313063063062863e-01
6.155668168168165755e-01
6.153810060060062037e-01
6.278153153153153143e-01
6.235454204204204931e-01
6.098235735735735297e-01
6.048235735735736363e-01
5.719782282282283026e-01
5.686936936936938247e-01
5.860604354354354006e-01
5.688344594594594295e-01
5.910754504504506235e-01
5.583708708708708945e-01
5.142173423423422873e-01
5.260885885885886459e-01
5.304054054054053724e-01
5.515202702702701743e-01
5.536786786786785930e-01
4.896771771771771808e-01
5.019707207207205757e-01
5.087499999999998135e-01
4.968093093093093326e-01
5.271677927927929108e-01
4.781813063063063418e-01
4.641985735735734697e-01
4.427552552552554421e-01
4.511542792792792578e-01
4.413006756756754911e-01
4.589902402402401549e-01
4.117398648648648019e-01
4.108952702702702853e-01
4.258633633633632787e-01
4.211242492492490719e-01
4.279204204204199447e-01
4.548611111111111049e-01
4.082207207207206312e-01
4.093468468468467458e-01
4.075168918918917749e-01
3.875750750750750484e-01
3.867736486486484937e-01
3.558858858858858776e-01
4.023085585585584045e-01
4.011824324324322899e-01
3.945664414414413734e-01
3.717135885885883839e-01
3.429054054054052059e-01
3.295795795795793959e-01
3.372466216216211676e-01
4.010885885885884239e-01
3.828828828828826913e-01
3.650525525525522008e-01
3.473160660660661314e-01
3.216497747747746327e-01
3.077608858858858487e-01
3.993993993993992242e-01
3.879504504504502904e-01
3.699324324324324009e-01
3.481606606606605370e-01
3.269519519519517581e-01
3.070570570570569924e-01
2.858014264264261972e-01
3.939095345345342558e-01
3.699793543543540841e-01
3.452984234234233729e-01
3.311280030030030463e-01
3.102946696696696205e-01
2.873967717717716419e-01
2.686280030030028798e-01
3.743430930930928824e-01
3.496621621621619491e-01
3.363363363363360281e-01
3.112743993993989933e-01
2.906813063063060643e-01
2.707864114114112430e-01
2.665634384384383271e-01
2.669388138138136801e-01
3.301895645645643307e-01
2.986580330330329547e-01
2.833614864864862914e-01
2.714433183183181941e-01
2.664695945945945166e-01
3.574512012012006634e-01
3.244650900900897250e-01
3.040071321321321518e-01
2.665634384384386601e-01
2.707864114114113541e-01
2.649680930930929379e-01
2.662819069069068401e-01
3.261073573573574635e-01
3.014264264264264193e-01
2.728040540540541126e-01
2.532376126126125171e-01
2.662819069069068401e-01
2.577890390390389364e-01
2.527214714714713373e-01
2.559121621621620601e-01
2.531737987987981997e-01
2.550206456456456383e-01
2.658596096096096928e-01
2.447916666666666574e-01
2.453547297297298813e-01
2.447916666666666574e-01
2.698010510510506776e-01
2.503284534534532813e-01
2.463400900900900303e-01
2.453078078078076429e-01
2.454954954954955137e-01
2.369557057057056215e-01
2.257882882882882025e-01
2.396771771771770143e-01
2.424455705705708397e-01
2.456831831831831903e-01
2.416478978978979231e-01
2.378941441441441706e-01
2.084740990990991416e-01
2.348442192192190803e-01
2.343280780780780947e-01
2.228791291291291610e-01
2.405217717717717252e-01
2.388325825825824977e-01
2.056118618618619220e-01
2.141047297297297702e-01
2.296828078078075874e-01
2.263982732732732206e-01
1.785848348348349490e-01
1.886730480480479921e-01
2.007319819819821383e-01
2.104448198198200781e-01
2.283220720720721131e-01
2.245213963963959281e-01
2.228791291291291610e-01
1.853415915915918033e-01
1.912068318318319027e-01
2.001689189189191642e-01
2.084271771771771253e-01
2.212837837837837718e-01
2.228791291291291610e-01
1.799455705705704234e-01
1.760041291291292165e-01
1.941629129129129605e-01
2.063626126126125726e-01
2.069256756756757964e-01
1.478040540540542236e-01
1.633821321321322628e-01
1.726257507507507893e-01
1.904091591591592081e-01
2.042980480480480199e-01
2.106794294294293268e-01
1.487424924924925507e-01
1.568130630630632794e-01
1.688250750750752149e-01
1.808370870870873726e-01
1.822916666666666852e-01
1.534346846846848522e-01
1.496809309309310998e-01
1.538100600600603995e-01
1.658220720720723351e-01
1.778340840840842707e-01
1.899868618618618665e-01
1.543731231231232071e-01
1.506193693693696489e-01
1.478040540540542236e-01
1.602383633633633064e-01
1.695758258258258933e-01
1.829016516516517032e-01
1.478040540540542236e-01
1.502439939939941016e-01
1.478040540540542236e-01
1.542323573573577689e-01
1.662443693693694824e-01
1.478040540540542236e-01
1.478040540540542236e-01
1.461617867867868181e-01
1.474756006006006925e-01
1.505724474474472163e-01
1.629129129129130715e-01
1.478040540540542236e-01
1.478040540540542236e-01
1.478040540540542236e-01
1.471471471471473835e-01
1.468656156156158965e-01
1.449887387387387983e-01
1.478040540540542236e-01
1.478040540540542236e-01
1.455048798798799781e-01
1.468186936936938802e-01
1.473348348348350600e-01
1.454579579579579618e-01
1.478040540540542236e-01
1.478040540540542236e-01
1.451764264264266691e-01
1.464902402402403492e-01
1.478040540540542236e-01
1.459271771771773474e-01
1.440503003003004712e-01
1.435341591591592914e-01
1.448479729729731658e-01
1.461617867867870402e-01
1.458802552552555254e-01
1.463963963963965109e-01
1.445195195195196347e-01
1.380442942942942952e-01
1.374812312312312934e-01
1.458333333333335091e-01
1.456343843843844743e-01
1.468656156156158965e-01
1.387481231231231515e-01
1.381850600600601497e-01
1.376219969969971479e-01
1.424549549549550820e-01
1.395927177177178624e-01
1.420945945945945865e-01
1.388888888888890061e-01
1.383258258258260043e-01
1.377627627627627804e-01
1.443318318318317639e-01
1.395927177177178624e-01
1.278622372372372196e-01
1.388419669669671841e-01
1.384665915915916368e-01
1.379035285285284407e-01
1.373404654654654389e-01
1.349005255255253388e-01
1.395927177177178624e-01
1.390296546546548606e-01
1.386073573573574913e-01
1.373873873873874552e-01
1.325544294294295211e-01
1.306775525525526171e-01
1.306775525525524229e-01
1.285191441441440319e-01
1.384665915915916368e-01
1.381850600600601497e-01
1.371058558558559404e-01
1.311467717717718084e-01
1.292698948948949322e-01
1.281906906906907229e-01
1.386542792792795076e-01
1.383258258258260043e-01
1.334928678678678482e-01
1.316159909909909720e-01
1.326651651651648833e-01
1.278622372372372196e-01
1.371077327327324680e-01
1.354635885885887570e-01
1.339620870870870117e-01
1.320852102102101355e-01
1.302083333333332593e-01
1.283314564564563831e-01
1.278622372372372196e-01
1.359797297297297425e-01
1.278622372372372196e-01
1.325544294294295211e-01
1.306775525525526171e-01
1.288006756756755466e-01
1.285191441441440319e-01
1.278622372372372196e-01
1.344313063063063973e-01
1.330236486486486847e-01
1.311467717717718084e-01
1.292698948948949322e-01
1.281906906906907229e-01
1.278622372372372196e-01
1.278622372372372196e-01
1.328828828828828301e-01
1.312406156156156189e-01
1.297391141141140958e-01
1.278622372372372196e-01
1.278622372372372196e-01
1.278622372372372196e-01
1.333990240240240099e-01
1.313344594594594572e-01
1.299737237237235665e-01
1.282845345345343668e-01
1.278622372372372196e-01
1.278622372372372196e-01
1.339151651651651898e-01
1.313813813813814735e-01
1.295045045045045973e-01
1.287068318318317084e-01
1.278622372372372196e-01
1.278622372372372196e-01
1.344313063063063973e-01
1.318506006006006648e-01
1.275337837837836885e-01
1.291291291291290777e-01
1.278622372372372196e-01
1.278622372372372196e-01
1.278622372372372196e-01
1.272991741741742178e-01
1.274868618618618665e-01
1.285660660660660759e-01
1.278622372372372196e-01
1.278622372372372196e-01
1.278622372372372196e-01
1.272522522522521737e-01
1.274399399399398503e-01
1.299737237237235665e-01
1.282845345345343668e-01
1.278622372372372196e-01
1.270176426426427030e-01
1.272053303303303795e-01
1.273930180180180283e-01
1.303960210210211301e-01
1.276276276276275268e-01
1.278622372372372196e-01
1.278622372372372196e-01
1.271584084084083632e-01
1.273460960960960120e-01
1.275337837837836885e-01
1.277214714714713650e-01
1.278622372372372196e-01
1.278622372372372196e-01
1.271114864864865412e-01
1.272991741741742178e-01
1.274868618618618665e-01
1.276745495495495430e-01
1.278622372372372196e-01
1.268768768768768485e-01
1.270645645645645250e-01
1.272522522522521737e-01
1.274399399399398503e-01
1.276276276276275268e-01
1.266891891891891719e-01
1.268299549549550265e-01
1.270176426426427030e-01
1.272053303303303795e-01
1.273930180180180283e-01
1.275807057057057048e-01
1.266891891891891719e-01
1.267830330330330102e-01
1.269707207207206867e-01
1.271584084084083632e-01
1.273460960960960120e-01
1.266891891891891719e-01
1.266891891891891719e-01
1.266891891891891719e-01
1.269237987987988647e-01
1.271114864864865412e-01
1.272991741741742178e-01
1.266891891891891719e-01
1.266891891891891719e-01
1.278622372372372196e-01
1.268768768768768485e-01
1.270645645645645250e-01
1.272522522522521737e-01
1.266891891891891719e-01
1.266891891891891719e-01
1.266891891891891719e-01
1.266891891891891719e-01
1.267417417417417980e-01
1.272053303303303795e-01
1.266891891891891719e-01
1.266891891891891719e-01
1.266891891891891719e-01
1.267830330330330102e-01
1.269707207207206867e-01
1.271584084084083632e-01
1.266891891891891719e-01
1.266891891891891719e-01
1.266891891891891719e-01
1.266891891891891719e-01
1.269237987987988647e-01
1.271114864864865412e-01
1.266891891891891719e-01
1.266891891891891719e-01
