6.360392506690454306e-01
6.133223684210526994e-01
6.181562221231043930e-01
5.844078947368417376e-01
5.730480597680639443e-01
5.647440900981265388e-01
5.357465432649419768e-01
5.262355040142728813e-01
5.173065343443354891e-01
5.068543710972344130e-01
4.858385370205173248e-01
4.717467662801069217e-01
4.621431757359498738e-01
4.661295718108827146e-01
4.692517841213202368e-01
4.630770517395181862e-01
4.423366413916147155e-01
4.292947145405885401e-01
4.234745762711862871e-01
4.268014049955394795e-01
4.361200936663692795e-01
4.191988180196253300e-01
4.134422390722568563e-01
4.041731712756468919e-01
3.997546833184656978e-01
4.018315120428189169e-01
4.024029884032115922e-01
4.039919714540587958e-01
3.846732827832293755e-01
3.764077832292590520e-01
3.745260927743088164e-01
3.726444023193578037e-01
3.735643398751113953e-01
3.821225468331849173e-01
3.722680642283673902e-01
3.555419268510253139e-01
3.498550401427298895e-01
3.476388269402318487e-01
3.595143844781445996e-01
3.594028768956291087e-01
3.563760035682421723e-01
3.414919714540586293e-01
3.280831846565565590e-01
3.305224130240858593e-01
3.327012711864407724e-01
3.395500669045486974e-01
3.428858162355038486e-01
3.194971008028544834e-01
3.067573595004461362e-01
3.107855709188227511e-01
3.186050401427297230e-01
3.189116859946475313e-01
3.025897636039249772e-01
3.073985280999101399e-01
3.013492417484387453e-01
3.029382247992862265e-01
3.006523193577164133e-01
2.990912132024978187e-01
2.979750223015165123e-01
3.041787466547719587e-01
2.933206958073147907e-01
2.775144959857269722e-01
2.893482381801964487e-01
2.846927966101695517e-01
2.869948706512043812e-01
2.836050401427295808e-01
2.817991748438886668e-01
2.742807760927743477e-01
2.696532114183763928e-01
2.758279438001783324e-01
2.797864629794828417e-01
2.780720338983052042e-01
2.808597234611955318e-01
2.668376449598563460e-01
2.583491302408556511e-01
2.688447814451381257e-01
2.780720338983052042e-01
2.779884032114185999e-01
2.753958519179304787e-01
2.656668153434431634e-01
2.540700267618201669e-01
2.491497546833184029e-01
2.553523639607492846e-01
2.759812667261374308e-01
2.667339429081178048e-01
2.564953166815337471e-01
2.563280553077602053e-01
2.486619090098124985e-01
2.551572256913470782e-01
2.548483496877779753e-01
2.474074487065119621e-01
2.504739072256909060e-01
2.408285013380908890e-01
2.356712756467443937e-01
2.400340098126672872e-01
2.493448929527205260e-01
2.470589875111506295e-01
2.559099018733279052e-01
2.377759812667262218e-01
2.396297948260479038e-01
2.391558876003566647e-01
2.387656110615519467e-01
2.462226806422837533e-01
2.352252453166816248e-01
2.371069357716323878e-01
2.388631801962532442e-01
2.235727029437993008e-01
2.343471231043712522e-01
2.430904326494202905e-01
2.294129125780554335e-01
2.359361061552185945e-01
2.347234611953613048e-01
2.113615075825152068e-01
2.257225691347003460e-01
2.324236173059767430e-01
2.306534344335411935e-01
2.231545495093665010e-01
2.110559768064229069e-01
2.145963425512926182e-01
2.121710526315785383e-01
2.312527876895628109e-01
2.324236173059767430e-01
2.226667038358602357e-01
2.205341213202489381e-01
2.060241971454054299e-01
2.011736173059767707e-01
2.045550847457626720e-01
2.308903880463874236e-01
2.185827386262262084e-01
2.141781891168598184e-01
2.014942016057092722e-01
1.973684210526306382e-01
1.907615967885817054e-01
1.778824710080284532e-01
2.261513157894738668e-01
2.115577609277425053e-01
2.007136485280994476e-01
1.909567350579836897e-01
1.883641837644960959e-01
1.749135816235495577e-01
2.193493532560203685e-01
2.108887154326492819e-01
1.968805753791258439e-01
1.933959634255122129e-01
1.836390499553964550e-01
1.785097011596785410e-01
2.251059322033897303e-01
2.029716770740394027e-01
2.000167261373767824e-01
1.958351917930407082e-01
1.807259143621762210e-01
1.763213648528093314e-01
1.654493755575376923e-01
1.641252230151650504e-01
1.974938670829615162e-01
1.782169937555753703e-01
1.805028991971453778e-01
1.768789027653883128e-01
1.667735280999103342e-01
1.641252230151650504e-01
1.641252230151650504e-01
1.706316904549501356e-01
1.786909009812666094e-01
1.733942908117751536e-01
1.680976806422838365e-01
1.641252230151650504e-01
1.641252230151650504e-01
1.723907225691336531e-01
1.709550624442455480e-01
1.628707627118641255e-01
1.630380240856374174e-01
1.641252230151650504e-01
1.613375334522748339e-01
1.451689339875109064e-01
1.496292372881360966e-01
1.648918376449590717e-01
1.619647636039241723e-01
1.386875557537907699e-01
1.401371543264942898e-01
1.440538581623550529e-01
1.485141614629793549e-01
1.529744647636038235e-01
1.523054192685098507e-01
1.595812890276548379e-01
1.376700490633365748e-01
1.429387823371991717e-01
1.473990856378235015e-01
1.518593889384479423e-01
1.539780330062443248e-01
1.362483273862622746e-01
1.369591882247991055e-01
1.383390945584301868e-01
1.462840098126676480e-01
1.492389607493312675e-01
1.452938224799288913e-01
1.553161239964320206e-01
1.362483273862622746e-01
1.366915700267614941e-01
1.430363514718998585e-01
1.362483273862622746e-01
1.362483273862622746e-01
1.362483273862622746e-01
1.361228813559322570e-01
1.375027876895629497e-01
1.391754014272970352e-01
1.285821810883140404e-01
1.362483273862622746e-01
1.362483273862622746e-01
1.359974353256022395e-01
1.354677743086528385e-01
1.366547725245315370e-01
1.292791034790364835e-01
1.362483273862622746e-01
1.362483273862622746e-01
1.358719892952720831e-01
1.366664808206960735e-01
1.358301739518289475e-01
1.299760258697588988e-01
1.271883363068686823e-01
1.291675958965201321e-01
1.362483273862622746e-01
1.362483273862622746e-01
1.352865744870651310e-01
1.306729482604818415e-01
1.278852586975911254e-01
1.239685548617303762e-01
1.216826494201603548e-01
1.218359723461189537e-01
1.341575602140944734e-01
1.313698706512042569e-01
1.268259366636931840e-01
1.245400312221231487e-01
1.354956512042819194e-01
1.248466770740398746e-01
1.294742417484378572e-01
1.320667930419267000e-01
1.292791034790364835e-01
1.251115075825155742e-01
1.228256021409455390e-01
1.250975691347015195e-01
1.188252676181980327e-01
1.287215655664578629e-01
1.299760258697588988e-01
1.256829839429079720e-01
1.233970785013379645e-01
1.184768064228367002e-01
1.188252676181980327e-01
1.308262711864406902e-01
1.306729482604813419e-01
1.262544603033003976e-01
1.239685548617303762e-01
1.191737288135591294e-01
1.184349910793934396e-01
1.260871989295268836e-01
1.291118421052631915e-01
1.268259366636931840e-01
1.245400312221231487e-01
1.198706512042815586e-01
1.170829616413913421e-01
1.159400089206066436e-01
1.164417930419268388e-01
1.193131132917036874e-01
1.251115075825155742e-01
1.205675735950044875e-01
1.177798840321142709e-01
1.158145628902766261e-01
1.163163470115968212e-01
1.156891168599464836e-01
1.173199152542373364e-01
1.212644959857269167e-01
1.184768064228367002e-01
1.156891168599464836e-01
1.161909009812666788e-01
1.220729259589644483e-01
1.171944692239073188e-01
1.219614183764493459e-01
1.191737288135591294e-01
1.163860392506689129e-01
1.160654549509366612e-01
1.165672390722569812e-01
1.156891168599464836e-01
1.156891168599464836e-01
1.198706512042815586e-01
1.170829616413913421e-01
1.159400089206066436e-01
1.164417930419268388e-01
1.156891168599464836e-01
1.156891168599464836e-01
1.156891168599464836e-01
1.176544380017841285e-01
1.158145628902766261e-01
1.156891168599464836e-01
1.156891168599464836e-01
1.156891168599464836e-01
1.156891168599464836e-01
1.156891168599464836e-01
1.156891168599464836e-01
1.161909009812666788e-01
1.156891168599464836e-01
1.156891168599464836e-01
1.156891168599464836e-01
1.168738849241749284e-01
1.154242863514721440e-01
1.156891168599464836e-01
1.156891168599464836e-01
1.156891168599464836e-01
1.156891168599464836e-01
1.156891168599464836e-01
1.156891168599464836e-01
1.156891168599464836e-01
1.156891168599464836e-01
1.156891168599464836e-01
1.156891168599464836e-01
1.112148751115083628e-01
1.128038581623549558e-01
1.156891168599464836e-01
1.156891168599464836e-01
1.156891168599464836e-01
1.156891168599464836e-01
1.101276761819805911e-01
1.118421052631587004e-01
1.156891168599464836e-01
1.156891168599464836e-01
1.156891168599464836e-01
1.156891168599464836e-01
1.075351248884919841e-01
1.108803523639610711e-01
1.147273639607502144e-01
1.132638269402319042e-01
1.156891168599464836e-01
1.156891168599464836e-01
1.072563559322041032e-01
1.105960080285455088e-01
1.137656110615525851e-01
1.156891168599464836e-01
1.156891168599464836e-01
1.156891168599464836e-01
1.051098349687779043e-01
1.089568465655670476e-01
1.128038581623549558e-01
1.156891168599464836e-01
1.116469669937558418e-01
1.014300847457630245e-01
1.057788804638726127e-01
1.079950936663694183e-01
1.118421052631587004e-01
1.156891168599464836e-01
1.156891168599464836e-01
1.003428858162352527e-01
1.031863291703840058e-01
1.070333407671717890e-01
1.108803523639610711e-01
1.147273639607502144e-01
1.132638269402319042e-01
1.100301070472785442e-01
1.022245762711863765e-01
1.060715878679755336e-01
1.099185994647634418e-01
1.137656110615525851e-01
1.140722569134704212e-01
9.816848795718131904e-02
1.012628233719901211e-01
1.051098349687779043e-01
1.089568465655670476e-01
1.128038581623549558e-01
1.148806868867078279e-01
9.303913916146290541e-02
1.003010704727924918e-01
1.041480820695816351e-01
1.079950936663694183e-01
1.118421052631587004e-01
1.156891168599464836e-01
9.323985280999083636e-02
9.287187778768951629e-02
1.031863291703840058e-01
1.070333407671717890e-01
1.108803523639610711e-01
9.164529438001779715e-02
9.210526315789474561e-02
9.271855486173065375e-02
9.333184656556645087e-02
1.009143621766276644e-01
1.099185994647634418e-01
9.164529438001779715e-02
9.195194023193563326e-02
9.256523193577155528e-02
9.317852363960758832e-02
1.051098349687779043e-01
1.089568465655670476e-01
9.164529438001779715e-02
9.179861730597678460e-02
9.241190900981258172e-02
9.302520071364861476e-02
9.363849241748453678e-02
1.079950936663694183e-01
