6.298700936663691463e-01
6.069720115967887075e-01
6.171309099018733590e-01
5.833307314897411278e-01
5.743755575379125844e-01
5.534037689562886220e-01
5.273137823371992772e-01
5.205173951828726553e-01
5.207381801962533974e-01
5.037494424620875266e-01
4.793989741302408514e-01
4.808876003568243185e-01
4.706456289027654560e-01
4.649960972346115495e-01
4.688046387154326533e-01
4.644848349687778488e-01
4.456818688670831641e-01
4.340376895628901832e-01
4.272608162355038819e-01
4.231712756467440051e-01
4.306422836752900052e-01
4.324403434433541360e-01
4.131634701159677125e-01
3.996966993755575182e-01
3.937332738626225792e-01
3.963955173951828059e-01
4.028211418376450026e-01
4.071002453166816526e-01
3.876142952720782464e-01
3.740243086529882466e-01
3.715014495985726195e-01
3.713202497769848009e-01
3.763241525423727807e-01
3.812165477252454915e-01
3.697033898305082111e-01
3.587204504906328917e-01
3.478339652096339440e-01
3.464758028545941171e-01
3.540298840321138285e-01
3.601973684210527660e-01
3.579393398751113398e-01
3.418404326494198786e-01
3.369619759143621107e-01
3.277207850133809774e-01
3.326968108831401261e-01
3.411992640499558194e-01
3.428858162355038486e-01
3.184099018733267394e-01
3.121097234611953652e-01
3.062555753791260660e-01
3.150089206066013503e-01
3.197479928635150181e-01
3.167423059768065263e-01
3.014607493309537367e-01
2.952999553969668511e-01
3.017673951828721557e-01
3.006523193577164133e-01
3.014607493309549580e-01
2.950267618198036401e-01
2.969865075825144918e-01
2.904911909009810222e-01
2.780023416592328767e-01
2.833619536128454963e-01
2.859333184656557836e-01
2.869926404995539748e-01
2.851248884924175164e-01
2.868532560214095417e-01
2.742807760927743477e-01
2.762460972346114096e-01
2.708101025869758538e-01
2.874247323818018285e-01
2.780720338983052042e-01
2.730541926851018930e-01
2.654159232827822956e-01
2.664613068688672648e-01
2.688447814451381257e-01
2.744480374665481115e-01
2.774029884032115922e-01
2.635621097234608357e-01
2.703222569134700048e-01
2.605653434433544691e-01
2.598823595004456921e-01
2.617779884032108706e-01
2.537773193577161357e-01
2.689562890276540608e-01
2.564953166815337471e-01
2.506829839429072226e-01
2.470589875111506295e-01
2.510593220338983578e-01
2.518677520071360143e-01
2.474074487065119621e-01
2.545160570918820753e-01
2.470589875111506295e-01
2.356712756467443937e-01
2.516307983942908111e-01
2.481740633363067328e-01
2.470589875111506295e-01
2.480486173059773258e-01
2.344725691347005203e-01
2.270712533452267645e-01
2.404939785905440830e-01
2.484528322925958488e-01
2.462226806422837533e-01
2.352252453166816248e-01
2.371069357716323878e-01
2.282281445138271136e-01
2.395322256913470782e-01
2.344162578055309365e-01
2.428216993755575037e-01
2.288832515611062823e-01
2.342495539696689555e-01
2.268482381801958103e-01
2.281863291703834784e-01
2.082264719000893327e-01
2.025289919714469977e-01
2.305698037466545613e-01
2.202274754683317126e-01
2.233273862622654760e-01
2.110838537020508776e-01
2.111674843889380093e-01
2.312527876895628109e-01
2.324236173059767430e-01
2.226667038358602357e-01
2.129097903657444779e-01
1.993476806422834480e-01
2.007136485280999472e-01
1.936189785905441385e-01
2.310158340767174412e-01
2.227642729705617830e-01
2.141781891168598184e-01
2.014942016057092722e-01
1.940231935771624117e-01
1.857019402319353973e-01
1.788860392506689545e-01
2.189730151650311762e-01
2.080452720785006260e-01
2.036407225691343748e-01
1.914596342551287134e-01
1.815900981266724001e-01
1.776315789473679185e-01
2.189033229259579605e-01
2.068465655664581404e-01
2.057872435325603100e-01
1.925178412132023398e-01
1.836390499553964550e-01
1.785097011596785410e-01
1.641252230151650504e-01
2.104984388938436757e-01
1.784957627118632373e-01
1.918766726137374479e-01
1.807259143621762210e-01
1.759729036574484706e-01
1.666062667261369312e-01
1.710336752899141999e-01
1.641252230151650504e-01
1.817155441570029173e-01
1.713035236396077410e-01
1.720701382694026504e-01
1.667735280999103342e-01
1.647106378233721413e-01
1.641252230151650504e-01
1.641252230151650504e-01
1.689339875111506017e-01
1.733942908117751536e-01
1.680976806422838365e-01
1.641252230151650504e-01
1.476639161462990624e-01
1.489183764495991269e-01
1.606545495093671949e-01
1.721258920606597020e-01
1.596649197145407206e-01
1.641252230151650504e-01
1.417679527207849066e-01
1.475105932203387427e-01
1.632749776984821488e-01
1.540895405887604264e-01
1.579226137377345296e-01
1.643621766280106700e-01
1.404716770740412068e-01
1.440538581623550529e-01
1.485141614629793549e-01
1.529744647636038235e-01
1.714378902765381629e-01
1.362483273862622746e-01
1.370846342551295116e-01
1.387572479928635971e-01
1.473990856378235015e-01
1.518593889384479423e-01
1.407783229259590430e-01
1.362483273862622746e-01
1.369591882247991055e-01
1.383390945584301868e-01
1.442768733273867288e-01
1.492389607493312675e-01
1.459494870651208420e-01
1.362483273862622746e-01
1.362483273862622746e-01
1.379209411239963601e-01
1.395935548617304733e-01
1.470366859946491134e-01
1.489880686886717043e-01
1.362483273862622746e-01
1.362483273862622746e-01
1.356210972346120480e-01
1.391754014272970352e-01
1.390917707404102921e-01
1.362483273862622746e-01
1.362483273862622746e-01
1.359974353256022395e-01
1.354677743086528385e-01
1.363737734165924032e-01
1.292791034790364835e-01
1.362483273862622746e-01
1.362483273862622746e-01
1.362483273862622746e-01
1.347429750223007039e-01
1.358301739518289475e-01
1.299760258697588988e-01
1.271883363068686823e-01
1.362483273862622746e-01
1.308680865298838258e-01
1.362483273862622746e-01
1.334606378233720581e-01
1.306729482604818415e-01
1.278852586975911254e-01
1.351193131132917280e-01
1.216826494201603548e-01
1.218359723461189537e-01
1.266726137377339467e-01
1.313698706512042569e-01
1.285821810883140404e-01
1.257944915254238238e-01
1.354956512042819194e-01
1.359974353256022395e-01
1.332376226583402434e-01
1.320667930419267000e-01
1.273974130240855818e-01
1.251115075825155742e-01
1.228256021409455390e-01
1.177798840321142709e-01
1.188252676181980327e-01
1.287215655664578629e-01
1.238642952720769436e-01
1.271883363068686823e-01
1.352447591436217456e-01
1.308680865298838258e-01
1.188252676181980327e-01
1.275925512934880657e-01
1.242055084745754961e-01
1.262544603033003976e-01
1.239685548617303762e-01
1.216826494201603548e-01
1.163860392506689129e-01
1.160654549509366612e-01
1.234528322925958765e-01
1.268259366636931840e-01
1.245400312221231487e-01
1.198706512042815586e-01
1.170829616413913421e-01
1.303523639607488405e-01
1.164417930419268388e-01
1.169435771632471588e-01
1.233552631578947040e-01
1.205675735950044875e-01
1.177798840321142709e-01
1.158145628902766261e-01
1.168041926851012269e-01
1.168181311329171412e-01
1.156891168599464836e-01
1.212644959857269167e-01
1.184768064228367002e-01
1.156891168599464836e-01
1.161909009812666788e-01
1.156891168599464836e-01
1.156891168599464836e-01
1.219614183764493459e-01
1.191737288135591294e-01
1.163860392506689129e-01
1.160654549509366612e-01
1.165672390722569812e-01
1.156891168599464836e-01
1.156891168599464836e-01
1.191458519179284387e-01
1.170829616413913421e-01
1.159400089206066436e-01
1.164417930419268388e-01
1.156891168599464836e-01
1.156891168599464836e-01
1.205675735950044875e-01
1.177798840321142709e-01
1.158145628902766261e-01
1.163163470115968212e-01
1.156891168599464836e-01
1.156891168599464836e-01
1.156891168599464836e-01
1.156891168599464836e-01
1.156891168599464836e-01
1.156891168599464836e-01
1.156891168599464836e-01
1.156891168599464836e-01
1.156891168599464836e-01
1.156891168599464836e-01
1.163860392506684133e-01
1.156891168599464836e-01
1.156891168599464836e-01
1.156891168599464836e-01
1.156891168599464836e-01
1.118839206066009617e-01
1.156891168599464836e-01
1.156891168599464836e-01
1.156891168599464836e-01
1.156891168599464836e-01
1.156891168599464836e-01
1.156891168599464836e-01
1.128038581623549558e-01
1.148806868867078279e-01
1.156891168599464836e-01
1.156891168599464836e-01
1.156891168599464836e-01
1.156891168599464836e-01
1.118421052631587004e-01
1.156891168599464836e-01
1.156891168599464836e-01
1.156891168599464836e-01
1.046916815343448409e-01
1.090404772524528193e-01
1.108803523639610711e-01
1.147273639607502144e-01
1.156891168599464836e-01
1.156891168599464836e-01
1.156891168599464836e-01
1.060715878679755336e-01
1.099185994647634418e-01
1.137656110615525851e-01
1.140722569134704212e-01
1.156891168599464836e-01
1.156891168599464836e-01
1.051098349687779043e-01
1.089568465655670476e-01
1.128038581623549558e-01
1.148806868867078279e-01
1.156891168599464836e-01
1.156891168599464836e-01
1.041480820695816351e-01
1.079950936663694183e-01
1.118421052631587004e-01
1.156891168599464836e-01
1.124553969669932485e-01
1.092634924174840233e-01
1.031863291703840058e-01
1.070333407671717890e-01
1.108803523639610711e-01
1.147273639607502144e-01
9.248160124888492317e-02
9.359667707404115133e-02
1.022245762711863765e-01
1.060715878679755336e-01
1.099185994647634418e-01
1.136262265834081520e-01
1.156891168599464836e-01
9.331790811775203531e-02
1.012628233719901211e-01
1.051098349687779043e-01
1.089568465655670476e-01
1.128038581623549558e-01
1.148806868867078279e-01
1.116469669937558418e-01
9.302520071364861476e-02
1.041480820695816351e-01
1.079950936663694183e-01
1.118421052631587004e-01
1.156891168599464836e-01
9.225858608385371917e-02
9.287187778768951629e-02
1.031863291703840058e-01
1.070333407671717890e-01
1.108803523639610711e-01
1.146576717216779978e-01
1.132638269402319042e-01
9.271855486173065375e-02
1.022245762711863765e-01
1.060715878679755336e-01
1.099185994647634418e-01
1.136262265834081520e-01
9.220283229259566837e-02
9.256523193577155528e-02
9.317852363960758832e-02
1.014579616413914809e-01
9.928356378233668678e-02
1.125947814451381812e-01
1.148806868867078279e-01
9.241190900981258172e-02
1.003010704727924918e-01
1.033117752007146478e-01
1.079950936663694183e-01
