7.046036666068943299e-01
6.274457565899019817e-01
5.831134564643801754e-01
5.729265397785008318e-01
5.735925745660102049e-01
5.540726319474686967e-01
5.213276293431021724e-01
5.010566044180309042e-01
4.884415639863036174e-01
4.756509636157150167e-01
4.654828325264064315e-01
4.513239576128630359e-01
4.358941517022312806e-01
4.256986961088201626e-01
4.076515442614276341e-01
3.794348950995210523e-01
3.946665983554062951e-01
3.946939228595095495e-01
3.904422300210911301e-01
3.797764514008078462e-01
3.658221687117350629e-01
3.464661731178114712e-01
3.472770277770662606e-01
3.513162725960840005e-01
3.511967278906338863e-01
3.429553158968841609e-01
3.428371374166390706e-01
3.374661645789039932e-01
3.322061975390869226e-01
3.298836146903365019e-01
3.328124599738710998e-01
3.254604605886722846e-01
3.246731733142060872e-01
3.182365448164560240e-01
3.086644294728934090e-01
3.107223061881461690e-01
3.108162341710002941e-01
3.117042805543459028e-01
3.062906131789501218e-01
3.056501951140372930e-01
3.035154682309946783e-01
3.030458283167252187e-01
2.992818778765444221e-01
2.969575872462878463e-01
2.995619540435998096e-01
2.976406998488613787e-01
2.973674548078319435e-01
2.953181170001111799e-01
2.937384191066595429e-01
2.875501020399450769e-01
2.878978063546551169e-01
2.874623220705146975e-01
2.940287419627532484e-01
2.748247389229023230e-01
2.752431453919787496e-01
2.769765436210092635e-01
2.833636464550726153e-01
2.782403019357708729e-01
2.858143129168055907e-01
2.735268249780122840e-01
2.727754011151813929e-01
2.726046229645380792e-01
2.617943660288104546e-01
2.646463611445553643e-01
2.584983477213924630e-01
2.711417373261267860e-01
2.692317544893307324e-01
2.671824166816098023e-01
2.597621060361536283e-01
2.593863941047384047e-01
2.547326894997051783e-01
2.685486418867570335e-01
2.629556574531854984e-01
2.576871515058360429e-01
2.574736788175318591e-01
2.542459717703718369e-01
2.493360999393739730e-01
2.478759467513729220e-01
2.484822091861568216e-01
2.515220602676094819e-01
2.549120065578810990e-01
2.514281322847553568e-01
2.458778423888449971e-01
2.464157935633715379e-01
2.449727181904347850e-01
2.449897960054990831e-01
2.390467163631088965e-01
2.369803007403233353e-01
2.435296428174980321e-01
2.430770807182929816e-01
2.445201560912299010e-01
2.323863684880159153e-01
2.326083800838521509e-01
2.353664472167431021e-01
2.357763147782876989e-01
2.404983306435775070e-01
2.444262281083759425e-01
2.252563806986534745e-01
2.292952839613706384e-01
2.315068610122021642e-01
2.319594231114071869e-01
2.360580987268489639e-01
2.427526022320708188e-01
2.261871216196601475e-01
2.271947127084560092e-01
2.240011612914243333e-01
2.238474609558459283e-01
2.254015421267007990e-01
2.201671918094799951e-01
2.213114054187905744e-01
2.250343691028171000e-01
2.223531521377158093e-01
2.197060908027426429e-01
2.195182348370348924e-01
2.189290502173154296e-01
2.197146297102748058e-01
2.139423282185279052e-01
2.199024856759825564e-01
2.143265790574755969e-01
2.160343605639096221e-01
2.177421420703434807e-01
2.194499235767775336e-01
2.129091204071355825e-01
2.169992571150450300e-01
2.130115872975212321e-01
2.149926138449846924e-01
2.160770551015702146e-01
2.079394762234117455e-01
2.093483959662202076e-01
2.102962147022911787e-01
2.061463056416562023e-01
2.120210740237895020e-01
2.102279034420338200e-01
2.143948903177327892e-01
2.067269513538438075e-01
2.060438387512700809e-01
2.063853950525570136e-01
2.031662269129287102e-01
2.086909000862429420e-01
2.070685076551305737e-01
2.068977295044871212e-01
2.062146169019135611e-01
2.015694512044129416e-01
2.014273637830768793e-01
2.070685076551305737e-01
2.060779943813988435e-01
2.070685076551305737e-01
2.051899479980529295e-01
2.017402293550562553e-01
1.999641365883645661e-01
2.042506681695139548e-01
1.968645131541866822e-01
2.068208793366977660e-01
2.032772327108468280e-01
1.994518021364346250e-01
1.962753285344673859e-01
1.946017026581621234e-01
1.933379443434009581e-01
1.914081512411301145e-01
1.998360529753821779e-01
1.994859577665630823e-01
1.966937350035435350e-01
1.950201091272382448e-01
1.933464832509329823e-01
2.039432674983560900e-01
2.012278949031260367e-01
1.982734328969948390e-01
1.971121414726199617e-01
1.923474310696690892e-01
1.895552083066492366e-01
1.871643141976416513e-01
2.008777996943071076e-01
1.968132797089940933e-01
1.927487597236810790e-01
1.928853822441954913e-01
1.902212430941583321e-01
1.878986602454081056e-01
1.849612760543415113e-01
1.904005601523337809e-01
1.937648897200092424e-01
1.935514170317050309e-01
1.908872778816680382e-01
1.881633663789056832e-01
1.856956221021081321e-01
1.847221866434410054e-01
1.944223855999860362e-01
1.942174518192141264e-01
1.842269300065750570e-01
1.877876544474901543e-01
1.840476129483994416e-01
1.844745583250078924e-01
1.945590081205004485e-01
1.842269300065750570e-01
1.852686767254995426e-01
1.873607090708818701e-01
1.837145955546448384e-01
1.842269300065750570e-01
1.842269300065750570e-01
1.885817728479822486e-01
1.783607005319737537e-01
1.870362305846592355e-01
1.802563380041160013e-01
1.840988463935925024e-01
1.842269300065750570e-01
1.716661970267525095e-01
1.785827121278104335e-01
1.800001707781505866e-01
1.794622196036243511e-01
1.839707627806100865e-01
1.842269300065750570e-01
1.767666572738694208e-01
1.757307170120655238e-01
1.754916276011648513e-01
1.786681012031320903e-01
1.838426791676273930e-01
1.842269300065750570e-01
1.720589867732329470e-01
1.715210355987059343e-01
1.746975092006732011e-01
1.778739828026404401e-01
1.810504564046078180e-01
1.842269300065750570e-01
1.675504435962462957e-01
1.707269171982136735e-01
1.739033908001815232e-01
1.770798644021487622e-01
1.802563380041160013e-01
1.805978943054034058e-01
1.657060395692976917e-01
1.699327987977220233e-01
1.731092723996892624e-01
1.762857460016565014e-01
1.794622196036243511e-01
1.799745540555550416e-01
1.652620163776248041e-01
1.655523392337185373e-01
1.723151539991976122e-01
1.699498766127863214e-01
1.751415323923457557e-01
1.643739699942790289e-01
1.645703648675191089e-01
1.653559443604786239e-01
1.715210355987059343e-01
1.718711308075250299e-01
1.595409483310703536e-01
1.643739699942790289e-01
1.643739699942790289e-01
1.651595494872387104e-01
1.707269171982141454e-01
1.739033908001815232e-01
1.643739699942790289e-01
1.735959901290236584e-01
1.643739699942790289e-01
1.649631546139987970e-01
1.601899053035154563e-01
1.594811759783454630e-01
1.643739699942790289e-01
1.643739699942790289e-01
1.643739699942790289e-01
1.647667597407588835e-01
1.655523392337185373e-01
1.647582208332268594e-01
1.633322232753540992e-01
1.576794664890574793e-01
1.643739699942790289e-01
1.645703648675191089e-01
1.653559443604786239e-01
1.589944582490115388e-01
1.643739699942790289e-01
1.585248183347420514e-01
1.544859150720256369e-01
1.643739699942790289e-01
1.619830758852714714e-01
1.595921817762632755e-01
1.643739699942790289e-01
1.643739699942790289e-01
1.618549922722888890e-01
1.643739699942790289e-01
1.625807994125232081e-01
1.601899053035154563e-01
1.577990111945078988e-01
1.554081170854998417e-01
1.570134317015474679e-01
1.510874298742215516e-01
1.631785229397749448e-01
1.607876288307673596e-01
1.583967347217596355e-01
1.560058406127520503e-01
1.547506212055230479e-01
1.519157039048424362e-01
1.637762464670268481e-01
1.613853523580190963e-01
1.589944582490115388e-01
1.566035641400037870e-01
1.555105839758861019e-01
1.524707328944334139e-01
1.494308818129808925e-01
1.619830758852714714e-01
1.595921817762632755e-01
1.572012876672556903e-01
1.502762336586657699e-01
1.532306956647964680e-01
1.638701744498814172e-01
1.625807994125232081e-01
1.601899053035151788e-01
1.507458735729352572e-01
1.503701616415197284e-01
1.499944497101041718e-01
1.496187377786886430e-01
1.494308818129808925e-01
1.607876288307673596e-01
1.583967347217593302e-01
1.554764283457575058e-01
1.500883776929579916e-01
1.497126657615424628e-01
1.637164741143016244e-01
1.433255629274787779e-01
1.580807951430697467e-01
1.505580176072274790e-01
1.501823056758119501e-01
1.498065937443964213e-01
1.494308818129808925e-01
1.502379793529209917e-01
1.505494786996953160e-01
1.506519455900812987e-01
1.502762336586657699e-01
1.499005217272502410e-01
1.495248097958346845e-01
1.471803673438013271e-01
1.403625620138163610e-01
1.507458735729352572e-01
1.503701616415197284e-01
1.499944497101041718e-01
1.485086797995066599e-01
1.380977021799827120e-01
1.487050746727464345e-01
1.502420780285370072e-01
1.504640896243735204e-01
1.500883776929579916e-01
1.472278436696809190e-01
1.381339071479202318e-01
1.433255629274787779e-01
1.413701531026123615e-01
1.505580176072274790e-01
1.501823056758119501e-01
1.475864777860324550e-01
1.368359932030297210e-01
1.388511753806222215e-01
1.408663575582139726e-01
1.499346773573789759e-01
1.493198760150627746e-01
1.398246108392892095e-01
1.374337167302811524e-01
1.383473798362239993e-01
1.403625620138163610e-01
1.500883776929581304e-01
1.494735763506417903e-01
1.450248055263808067e-01
1.380314402575333610e-01
1.378435842918256105e-01
1.398587664694181110e-01
1.466557368650251714e-01
1.385010801718028484e-01
1.410200578937928495e-01
1.386291637847855696e-01
1.373397887474279710e-01
1.393549709250198609e-01
1.413701531026123615e-01
1.497809770217998215e-01
1.406016514247167004e-01
1.392268873120370010e-01
1.368359932030297210e-01
1.388511753806222215e-01
1.408663575582139726e-01
1.368359932030297210e-01
1.368359932030297210e-01
1.398246108392892095e-01
1.374337167302811524e-01
1.383473798362239993e-01
1.403625620138163610e-01
1.368359932030297210e-01
1.388426364730902252e-01
1.368359932030297210e-01
1.368359932030297210e-01
1.378435842918256105e-01
1.398587664694181110e-01
1.414896978080640022e-01
1.425741390646481643e-01
1.368359932030297210e-01
1.373141720248313713e-01
1.368359932030297210e-01
1.393549709250198609e-01
1.368359932030297210e-01
1.368359932030297210e-01
1.368359932030297210e-01
