8.367952522255192038e-01
7.276877425245376063e-01
6.961880849121203640e-01
6.563159096096782275e-01
6.523624743209311960e-01
5.952978771969869021e-01
6.067107966217757387e-01
5.514722666057978451e-01
5.505592330518145339e-01
5.185574069847064260e-01
5.291029445332116055e-01
4.949372289431636096e-01
4.816251997260899143e-01
4.624514950924445977e-01
4.542341931065966287e-01
4.367313398767403432e-01
4.432777904587993922e-01
4.193471810089020591e-01
4.181693677242638296e-01
4.047021228030129314e-01
4.149737502853229620e-01
3.914996576124172845e-01
3.930609449897284891e-01
3.827893175074184584e-01
3.779958913490069627e-01
3.672677470897056096e-01
3.779958913490069627e-01
3.585939283268660405e-01
3.524309518374801331e-01
3.572243779958912957e-01
3.524309518374801331e-01
3.380506733622460902e-01
3.318876968728600163e-01
3.382789317507418070e-01
3.446701666286235977e-01
3.329833371376398343e-01
3.318876968728600163e-01
3.177356767861219122e-01
3.026706231454005525e-01
3.118009586852316106e-01
3.026706231454005525e-01
3.003880392604427185e-01
2.939968043825610944e-01
3.008445560374342076e-01
2.939968043825610944e-01
2.965441679981739020e-01
2.771056836338735563e-01
2.871490527276877036e-01
2.771056836338735563e-01
2.814425930152932853e-01
2.743665829719241223e-01
2.755078749144030947e-01
2.743665829719241223e-01
2.745948413604200056e-01
2.698014152020086764e-01
2.684318648710339317e-01
2.698014152020086764e-01
2.688883816480255873e-01
2.698014152020086764e-01
2.666057977630677533e-01
2.679753480940424981e-01
2.654645058205887809e-01
2.583884957772197843e-01
2.622688883816480798e-01
2.679753480940424981e-01
2.608993380506733351e-01
2.583884957772197843e-01
2.622688883816480798e-01
2.583884957772197843e-01
2.561059118922620059e-01
2.583884957772197843e-01
2.545081031727915444e-01
2.583884957772197843e-01
2.542798447842958276e-01
2.565624286692536060e-01
2.551928783382789168e-01
2.519972608993379937e-01
2.526820360648253661e-01
2.519972608993379937e-01
2.513124857338508433e-01
2.519972608993379937e-01
2.513124857338506768e-01
2.519972608993379937e-01
2.465190595754393199e-01
2.519972608993379937e-01
2.506277105683633044e-01
2.519972608993379937e-01
2.449212508559688861e-01
2.519972608993379937e-01
2.440082173019857970e-01
2.488016434603971261e-01
2.440082173019857970e-01
2.360191737046335447e-01
2.424104085825155019e-01
2.360191737046335447e-01
2.456060260214562307e-01
2.360191737046335447e-01
2.424104085825153354e-01
2.360191737046335447e-01
2.419538918055238741e-01
2.360191737046335447e-01
2.403560830860534125e-01
2.360191737046335447e-01
2.417621547591872200e-01
2.360191737046335447e-01
2.344213649851631109e-01
2.360191737046335447e-01
2.344213649851631109e-01
2.328235562656928159e-01
2.328235562656928159e-01
2.360191737046335447e-01
2.339648482081716496e-01
2.351061401506504556e-01
2.323670394887013546e-01
2.319105227117097268e-01
2.328235562656928159e-01
2.328235562656928159e-01
2.321387811002054713e-01
2.319105227117097268e-01
2.321387811002054713e-01
2.319105227117097268e-01
2.335083314311800218e-01
2.351061401506504556e-01
2.195845697329376067e-01
2.319105227117097268e-01
2.166172106824924559e-01
2.319105227117097268e-01
2.198128281214333513e-01
2.319105227117097268e-01
2.218671536178954129e-01
2.319105227117097268e-01
2.179867610134671729e-01
2.319105227117097268e-01
2.179867610134671729e-01
2.319105227117097268e-01
2.177585026249714284e-01
2.319105227117097268e-01
2.177585026249714284e-01
2.319105227117097268e-01
2.161606939055009946e-01
2.314540059347180989e-01
2.161606939055009946e-01
2.008673818762838903e-01
2.159324355170050835e-01
2.008673818762838903e-01
2.159324355170050835e-01
2.008673818762838903e-01
2.161606939055009946e-01
2.004108650992922624e-01
2.145628851860306996e-01
2.004108650992922624e-01
2.104542341931065486e-01
2.314540059347180989e-01
2.104542341931065486e-01
2.004108650992922624e-01
2.088564254736361148e-01
2.004108650992922624e-01
2.090846838621319981e-01
2.004108650992922624e-01
2.047477744807121303e-01
2.004108650992922624e-01
2.047477744807121303e-01
2.004108650992922624e-01
2.004108650992922624e-01
2.004108650992922624e-01
2.004108650992922624e-01
2.004108650992922624e-01
1.963022141063682779e-01
2.004108650992922624e-01
1.965304724948639947e-01
2.004108650992922624e-01
1.963022141063682779e-01
2.004108650992922624e-01
1.892262040629992814e-01
2.004108650992922624e-01
1.969869892718556226e-01
2.004108650992922624e-01
1.965304724948639947e-01
2.004108650992922624e-01
1.892262040629992814e-01
2.004108650992922624e-01
1.892262040629992814e-01
2.004108650992922624e-01
1.963022141063682779e-01
2.004108650992922624e-01
1.892262040629992814e-01
2.004108650992922624e-01
1.892262040629992814e-01
2.004108650992922624e-01
1.892262040629992814e-01
1.862588450125541306e-01
1.892262040629992814e-01
1.862588450125541306e-01
1.892262040629992814e-01
1.921935631134442934e-01
1.892262040629992814e-01
1.780415430267061616e-01
1.892262040629992814e-01
1.780415430267061616e-01
1.892262040629992814e-01
1.780415430267061616e-01
1.810089020771511459e-01
1.780415430267061616e-01
1.851175530700752969e-01
1.780415430267061616e-01
1.810089020771511459e-01
1.780415430267061616e-01
1.851175530700752969e-01
1.780415430267061616e-01
1.780415430267061616e-01
1.780415430267061616e-01
1.780415430267061616e-01
1.780415430267061616e-01
1.780415430267061616e-01
1.780415430267061616e-01
1.780415430267061616e-01
1.780415430267061616e-01
1.810089020771511459e-01
1.780415430267061616e-01
1.780415430267061616e-01
1.780415430267061616e-01
1.759872175302442388e-01
1.780415430267061616e-01
1.780415430267061616e-01
1.780415430267061616e-01
1.780415430267061616e-01
1.780415430267061616e-01
1.689112074868751034e-01
1.780415430267061616e-01
1.780415430267061616e-01
1.780415430267061616e-01
1.689112074868751034e-01
1.780415430267061616e-01
1.691394658753708202e-01
1.780415430267061616e-01
1.650308148824468635e-01
1.780415430267061616e-01
1.780415430267061616e-01
1.780415430267061616e-01
1.689112074868751034e-01
1.780415430267061616e-01
1.606939055010271344e-01
1.780415430267061616e-01
1.648025564939511189e-01
1.780415430267061616e-01
1.648025564939511189e-01
1.780415430267061616e-01
1.648025564939511189e-01
1.780415430267061616e-01
1.648025564939511189e-01
1.780415430267061616e-01
1.648025564939511189e-01
1.780415430267061616e-01
1.606939055010271344e-01
1.780415430267061616e-01
1.606939055010271344e-01
1.780415430267061616e-01
1.606939055010271344e-01
1.780415430267061616e-01
1.606939055010271344e-01
1.780415430267061616e-01
1.606939055010271344e-01
1.433462679753481073e-01
1.606939055010271344e-01
1.698242410408581926e-01
1.606939055010271344e-01
1.515635699611960763e-01
1.606939055010271344e-01
1.475827436658258551e-01
1.606939055010271344e-01
1.698242410408581926e-01
1.606939055010271344e-01
1.433462679753481073e-01
1.554439625656241775e-01
1.433462679753481073e-01
1.606939055010271344e-01
1.433462679753481073e-01
1.606939055010271344e-01
1.433462679753481073e-01
1.606939055010271344e-01
1.433462679753481073e-01
1.606939055010271344e-01
1.433462679753481073e-01
1.574982880620862391e-01
1.433462679753481073e-01
1.513353115727001930e-01
1.433462679753481073e-01
1.533896370691622546e-01
1.433462679753481073e-01
1.533896370691622546e-01
1.433462679753481073e-01
1.565852545081031499e-01
1.433462679753481073e-01
1.474549189682720918e-01
1.433462679753481073e-01
1.565852545081031499e-01
1.433462679753481073e-01
1.433462679753481073e-01
1.433462679753481073e-01
1.433462679753481073e-01
1.433462679753481073e-01
1.433462679753481073e-01
1.433462679753481073e-01
1.433462679753481073e-01
1.433462679753481073e-01
1.433462679753481073e-01
1.433462679753481073e-01
1.433462679753481073e-01
1.433462679753481073e-01
1.433462679753481073e-01
1.433462679753481073e-01
1.433462679753481073e-01
1.433462679753481073e-01
1.433462679753481073e-01
1.433462679753481073e-01
1.433462679753481073e-01
1.433462679753481073e-01
1.433462679753481073e-01
1.433462679753481073e-01
1.433462679753481073e-01
1.433462679753481073e-01
1.433462679753481073e-01
1.433462679753481073e-01
1.433462679753481073e-01
1.433462679753481073e-01
1.339876740470213323e-01
1.433462679753481073e-01
1.433462679753481073e-01
1.433462679753481073e-01
1.433462679753481073e-01
1.433462679753481073e-01
1.433462679753481073e-01
1.433462679753481073e-01
1.433462679753481073e-01
1.433462679753481073e-01
1.433462679753481073e-01
1.433462679753481073e-01
1.433462679753481073e-01
1.433462679753481073e-01
1.339876740470213323e-01
1.433462679753481073e-01
1.401506505364072119e-01
1.433462679753481073e-01
1.433462679753481073e-01
1.433462679753481073e-01
1.378680666514494058e-01
1.433462679753481073e-01
1.298790230540971813e-01
1.433462679753481073e-01
1.433462679753481073e-01
1.433462679753481073e-01
1.307920566080804370e-01
1.433462679753481073e-01
1.298790230540971813e-01
1.433462679753481073e-01
1.298790230540971813e-01
1.433462679753481073e-01
1.266834056151562860e-01
1.433462679753481073e-01
1.266834056151562860e-01
1.433462679753481073e-01
1.298790230540971813e-01
1.433462679753481073e-01
1.266834056151562860e-01
1.433462679753481073e-01
1.298790230540971813e-01
1.433462679753481073e-01
1.266834056151562860e-01
1.433462679753481073e-01
1.266834056151562860e-01
1.433462679753481073e-01
1.266834056151562860e-01
1.433462679753481073e-01
1.266834056151562860e-01
1.433462679753481073e-01
1.266834056151562860e-01
1.164117781328464080e-01
1.266834056151562860e-01
1.164117781328464080e-01
1.266834056151562860e-01
1.433462679753481073e-01
1.266834056151562860e-01
1.164117781328464080e-01
1.266834056151562860e-01
1.369550330974663166e-01
1.266834056151562860e-01
1.369550330974663166e-01
1.266834056151562860e-01
1.164117781328464080e-01
1.132161606939055126e-01
1.100205432549646173e-01
1.266834056151562860e-01
1.100205432549646173e-01
1.246290801186942104e-01
1.369550330974663166e-01
