6.239362470995473142e-01
6.028871391076116026e-01
5.845977404998288218e-01
5.525048499372360311e-01
5.259138803301761644e-01
5.170112975008555045e-01
4.814275932899693133e-01
4.824040473201718915e-01
4.644881889763780025e-01
4.508349499790788584e-01
4.426471147628285863e-01
4.349252539084788038e-01
4.238559853931302968e-01
4.176081250713225557e-01
4.189204610293278952e-01
4.217353265624406156e-01
4.070143405987296514e-01
4.023070485754498549e-01
3.904389668682718972e-01
3.819563315455133945e-01
3.860264749515004978e-01
3.891836889953973477e-01
3.825744608010954173e-01
3.763148084750274625e-01
3.553535699341925924e-01
3.574118452584731376e-01
3.644109703678344858e-01
3.755753356917342911e-01
3.760603294153447851e-01
3.510593784472592072e-01
3.305660162044962713e-01
3.207425158811672006e-01
3.264673437559434954e-01
3.400186389744760951e-01
3.477165354330707392e-01
2.931743314694360003e-01
2.976530107649588142e-01
3.037392065122299090e-01
3.072482787477649468e-01
3.156643463045382125e-01
2.688767164973944190e-01
2.754954543725514626e-01
2.798984366084675268e-01
2.860987485259996466e-01
2.785191524972420729e-01
2.756000608619575964e-01
2.415458937198068645e-01
2.486971737228501900e-01
2.586062611738750294e-01
2.631305869375020201e-01
2.502944197192743525e-01
2.396439575487846474e-01
2.378466278671688972e-01
2.378751569097343199e-01
2.391494541443190402e-01
2.396439575487851470e-01
2.339381490357184679e-01
2.330252196736279646e-01
2.336908973334856643e-01
2.272528433945763260e-01
2.266917722241240940e-01
2.259975655217011103e-01
2.219529080604055460e-01
2.264350108410362050e-01
2.201871505192286305e-01
2.213092928601317622e-01
2.200540149872575457e-01
2.196450987104872354e-01
2.195500019019360205e-01
2.194929438168054803e-01
2.173342462626953742e-01
2.189604016889193649e-01
2.170584655178971201e-01
2.122465670052116060e-01
2.094221917912436337e-01
2.113621666856860259e-01
2.143957548784663214e-01
2.180155197991561211e-01
2.173437559435504596e-01
2.085568108334283910e-01
2.079577009395564835e-01
2.098786564722890380e-01
2.121704895583705619e-01
2.132736125375633562e-01
2.035071702993646592e-01
2.007531667237246742e-01
2.024611054053027381e-01
2.056563581726198464e-01
2.057020046407241898e-01
2.007018144471068299e-01
1.994370268933770562e-01
1.990376202974629971e-01
1.987713492335198562e-01
1.990186009357526598e-01
1.982958651907642533e-01
1.964700064665830526e-01
1.968503937007874405e-01
1.966887291262504334e-01
1.969550001901935743e-01
1.938453345505727621e-01
1.959945224238274775e-01
1.929989729544675514e-01
1.929324051884825919e-01
1.921914108562518542e-01
1.925995663585529927e-01
1.914393852942296859e-01
1.940925862528053991e-01
1.913728175282438937e-01
1.900129331659630438e-01
1.905074365704288175e-01
1.899653847616872560e-01
1.889573585910457043e-01
1.874833580585036352e-01
1.899558750808323371e-01
1.894994103997870993e-01
1.895849975274830623e-01
1.894803910380767620e-01
1.866179771006885590e-01
1.873026741222562908e-01
1.844117311423029981e-01
1.893472555061053442e-01
1.899558750808323371e-01
1.884723648674350160e-01
1.870078740157480324e-01
1.858762219939898153e-01
1.851531058617671699e-01
1.861520027387882359e-01
1.861520027387882359e-01
1.881771843736925187e-01
1.846209441211154600e-01
1.837460534824452985e-01
1.823956788010193952e-01
1.801894328426338066e-01
1.861520027387882359e-01
1.853151508235386102e-01
1.819867625242497511e-01
1.837745825250107490e-01
1.809597169918978343e-01
1.785537677355548969e-01
1.785347483738445595e-01
1.847065312488110900e-01
1.826809692266727070e-01
1.785347483738447261e-01
1.770322187987372342e-01
1.771082962455781118e-01
1.772604511392598670e-01
1.861520027387882359e-01
1.792669937996878848e-01
1.793811099699494649e-01
1.800372779489524122e-01
1.779451481608279040e-01
1.761192894366467310e-01
1.854863250789307028e-01
1.749305793297578071e-01
1.770607478413024904e-01
1.712313134771196454e-01
1.753585149682377886e-01
1.759671345429648093e-01
1.762904636920386570e-01
1.789596409144498246e-01
1.678553767735556923e-01
1.690345771995893642e-01
1.716877781581650775e-01
1.736342196355886991e-01
1.759956635855302320e-01
1.768800639050554790e-01
1.671801894328429072e-01
1.685115447525583066e-01
1.706036745406826483e-01
1.745216630529881630e-01
1.652877629426755812e-01
1.638042527292784267e-01
1.658963825174027684e-01
1.679885123055269436e-01
1.700806420936515906e-01
1.721727718817759323e-01
1.701757389022029998e-01
1.641751302826277292e-01
1.653733500703717108e-01
1.674654798584960524e-01
1.692342804975465465e-01
1.638042527292784267e-01
1.638042527292784267e-01
1.645460078359768374e-01
1.638042527292784267e-01
1.669424474114650225e-01
1.668948990071895677e-01
1.638042527292784267e-01
1.638042527292784267e-01
1.649168853893264730e-01
1.643272851763094844e-01
1.664194149644341314e-01
1.662292213473318681e-01
1.688919319867628610e-01
1.638042527292784267e-01
1.632336718779717755e-01
1.638042527292784267e-01
1.638042527292784267e-01
1.638042527292784267e-01
1.638042527292784267e-01
1.625204458138386210e-01
1.630910266651451057e-01
1.636616075164517570e-01
1.623778006010118125e-01
1.604758644299897341e-01
1.637662140058580851e-01
1.638042527292784267e-01
1.629483814523186302e-01
1.635189623036251150e-01
1.628532846437672210e-01
1.609513484727451704e-01
1.590494123017231198e-01
1.612271292175433968e-01
1.628057362394917940e-01
1.633763170907984452e-01
1.633287686865226573e-01
1.614268325155006067e-01
1.572425729392521176e-01
1.603617482597283483e-01
1.577781581650116172e-01
1.602381224086120159e-01
1.638042527292784267e-01
1.619023165582563761e-01
1.575754117691812173e-01
1.562440564494654571e-01
1.582505991098936693e-01
1.554357335767809212e-01
1.602381224086120159e-01
1.623778006010118125e-01
1.579082505991099838e-01
1.565768952793945568e-01
1.552455399596789909e-01
1.572235535775415860e-01
1.614268325155012729e-01
1.609228194301800807e-01
1.582410894290387504e-01
1.569097341093233511e-01
1.596580318764501127e-01
1.568431663433375589e-01
1.602381224086120159e-01
1.599052835786829163e-01
1.560538628323631938e-01
1.572425729392521176e-01
1.559112176195366906e-01
1.521548936817680164e-01
1.602381224086120159e-01
1.602381224086120159e-01
1.589067670888966166e-01
1.575754117691808842e-01
1.545323138955455033e-01
1.526303777245234528e-01
1.525828293202478314e-01
1.602381224086120159e-01
1.561584693217694941e-01
1.507189318726464555e-01
1.565768952793945568e-01
1.531058617672792221e-01
1.534291909163525702e-01
1.500437445319331708e-01
1.567385598539307312e-01
1.520788162349269723e-01
1.554832819810567091e-01
1.535813458100346585e-01
1.516794096390125801e-01
1.497774734679905295e-01
1.484936665525505572e-01
1.527254745330741681e-01
1.559587660238121454e-01
1.540568298527900670e-01
1.521548936817680164e-01
1.502529575107459658e-01
1.483510213397238875e-01
1.532389972992507787e-01
1.483510213397238875e-01
1.545323138955455033e-01
1.526303777245234528e-01
1.483510213397240540e-01
1.488265053824793238e-01
1.483510213397238875e-01
1.497204153828598228e-01
1.550077979383012727e-01
1.531058617672788891e-01
1.512039255962568107e-01
1.472098596371109458e-01
1.483510213397238875e-01
1.483510213397238875e-01
1.536460116398489784e-01
1.483510213397238875e-01
1.469245692114572732e-01
1.466392787858039337e-01
1.483510213397238875e-01
1.483510213397238875e-01
1.483510213397238875e-01
1.521358743200581787e-01
1.521548936817680164e-01
1.460686979344974490e-01
1.483510213397238875e-01
1.483510213397238875e-01
1.483510213397238875e-01
1.364639202708362864e-01
1.432157936779643592e-01
1.454981170831909643e-01
1.477804404884177636e-01
1.483510213397238875e-01
1.483510213397238875e-01
1.483510213397238875e-01
1.378903723991029007e-01
1.449275362318839799e-01
1.472098596371109458e-01
1.483510213397238875e-01
1.483510213397238875e-01
1.340865000570591326e-01
1.368443075050403135e-01
1.410285670812894965e-01
1.466392787858039337e-01
1.483510213397238875e-01
1.483510213397238875e-01
1.316139830347297368e-01
1.357982426109775598e-01
1.399825021872269093e-01
1.441667617634760645e-01
1.483510213397238875e-01
1.483510213397238875e-01
1.483510213397238875e-01
1.347521777169163326e-01
1.389364372931641556e-01
1.431206968694134773e-01
1.477804404884177636e-01
1.483510213397238875e-01
1.483510213397238875e-01
1.337061128228535511e-01
1.378903723991029007e-01
1.420746319753507236e-01
1.462588915516000732e-01
1.483510213397238875e-01
1.284757883525431410e-01
1.326600479287924905e-01
1.368443075050403135e-01
1.410285670812894965e-01
1.391361405911215043e-01
1.239111415420907775e-01
1.274297234584803873e-01
1.316139830347297368e-01
1.357982426109790863e-01
1.399825021872269093e-01
1.371961656966821375e-01
1.483510213397238875e-01
1.269542394157259779e-01
1.305679181406669831e-01
1.347521777169163326e-01
1.389364372931641556e-01
1.431206968694134773e-01
1.221993989881699771e-01
1.257655293088365545e-01
1.295218532466058947e-01
1.337061128228535511e-01
1.378903723991029007e-01
1.420746319753507236e-01
1.221993989881699771e-01
1.242915287762938054e-01
1.284757883525431410e-01
1.326600479287924905e-01
1.368443075050403135e-01
1.235878123930186229e-01
1.221993989881699771e-01
1.232454638822327447e-01
1.274297234584803873e-01
1.316139830347297368e-01
1.357982426109790863e-01
1.221993989881699771e-01
1.221993989881699771e-01
1.221993989881699771e-01
1.263836585644193267e-01
1.304347826086957318e-01
1.221993989881699771e-01
1.221993989881699771e-01
1.221993989881699771e-01
1.221993989881699771e-01
1.253375936703565730e-01
1.295218532466058947e-01
1.221993989881699771e-01
1.221993989881699771e-01
1.221993989881699771e-01
1.221993989881699771e-01
1.222374377115903327e-01
1.284757883525431410e-01
1.221993989881699771e-01
1.221993989881699771e-01
1.221993989881699771e-01
1.221993989881699771e-01
1.222184183498803284e-01
1.222944957967210394e-01
1.221993989881699771e-01
1.357982426109790863e-01
1.221993989881699771e-01
