8.189910979228486321e-01
7.334307235790914481e-01
6.961880849121203640e-01
6.533120292170735421e-01
6.500798904359735841e-01
5.930518146541885471e-01
6.067107966217757387e-01
5.469070988358821772e-01
5.505592330518145339e-01
5.110705318420452059e-01
5.081031727915999996e-01
4.857338507190137600e-01
4.816251997260899143e-01
4.581145857110247022e-01
4.505820588906642721e-01
4.409952065738417248e-01
4.346039716959597676e-01
4.234923533439852728e-01
4.341474549189681675e-01
4.078886099064138460e-01
4.177128509472722295e-01
4.019630221410636639e-01
4.149737502853229620e-01
3.779958913490071293e-01
3.871262268888381874e-01
3.678703492353341820e-01
3.779958913490069627e-01
3.531157270029673390e-01
3.524309518374801331e-01
3.547135357224375785e-01
3.524309518374801331e-01
3.426888838164803275e-01
3.318876968728600163e-01
3.378224149737502069e-01
3.318876968728600163e-01
3.309746633188769271e-01
3.318876968728600163e-01
3.275051358137409663e-01
3.026706231454005525e-01
3.044966902533667308e-01
3.026706231454005525e-01
3.083770828577949707e-01
2.939968043825610944e-01
3.019858479799131801e-01
2.771056836338735563e-01
2.951380963250400669e-01
2.857795023967129588e-01
2.839899566309060375e-01
2.771056836338735563e-01
2.823556265692763745e-01
2.743665829719241223e-01
2.775987217530242468e-01
2.698014152020086764e-01
2.711709655329833657e-01
2.698014152020086764e-01
2.700296735905045598e-01
2.698014152020086764e-01
2.688883816480255873e-01
2.698014152020086764e-01
2.667518831317048922e-01
2.698014152020086764e-01
2.672905729285551257e-01
2.679753480940424981e-01
2.631819219356311690e-01
2.583884957772197843e-01
2.606710796621776183e-01
2.583884957772197843e-01
2.570189454462450951e-01
2.583884957772197843e-01
2.558776535037662891e-01
2.565624286692536060e-01
2.554211367267746335e-01
2.583884957772197843e-01
2.526820360648253661e-01
2.519972608993379937e-01
2.542798447842958276e-01
2.519972608993379937e-01
2.535950696188084552e-01
2.519972608993379937e-01
2.519972608993381602e-01
2.519972608993379937e-01
2.510842273453549045e-01
2.519972608993379937e-01
2.499429354028760986e-01
2.519972608993379937e-01
2.472038347409266645e-01
2.519972608993379937e-01
2.444647340789772583e-01
2.519972608993379937e-01
2.442364756904815137e-01
2.360191737046335447e-01
2.426386669710112187e-01
2.488016434603971261e-01
2.428669253595069633e-01
2.360191737046335447e-01
2.433234421364984246e-01
2.360191737046335447e-01
2.419538918055238741e-01
2.360191737046335447e-01
2.419538918055240406e-01
2.360191737046335447e-01
2.376169824241040063e-01
2.360191737046335447e-01
2.403560830860534125e-01
2.360191737046335447e-01
2.344213649851631109e-01
2.360191737046335447e-01
2.360191737046335447e-01
2.360191737046335447e-01
2.339648482081716496e-01
2.351061401506504556e-01
2.266605797763067698e-01
2.360191737046335447e-01
2.339648482081716496e-01
2.319105227117097268e-01
2.339648482081716496e-01
2.319105227117097268e-01
2.321387811002054713e-01
2.319105227117097268e-01
2.292627254051580743e-01
2.319105227117097268e-01
2.319105227117097268e-01
2.319105227117097268e-01
2.182150194019628897e-01
2.319105227117097268e-01
2.182150194019628897e-01
2.319105227117097268e-01
2.195845697329376067e-01
2.319105227117097268e-01
2.198128281214333513e-01
2.319105227117097268e-01
2.163889522939967114e-01
2.319105227117097268e-01
2.195845697329376067e-01
2.319105227117097268e-01
2.161606939055009946e-01
2.319105227117097268e-01
2.163889522939967114e-01
2.319105227117097268e-01
2.161606939055009946e-01
2.315270486190367516e-01
2.161606939055009946e-01
2.319105227117097268e-01
2.161606939055009946e-01
2.314540059347180989e-01
2.161606939055009946e-01
2.004108650992922624e-01
2.106824925816024596e-01
2.008673818762838903e-01
2.107920566080803415e-01
2.008673818762838903e-01
2.145628851860306996e-01
2.314540059347180989e-01
2.088564254736361148e-01
2.004108650992922624e-01
2.106824925816024596e-01
2.004108650992922624e-01
2.088564254736361148e-01
2.004108650992922624e-01
2.088564254736361148e-01
2.004108650992922624e-01
2.088564254736361148e-01
2.004108650992922624e-01
2.063455832001824253e-01
2.004108650992922624e-01
2.024651905957541576e-01
2.004108650992922624e-01
1.965304724948639947e-01
2.004108650992922624e-01
1.965304724948639947e-01
2.004108650992922624e-01
1.965304724948639947e-01
2.004108650992922624e-01
1.965304724948639947e-01
2.004108650992922624e-01
1.965304724948639947e-01
2.004108650992922624e-01
1.963022141063682779e-01
2.004108650992922624e-01
1.963022141063682779e-01
2.004108650992922624e-01
1.892262040629992814e-01
2.004108650992922624e-01
1.892262040629992814e-01
1.862588450125541306e-01
1.963022141063682779e-01
2.004108650992922624e-01
1.892262040629992814e-01
2.004108650992922624e-01
1.892262040629992814e-01
1.780415430267061616e-01
1.892262040629992814e-01
1.862588450125541306e-01
1.892262040629992814e-01
1.921935631134442934e-01
1.892262040629992814e-01
1.921935631134442934e-01
1.892262040629992814e-01
1.780415430267061616e-01
1.892262040629992814e-01
1.780415430267061616e-01
1.892262040629992814e-01
1.780415430267061616e-01
1.892262040629992814e-01
1.780415430267061616e-01
1.851175530700752969e-01
1.780415430267061616e-01
1.851175530700752969e-01
1.780415430267061616e-01
1.780415430267061616e-01
1.780415430267061616e-01
1.780415430267061616e-01
1.780415430267061616e-01
1.780415430267061616e-01
1.780415430267061616e-01
1.780415430267061616e-01
1.780415430267061616e-01
1.810089020771511459e-01
1.780415430267061616e-01
1.780415430267061616e-01
1.780415430267061616e-01
1.689112074868751034e-01
1.780415430267061616e-01
1.780415430267061616e-01
1.780415430267061616e-01
1.695959826523624481e-01
1.780415430267061616e-01
1.689112074868751034e-01
1.780415430267061616e-01
1.689112074868751034e-01
1.780415430267061616e-01
1.691394658753708202e-01
1.780415430267061616e-01
1.780415430267061616e-01
1.780415430267061616e-01
1.648025564939511189e-01
1.780415430267061616e-01
1.657155900479342081e-01
1.780415430267061616e-01
1.691394658753708202e-01
1.780415430267061616e-01
1.648025564939511189e-01
1.780415430267061616e-01
1.648025564939511189e-01
1.780415430267061616e-01
1.659438484364299526e-01
1.780415430267061616e-01
1.648025564939511189e-01
1.780415430267061616e-01
1.606939055010271344e-01
1.780415430267061616e-01
1.606939055010271344e-01
1.698242410408581926e-01
1.606939055010271344e-01
1.780415430267061616e-01
1.606939055010271344e-01
1.780415430267061616e-01
1.606939055010271344e-01
1.698242410408581926e-01
1.606939055010271344e-01
1.780415430267061616e-01
1.648025564939511189e-01
1.698242410408581926e-01
1.606939055010271344e-01
1.433462679753481073e-01
1.606939055010271344e-01
1.515635699611960763e-01
1.606939055010271344e-01
1.433462679753481073e-01
1.565852545081031499e-01
1.433462679753481073e-01
1.606939055010271344e-01
1.433462679753481073e-01
1.606939055010271344e-01
1.433462679753481073e-01
1.606939055010271344e-01
1.433462679753481073e-01
1.595526135585483007e-01
1.433462679753481073e-01
1.565852545081031499e-01
1.433462679753481073e-01
1.606939055010271344e-01
1.433462679753481073e-01
1.606939055010271344e-01
1.433462679753481073e-01
1.565852545081031499e-01
1.433462679753481073e-01
1.574982880620862391e-01
1.433462679753481073e-01
1.533896370691622546e-01
1.433462679753481073e-01
1.433462679753481073e-01
1.433462679753481073e-01
1.533896370691622546e-01
1.433462679753481073e-01
1.442593015293303915e-01
1.433462679753481073e-01
1.533896370691622546e-01
1.433462679753481073e-01
1.533896370691622546e-01
1.433462679753481073e-01
1.433462679753481073e-01
1.433462679753481073e-01
1.433462679753481073e-01
1.433462679753481073e-01
1.433462679753481073e-01
1.433462679753481073e-01
1.433462679753481073e-01
1.433462679753481073e-01
1.433462679753481073e-01
1.433462679753481073e-01
1.433462679753481073e-01
1.433462679753481073e-01
1.433462679753481073e-01
1.433462679753481073e-01
1.433462679753481073e-01
1.433462679753481073e-01
1.433462679753481073e-01
1.433462679753481073e-01
1.433462679753481073e-01
1.433462679753481073e-01
1.433462679753481073e-01
1.433462679753481073e-01
1.401506505364072119e-01
1.433462679753481073e-01
1.433462679753481073e-01
1.433462679753481073e-01
1.339876740470213323e-01
1.433462679753481073e-01
1.433462679753481073e-01
1.433462679753481073e-01
1.339876740470213323e-01
1.433462679753481073e-01
1.433462679753481073e-01
1.433462679753481073e-01
1.339876740470213323e-01
1.433462679753481073e-01
1.433462679753481073e-01
1.433462679753481073e-01
1.433462679753481073e-01
1.433462679753481073e-01
1.433462679753481073e-01
1.433462679753481073e-01
1.401506505364072119e-01
1.433462679753481073e-01
1.339876740470213323e-01
1.433462679753481073e-01
1.339876740470213323e-01
1.433462679753481073e-01
1.339876740470213323e-01
1.433462679753481073e-01
1.298790230540971813e-01
1.433462679753481073e-01
1.298790230540971813e-01
1.433462679753481073e-01
1.298790230540971813e-01
1.433462679753481073e-01
1.266834056151562860e-01
1.433462679753481073e-01
1.298790230540971813e-01
1.433462679753481073e-01
1.307920566080804370e-01
1.369550330974663166e-01
1.266834056151562860e-01
1.433462679753481073e-01
1.266834056151562860e-01
1.433462679753481073e-01
1.298790230540971813e-01
1.369550330974663166e-01
1.266834056151562860e-01
1.433462679753481073e-01
1.266834056151562860e-01
1.433462679753481073e-01
1.266834056151562860e-01
1.433462679753481073e-01
1.266834056151562860e-01
1.369550330974663166e-01
1.266834056151562860e-01
1.433462679753481073e-01
1.266834056151562860e-01
1.369550330974663166e-01
1.266834056151562860e-01
1.369550330974663166e-01
1.266834056151562860e-01
1.369550330974663166e-01
1.266834056151562860e-01
1.164117781328464080e-01
1.266834056151562860e-01
1.100205432549646173e-01
1.266834056151562860e-01
1.100205432549646173e-01
1.266834056151562860e-01
1.369550330974663166e-01
1.266834056151562860e-01
1.100205432549646173e-01
