6.980164117802769574e-01
6.376856145024806244e-01
5.803041558862961358e-01
5.728032379537362218e-01
5.795916694418116188e-01
5.661039526602967831e-01
5.436995670773882017e-01
5.116769560502429925e-01
4.872748076611079782e-01
4.840792069062684333e-01
4.642860192466977676e-01
4.562304138808481735e-01
4.419055426048792978e-01
4.337338080965922327e-01
4.133227450879934928e-01
3.795629787125036625e-01
3.953582498655124344e-01
3.950269402532641805e-01
3.885373705288147073e-01
3.790335664455091180e-01
3.681720760645884050e-01
3.564993894681116049e-01
3.488229115966904881e-01
3.534851551092553779e-01
3.493096293260241070e-01
3.458769884980916198e-01
3.426236647283348313e-01
3.363475676921897084e-01
3.345957254228896227e-01
3.319073357754609988e-01
3.245126418526014800e-01
3.228560937913601547e-01
3.251701377325784126e-01
3.126606381979488702e-01
3.246513137109237057e-01
3.068541810760730959e-01
3.096207871164963765e-01
3.128314163485923505e-01
3.059149012475345653e-01
3.050056783735089483e-01
3.044718258745978123e-01
3.016796031115779320e-01
3.012185021048407463e-01
2.970685930442057976e-01
2.958219125445091247e-01
2.986226742150608349e-01
2.973674548078319435e-01
2.955657453185439598e-01
2.940714365004141739e-01
2.847127938451555762e-01
2.878978063546551169e-01
2.895970489535570347e-01
2.939518917949638932e-01
2.913304471825873265e-01
2.769765436210092635e-01
2.808959021782752585e-01
2.717934267489819367e-01
2.838312370315350108e-01
2.749869781660138068e-01
2.732365021219185786e-01
2.727754011151813929e-01
2.714945649853557907e-01
2.614186540973948980e-01
2.667042378598082908e-01
2.724936171666197948e-01
2.714945649853559573e-01
2.661338388366592533e-01
2.671824166816098023e-01
2.597621060361536283e-01
2.576188402455788506e-01
2.547326894997051783e-01
2.484822091861568216e-01
2.499935958193512386e-01
2.562526150404314529e-01
2.568076440300228747e-01
2.542459717703718369e-01
2.470305949056877393e-01
2.485761371690115296e-01
2.541691216025818711e-01
2.477564020459221972e-01
2.475856238952790500e-01
2.455789806252189900e-01
2.467402720495940338e-01
2.464157935633715379e-01
2.466292662516759160e-01
2.453996635670433746e-01
2.390467163631085912e-01
2.364594273808610925e-01
2.423000401328654907e-01
2.440419772694284173e-01
2.445201560912299010e-01
2.440846718070891763e-01
2.309945265602719178e-01
2.333427261316188828e-01
2.368436782198090618e-01
2.404983306435775070e-01
2.444262281083759425e-01
2.427184466019417786e-01
2.289964221977444647e-01
2.291672003483876119e-01
2.330950978131859364e-01
2.372962403190136405e-01
2.211577050832116975e-01
2.257516373355194228e-01
2.271947127084560092e-01
2.306444313514528222e-01
2.301235579919910512e-01
2.283816208554281246e-01
2.211577050832116975e-01
2.213114054187905744e-01
2.223360743226512060e-01
2.214565668468375659e-01
2.202013474396085912e-01
2.199281023985791561e-01
2.181690874469520702e-01
2.203806644977842066e-01
2.174859748443783714e-01
2.194499235767775336e-01
2.160343605639102327e-01
2.160343605639096221e-01
2.167516287966117783e-01
2.194499235767775336e-01
2.121918521744331210e-01
2.184764881181104068e-01
2.194499235767775336e-01
2.127639589790881192e-01
2.173151966937349189e-01
2.174955384208146769e-01
2.093483959662202076e-01
2.079309373158797491e-01
2.125163306606551450e-01
2.132165210782931419e-01
2.106377710035779449e-01
2.072051301756452912e-01
2.088446004218221241e-01
2.060438387512700809e-01
2.063853950525570136e-01
2.112781890684906072e-01
2.070685076551305737e-01
2.070685076551305737e-01
2.068977295044871212e-01
2.062146169019135611e-01
2.026624313685309320e-01
1.992297905405981118e-01
2.027136648137235486e-01
2.060779943813988435e-01
2.070685076551305737e-01
2.063853950525568748e-01
2.017402293550562553e-01
2.026880480911272264e-01
1.955751381168296943e-01
2.058303660629658693e-01
2.060267609362059493e-01
2.032772327108468280e-01
2.024062641425655173e-01
1.997421249925284970e-01
1.952848152607356558e-01
1.933379443434009581e-01
2.039774231284856021e-01
2.045409910256078267e-01
2.013389007010444320e-01
1.990419345748908053e-01
1.950201091272382448e-01
1.938246620727344660e-01
1.919034078779962016e-01
2.058047493403695749e-01
1.996396581021422367e-01
1.971121414726199617e-01
1.954385155963145326e-01
1.895552083066492366e-01
1.923986645148621499e-01
2.070685076551305737e-01
1.985552168455567146e-01
1.975305479416963883e-01
1.928853822441954913e-01
1.902212430941583321e-01
1.875571039441213117e-01
1.849612760543415113e-01
1.849698149618739795e-01
1.937648897200092424e-01
1.935514170317050309e-01
1.908872778816680382e-01
1.881633663789056832e-01
1.841073853011248040e-01
1.847221866434410054e-01
1.947810197163372670e-01
1.882402165466948718e-01
1.876766486495718700e-01
1.877876544474901543e-01
1.838426791676273930e-01
1.844745583250078924e-01
1.842269300065750570e-01
1.895039748614558706e-01
1.922193474566862292e-01
1.874119425160746255e-01
1.837145955546448384e-01
1.842269300065750570e-01
1.842269300065750570e-01
1.907677331762176187e-01
1.783607005319737537e-01
1.810419174970759881e-01
1.835865119416622560e-01
1.840988463935925024e-01
1.842269300065750570e-01
1.842269300065750570e-01
1.779252162478333343e-01
1.762857460016565014e-01
1.834584283286797013e-01
1.826386932055917567e-01
1.842269300065750570e-01
1.842269300065750570e-01
1.747914371835269931e-01
1.754916276011648513e-01
1.786681012031320903e-01
1.823312925344331148e-01
1.842269300065750570e-01
1.720589867732329470e-01
1.715210355987059343e-01
1.746975092006732011e-01
1.778739828026404401e-01
1.790352742270156228e-01
1.643739699942790289e-01
1.661500627609704406e-01
1.707269171982136735e-01
1.739033908001815232e-01
1.770798644021487622e-01
1.802563380041160013e-01
1.823739870720944845e-01
1.674992101510535403e-01
1.699327987977220233e-01
1.731092723996892624e-01
1.762857460016565014e-01
1.764394463372364330e-01
1.643739699942790289e-01
1.652620163776248041e-01
1.691386803972302066e-01
1.723151539991976122e-01
1.699498766127863214e-01
1.751415323923457557e-01
1.643739699942790289e-01
1.646099853984683004e-01
1.653559443604786239e-01
1.715210355987059343e-01
1.718711308075250299e-01
1.694033865307276177e-01
1.643739699942790289e-01
1.643739699942790289e-01
1.651595494872387104e-01
1.707269171982141454e-01
1.703255885442024609e-01
1.644887329115113650e-01
1.643739699942790289e-01
1.643739699942790289e-01
1.649631546139987970e-01
1.618806089948853499e-01
1.660561347781166208e-01
1.712477905576760828e-01
1.643739699942790289e-01
1.643739699942790289e-01
1.647667597407588835e-01
1.655523392337185373e-01
1.587809855607074661e-01
1.689081298938613918e-01
1.582771900163093826e-01
1.643739699942790289e-01
1.645703648675191089e-01
1.613853523580190963e-01
1.589944582490115388e-01
1.566035641400037870e-01
1.600874384131291961e-01
1.547591601130550443e-01
1.643739699942790289e-01
1.619830758852714714e-01
1.595921817762632755e-01
1.643739699942790289e-01
1.643739699942790289e-01
1.643739699942790289e-01
1.638701744498811119e-01
1.625807994125232081e-01
1.601899053035154563e-01
1.577990111945078988e-01
1.554081170854998417e-01
1.574232992630917594e-01
1.643739699942790289e-01
1.631785229397749448e-01
1.607876288307673596e-01
1.583967347217596355e-01
1.560058406127520503e-01
1.536747188564695221e-01
1.519157039048424362e-01
1.637762464670268481e-01
1.613853523580190963e-01
1.589944582490115388e-01
1.566035641400037870e-01
1.542126700309962017e-01
1.512155134872044393e-01
1.643739699942790289e-01
1.619830758852714714e-01
1.595921817762632755e-01
1.561397306828568310e-01
1.502762336586657699e-01
1.499005217272502410e-01
1.638701744498814172e-01
1.624014823543475927e-01
1.601899053035151788e-01
1.517107701240703599e-01
1.503701616415197284e-01
1.499944497101041718e-01
1.496187377786886430e-01
1.494308818129808925e-01
1.604289947144161288e-01
1.583967347217593302e-01
1.554764283457575058e-01
1.500883776929579916e-01
1.503957783641161616e-01
1.494308818129808925e-01
1.610864905943936998e-01
1.580807951430697467e-01
1.505580176072274790e-01
1.501823056758119501e-01
1.498065937443964213e-01
1.494308818129808925e-01
1.603094500089652652e-01
1.510276575214968275e-01
1.506519455900812987e-01
1.502762336586657699e-01
1.499005217272502410e-01
1.489697808062441509e-01
1.407297350376995881e-01
1.562620078387177702e-01
1.507458735729352572e-01
1.503701616415197284e-01
1.499944497101041718e-01
1.485086797995066599e-01
1.378435842918256105e-01
1.398587664694181110e-01
1.502420780285370072e-01
1.504640896243735204e-01
1.410200578937928495e-01
1.497126657615424628e-01
1.381339071479202318e-01
1.393549709250198609e-01
1.413701531026123615e-01
1.497809770217998215e-01
1.464525108657593333e-01
1.475864777860324550e-01
1.368359932030297210e-01
1.388511753806222215e-01
1.505494786996953160e-01
1.499346773573789759e-01
1.443246151087429485e-01
1.457591515741478716e-01
1.374337167302811524e-01
1.383473798362239993e-01
1.403625620138163610e-01
1.423777441914082509e-01
1.443929263690007514e-01
1.392866596647628075e-01
1.380314402575333610e-01
1.378435842918256105e-01
1.398587664694181110e-01
1.418739486470106115e-01
1.434109520028008788e-01
1.399441555447392960e-01
1.386291637847855696e-01
1.373397887474279710e-01
1.393549709250198609e-01
1.413701531026123615e-01
1.368359932030297210e-01
1.406016514247167004e-01
1.392268873120370010e-01
1.368359932030297210e-01
1.388511753806222215e-01
1.408663575582139726e-01
1.368359932030297210e-01
1.418654097394778657e-01
1.386291637847852642e-01
1.374337167302811524e-01
1.383473798362239993e-01
1.403625620138163610e-01
1.368359932030297210e-01
1.368359932030297210e-01
1.404223343665413903e-01
1.380314402575333610e-01
1.378435842918256105e-01
1.398587664694181110e-01
1.368359932030297210e-01
1.368359932030297210e-01
1.399441555447392960e-01
1.386291637847855696e-01
1.373397887474279710e-01
1.368359932030297210e-01
1.413701531026123615e-01
1.368359932030297210e-01
1.368359932030297210e-01
