5.482035874439460388e-01
5.066973094170402758e-01
5.053224215246637785e-01
4.735493273542602521e-01
4.445977578475335812e-01
4.225013452914799794e-01
4.004484304932735550e-01
3.943098654708521167e-01
3.901121076233184937e-01
3.823430493273542452e-01
3.503699551569505743e-01
3.383968609865472543e-01
3.220309417040357891e-01
3.182286995515695716e-01
2.901793721973090490e-01
3.125896860986548398e-01
2.968609865470852593e-01
2.925511210762331560e-01
2.795977578475334901e-01
2.668273542600898551e-01
2.533632286995516347e-01
2.404708520179372755e-01
2.681278026905830059e-01
2.545869955156950248e-01
2.551865470852017204e-01
2.422430493273542984e-01
2.364349775784754248e-01
2.290372197309419044e-01
2.251793721973093521e-01
2.291910313901341367e-01
2.348318385650223772e-01
2.258968609865467658e-01
2.199663677130046235e-01
2.148430493273542075e-01
2.109192825112108927e-01
2.109865470852019531e-01
2.046524663677130040e-01
2.053479820627797103e-01
2.056726457399101204e-01
2.089910313901345573e-01
1.965022421524664220e-01
1.896300448430492669e-01
1.891309417040359653e-01
1.922757847533631825e-01
1.938349775784751761e-01
1.894506726457400869e-01
1.816143497757848613e-01
1.829260089686099156e-01
1.768273542600898030e-01
1.804820627802694311e-01
1.781165919282512167e-01
1.781793721973099209e-01
1.770515695067266526e-01
1.778587443946189339e-01
1.675672645739910149e-01
1.715470852017937919e-01
1.711883408071747936e-01
1.721973094170405061e-01
1.718161434977580893e-01
1.604035874439463383e-01
1.587587443946186783e-01
1.580717488789235847e-01
1.641928251121077265e-01
1.684529147982063990e-01
1.690022421524665919e-01
1.566704035874440515e-01
1.554372197309416836e-01
1.571076233183857362e-01
1.593834080717492219e-01
1.529260089686097224e-01
1.513116591928249655e-01
1.505044843049326564e-01
1.493049327354259437e-01
1.505044843049326564e-01
1.466591928251118337e-01
1.474215246636770837e-01
1.489618834080717324e-01
1.473542600896859955e-01
1.470291479820624581e-01
1.482847533632286330e-01
1.472197309417040412e-01
1.450672645739912725e-01
1.452578475336323005e-01
1.471076233183855331e-01
1.463677130044843122e-01
1.434080717488788737e-01
1.403026905829596604e-01
1.409080717488789269e-01
1.442040358744393347e-01
1.451681614349777938e-01
1.379035874439465958e-01
1.368273542600896286e-01
1.365807174887891662e-01
1.371739910313901356e-01
1.349663677130043815e-01
1.299663677130042938e-01
1.378923766816141927e-01
1.365470852017937331e-01
1.353923766816142460e-01
1.315695067264572582e-01
1.349551569506725612e-01
1.284753363228700318e-01
1.311372197309394749e-01
1.329147982062777178e-01
1.341255605381166671e-01
1.311098654708519329e-01
1.292040358744392381e-01
1.277354260089686444e-01
1.256614349775781458e-01
1.247197309417039240e-01
1.314013452914792601e-01
1.314461883408071241e-01
1.296524663677129374e-01
1.278587443946187785e-01
1.252466367713002959e-01
1.232174887892378695e-01
1.261210762331836654e-01
1.234641255605381377e-01
1.290807174887891040e-01
1.259753363228698908e-01
1.248654708520178791e-01
1.227578475336323638e-01
1.227578475336323638e-01
1.301905829596411435e-01
1.244730941704034477e-01
1.261322869955154580e-01
1.239349775784754498e-01
1.229932735426010199e-01
1.227578475336323638e-01
1.207286995515695349e-01
1.248206278026904315e-01
1.222533632286994104e-01
1.241704035874441059e-01
1.232286995515694816e-01
1.223766816143499470e-01
1.175448430493268304e-01
1.191704035874438100e-01
1.226793721973092749e-01
1.209753363228699974e-01
1.228699551569506776e-01
1.225672645739911554e-01
1.173206278026905774e-01
1.184529147982062297e-01
1.192600896860987192e-01
1.204260089686099988e-01
1.205493273542601329e-01
1.154708520179371506e-01
1.161883408071749391e-01
1.162780269058296401e-01
1.166816143497758779e-01
1.201345291479822691e-01
1.174327354260093076e-01
1.159977578475335225e-01
1.160089686098653428e-01
1.161771300448429245e-01
1.165807174887891623e-01
1.154708520179371506e-01
1.162331838565019843e-01
1.154708520179371506e-01
1.156977578475334167e-01
1.160762331838564171e-01
1.164798206278026549e-01
1.128026905829596221e-01
1.154708520179371506e-01
1.154708520179371506e-01
1.142488789237670055e-01
1.159753363228699097e-01
1.137556053811658585e-01
1.129932735426008306e-01
1.154708520179371506e-01
1.147869955156947952e-01
1.154708520179371506e-01
1.158744394618833884e-01
1.139461883408070669e-01
1.131838565022420390e-01
1.124215246636769971e-01
1.142937219730938564e-01
1.114237668161432993e-01
1.107062780269057051e-01
1.141367713004482892e-01
1.133744394618832474e-01
1.126121076233183999e-01
1.118497757847531637e-01
1.110874439461881358e-01
1.130269058295958612e-01
1.107062780269057051e-01
1.135650224215244558e-01
1.128026905829596221e-01
1.120403587443945803e-01
1.112780269058295385e-01
1.107062780269057051e-01
1.107062780269057051e-01
1.107062780269057051e-01
1.129932735426008306e-01
1.122309417040357887e-01
1.114686098654707469e-01
1.107062780269057051e-01
1.107062780269057051e-01
1.107062780269057051e-01
1.107062780269057051e-01
1.124215246636769971e-01
1.116591928251119553e-01
1.103251121076232882e-01
1.107062780269057051e-01
1.107062780269057051e-01
1.107062780269057051e-01
1.107062780269057051e-01
1.118497757847531637e-01
1.099439461883408714e-01
1.107062780269057051e-01
1.107062780269057051e-01
1.107062780269057051e-01
1.128026905829596221e-01
1.109901345291479102e-01
1.112780269058295385e-01
1.107062780269057051e-01
1.107062780269057051e-01
1.107062780269057051e-01
1.107062780269057051e-01
1.107062780269057051e-01
1.091816143497758296e-01
1.107062780269057051e-01
1.107062780269057051e-01
1.107062780269057051e-01
1.107062780269057051e-01
1.102242152466371833e-01
1.088004484304932185e-01
1.103251121076232882e-01
1.107062780269057051e-01
1.107062780269057051e-01
1.107062780269057051e-01
1.049887892376680232e-01
1.072757847533633430e-01
1.099439461883408714e-01
1.080605381165914008e-01
1.063901345291475703e-01
1.107062780269057051e-01
1.107062780269057051e-01
1.067040358744393153e-01
1.089910313901344269e-01
1.093834080717480534e-01
1.079035874439454312e-01
1.107062780269057051e-01
1.052130044843052753e-01
1.061322869955156761e-01
1.084192825112108016e-01
1.107062780269057051e-01
1.096233183856500787e-01
1.107062780269057051e-01
1.032735426008969393e-01
1.055605381165920509e-01
1.078475336322869682e-01
1.101233183856502734e-01
1.103923766816141683e-01
9.545784753363220632e-02
1.027017937219729116e-01
1.049887892376680232e-01
1.072757847533633430e-01
1.095627802690584546e-01
9.549327354260078726e-02
9.727578475336313979e-02
9.176008968609848659e-02
1.044170403587443979e-01
1.067040358744393153e-01
1.089910313901344269e-01
1.093834080717480534e-01
1.040919282511204441e-01
9.951793721973041518e-02
9.583901345291383211e-02
1.061322869955156761e-01
1.084192825112108016e-01
1.107062780269057051e-01
9.340807174887889863e-02
9.364349775784695795e-02
9.672645739910235019e-02
1.055605381165920509e-01
1.068385650224216582e-01
1.099327354260090650e-01
9.507130044843034589e-02
9.115470852017922010e-02
8.815022421524651430e-02
1.049887892376684256e-01
1.060650224215250043e-01
9.641255605381159055e-02
9.491031390134493928e-02
9.190582959641244165e-02
8.890134529147954157e-02
8.589686098654703006e-02
1.052914798206277536e-01
1.083183856502240860e-01
9.566143497757796654e-02
9.265695067264546891e-02
8.965246636771256883e-02
8.893497757847516894e-02
8.337443946188306809e-02
9.641255605381159055e-02
9.641255605381159055e-02
9.340807174887889863e-02
9.040358744394579038e-02
8.725336322869912953e-02
8.439461883408037879e-02
9.641255605381159055e-02
9.641255605381159055e-02
9.415919282511192590e-02
9.115470852017881764e-02
8.532511210762321052e-02
7.656950672645658484e-02
7.242152466367741959e-02
9.641255605381159055e-02
9.491031390134554990e-02
9.190582959641244165e-02
8.587443946188301480e-02
7.789237668161423656e-02
7.260089686098562811e-02
6.788116591928262944e-02
9.566143497757796654e-02
8.979820627802712063e-02
8.642376681614322154e-02
7.921524663677188827e-02
7.544843049327315532e-02
6.939461883407949117e-02
9.641255605381159055e-02
9.340807174887849618e-02
8.697309417040362256e-02
8.053811659192754158e-02
7.524663677130091766e-02
7.090807174887836517e-02
9.641255605381159055e-02
9.190582959641224736e-02
8.589686098654604474e-02
8.186098654708519329e-02
7.656950672645658484e-02
7.127802690582976664e-02
6.598654708520114431e-02
9.340807174887949538e-02
8.739910313901308458e-02
8.318385650224105476e-02
7.789237668161423656e-02
7.393497757847429519e-02
6.670403587443952953e-02
9.491031390134455070e-02
8.890134529148013831e-02
8.450672645739851219e-02
7.921524663676988987e-02
7.392376681614326595e-02
6.863228699551465750e-02
6.334080717488783929e-02
6.656591928250790713e-02
8.582959641255616390e-02
8.053811659192754158e-02
7.524663677130091766e-02
6.995515695067230921e-02
6.446188340807067207e-02
9.190582959641224736e-02
6.334080717488783929e-02
8.186098654708519329e-02
7.656950672645658484e-02
7.127802690582976664e-02
6.598654708520114431e-02
6.334080717488783929e-02
6.334080717488783929e-02
8.139013452914668767e-02
7.789237668161423656e-02
7.260089686098562811e-02
6.670403587443952953e-02
6.334080717488783929e-02
6.334080717488783929e-02
8.289237668161374140e-02
7.688340807174733060e-02
7.392376681614326595e-02
6.782511210762237619e-02
6.334080717488783929e-02
6.334080717488783929e-02
6.334080717488783929e-02
7.434977578475254756e-02
7.524663677130091766e-02
6.894618834080680492e-02
6.446188340807067207e-02
6.334080717488783929e-02
6.334080717488783929e-02
6.051569506726452857e-02
7.455156950672577054e-02
7.006726457399123364e-02
6.558295964125510080e-02
6.334080717488783929e-02
6.334080717488783929e-02
8.139013452914668767e-02
6.112107623318379507e-02
7.260089686098562811e-02
6.670403587443952953e-02
6.334080717488783929e-02
6.334080717488783929e-02
6.334080717488783929e-02
6.334080717488783929e-02
6.172645739910306156e-02
