6.329034287511796641e-01
5.676753696130857341e-01
5.492293173954072572e-01
4.962189367725698408e-01
4.882038376848066297e-01
4.328405158854985446e-01
4.322113872286882374e-01
4.034224598930481465e-01
4.045297263290342782e-01
3.749606794589493974e-01
3.825102233406731944e-01
3.513683548285624902e-01
3.497955331865366668e-01
3.285058194400753973e-01
3.302925448254168117e-01
3.177099716892105019e-01
3.202264863164517306e-01
3.101604278074865939e-01
2.938030827304183856e-01
2.944322113872286928e-01
2.900283107895564316e-01
2.796476879521862524e-01
2.875117961623152030e-01
2.708398867568417856e-01
2.692670651148159622e-01
2.648631645171437010e-01
2.554262346649889270e-01
2.535388486945581166e-01
2.485058194400754650e-01
2.519660270525321821e-01
2.453601761560239292e-01
2.378106322743001599e-01
2.434727901855929244e-01
2.305756527209812945e-01
2.434727901855929244e-01
2.299465240641712094e-01
2.396980182447309704e-01
2.237558980811575615e-01
2.139037433155079326e-01
2.139037433155080437e-01
2.139037433155079326e-01
2.094998427178358102e-01
2.132746146586977365e-01
2.094998427178358102e-01
2.120163573450771499e-01
2.050959421201636879e-01
2.120163573450771499e-01
2.000629128656811195e-01
2.069833280905945816e-01
1.985404215162000219e-01
2.050959421201636879e-01
1.962881409248190823e-01
2.000629128656811195e-01
1.837055677886127725e-01
1.648317080843031968e-01
1.824473104749920471e-01
2.000629128656811195e-01
1.808744888329661127e-01
2.000629128656811195e-01
1.780434098773198137e-01
1.553947782321483950e-01
1.730103806228373842e-01
1.553947782321483950e-01
1.758414595784837942e-01
1.553947782321483950e-01
1.745832022648631798e-01
1.553947782321483950e-01
1.720666876376220900e-01
1.553947782321483950e-01
1.697011638880152051e-01
1.535073922617175013e-01
1.550802139037432970e-01
1.553947782321483950e-01
1.692356086819756522e-01
1.535073922617175013e-01
1.547656495753381156e-01
1.535073922617175013e-01
1.535073922617173903e-01
1.535073922617175013e-01
1.525636992765020961e-01
1.535073922617175013e-01
1.519345706196916779e-01
1.535073922617175013e-01
1.519345706196916779e-01
1.535073922617175013e-01
1.519345706196916779e-01
1.535073922617175013e-01
1.513054419628812597e-01
1.535073922617175013e-01
1.491034916640452401e-01
1.503617489776658545e-01
1.484743630072350717e-01
1.503617489776658545e-01
1.484743630072350717e-01
1.491034916640452401e-01
1.434413337527525034e-01
1.491034916640452401e-01
1.456432840515885230e-01
1.491034916640452401e-01
1.428122050959420852e-01
1.491034916640452401e-01
1.421830764391316948e-01
1.491034916640452401e-01
1.428122050959420852e-01
1.491034916640452401e-01
1.421830764391316948e-01
1.390374331550801590e-01
1.418685121107265967e-01
1.491034916640452401e-01
1.379050015728209844e-01
1.453287197231834249e-01
1.371500471846491265e-01
1.453287197231834249e-01
1.352626612142182327e-01
1.352626612142183438e-01
1.368354828562440284e-01
1.352626612142183438e-01
1.333752752437874223e-01
1.352626612142183438e-01
1.365209185278389303e-01
1.352626612142183438e-01
1.362063541994338323e-01
1.352626612142183438e-01
1.333752752437874223e-01
1.352626612142183438e-01
1.333752752437874223e-01
1.352626612142183438e-01
1.327461465869770041e-01
1.352626612142183438e-01
1.283422459893048817e-01
1.352626612142183438e-01
1.327461465869770041e-01
1.352626612142183438e-01
1.327461465869770041e-01
1.342057250707767713e-01
1.277131173324944635e-01
1.340044039005977294e-01
1.277131173324944635e-01
1.340044039005977294e-01
1.277131173324944635e-01
1.340044039005977294e-01
1.277131173324944635e-01
1.214218307643914196e-01
1.277131173324944635e-01
1.214218307643914196e-01
1.277131173324944635e-01
1.201635734507708053e-01
1.277131173324944635e-01
1.201635734507708053e-01
1.270839886756842674e-01
1.201635734507708053e-01
1.201635734507708053e-01
1.201635734507708053e-01
1.270839886756842674e-01
1.201635734507708053e-01
1.201635734507708053e-01
1.201635734507708053e-01
1.201635734507708053e-01
1.201635734507708053e-01
1.201635734507708053e-01
1.201635734507708053e-01
1.231833910034596663e-01
1.201635734507708053e-01
1.189053161371499689e-01
1.201635734507708053e-01
1.189053161371499689e-01
1.201635734507708053e-01
1.182761874803397867e-01
1.201635734507708053e-01
1.182761874803397867e-01
1.201635734507708053e-01
1.182761874803397867e-01
1.201635734507708053e-01
1.182761874803397867e-01
1.201635734507708053e-01
1.182761874803397867e-01
1.163888015099087542e-01
1.182761874803397867e-01
1.201635734507708053e-01
1.182761874803397867e-01
1.201635734507708053e-01
1.182761874803397867e-01
1.201635734507708053e-01
1.182761874803397867e-01
1.201635734507708053e-01
1.182761874803397867e-01
1.201635734507708053e-01
1.182761874803397867e-01
1.163888015099087542e-01
1.163888015099087542e-01
1.163888015099087542e-01
1.163888015099087542e-01
1.163888015099087542e-01
1.182761874803397867e-01
1.163888015099087542e-01
1.163888015099087542e-01
1.163888015099087542e-01
1.163888015099087542e-01
1.163888015099087542e-01
1.182761874803397867e-01
1.163888015099087542e-01
1.163888015099087542e-01
1.163888015099087542e-01
1.163888015099087542e-01
1.163888015099087542e-01
1.163888015099087542e-01
1.163888015099087542e-01
1.163888015099087542e-01
1.163888015099087542e-01
1.069518716577539663e-01
1.163888015099087542e-01
1.085246932997796787e-01
1.163888015099087542e-01
1.132431582258573433e-01
1.163888015099087542e-01
1.016042780748662167e-01
1.163888015099087542e-01
1.016042780748662167e-01
1.163888015099087542e-01
1.132431582258573433e-01
1.163888015099087542e-01
1.163888015099087542e-01
1.163888015099087542e-01
1.085246932997796787e-01
1.163888015099087542e-01
1.016042780748662167e-01
1.163888015099087542e-01
1.016042780748662167e-01
1.163888015099087542e-01
1.016042780748662167e-01
1.163888015099087542e-01
9.751494180559928948e-02
1.163888015099087542e-01
9.751494180559928948e-02
1.163888015099087542e-01
9.594212016357336892e-02
1.163888015099087542e-01
1.044353570305127515e-01
1.163888015099087542e-01
9.594212016357336892e-02
9.155080213903304953e-02
9.594212016357336892e-02
8.681975463982379015e-02
9.594212016357336892e-02
1.163888015099087542e-01
9.594212016357336892e-02
1.163888015099087542e-01
9.594212016357336892e-02
8.681975463982379015e-02
9.594212016357336892e-02
1.163888015099087542e-01
9.594212016357336892e-02
7.730732934885026220e-02
9.594212016357336892e-02
1.050644856873230587e-01
9.594212016357336892e-02
8.681975463982379015e-02
9.594212016357336892e-02
7.549543881723808081e-02
9.594212016357336892e-02
8.681975463982379015e-02
9.436929852154765652e-02
7.549543881723808081e-02
9.594212016357336892e-02
8.681975463982379015e-02
9.594212016357336892e-02
7.549543881723808081e-02
9.436929852154765652e-02
7.549543881723808081e-02
9.462094998427153514e-02
7.549543881723808081e-02
9.027996225228050731e-02
7.549543881723808081e-02
8.084303240012583047e-02
7.549543881723808081e-02
8.870714061025480879e-02
7.549543881723808081e-02
8.870714061025480879e-02
7.549543881723808081e-02
8.870714061025480879e-02
7.549543881723808081e-02
8.870714061025480879e-02
7.549543881723808081e-02
9.405473419314255845e-02
7.549543881723808081e-02
8.870714061025480879e-02
7.549543881723808081e-02
8.084303240012583047e-02
7.549543881723808081e-02
7.549543881723808081e-02
7.549543881723808081e-02
7.549543881723808081e-02
7.549543881723808081e-02
7.549543881723808081e-02
7.549543881723808081e-02
7.549543881723808081e-02
7.549543881723808081e-02
7.549543881723808081e-02
7.549543881723808081e-02
7.549543881723808081e-02
7.549543881723808081e-02
7.549543881723808081e-02
7.549543881723808081e-02
7.549543881723808081e-02
7.549543881723808081e-02
7.549543881723808081e-02
7.549543881723808081e-02
7.518087448883298274e-02
7.549543881723808081e-02
7.549543881723808081e-02
7.549543881723808081e-02
7.549543881723808081e-02
7.549543881723808081e-02
7.549543881723808081e-02
7.549543881723808081e-02
7.549543881723808081e-02
7.549543881723808081e-02
7.549543881723808081e-02
7.549543881723808081e-02
7.549543881723808081e-02
7.549543881723808081e-02
7.549543881723808081e-02
7.549543881723808081e-02
7.549543881723808081e-02
7.549543881723808081e-02
7.549543881723808081e-02
7.549543881723808081e-02
7.549543881723808081e-02
7.549543881723808081e-02
7.549543881723808081e-02
7.549543881723808081e-02
7.518087448883298274e-02
7.549543881723808081e-02
7.549543881723808081e-02
7.549543881723808081e-02
7.549543881723808081e-02
7.549543881723808081e-02
7.392261717521227127e-02
7.549543881723808081e-02
7.365838313935187120e-02
7.549543881723808081e-02
7.360805284680717320e-02
7.549543881723808081e-02
7.392261717521227127e-02
7.549543881723808081e-02
7.360805284680717320e-02
7.549543881723808081e-02
7.360805284680717320e-02
7.549543881723808081e-02
7.360805284680717320e-02
7.486631016042788467e-02
7.360805284680717320e-02
7.549543881723808081e-02
7.360805284680717320e-02
7.549543881723808081e-02
7.360805284680717320e-02
7.234979553318644785e-02
7.360805284680717320e-02
7.486631016042788467e-02
7.360805284680717320e-02
7.234979553318644785e-02
7.360805284680717320e-02
7.549543881723808081e-02
7.360805284680717320e-02
7.172066687637625171e-02
7.360805284680717320e-02
7.172066687637625171e-02
7.360805284680717320e-02
7.234979553318644785e-02
7.360805284680717320e-02
7.549543881723808081e-02
7.360805284680717320e-02
7.172066687637625171e-02
7.360805284680717320e-02
7.486631016042788467e-02
7.360805284680717320e-02
7.234979553318644785e-02
7.360805284680717320e-02
7.234979553318644785e-02
7.360805284680717320e-02
7.234979553318644785e-02
7.360805284680717320e-02
7.234979553318644785e-02
7.360805284680717320e-02
7.172066687637625171e-02
7.360805284680717320e-02
7.172066687637625171e-02
7.203523120478134978e-02
7.172066687637625171e-02
7.329348851840207513e-02
7.172066687637625171e-02
7.329348851840207513e-02
7.172066687637625171e-02
7.360805284680717320e-02
7.172066687637625171e-02
