1.304295261239367676e+00
1.165532604293235908e+00
1.094023896314296751e+00
9.825840421223165366e-01
8.809700283515591313e-01
8.664682057513161118e-01
8.214763061968406443e-01
7.926792223572294294e-01
7.523288780882946281e-01
7.244835965978126957e-01
7.085358444714455750e-01
7.011036857027135305e-01
6.861077359254760255e-01
6.787667071688942011e-01
6.765127582017010921e-01
6.805386796273795724e-01
6.538578371810448431e-01
6.418590522478733185e-01
6.279161603888212539e-01
6.247468610773593278e-01
6.306399351964356859e-01
6.505670311867151057e-01
5.987748076144187026e-01
5.790927501012553824e-01
5.846496557310650877e-01
5.671324422843254665e-01
5.885479951397326603e-01
5.690562980963952411e-01
5.627784528149046839e-01
5.446537059538273384e-01
5.474888618874038659e-01
5.457675172134467401e-01
5.518934791413527829e-01
5.465269339813688676e-01
5.394390441474280484e-01
5.184791413527741755e-01
5.148845686512758535e-01
5.091130012150667516e-01
5.248582422033213346e-01
5.154921020656136887e-01
5.194916970433373082e-01
5.050121506682868633e-01
4.947934386391252271e-01
4.937221547185094983e-01
4.910895099230458971e-01
5.008606723369785074e-01
5.075435398946941401e-01
4.935702713649249285e-01
4.777237748076144652e-01
4.740785743215875647e-01
4.677501012555690951e-01
4.693195625759416512e-01
4.861279870392871683e-01
4.881409477521262419e-01
4.697245848521668932e-01
4.691170514378289469e-01
4.614722559740783714e-01
4.763061968408262015e-01
4.550931551235319894e-01
4.628898339408666351e-01
4.551296071283920663e-01
4.561563385986228680e-01
4.511948157148642502e-01
4.435500202511137857e-01
4.435500202511137857e-01
4.582320777642767684e-01
4.551437829080597908e-01
4.353989469420816993e-01
4.365633859862291244e-01
4.353483191575534539e-01
4.327156743620898527e-01
4.353989469420816993e-01
4.331713244228431736e-01
4.254759011745646857e-01
4.248177399756986050e-01
4.189449169704334008e-01
4.240076954232481765e-01
4.206156338598621147e-01
4.238051842851358053e-01
4.233495342243822068e-01
4.114013770757392052e-01
4.176792223572296514e-01
4.141352774402591863e-01
4.152997164844066114e-01
4.165654110976105273e-01
4.217800729040097618e-01
4.070473876063183116e-01
4.066929931146212041e-01
3.977318752531388002e-01
4.102875658161198036e-01
4.176792223572296514e-01
4.116038882138517985e-01
3.777845281490481155e-01
3.727723774807612522e-01
3.741393276630213260e-01
3.881125961927906487e-01
4.176792223572296514e-01
4.041109761036857928e-01
3.744430943701904102e-01
3.662413932766301894e-01
3.814803564196031505e-01
3.860368570271364153e-01
3.858849736735521230e-01
4.075030376670715770e-01
3.627480761441878587e-01
3.640643985419199091e-01
3.703422438234102443e-01
3.630012150668287529e-01
4.042122316727423947e-01
3.465978128797082558e-01
3.434588902389631437e-01
3.584852166869176293e-01
3.467699473471038685e-01
3.486735520453623782e-01
3.743418388011339193e-01
3.180437424058323304e-01
3.442689347914134612e-01
3.373835560955853463e-01
3.486735520453624892e-01
3.330295666261643417e-01
3.202207371405427216e-01
3.151579586877277794e-01
3.264985824220332788e-01
3.371810449574726976e-01
3.233090319967599213e-01
3.290805994329689677e-01
3.199675982179018829e-01
3.161198865937626667e-01
3.191069258809234310e-01
3.200121506682837569e-01
3.420919400567032920e-01
3.151579586877277794e-01
3.209295261239367147e-01
3.107027136492507280e-01
3.139428918590523865e-01
3.151579586877277794e-01
3.083232077764275214e-01
3.119684082624541999e-01
3.130315917375455781e-01
3.075637910085053939e-01
3.086269744835964945e-01
3.151579586877277794e-01
3.102976913730253750e-01
3.114115026326447211e-01
3.127278250303767160e-01
3.075637910085053939e-01
3.075637910085053939e-01
3.002733900364520370e-01
2.929829890643984025e-01
2.985014175779667212e-01
2.904515998379908481e-01
3.075637910085053939e-01
3.075637910085053939e-01
3.020959902794653207e-01
2.926792223572295404e-01
2.991089509923042788e-01
2.989570676387198755e-01
2.677703523693802379e-01
3.011846901579588454e-01
3.034123126771969270e-01
2.948055893074117972e-01
2.863001215066826588e-01
2.881733495342240770e-01
2.687322802754151807e-01
2.632260024301333323e-01
3.054880518428512715e-01
2.969319562575941096e-01
2.734082624544336704e-01
2.535439449169703541e-01
2.567334953422438226e-01
2.948055893074119083e-01
2.629100850546702839e-01
2.980457675172132892e-01
2.905528554070472835e-01
2.515208586472246766e-01
2.460510328068044317e-01
2.607330903199674976e-01
3.043742405832320364e-01
3.004252733900362737e-01
2.503037667071690842e-01
2.395200486026731468e-01
2.526326447954636567e-01
2.508100445524501509e-01
2.539995949777236195e-01
2.999696233292828418e-01
2.345078979343865055e-01
2.384568651275820184e-01
2.427095990279465321e-01
2.469623329283109070e-01
2.537970838396111928e-01
3.043742405832320364e-01
2.333940866747672427e-01
2.351154313487241188e-01
2.416464155528552926e-01
2.458991494532200006e-01
2.485317942486835741e-01
1.746658566221142850e-01
1.886391251518836909e-01
2.343053867962736903e-01
2.405832320777643862e-01
2.411907654921019994e-01
1.865633859862294575e-01
1.767922235722965418e-01
1.842345078979341910e-01
2.292426083434590256e-01
2.367355204536249202e-01
2.397225597407857123e-01
1.874240583232079094e-01
1.789185905224786877e-01
1.810449574726608057e-01
1.938031591737547632e-01
2.328878088294854543e-01
2.382543539894694529e-01
1.895504252733901662e-01
1.810449574726609168e-01
1.778554070473876703e-01
1.906136087484814057e-01
1.968914540299716298e-01
2.334953422438234005e-01
1.880619684082618093e-01
1.831713244228431736e-01
1.746658566221142850e-01
1.789185905224790207e-01
1.746658566221142850e-01
1.919805589307409244e-01
1.897529364115026207e-01
1.852976913730253195e-01
1.763872012960713831e-01
1.815512353179420391e-01
1.918286755771568264e-01
1.746658566221142850e-01
1.799817739975698161e-01
1.826144187930337226e-01
1.781085459700283702e-01
1.810449574726608057e-01
1.861077359254760533e-01
1.746658566221142850e-01
1.746658566221142850e-01
1.867152693398138885e-01
1.742608343458890430e-01
1.744127176994735851e-01
1.746658566221142850e-01
1.746658566221142850e-01
1.698055893074120748e-01
1.714256784123126542e-01
1.730457675172134835e-01
1.746658566221142850e-01
1.746658566221142850e-01
1.746658566221142850e-01
1.746658566221142850e-01
1.710206561360875233e-01
1.726407452409883247e-01
1.742608343458891540e-01
1.740279465370594691e-01
1.746658566221142850e-01
1.746658566221142850e-01
1.746658566221142850e-01
1.722357229647631660e-01
1.738558120696639953e-01
1.741595787768328574e-01
1.746658566221142850e-01
1.685905224787364043e-01
1.702106115836372058e-01
1.718307006885380350e-01
1.729951397326854323e-01
1.681855002025111345e-01
1.736026731470229345e-01
1.746658566221142850e-01
1.698055893074120748e-01
1.714256784123126542e-01
1.724382341028757593e-01
1.746658566221142850e-01
1.736533009315513187e-01
1.657553665451601543e-01
1.694005670311869161e-01
1.710206561360875233e-01
1.726407452409883247e-01
1.740583232077765607e-01
1.739064398541920187e-01
1.656034831915754735e-01
1.689955447549615353e-01
1.706156338598623645e-01
1.713244228432563576e-01
1.735520453624951331e-01
1.678270554880515464e-01
1.654515998379910424e-01
1.660591332523288777e-01
1.702106115836372058e-01
1.645402997164844838e-01
1.645402997164844838e-01
1.646921830700689149e-01
1.652997164844066114e-01
1.659072498987445576e-01
1.679829890643986801e-01
1.702106115836372058e-01
1.645402997164844838e-01
1.645402997164844838e-01
1.651478331308223191e-01
1.657553665451601543e-01
1.663628999594978508e-01
1.691980558930741285e-01
1.714155528554071883e-01
1.645402997164844838e-01
1.649959497772378880e-01
1.656034831915754735e-01
1.662110166059133087e-01
1.645402997164844838e-01
1.645402997164844838e-01
1.645402997164844838e-01
1.648440664236533459e-01
1.654515998379910424e-01
1.637808829485621065e-01
1.645402997164844838e-01
1.599837991089509970e-01
1.645402997164844838e-01
1.640846496557310796e-01
1.652997164844066114e-01
1.622620494127177959e-01
1.612494937221546909e-01
1.602369380315917247e-01
1.645402997164844838e-01
1.645402997164844838e-01
1.651478331308223191e-01
1.657553665451601543e-01
1.663628999594978508e-01
1.604900769542324246e-01
1.594775212636694584e-01
1.605913325232887212e-01
1.631733495342244933e-01
1.627683272579992235e-01
1.617557715674362573e-01
1.607432158768732633e-01
1.597306601863102693e-01
1.587181044957471920e-01
1.590218712029160542e-01
1.593762656946132727e-01
1.620089104900769572e-01
1.609963547995139910e-01
1.599837991089509970e-01
1.589712434183880307e-01
1.642871607938437561e-01
1.602369380315917247e-01
1.622620494127177959e-01
1.612494937221546909e-01
1.602369380315917247e-01
1.592243823410287307e-01
1.582118266504657644e-01
1.610976103685702598e-01
1.625151883353584958e-01
1.615026326447954186e-01
1.604900769542324246e-01
1.594775212636694584e-01
1.583130822195219223e-01
1.637808829485622175e-01
1.585155933576347376e-01
1.617557715674362573e-01
1.607432158768732633e-01
1.597306601863102693e-01
1.626670716889428159e-01
1.582118266504657644e-01
1.593762656946132727e-01
1.620089104900769572e-01
1.609963547995139910e-01
1.599837991089509970e-01
1.589712434183880307e-01
1.582118266504657644e-01
1.602369380315917247e-01
1.582118266504657644e-01
1.582118266504657644e-01
1.590218712029160542e-01
1.586168489266910064e-01
1.582118266504657644e-01
1.582118266504657644e-01
1.582118266504657644e-01
1.615026326447954186e-01
1.604900769542324246e-01
1.587181044957471920e-01
1.583130822195219223e-01
1.582118266504657644e-01
1.582118266504657644e-01
1.582118266504657644e-01
1.592243823410287307e-01
1.588193600648034609e-01
1.584143377885783299e-01
1.582118266504657644e-01
1.582118266504657644e-01
1.582118266504657644e-01
1.582118266504657644e-01
1.582118266504657644e-01
1.585155933576346265e-01
1.582118266504657644e-01
1.582118266504657644e-01
1.582118266504657644e-01
1.582118266504657644e-01
1.590218712029160542e-01
