1.166570945945945681e+00
1.160144519519519468e+00
1.215549924924924863e+00
1.083567942942943008e+00
9.997653903903903627e-01
9.359891141141135629e-01
8.928772522522520072e-01
9.054054054054051504e-01
9.327608858858857932e-01
8.945195195195194682e-01
8.724192942942941009e-01
8.255912162162161172e-01
7.851463963963961623e-01
8.045232732732731096e-01
8.281249999999998890e-01
8.348348348348348935e-01
8.025994744744744391e-01
7.691441441441441151e-01
7.292605105105105512e-01
7.204391891891891442e-01
7.367680180180180560e-01
7.847691441441441151e-01
7.143562312312309315e-01
6.896584084084083077e-01
6.692680180180179406e-01
6.650713213213212960e-01
6.761448948948948212e-01
6.623254504504503259e-01
6.703265765765766826e-01
6.455048798798799226e-01
6.160848348348348935e-01
6.101351351351348429e-01
6.164132882882881193e-01
6.173517267267266684e-01
6.088588588588588202e-01
6.048235735735736363e-01
5.719782282282283026e-01
5.716028528528528385e-01
5.923573573573570616e-01
5.691159909909909720e-01
5.748873873873874274e-01
5.511261261261256594e-01
5.184403153153153143e-01
5.265578078078078095e-01
5.274662162162153667e-01
5.429091591591590493e-01
5.536786786786785930e-01
4.914602102102101910e-01
5.005630630630630851e-01
4.822635135135135975e-01
5.103228228228228192e-01
5.241178678678679592e-01
4.780405405405406816e-01
4.411599099099101640e-01
4.510135135135134865e-01
4.529147897897896624e-01
4.795420420420418162e-01
4.581456456456456938e-01
4.665915915915914147e-01
4.139451951951950703e-01
4.221021021021019171e-01
4.497466216216214341e-01
4.158164414414411980e-01
4.239864864864865135e-01
4.051238738738738299e-01
4.026370120120117968e-01
3.920326576576576016e-01
3.875750750750750484e-01
3.769237987987987260e-01
3.415915915915915257e-01
4.048892642642641371e-01
4.011824324324322899e-01
3.916103603603601213e-01
3.622841591591591248e-01
3.394331831831829405e-01
3.399024024024022150e-01
4.011824324324322899e-01
4.011824324324322899e-01
3.859797297297296037e-01
3.650525525525522008e-01
3.428584834834834116e-01
3.221002252252246900e-01
3.077608858858858487e-01
2.844876126126125171e-01
3.889827327327325945e-01
3.659909909909908610e-01
3.481606606606605370e-01
3.259196696696695650e-01
3.050863363363361391e-01
2.954692192192183708e-01
3.944256756756753246e-01
3.673986486486483516e-01
3.480198948948948767e-01
3.280818318318318161e-01
3.109515765765765716e-01
2.862706456456455273e-01
2.686280030030028798e-01
3.729354354354353918e-01
3.496621621621619491e-01
3.239489489489488783e-01
3.083239489489487117e-01
2.888044294294291880e-01
2.710679429429427301e-01
2.686280030030028798e-01
3.525243993993990022e-01
3.301895645645643307e-01
3.056775525525519677e-01
2.933089339339338131e-01
2.746809309309309888e-01
2.664695945945945166e-01
2.662819069069068401e-01
3.242304804804799767e-01
3.026933183183185272e-01
2.828922672672673500e-01
2.698010510510510107e-01
2.654373123123123235e-01
2.515015015015014677e-01
3.214620870870871783e-01
3.054147897897897534e-01
2.728040540540541126e-01
2.578359609609610081e-01
2.662819069069068401e-01
2.467154654654653556e-01
2.527214714714713373e-01
3.073855105105102736e-01
2.733201951951949593e-01
2.550206456456456383e-01
2.621058558558559404e-01
2.461993243243241758e-01
2.453547297297298813e-01
2.551144894894893933e-01
2.698010510510506776e-01
2.485454204204202155e-01
2.548329579579581283e-01
2.452139639639638047e-01
2.454954954954955137e-01
2.463400900900900303e-01
2.463400900900900303e-01
2.395270270270268287e-01
2.463400900900900303e-01
2.457301051051050123e-01
2.432901651651651342e-01
2.378941441441441706e-01
2.084740990990991416e-01
2.229241741741736227e-01
2.343280780780780947e-01
2.228791291291291610e-01
2.407094594594594017e-01
2.388325825825824977e-01
2.056118618618619220e-01
2.142774024024022006e-01
2.376595345345344779e-01
2.261167417417417058e-01
2.419763513513512598e-01
1.886730480480479921e-01
2.027496246246248968e-01
2.034065315315317091e-01
2.104917417417418724e-01
2.180930930930932155e-01
1.751126126126126836e-01
1.711711711711714767e-01
1.919106606606607590e-01
2.078509759759760156e-01
2.084271771771771253e-01
2.212837837837837718e-01
1.516047297297297980e-01
1.792417417417417891e-01
1.856231231231230960e-01
1.981043543543543894e-01
2.063626126126125726e-01
2.133070570570571034e-01
1.478040540540542236e-01
1.598160660660661592e-01
1.795232732732734982e-01
1.904091591591592081e-01
2.018149399399395694e-01
2.106794294294293268e-01
2.188907657657657158e-01
1.568130630630632794e-01
1.688250750750752149e-01
1.836993243243243978e-01
1.989489489489491003e-01
1.478040540540542236e-01
1.496809309309310998e-01
1.528716216216218504e-01
1.658220720720723351e-01
1.729072822822824984e-01
1.862331081081083084e-01
1.478040540540542236e-01
1.506193693693696489e-01
1.503378378378379399e-01
1.562500000000000833e-01
1.695758258258258933e-01
1.783765015014997790e-01
1.478040540540542236e-01
1.464902402402403492e-01
1.478040540540542236e-01
1.561092342342346451e-01
1.521096096096087591e-01
1.789602102102106906e-01
1.448479729729731658e-01
1.461617867867868181e-01
1.484140390390390474e-01
1.505724474474472163e-01
1.445195195195196347e-01
1.478040540540542236e-01
1.478040540540542236e-01
1.478040540540542236e-01
1.471471471471473835e-01
1.468656156156158965e-01
1.558746246246247302e-01
1.478040540540542236e-01
1.478040540540542236e-01
1.455048798798799781e-01
1.468186936936938802e-01
1.473348348348350600e-01
1.454579579579579618e-01
1.435810810810813076e-01
1.438626126126127946e-01
1.451764264264266691e-01
1.464902402402403492e-01
1.478040540540542236e-01
1.459271771771773474e-01
1.440503003003004712e-01
1.478040540540542236e-01
1.448479729729731658e-01
1.461617867867870402e-01
1.474286786786788983e-01
1.463963963963965109e-01
1.386073573573574913e-01
1.380442942942942952e-01
1.445195195195196347e-01
1.455518018018020221e-01
1.395927177177178624e-01
1.452233483483484910e-01
1.387481231231231515e-01
1.381850600600601497e-01
1.376219969969971479e-01
1.433521021021021968e-01
1.395927177177178624e-01
1.424080330330330657e-01
1.388888888888890061e-01
1.383258258258260043e-01
1.377627627627627804e-01
1.439095345345346166e-01
1.392173423423423151e-01
1.395927177177178624e-01
1.390296546546548606e-01
1.384665915915916368e-01
1.379035285285284407e-01
1.369181681681680696e-01
1.302083333333332593e-01
1.292698948948949322e-01
1.390296546546548606e-01
1.386073573573574913e-01
1.373873873873874552e-01
1.370120120120121299e-01
1.306775525525526171e-01
1.306775525525524229e-01
1.285191441441440319e-01
1.387481231231231515e-01
1.374812312312312934e-01
1.330236486486486847e-01
1.311467717717718084e-01
1.310529279279277481e-01
1.281906906906907229e-01
1.360735735735737750e-01
1.383258258258260043e-01
1.334928678678678482e-01
1.316159909909909720e-01
1.297391141141140958e-01
1.278622372372372196e-01
1.378566066066068407e-01
1.376689189189191642e-01
1.339620870870870117e-01
1.320852102102101355e-01
1.302083333333332593e-01
1.283314564564563831e-01
1.278622372372372196e-01
1.375694444444443276e-01
1.282376126126127391e-01
1.325544294294295211e-01
1.306775525525526171e-01
1.287068318318317084e-01
1.285191441441440319e-01
1.289414414414414012e-01
1.349005255255255609e-01
1.323667417417418446e-01
1.308183183183182774e-01
1.292698948948949322e-01
1.281906906906907229e-01
1.278622372372372196e-01
1.278622372372372196e-01
1.328828828828828301e-01
1.316159909909909720e-01
1.295514264264264193e-01
1.278622372372372196e-01
1.278622372372372196e-01
1.278622372372372196e-01
1.278622372372372196e-01
1.313344594594594572e-01
1.299737237237235665e-01
1.282845345345343668e-01
1.278622372372372196e-01
1.278622372372372196e-01
1.278622372372372196e-01
1.278622372372372196e-01
1.303960210210211301e-01
1.287068318318317084e-01
1.278622372372372196e-01
1.278622372372372196e-01
1.278622372372372196e-01
1.278622372372372196e-01
1.308183183183182774e-01
1.292698948948949322e-01
1.278622372372372196e-01
1.278622372372372196e-01
1.278622372372372196e-01
1.272991741741742178e-01
1.304429429429429521e-01
1.295514264264264193e-01
1.278622372372372196e-01
1.278622372372372196e-01
1.270645645645645250e-01
1.272522522522521737e-01
1.309121621621621157e-01
1.276276276276275268e-01
1.282845345345343668e-01
1.278622372372372196e-01
1.270176426426427030e-01
1.272053303303303795e-01
1.273930180180180283e-01
1.275807057057057048e-01
1.277683933933933813e-01
1.274399399399398503e-01
1.278622372372372196e-01
1.271584084084083632e-01
1.273460960960960120e-01
1.275337837837836885e-01
1.266891891891891719e-01
1.278622372372372196e-01
1.278622372372372196e-01
1.271114864864865412e-01
1.272991741741742178e-01
1.274868618618618665e-01
1.276745495495495430e-01
1.278622372372372196e-01
1.268768768768768485e-01
1.270645645645645250e-01
1.272522522522521737e-01
1.274399399399398503e-01
1.276276276276275268e-01
1.269707207207206867e-01
1.268299549549550265e-01
1.270176426426427030e-01
1.272053303303303795e-01
1.273930180180180283e-01
1.266891891891891719e-01
1.266891891891891719e-01
1.267830330330330102e-01
1.269707207207206867e-01
1.271584084084083632e-01
1.273460960960960120e-01
1.266891891891891719e-01
1.266891891891891719e-01
1.267361111111112160e-01
1.269237987987988647e-01
1.271114864864865412e-01
1.272991741741742178e-01
1.274868618618618665e-01
1.266891891891891719e-01
1.266891891891891719e-01
1.268768768768768485e-01
1.270645645645645250e-01
1.266891891891891719e-01
1.266891891891891719e-01
1.266891891891891719e-01
1.266891891891891719e-01
1.268299549549550265e-01
1.270176426426427030e-01
1.266891891891891719e-01
1.266891891891891719e-01
1.266891891891891719e-01
1.266891891891891719e-01
1.267830330330330102e-01
1.266891891891891719e-01
1.266891891891891719e-01
1.266891891891891719e-01
1.266891891891891719e-01
1.266891891891891719e-01
1.266891891891891719e-01
1.266891891891891719e-01
1.266891891891891719e-01
1.266891891891891719e-01
1.266891891891891719e-01
