5.577421524663677133e-01
5.094147982062782187e-01
5.045156950672645690e-01
4.763183856502242186e-01
4.502237668161437334e-01
4.195179372197307965e-01
3.997197309417040434e-01
3.928251121076232755e-01
3.889798206278028414e-01
3.805286995515694826e-01
3.498690582959640416e-01
3.369955156950673048e-01
3.322192825112108006e-01
3.195569506726453346e-01
2.851448430493270236e-01
3.096977578475338388e-01
3.004461883408073297e-01
2.919730941704035687e-01
2.817488789237668767e-01
2.666201793721971747e-01
2.575000000000000067e-01
2.404708520179372755e-01
2.667040358744394157e-01
2.569430493273541782e-01
2.502802690582959788e-01
2.467040358744394257e-01
2.317825112107621266e-01
2.250811659192821779e-01
2.242713004484303552e-01
2.251381165919278948e-01
2.256950672645736400e-01
2.311659192825111508e-01
2.201457399103138313e-01
2.144170403587443430e-01
2.111771300448431754e-01
2.045130044843045392e-01
2.031390134529149349e-01
2.021188340807175965e-01
2.046973094170402574e-01
2.062923766816143478e-01
1.960201793721973174e-01
1.865470852017936942e-01
1.891591928251121491e-01
1.867713004484305439e-01
1.930941704035874784e-01
1.927354260089684801e-01
1.818946188340807846e-01
1.811434977578477434e-01
1.781838565022423049e-01
1.817600896860988302e-01
1.797982062780270618e-01
1.765695067264575202e-01
1.793609865470853770e-01
1.766865470852017339e-01
1.712556053811658818e-01
1.717264573991033882e-01
1.749439461883409430e-01
1.714573991031392852e-01
1.739237668161436046e-01
1.594394618834081012e-01
1.653363228699553655e-01
1.580717488789235847e-01
1.617488789237668256e-01
1.673973094170402853e-01
1.700448430493275431e-01
1.559529147982064434e-01
1.566704035874440515e-01
1.600336322869955474e-01
1.577017937219731825e-01
1.530156950672644234e-01
1.522645739910311879e-01
1.474215246636770837e-01
1.508744394618834750e-01
1.484080717488789614e-01
1.489013452914796920e-01
1.493273542600897785e-01
1.491659192825112445e-01
1.478251121076231134e-01
1.458408071748877322e-01
1.474215246636770837e-01
1.460201793721973285e-01
1.446748878923768411e-01
1.469506726457397716e-01
1.465246636771301014e-01
1.397309417040358270e-01
1.407062780269058844e-01
1.423206278026904748e-01
1.418161434977577018e-01
1.348766816143496805e-01
1.451681614349777938e-01
1.388116591928250099e-01
1.368273542600896286e-01
1.376905829596411779e-01
1.344506726457398160e-01
1.349663677130043815e-01
1.364910313901344652e-01
1.378923766816141927e-01
1.365470852017937331e-01
1.352017937219728294e-01
1.328139013452914186e-01
1.321860986547083172e-01
1.289237668161433426e-01
1.375224215246635961e-01
1.357399103139010355e-01
1.341255605381166671e-01
1.320964125560536162e-01
1.299887892376679066e-01
1.274103139013452735e-01
1.256614349775781458e-01
1.324103139013455832e-01
1.256502242152459370e-01
1.321188340807174511e-01
1.296524663677129374e-01
1.264461883408072029e-01
1.260986547085198306e-01
1.240919282511214194e-01
1.295964125560536695e-01
1.260650224215245918e-01
1.290807174887891040e-01
1.262443946188339938e-01
1.248654708520178791e-01
1.227578475336323638e-01
1.280829596412552118e-01
1.227578475336323638e-01
1.227578475336323638e-01
1.261322869955154580e-01
1.239349775784754498e-01
1.229932735426010199e-01
1.227578475336323638e-01
1.227578475336323638e-01
1.230322869955154941e-01
1.234304932735423022e-01
1.224327354260090067e-01
1.232286995515694816e-01
1.223766816143499470e-01
1.175448430493268304e-01
1.183856502242153497e-01
1.195515695067264350e-01
1.231726457399104219e-01
1.218834080717489943e-01
1.225672645739911554e-01
1.182735426008968277e-01
1.188004484304932135e-01
1.192600896860987192e-01
1.204260089686099988e-01
1.186269058295965906e-01
1.154708520179371506e-01
1.161883408071749391e-01
1.169058295964125332e-01
1.178587443946177843e-01
1.201345291479822691e-01
1.174327354260093076e-01
1.154708520179371506e-01
1.160089686098653428e-01
1.161771300448429245e-01
1.133744394618832474e-01
1.198430493273541508e-01
1.154708520179371506e-01
1.154708520179371506e-01
1.130269058295958612e-01
1.160762331838564171e-01
1.135650224215244558e-01
1.128026905829596221e-01
1.154708520179371506e-01
1.137668161434976788e-01
1.137331838565024400e-01
1.159753363228699097e-01
1.163789237668161475e-01
1.129932735426008306e-01
1.154708520179371506e-01
1.148318385650222428e-01
1.154708520179371506e-01
1.118721973094169986e-01
1.139461883408070669e-01
1.131838565022420390e-01
1.124215246636769971e-01
1.120807174887886587e-01
1.154708520179371506e-01
1.118049327354257161e-01
1.107062780269057051e-01
1.133744394618832474e-01
1.126121076233183999e-01
1.150112107623314506e-01
1.121412556053806853e-01
1.124439461883402214e-01
1.107062780269057051e-01
1.109865470852014202e-01
1.128026905829596221e-01
1.154708520179371506e-01
1.128587443946188762e-01
1.109977578475334348e-01
1.107062780269057051e-01
1.107062780269057051e-01
1.129932735426008306e-01
1.122309417040357887e-01
1.114686098654707469e-01
1.107062780269057051e-01
1.107062780269057051e-01
1.107062780269057051e-01
1.107062780269057051e-01
1.124215246636769971e-01
1.116591928251119553e-01
1.103251121076232882e-01
1.107062780269057051e-01
1.107062780269057051e-01
1.107062780269057051e-01
1.107062780269057051e-01
1.118497757847531637e-01
1.099439461883408714e-01
1.107062780269057051e-01
1.107062780269057051e-01
1.107062780269057051e-01
1.107062780269057051e-01
1.107062780269057051e-01
1.095627802690582603e-01
1.107062780269057051e-01
1.107062780269057051e-01
1.107062780269057051e-01
1.107062780269057051e-01
1.122309417040357887e-01
1.091816143497758296e-01
1.107062780269057051e-01
1.107062780269057051e-01
1.107062780269057051e-01
1.107062780269057051e-01
1.107062780269057051e-01
1.107062780269057051e-01
1.103251121076232882e-01
1.107062780269057051e-01
1.107062780269057051e-01
1.107062780269057051e-01
1.107062780269057051e-01
1.072757847533633430e-01
1.099439461883408714e-01
1.080605381165914008e-01
1.070807174887881685e-01
1.107062780269057051e-01
1.044170403587443979e-01
1.067040358744393153e-01
1.095627802690582603e-01
1.093834080717480534e-01
1.107062780269057051e-01
1.107062780269057051e-01
1.038452914798207727e-01
1.061322869955156761e-01
1.084192825112108016e-01
1.107062780269057051e-01
1.094170403587444995e-01
1.009865470852020219e-01
1.032735426008969393e-01
1.055605381165920509e-01
1.078475336322869682e-01
1.101345291479820798e-01
1.067376681614347483e-01
1.107062780269057051e-01
9.081838565022425092e-02
1.049887892376680232e-01
1.072757847533633430e-01
1.091591928251122029e-01
1.080605381165914008e-01
9.365470852017936110e-02
9.176008968609848659e-02
1.044170403587443979e-01
1.067040358744393153e-01
1.089910313901344269e-01
1.093834080717480534e-01
9.265695067264546891e-02
9.270179372197272227e-02
9.525784753363192303e-02
1.061322869955156761e-01
1.076121076233183121e-01
1.107062780269057051e-01
9.340807174887889863e-02
9.040358744394579038e-02
8.987668161434921033e-02
1.055605381165920509e-01
1.068385650224216582e-01
1.099103139013452302e-01
9.415919282511192590e-02
9.115470852017922010e-02
8.884529147982067609e-02
8.503363228699509224e-02
1.060650224215250043e-01
9.641255605381159055e-02
9.491031390134493928e-02
9.190582959641244165e-02
8.996636771300431379e-02
1.044170403587443979e-01
9.735605381165818306e-02
9.641255605381159055e-02
9.566143497757796654e-02
9.265695067264546891e-02
8.965246636771256883e-02
8.664798206278005732e-02
8.355381165919245623e-02
9.641255605381159055e-02
9.641255605381159055e-02
9.340807174887889863e-02
9.040358744394579038e-02
8.053811659192754158e-02
8.429372197309387138e-02
9.641255605381159055e-02
9.641255605381159055e-02
9.415919282511192590e-02
9.115470852017881764e-02
8.532511210762321052e-02
7.656950672645658484e-02
7.242152466367741959e-02
6.742152466367633268e-02
9.455156950672674587e-02
9.190582959641244165e-02
8.890134529147913911e-02
8.367713004484299277e-02
7.393497757847429519e-02
9.641255605381159055e-02
9.566143497757796654e-02
9.265695067264587137e-02
8.965246636771256883e-02
7.921524663677188827e-02
7.392376681614326595e-02
6.939461883407949117e-02
9.641255605381159055e-02
9.340807174887849618e-02
8.582959641255616390e-02
8.053811659192754158e-02
7.524663677130091766e-02
7.090807174887836517e-02
6.485426008968470102e-02
9.190582959641224736e-02
8.715246636771202537e-02
8.186098654708519329e-02
7.656950672645658484e-02
7.127802690582976664e-02
6.636771300448356115e-02
9.455156950672674587e-02
8.739910313901308458e-02
8.318385650224105476e-02
7.789237668161423656e-02
7.260089686098562811e-02
6.670403587443952953e-02
9.491031390134455070e-02
8.979820627802712063e-02
8.289237668161374140e-02
7.921524663676988987e-02
7.392376681614326595e-02
6.863228699551465750e-02
6.334080717488783929e-02
9.040358744394519364e-02
8.582959641255616390e-02
8.053811659192754158e-02
7.524663677130091766e-02
6.995515695067230921e-02
6.446188340807067207e-02
6.334080717488783929e-02
8.589686098654604474e-02
8.186098654708519329e-02
7.656950672645658484e-02
7.127802690582976664e-02
6.598654708520114431e-02
6.334080717488783929e-02
8.739910313901308458e-02
8.167713004484143668e-02
7.789237668161423656e-02
7.260089686098562811e-02
6.670403587443952953e-02
6.334080717488783929e-02
6.334080717488783929e-02
8.450672645739851219e-02
7.921524663676988987e-02
7.392376681614326595e-02
6.782511210762237619e-02
6.334080717488783929e-02
6.334080717488783929e-02
6.334080717488783929e-02
7.838565022421457862e-02
7.343049327354292388e-02
6.995515695067230921e-02
6.446188340807067207e-02
6.334080717488783929e-02
6.334080717488783929e-02
8.186098654708519329e-02
7.455156950672577054e-02
7.006726457399123364e-02
6.558295964125510080e-02
6.334080717488783929e-02
6.334080717488783929e-02
6.334080717488783929e-02
7.538116591928246957e-02
7.118834080717406643e-02
6.670403587443952953e-02
6.334080717488783929e-02
6.334080717488783929e-02
6.011210762331848506e-02
6.091928251121097454e-02
7.230941704035849515e-02
