1.405464212678936509e+00
1.297886843899113796e+00
1.310016814360372761e+00
1.162466712110884037e+00
1.047040218132242906e+00
9.918782094978413344e-01
9.677346057714156791e-01
9.450997500568051324e-01
9.112110883890019997e-01
9.286525789593274016e-01
8.267666439445580107e-01
8.230311292887980690e-01
7.880936150874801038e-01
7.803662803908203438e-01
7.690488525335149594e-01
7.396046353101567439e-01
6.995591910929331858e-01
7.062940240854351792e-01
7.006589411497387010e-01
6.805725971370142346e-01
6.700967961826854724e-01
6.396273574187685274e-01
6.394001363326515808e-01
6.291297432401729006e-01
6.189502385821403774e-01
6.084980686207680511e-01
6.060349920472618557e-01
6.014996591683710037e-01
5.938195864576232275e-01
5.925471483753692592e-01
5.698704839809136669e-01
5.687343785503293780e-01
5.566007725516928240e-01
5.531015678254941337e-01
5.529197909566009317e-01
5.511020222676664693e-01
5.466939331970006588e-01
5.491079300159055210e-01
5.396046353101567883e-01
5.300231765507839032e-01
5.446489434219495829e-01
5.368416269029764321e-01
5.301976823449217058e-01
5.235628266303111733e-01
5.148375369234265975e-01
5.197909566007726800e-01
5.169279709157010849e-01
5.227902749375141767e-01
5.142922063167462143e-01
5.031129288798000809e-01
5.001590547602818848e-01
5.017041581458759891e-01
5.025675982731195868e-01
4.747102931152011873e-01
4.840263576459896688e-01
4.933878663940013398e-01
4.794364917064304343e-01
4.755282890252214845e-01
4.692115428311748326e-01
4.772551692797092904e-01
4.605771415587368023e-01
4.635310156782549984e-01
4.626675755510111787e-01
4.696205407861850367e-01
4.658941149738696219e-01
4.689843217450579971e-01
4.514882981140650453e-01
4.491251988184504773e-01
4.578050443081118637e-01
4.527607361963190136e-01
4.407634628493524165e-01
4.317200636219041265e-01
4.359009316064530459e-01
4.365371506475800856e-01
4.359918200408999245e-01
4.341376959781866884e-01
4.301295160190866662e-01
4.303567371052033352e-01
4.311747330152237989e-01
4.274937514201319622e-01
4.270847534651214805e-01
4.253578732106340632e-01
4.253124289934104851e-01
4.194501249715973934e-01
4.110429447852760321e-01
4.164053624176323187e-01
4.146784821631446794e-01
4.206771188366281167e-01
4.068166325835037567e-01
4.060440808907067600e-01
4.040899795501022851e-01
4.080890706657578360e-01
4.038627584639853940e-01
4.069529652351738247e-01
4.031356509884118644e-01
3.999091115655533657e-01
4.033174278573051774e-01
4.021322426721197774e-01
4.018632129061576741e-01
4.015451033855942931e-01
3.999091115655533657e-01
3.937741422403999714e-01
3.981367870938424813e-01
3.992274483072030811e-01
3.986366734832993419e-01
3.979095660077255903e-01
3.835491933651444252e-01
3.914110429447852924e-01
3.952738014087707197e-01
3.956373551465576233e-01
3.985457850488524634e-01
3.728698023176552079e-01
3.797773233356054323e-01
3.844580777096114343e-01
3.890479436491707244e-01
3.953646898432175427e-01
3.737786866621222726e-01
3.686889343331060664e-01
3.762781186094069086e-01
3.826403090206771940e-01
3.779595546466713030e-01
3.953646898432175427e-01
3.725062485798682488e-01
3.661440581685980744e-01
3.725062485798682488e-01
3.655078391274710348e-01
3.787775505566917111e-01
3.879118382185869907e-01
3.596455351056578875e-01
3.634628493524200699e-01
3.705521472392639959e-01
3.603726425812316392e-01
3.638264030902070845e-01
3.514201317882298947e-01
3.542812997046126955e-01
3.499659168370825024e-01
3.510565780504431022e-01
3.510565780504431022e-01
3.601290615769141001e-01
3.516019086571234298e-01
3.526471256532605625e-01
3.501476937059759265e-01
3.510565780504431022e-01
3.510565780504431022e-01
3.510565780504431022e-01
3.510565780504431022e-01
3.510565780504431022e-01
3.503294705748693505e-01
3.496023630992955988e-01
3.489661440581685037e-01
3.450579413769598314e-01
3.424221767780049608e-01
3.466939331970006477e-01
3.505112474437627190e-01
3.495569188820722428e-01
3.255569188820717774e-01
3.374142240399910508e-01
3.406952965235174879e-01
3.434219495569191261e-01
3.505112474437627190e-01
3.354237673256080243e-01
3.233356055441945487e-01
3.295160190865712990e-01
3.337877755055665974e-01
3.397137014314925985e-01
3.108384458077708690e-01
3.240172688025448333e-01
3.217905021586003333e-01
3.297323335605542582e-01
3.228357191547375216e-01
3.336968870711202184e-01
3.465121563281072237e-01
3.191547375596455183e-01
3.195182912974324219e-01
3.264258123153829794e-01
3.242753919563734488e-01
3.042490343103839145e-01
3.037037037037035869e-01
3.138377641445126986e-01
3.180640763462849185e-01
3.058850261304248419e-01
3.051579186548510902e-01
3.044308111792773386e-01
3.003408316291751312e-01
3.067939104748920176e-01
3.033401499659167389e-01
3.051579186548510902e-01
3.053396955237445143e-01
3.046125880481707626e-01
3.044308111792773386e-01
3.050670302204043782e-01
3.119745512383548802e-01
3.033401499659167389e-01
3.043399227448306266e-01
3.047943649170642422e-01
3.040672574414904905e-01
3.033401499659167389e-01
3.033401499659167389e-01
3.033401499659167389e-01
3.046125880481707626e-01
2.969216087252882774e-01
2.949329697795953775e-01
3.016587139286525665e-01
3.033401499659167389e-01
3.033401499659167389e-01
2.962508520790728128e-01
3.037945921381503545e-01
2.932515337423312052e-01
2.999772778913881721e-01
3.033401499659167389e-01
2.783003862758467450e-01
2.926607589184275771e-01
3.033401499659167389e-01
2.915700977050668108e-01
2.982958418541239998e-01
3.033401499659167389e-01
3.033401499659167389e-01
2.890706657577823968e-01
2.809815950920246941e-01
2.884344467166552461e-01
2.949784139968189001e-01
3.033401499659167389e-01
2.782094978414002551e-01
2.854805725971371611e-01
2.791183821858670977e-01
2.865712338104976498e-01
2.928879800045446902e-01
2.992338104976141611e-01
2.675301067939102606e-01
2.698023176550785607e-01
2.772551692797091127e-01
2.851624630765736690e-01
2.907975460122698141e-01
2.991592819813678195e-01
3.031583730970233148e-01
2.679391047489207422e-01
2.753919563735512943e-01
2.828448079981822905e-01
2.887071120199953822e-01
2.909338786639401597e-01
2.602590320381731326e-01
2.656214496705296413e-01
2.727107475573732898e-01
2.782549420586230560e-01
2.702567598273118987e-01
2.567598273119746644e-01
2.567598273119746644e-01
2.638491251988187569e-01
2.709384230856624054e-01
2.791183821858670977e-01
2.567598273119746644e-01
2.567598273119746644e-01
2.567598273119746644e-01
2.620768007271074840e-01
2.695750965689616696e-01
2.567598273119746644e-01
2.619859122926609940e-01
2.567598273119746644e-01
2.567598273119746644e-01
2.603044762553965996e-01
2.673937741422404146e-01
2.719836400817995381e-01
2.567598273119746644e-01
2.567598273119746644e-01
2.567598273119746644e-01
2.585321517836854932e-01
2.563053851397411043e-01
2.559418314019542007e-01
2.555782776641673526e-01
2.567598273119746644e-01
2.567598273119746644e-01
2.567598273119746644e-01
2.638491251988187569e-01
2.560327198364009127e-01
2.567598273119746644e-01
2.553056123608272165e-01
2.567598273119746644e-01
2.565326062258577733e-01
2.570779368325379899e-01
2.561236082708475692e-01
2.557600545330607766e-01
2.567598273119746644e-01
2.561236082708476802e-01
2.563053851397411043e-01
2.565780504430812403e-01
2.562144967052942812e-01
2.558509429675074887e-01
2.533878663940010711e-01
2.551238354919337925e-01
2.551692797091570930e-01
2.566689388775279523e-01
2.563053851397411043e-01
2.559418314019542007e-01
2.528516246307657700e-01
2.533969552374462086e-01
2.546693933197002879e-01
2.567598273119746644e-01
2.547602817541467779e-01
2.560327198364009127e-01
2.527152919790958130e-01
2.553056123608272165e-01
2.556237218813907086e-01
2.543512837991366293e-01
2.552601681436038050e-01
2.561236082708475692e-01
2.557600545330607766e-01
2.531242899341060726e-01
2.547602817541468889e-01
2.563053851397411043e-01
2.544876164508067529e-01
2.562144967052942812e-01
2.524426266757554549e-01
2.529879572824358935e-01
2.535332878891161656e-01
2.540786184957964933e-01
2.544876164508067529e-01
2.544876164508067529e-01
2.544876164508067529e-01
2.528516246307657700e-01
2.533969552374462086e-01
2.539422858441265363e-01
2.567598273119746644e-01
2.547602817541467779e-01
2.506248579868212145e-01
2.527152919790958130e-01
2.532606225857760296e-01
2.538059531924563572e-01
2.510793001590549967e-01
2.544876164508067529e-01
2.544876164508067529e-01
2.525789593274256339e-01
2.531242899341060726e-01
2.493524199045672463e-01
2.501249715973644649e-01
2.544876164508067529e-01
2.501704158145877099e-01
2.510793001590547746e-01
2.529879572824358935e-01
2.535332878891161656e-01
2.490797546012270269e-01
2.490343103840037542e-01
2.499431947284708466e-01
2.508520790729381056e-01
2.517609634174051703e-01
2.495341967734606425e-01
2.491706430356737390e-01
2.488070892978868909e-01
2.497159736423541776e-01
2.506248579868212145e-01
2.515337423312885012e-01
2.524426266757555659e-01
2.492615314701204232e-01
2.488979777323336029e-01
2.494887525562372865e-01
2.503976369007045455e-01
2.525789593274256339e-01
2.497159736423540666e-01
2.493524199045672463e-01
2.489888661667803149e-01
2.492615314701204232e-01
2.501704158145877099e-01
2.510793001590547746e-01
2.519881845035220613e-01
2.488070892978868909e-01
2.488507157464212582e-01
2.490343103840037542e-01
2.499431947284708466e-01
2.488070892978868909e-01
2.488070892978868909e-01
2.488070892978868909e-01
2.491706430356737390e-01
2.488070892978868909e-01
2.497159736423541776e-01
2.506248579868212145e-01
2.488070892978868909e-01
2.488070892978868909e-01
2.492615314701204232e-01
2.488979777323336029e-01
2.494887525562372865e-01
2.488070892978868909e-01
2.488070892978868909e-01
2.488070892978868909e-01
2.493524199045672463e-01
2.489888661667803149e-01
2.492615314701204232e-01
2.488070892978868909e-01
2.488070892978868909e-01
2.488070892978868909e-01
2.488070892978868909e-01
2.488070892978868909e-01
2.490343103840037542e-01
2.488070892978868909e-01
2.488070892978868909e-01
2.488070892978868909e-01
2.488070892978868909e-01
