8.988999476165530078e-01
7.441906757464642475e-01
7.564169722367732884e-01
6.963017286537453998e-01
6.804609743321110571e-01
6.296490309062335866e-01
6.327920377160817234e-01
5.923205866946044118e-01
6.008381351492928513e-01
5.594552121529596800e-01
5.531691985332635175e-01
5.256678889470927096e-01
5.217391304347825942e-01
5.047983237297014592e-01
5.081194342587742607e-01
4.921424829753797692e-01
4.992142482975380213e-01
4.690937663698270255e-01
4.646411733892089058e-01
4.544264012572027389e-01
4.594028287061288629e-01
4.418543740178104140e-01
4.326872708224200337e-01
4.360921948664219783e-01
4.326872708224200337e-01
4.206390780513358241e-01
4.138292299633314908e-01
4.057097957045573966e-01
4.138292299633314908e-01
3.947092718700889735e-01
3.913043478260870844e-01
3.892928234677841548e-01
3.913043478260870844e-01
3.732215819800941414e-01
3.745416448402306142e-01
3.745416448402306142e-01
3.745416448402306142e-01
3.611838658983760886e-01
3.745416448402306142e-01
3.617077003666840929e-01
3.614457831325301185e-01
3.550235725510736962e-01
3.614457831325301185e-01
3.509690937663698662e-01
3.614457831325301185e-01
3.404924044002095584e-01
3.441592456783656440e-01
3.373493975903615327e-01
3.478260869565217850e-01
3.383027763226817419e-01
3.441592456783656440e-01
3.213724463069670967e-01
3.441592456783656440e-01
3.163960188580410282e-01
3.441592456783656440e-01
3.148245154531169043e-01
2.881089575694080751e-01
3.145625982189627634e-01
2.865374541644839512e-01
3.064431639601886692e-01
2.865374541644839512e-01
3.031220534311157566e-01
2.865374541644839512e-01
3.017286537454163531e-01
2.865374541644839512e-01
2.833944473546359255e-01
2.865374541644839512e-01
2.805133577789418742e-01
2.833944473546359255e-01
2.771084337349397075e-01
2.771084337349399296e-01
2.881089575694080751e-01
2.771084337349399296e-01
2.742273441592458227e-01
2.771084337349399296e-01
2.734415924567837886e-01
2.771084337349399296e-01
2.661079099004715620e-01
2.771084337349399296e-01
2.682032477737035792e-01
2.771084337349399296e-01
2.600838135149292629e-01
2.771084337349399296e-01
2.600838135149292629e-01
2.771084337349399296e-01
2.577265584075433269e-01
2.519643792561550022e-01
2.464641173389208184e-01
2.519643792561550022e-01
2.501309586170769039e-01
2.519643792561550022e-01
2.496071241487690107e-01
2.519643792561550022e-01
2.401781037192247670e-01
2.519643792561550022e-01
2.446306966998429422e-01
2.519643792561550022e-01
2.401781037192247670e-01
2.519643792561550022e-01
2.393923520167627328e-01
2.519643792561550022e-01
2.286537454164485061e-01
2.320586694604504785e-01
2.320586694604504785e-01
2.320586694604504785e-01
2.278679937139864442e-01
2.320586694604504785e-01
2.255107386066003139e-01
2.121529596647459825e-01
2.252488213724463395e-01
2.121529596647459825e-01
2.283918281822943652e-01
2.121529596647459825e-01
2.213200628601362796e-01
2.121529596647459825e-01
2.111052907281297797e-01
2.121529596647459825e-01
2.121529596647459825e-01
2.121529596647459825e-01
2.111052907281297797e-01
2.121529596647459825e-01
2.111052907281297797e-01
2.121529596647459825e-01
2.084861183865898693e-01
2.121529596647459825e-01
2.103195390256677455e-01
2.121529596647459825e-01
2.100576217915137711e-01
2.121529596647459825e-01
2.024620220010475979e-01
2.105814562598218864e-01
2.003666841278155808e-01
2.105814562598218864e-01
2.003666841278155808e-01
2.105814562598218864e-01
1.995809324253535189e-01
1.885804085908851790e-01
1.969617600838136084e-01
1.901519119958092752e-01
1.995809324253535189e-01
1.885804085908851790e-01
1.995809324253535189e-01
1.885804085908851790e-01
1.969617600838136084e-01
1.885804085908851790e-01
1.995809324253535189e-01
1.885804085908851790e-01
1.995809324253535189e-01
1.885804085908851790e-01
1.969617600838136084e-01
1.885804085908851790e-01
1.862231534834991875e-01
1.885804085908851790e-01
1.830801466736509953e-01
1.885804085908851790e-01
1.885804085908851790e-01
1.885804085908851790e-01
1.757464641173387687e-01
1.885804085908851790e-01
1.885804085908851790e-01
1.885804085908851790e-01
1.757464641173387687e-01
1.885804085908851790e-01
1.757464641173387687e-01
1.885804085908851790e-01
1.757464641173387687e-01
1.885804085908851790e-01
1.749607124148767068e-01
1.833420639078051362e-01
1.749607124148767068e-01
1.885804085908851790e-01
1.749607124148767068e-01
1.613410162388684288e-01
1.749607124148767068e-01
1.885804085908851790e-01
1.723415400733367686e-01
1.613410162388684288e-01
1.723415400733367686e-01
1.561026715557883859e-01
1.723415400733367686e-01
1.561026715557883859e-01
1.697223677317966639e-01
1.833420639078051362e-01
1.723415400733367686e-01
1.561026715557883859e-01
1.723415400733367686e-01
1.561026715557883859e-01
1.697223677317966639e-01
1.561026715557883859e-01
1.678889470927187877e-01
1.561026715557883859e-01
1.671031953902567535e-01
1.561026715557883859e-01
1.671031953902567535e-01
1.561026715557883859e-01
1.561026715557883859e-01
1.561026715557883859e-01
1.671031953902567535e-01
1.561026715557883859e-01
1.561026715557883859e-01
1.561026715557883859e-01
1.561026715557883859e-01
1.561026715557883859e-01
1.639601885804085335e-01
1.561026715557883859e-01
1.561026715557883859e-01
1.561026715557883859e-01
1.534834992142482812e-01
1.561026715557883859e-01
1.561026715557883859e-01
1.561026715557883859e-01
1.538606600314297301e-01
1.561026715557883859e-01
1.561026715557883859e-01
1.561026715557883859e-01
1.561026715557883859e-01
1.561026715557883859e-01
1.561026715557883859e-01
1.561026715557883859e-01
1.482451545311682384e-01
1.561026715557883859e-01
1.534834992142482812e-01
1.561026715557883859e-01
1.534834992142482812e-01
1.561026715557883859e-01
1.534834992142482812e-01
1.561026715557883859e-01
1.534834992142482812e-01
1.561026715557883859e-01
1.482451545311682384e-01
1.561026715557883859e-01
1.508643268727081765e-01
1.561026715557883859e-01
1.482451545311682384e-01
1.456259821896279394e-01
1.508643268727081765e-01
1.420639078051320892e-01
1.482451545311682384e-01
1.561026715557883859e-01
1.482451545311682384e-01
1.561026715557883859e-01
1.482451545311682384e-01
1.456259821896279394e-01
1.482451545311682384e-01
1.456259821896279394e-01
1.482451545311682384e-01
1.561026715557883859e-01
1.482451545311682384e-01
1.508643268727083708e-01
1.482451545311682384e-01
1.403876375065479243e-01
1.477213200628601508e-01
1.403876375065479243e-01
1.424829753797801080e-01
1.403876375065479243e-01
1.456259821896281337e-01
1.403876375065479243e-01
1.482451545311682384e-01
1.403876375065479243e-01
1.482451545311682384e-01
1.403876375065479243e-01
1.430068098480880290e-01
1.403876375065479243e-01
1.451021477213200461e-01
1.403876375065479243e-01
1.456259821896281337e-01
1.403876375065479243e-01
1.403876375065479243e-01
1.403876375065479243e-01
1.424829753797801080e-01
1.403876375065479243e-01
1.451021477213200461e-01
1.403876375065479243e-01
1.403876375065479243e-01
1.403876375065479243e-01
1.403876375065479243e-01
1.403876375065479243e-01
1.403876375065479243e-01
1.403876375065479243e-01
1.403876375065479243e-01
1.403876375065479243e-01
1.403876375065479243e-01
1.403876375065479243e-01
1.403876375065479243e-01
1.403876375065479243e-01
1.424829753797801080e-01
1.403876375065479243e-01
1.403876375065479243e-01
1.403876375065479243e-01
1.403876375065479243e-01
1.403876375065479243e-01
1.403876375065479243e-01
1.403876375065479243e-01
1.403876375065479243e-01
1.403876375065479243e-01
1.403876375065479243e-01
1.403876375065479243e-01
1.403876375065479243e-01
1.403876375065479243e-01
1.403876375065479243e-01
1.403876375065479243e-01
1.403876375065479243e-01
1.403876375065479243e-01
1.398638030382398090e-01
1.403876375065479243e-01
1.403876375065479243e-01
1.403876375065479243e-01
1.403876375065479243e-01
1.403876375065479243e-01
1.403876375065479243e-01
1.403876375065479243e-01
1.403876375065477300e-01
1.403876375065479243e-01
1.372446306966998986e-01
1.403876375065479243e-01
1.403876375065477300e-01
1.403876375065479243e-01
1.403876375065477300e-01
1.403876375065479243e-01
1.372446306966997043e-01
1.403876375065479243e-01
1.403876375065479243e-01
1.403876375065479243e-01
1.346254583551597939e-01
1.403876375065479243e-01
1.346254583551597939e-01
1.403876375065479243e-01
1.346254583551597939e-01
1.403876375065479243e-01
1.346254583551597939e-01
1.403876375065479243e-01
1.346254583551597939e-01
1.403876375065479243e-01
1.372446306966997043e-01
1.403876375065479243e-01
1.372446306966998986e-01
1.403876375065479243e-01
1.346254583551597939e-01
1.403876375065479243e-01
1.346254583551597939e-01
1.403876375065479243e-01
1.346254583551597939e-01
1.403876375065479243e-01
1.346254583551597939e-01
1.341016238868518728e-01
1.346254583551597939e-01
1.341016238868518728e-01
1.346254583551597939e-01
1.403876375065479243e-01
1.346254583551597939e-01
1.341016238868518728e-01
1.346254583551597939e-01
1.288632792037716635e-01
1.346254583551597939e-01
1.351492928234676871e-01
1.346254583551597939e-01
1.288632792037716635e-01
1.346254583551597939e-01
1.288632792037716635e-01
1.346254583551597939e-01
1.341016238868518728e-01
1.346254583551597939e-01
1.351492928234676871e-01
1.346254583551597939e-01
1.288632792037716635e-01
1.341016238868518728e-01
1.288632792037716635e-01
1.314824515453117681e-01
1.288632792037716635e-01
1.346254583551597939e-01
1.288632792037716635e-01
1.341016238868518728e-01
1.288632792037716635e-01
1.343635411210058195e-01
1.288632792037716635e-01
1.288632792037716635e-01
1.288632792037716635e-01
1.314824515453117681e-01
1.288632792037716635e-01
1.320062860136196614e-01
1.288632792037716635e-01
1.288632792037716635e-01
1.288632792037716635e-01
1.309586170770038471e-01
1.288632792037716635e-01
1.288632792037716635e-01
1.288632792037716635e-01
1.314824515453117681e-01
1.288632792037716635e-01
1.288632792037716635e-01
1.288632792037716635e-01
1.309586170770038471e-01
1.288632792037716635e-01
1.288632792037716635e-01
1.288632792037716635e-01
