6.335325574079899713e-01
5.674740484429066090e-01
5.441962881409249109e-01
4.976910978295061572e-01
4.888329663416169368e-01
4.404403900597672061e-01
4.322113872286882374e-01
4.020635419943378586e-01
4.045297263290342782e-01
3.815665303554576782e-01
3.636363636363635909e-01
3.564013840830449475e-01
3.497955331865366668e-01
3.309720037747717059e-01
3.302925448254168117e-01
3.262032085561497596e-01
3.202264863164517306e-01
3.063856558666245844e-01
3.095312991506763423e-01
2.846807172066688207e-01
2.875117961623152030e-01
2.790185592953758342e-01
2.875117961623152030e-01
2.645486001887384919e-01
2.692670651148159622e-01
2.639194715319282958e-01
2.692670651148159622e-01
2.544825416797734108e-01
2.485058194400754650e-01
2.507077697389115678e-01
2.485058194400754650e-01
2.400125825731360685e-01
2.434727901855929244e-01
2.315193457061967830e-01
2.396980182447309704e-01
2.308902170493867256e-01
2.396980182447309704e-01
2.154765649575338671e-01
2.139037433155079326e-01
2.142183076439130307e-01
2.139037433155079326e-01
2.129600503302925274e-01
2.132746146586977365e-01
2.069833280905944706e-01
2.120163573450771499e-01
2.035231204781378644e-01
2.120163573450771499e-01
2.010569361434413616e-01
2.069833280905945816e-01
1.975463982384398076e-01
2.000629128656811195e-01
1.972318339100344875e-01
2.000629128656811195e-01
1.938219565901225794e-01
2.000629128656811195e-01
1.822334067316764838e-01
1.906259830135263456e-01
1.821327461465869491e-01
2.000629128656811195e-01
1.802453601761561663e-01
1.648317080843031968e-01
1.774142812205096176e-01
1.553947782321483950e-01
1.761560239068891143e-01
1.553947782321483950e-01
1.739540736080529004e-01
1.553947782321483950e-01
1.717521233092167698e-01
1.553947782321483950e-01
1.679773513683549269e-01
1.553947782321483950e-01
1.711229946524064627e-01
1.553947782321483950e-01
1.597986788298206562e-01
1.535073922617175013e-01
1.535073922617173903e-01
1.535073922617175013e-01
1.541365209185279195e-01
1.535073922617175013e-01
1.519345706196916779e-01
1.535073922617175013e-01
1.519345706196916779e-01
1.535073922617175013e-01
1.519345706196916779e-01
1.535073922617175013e-01
1.503617489776658545e-01
1.535073922617175013e-01
1.519345706196916779e-01
1.491034916640452401e-01
1.497326203208554363e-01
1.491034916640452401e-01
1.491034916640452401e-01
1.491034916640452401e-01
1.459578483799937321e-01
1.491034916640452401e-01
1.428122050959420852e-01
1.491034916640452401e-01
1.453287197231835359e-01
1.491034916640452401e-01
1.430638565586659638e-01
1.491034916640452401e-01
1.443850267379679086e-01
1.491034916640452401e-01
1.428122050959420852e-01
1.453287197231834249e-01
1.421830764391316948e-01
1.491034916640452401e-01
1.419188424032714058e-01
1.390374331550801590e-01
1.415539477823214987e-01
1.390374331550801590e-01
1.371500471846491265e-01
1.352626612142183438e-01
1.365209185278389303e-01
1.352626612142183438e-01
1.365209185278389303e-01
1.352626612142183438e-01
1.365209185278389303e-01
1.352626612142183438e-01
1.349480968858132457e-01
1.352626612142183438e-01
1.334759358288770681e-01
1.352626612142183438e-01
1.349480968858132457e-01
1.352626612142183438e-01
1.333752752437874223e-01
1.352626612142183438e-01
1.333752752437874223e-01
1.352626612142183438e-01
1.327461465869770041e-01
1.352626612142183438e-01
1.327461465869770041e-01
1.352626612142183438e-01
1.327461465869770041e-01
1.352626612142183438e-01
1.283422459893048817e-01
1.352626612142183438e-01
1.277131173324944635e-01
1.352626612142183438e-01
1.327461465869770041e-01
1.201635734507708053e-01
1.277131173324944635e-01
1.201635734507708053e-01
1.277131173324944635e-01
1.201635734507708053e-01
1.207927021075810015e-01
1.201635734507708053e-01
1.270839886756842674e-01
1.201635734507708053e-01
1.270839886756842674e-01
1.201635734507708053e-01
1.201635734507708053e-01
1.201635734507708053e-01
1.270839886756842674e-01
1.201635734507708053e-01
1.270839886756842674e-01
1.201635734507708053e-01
1.201635734507708053e-01
1.201635734507708053e-01
1.201635734507708053e-01
1.201635734507708053e-01
1.201635734507708053e-01
1.201635734507708053e-01
1.189053161371499689e-01
1.201635734507708053e-01
1.189053161371499689e-01
1.201635734507708053e-01
1.189053161371499689e-01
1.201635734507708053e-01
1.182761874803397867e-01
1.201635734507708053e-01
1.189053161371499689e-01
1.201635734507708053e-01
1.182761874803397867e-01
1.201635734507708053e-01
1.182761874803397867e-01
1.201635734507708053e-01
1.182761874803397867e-01
1.201635734507708053e-01
1.182761874803397867e-01
1.201635734507708053e-01
1.182761874803397867e-01
1.201635734507708053e-01
1.182761874803397867e-01
1.201635734507708053e-01
1.182761874803397867e-01
1.201635734507708053e-01
1.182761874803397867e-01
1.163888015099087542e-01
1.182761874803397867e-01
1.163888015099087542e-01
1.182761874803397867e-01
1.163888015099087542e-01
1.182761874803397867e-01
1.163888015099087542e-01
1.163888015099087542e-01
1.163888015099087542e-01
1.182761874803397867e-01
1.163888015099087542e-01
1.163888015099087542e-01
1.163888015099087542e-01
1.163888015099087542e-01
1.163888015099087542e-01
1.163888015099087542e-01
1.163888015099087542e-01
1.163888015099087542e-01
1.163888015099087542e-01
1.163888015099087542e-01
1.163888015099087542e-01
1.163888015099087542e-01
1.163888015099087542e-01
1.163888015099087542e-01
1.163888015099087542e-01
1.135577225542623303e-01
1.163888015099087542e-01
1.163888015099087542e-01
1.163888015099087542e-01
1.161245674740483680e-01
1.163888015099087542e-01
1.163888015099087542e-01
1.163888015099087542e-01
1.132431582258573433e-01
1.163888015099087542e-01
9.782950613400438755e-02
1.163888015099087542e-01
1.016042780748662167e-01
1.163888015099087542e-01
1.049889902485054288e-01
1.163888015099087542e-01
1.126140295690469251e-01
1.163888015099087542e-01
9.782950613400438755e-02
1.163888015099087542e-01
9.782950613400438755e-02
1.163888015099087542e-01
9.751494180559928948e-02
1.163888015099087542e-01
9.782950613400438755e-02
1.163888015099087542e-01
9.594212016357336892e-02
1.163888015099087542e-01
9.782950613400438755e-02
1.163888015099087542e-01
9.594212016357336892e-02
1.163888015099087542e-01
9.756527209814400137e-02
1.163888015099087542e-01
9.594212016357336892e-02
7.549543881723808081e-02
9.594212016357336892e-02
1.163888015099087542e-01
9.594212016357336892e-02
1.163888015099087542e-01
9.594212016357336892e-02
9.155080213903304953e-02
9.594212016357336892e-02
1.050644856873230587e-01
9.436929852154765652e-02
7.549543881723808081e-02
9.594212016357336892e-02
7.549543881723808081e-02
9.594212016357336892e-02
7.549543881723808081e-02
9.436929852154765652e-02
7.549543881723808081e-02
9.594212016357336892e-02
7.549543881723808081e-02
9.462094998427153514e-02
7.549543881723808081e-02
9.594212016357336892e-02
7.549543881723808081e-02
8.870714061025480879e-02
7.549543881723808081e-02
9.562755583516827085e-02
7.549543881723808081e-02
9.436929852154765652e-02
7.549543881723808081e-02
9.405473419314255845e-02
7.549543881723808081e-02
9.405473419314255845e-02
7.549543881723808081e-02
8.084303240012583047e-02
7.549543881723808081e-02
7.549543881723808081e-02
7.549543881723808081e-02
7.549543881723808081e-02
7.549543881723808081e-02
7.549543881723808081e-02
7.549543881723808081e-02
8.447939603648871310e-02
7.549543881723808081e-02
8.084303240012583047e-02
7.549543881723808081e-02
7.549543881723808081e-02
7.549543881723808081e-02
7.549543881723808081e-02
7.549543881723808081e-02
7.549543881723808081e-02
7.549543881723808081e-02
7.549543881723808081e-02
7.549543881723808081e-02
7.549543881723808081e-02
7.549543881723808081e-02
7.549543881723808081e-02
7.549543881723808081e-02
7.549543881723808081e-02
7.549543881723808081e-02
7.549543881723808081e-02
7.549543881723808081e-02
7.549543881723808081e-02
7.549543881723808081e-02
7.549543881723808081e-02
7.549543881723808081e-02
7.549543881723808081e-02
7.549543881723808081e-02
7.549543881723808081e-02
7.549543881723808081e-02
7.549543881723808081e-02
7.549543881723808081e-02
7.549543881723808081e-02
7.549543881723808081e-02
7.549543881723808081e-02
7.549543881723808081e-02
7.549543881723808081e-02
7.549543881723808081e-02
7.549543881723808081e-02
7.549543881723808081e-02
7.549543881723808081e-02
7.549543881723808081e-02
7.518087448883298274e-02
7.549543881723808081e-02
7.385970430953105181e-02
7.549543881723808081e-02
7.549543881723808081e-02
7.549543881723808081e-02
7.360805284680717320e-02
7.549543881723808081e-02
7.360805284680717320e-02
7.549543881723808081e-02
7.523120478137769462e-02
7.549543881723808081e-02
7.518087448883298274e-02
7.549543881723808081e-02
7.360805284680717320e-02
7.549543881723808081e-02
7.360805284680717320e-02
7.549543881723808081e-02
7.392261717521227127e-02
7.549543881723808081e-02
7.360805284680717320e-02
7.549543881723808081e-02
7.360805284680717320e-02
7.234979553318644785e-02
7.360805284680717320e-02
7.234979553318644785e-02
7.360805284680717320e-02
7.486631016042788467e-02
7.360805284680717320e-02
7.486631016042788467e-02
7.360805284680717320e-02
7.234979553318644785e-02
7.360805284680717320e-02
7.234979553318644785e-02
7.360805284680717320e-02
7.549543881723808081e-02
7.360805284680717320e-02
7.549543881723808081e-02
7.360805284680717320e-02
7.486631016042788467e-02
7.360805284680717320e-02
7.549543881723808081e-02
7.360805284680717320e-02
7.172066687637625171e-02
7.360805284680717320e-02
7.549543881723808081e-02
7.360805284680717320e-02
7.234979553318644785e-02
7.360805284680717320e-02
7.486631016042788467e-02
7.360805284680717320e-02
7.172066687637625171e-02
7.360805284680717320e-02
7.172066687637625171e-02
7.360805284680717320e-02
7.486631016042788467e-02
7.329348851840207513e-02
7.172066687637625171e-02
7.360805284680717320e-02
7.172066687637625171e-02
7.360805284680717320e-02
7.172066687637625171e-02
7.360805284680717320e-02
7.172066687637625171e-02
7.360805284680717320e-02
7.172066687637625171e-02
