6.262029746281715381e-01
5.924531172733843443e-01
5.908840199322910047e-01
5.570447715774657915e-01
5.160063144280877534e-01
5.059530602152992884e-01
4.991155996804748640e-01
4.848891171212293960e-01
4.596504241317662665e-01
4.521138118604739464e-01
4.422857468903343969e-01
4.442732701890524938e-01
4.297139487998780649e-01
4.204614097150899954e-01
4.180550800715128190e-01
4.222511316520218272e-01
4.071569858115562379e-01
4.000247251702232498e-01
3.973144661265168853e-01
3.830023964395755098e-01
3.860264749515004978e-01
4.043991783635741966e-01
3.818825364220775898e-01
3.738160447335386882e-01
3.667693712199018852e-01
3.614785651793526178e-01
3.657898740918255620e-01
3.766974780326372563e-01
3.666362356879301898e-01
3.483966678078283530e-01
3.167674692837308403e-01
3.210943740728063323e-01
3.249362851382709416e-01
3.581631100460270778e-01
3.451728859979457664e-01
3.183460763056791820e-01
2.993172049146031743e-01
3.008482635322761167e-01
3.096256989615427391e-01
3.136102552398343790e-01
3.094640343870059263e-01
2.712218037962644268e-01
2.872399102286127826e-01
2.846627867168782799e-01
2.802312754383962656e-01
2.685153486249005628e-01
2.415458937198068645e-01
2.566567765985770522e-01
2.565046217048956301e-01
2.623816044733539021e-01
2.600464072425731077e-01
2.419262809540112524e-01
2.375137890372399641e-01
2.377895697820388565e-01
2.426870554224200005e-01
2.329206131842221639e-01
2.346589828445355685e-01
2.333903914184637107e-01
2.302925177831033621e-01
2.268914755220821089e-01
2.258454106280190221e-01
2.284700825440298400e-01
2.218037962645975358e-01
2.225265320095857757e-01
2.208338088173761593e-01
2.213092928601317622e-01
2.224789836053103209e-01
2.247327779679713367e-01
2.197592148807486490e-01
2.151565293468750695e-01
2.172581688158544966e-01
2.189604016889193649e-01
2.185419757312944689e-01
2.123131347711973982e-01
2.143520103465329507e-01
2.138441933888698410e-01
2.143957548784663214e-01
2.180155197991561211e-01
2.043725512571799019e-01
2.055612613640686315e-01
2.071208490243068301e-01
2.071208490243069966e-01
2.081003461523831255e-01
2.087534710335121890e-01
2.018239567880101282e-01
2.052949903001259901e-01
2.044105899805999105e-01
2.050477385978926870e-01
2.035927574270607887e-01
2.007018144471068299e-01
2.010441629578910427e-01
2.010822016813115509e-01
1.970215679561795330e-01
2.040206930655407702e-01
1.966221613602648077e-01
1.961276579557990341e-01
1.968503937007874405e-01
1.966887291262504334e-01
1.968503937007874405e-01
1.932652440184108589e-01
1.943683669976036532e-01
1.908592947620677827e-01
1.900509718893834132e-01
1.917817338050135378e-01
1.946061090189815379e-01
1.914393852942296859e-01
1.925710373159879030e-01
1.910818212940772198e-01
1.907356689109511172e-01
1.901841074213551364e-01
1.912910342728896540e-01
1.903838107193123463e-01
1.850774088021605313e-01
1.899558750808323371e-01
1.900414622085283001e-01
1.898607782722812887e-01
1.907166495492411129e-01
1.895564684849178061e-01
1.854768153980750900e-01
1.844452052189129443e-01
1.872551257179810025e-01
1.899558750808323371e-01
1.884723648674350160e-01
1.844022214614479127e-01
1.835273308227775846e-01
1.842785956103312750e-01
1.891951006124235890e-01
1.892806877401195520e-01
1.863231769941801619e-01
1.846209441211154600e-01
1.837460534824452985e-01
1.823956788010193952e-01
1.803415877363157283e-01
1.861520027387882359e-01
1.853151508235386102e-01
1.819867625242497511e-01
1.839647761421126793e-01
1.809597169918978343e-01
1.799802198638215389e-01
1.845829053976951184e-01
1.840408535889533903e-01
1.826809692266727070e-01
1.828141047586444579e-01
1.806173684811139823e-01
1.782494579481914143e-01
1.769941800753166983e-01
1.768800639050554790e-01
1.827665563543686700e-01
1.809216782684776592e-01
1.800372779489524122e-01
1.779451481608279040e-01
1.761192894366467310e-01
1.856289702917571782e-01
1.833371372056751547e-01
1.728194301799232946e-01
1.712313134771196454e-01
1.753585149682377886e-01
1.759671345429648093e-01
1.762904636920386570e-01
1.768800639050554790e-01
1.695100612423449393e-01
1.698429000722735394e-01
1.752063600745560334e-01
1.758149796492830541e-01
1.728574689033436362e-01
1.655350146449082183e-01
1.671801894328429072e-01
1.701662292213472205e-01
1.710411198600173821e-01
1.726958043288069899e-01
1.715166039027731515e-01
1.768800639050554790e-01
1.665050020921297613e-01
1.679885123055269436e-01
1.700806420936515906e-01
1.708889649663361265e-01
1.754060633725134100e-01
1.641751302826277292e-01
1.653733500703717108e-01
1.674654798584960524e-01
1.675605766670471009e-01
1.638042527292784267e-01
1.660295180493741585e-01
1.645460078359768374e-01
1.648503176233406808e-01
1.669424474114650225e-01
1.668948990071895677e-01
1.638042527292784267e-01
1.638042527292784267e-01
1.638042527292784267e-01
1.638518011335540481e-01
1.643272851763098175e-01
1.638042527292784267e-01
1.638042527292784267e-01
1.638042527292784267e-01
1.632336718779717755e-01
1.638042527292784267e-01
1.658963825174027684e-01
1.600003803872342978e-01
1.638042527292784267e-01
1.638042527292784267e-01
1.630910266651451057e-01
1.636616075164517570e-01
1.623778006010118125e-01
1.604758644299897341e-01
1.637662140058580851e-01
1.603807676214388522e-01
1.629483814523186302e-01
1.614268325155012729e-01
1.628532846437672210e-01
1.609513484727451704e-01
1.638042527292784267e-01
1.612271292175433968e-01
1.628057362394917940e-01
1.633763170907984452e-01
1.633287686865226573e-01
1.614268325155006067e-01
1.595248963444785562e-01
1.603617482597283483e-01
1.626630910266651242e-01
1.632336718779717755e-01
1.638042527292784267e-01
1.619023165582563761e-01
1.600003803872342978e-01
1.562440564494654571e-01
1.582505991098936693e-01
1.534862490014832492e-01
1.626155426223898637e-01
1.612651679409639327e-01
1.604758644299897341e-01
1.565768952793945568e-01
1.589543154931722380e-01
1.534291909163525702e-01
1.614268325155012729e-01
1.628532846437672210e-01
1.594963673019129391e-01
1.569097341093233511e-01
1.555783787896077575e-01
1.555403400661874158e-01
1.602381224086120159e-01
1.491688538932638697e-01
1.580546996842776830e-01
1.572425729392521176e-01
1.559112176195366906e-01
1.521548936817680164e-01
1.517364677241431203e-01
1.602381224086120159e-01
1.589067670888966166e-01
1.575754117691808842e-01
1.562440564494654571e-01
1.549127011297500578e-01
1.525828293202478314e-01
1.491973829358286263e-01
1.561584693217694941e-01
1.507189318726464555e-01
1.550077979383012727e-01
1.531058617672792221e-01
1.512039255962568107e-01
1.500437445319331708e-01
1.575183536840500109e-01
1.501137357830264196e-01
1.554832819810567091e-01
1.535813458100346585e-01
1.516794096390125801e-01
1.497774734679905295e-01
1.584883411312706936e-01
1.507759899577763296e-01
1.483510213397238875e-01
1.540568298527900670e-01
1.521548936817680164e-01
1.490642474038572085e-01
1.483510213397238875e-01
1.529179504735819761e-01
1.545228042146895853e-01
1.545323138955455033e-01
1.526303777245234528e-01
1.454981170831909643e-01
1.488265053824793238e-01
1.487789569782038968e-01
1.497204153828598228e-01
1.483510213397238875e-01
1.531058617672788891e-01
1.512039255962568107e-01
1.472098596371109458e-01
1.483510213397238875e-01
1.483510213397238875e-01
1.483510213397238875e-01
1.535813458100346585e-01
1.483510213397238875e-01
1.466392787858039337e-01
1.484936665525505572e-01
1.483510213397238875e-01
1.483510213397238875e-01
1.483510213397238875e-01
1.462113431473241187e-01
1.490642474038572085e-01
1.483510213397238875e-01
1.483510213397238875e-01
1.483510213397238875e-01
1.483510213397238875e-01
1.389364372931648217e-01
1.431206968694134773e-01
1.477804404884177636e-01
1.483510213397238875e-01
1.483510213397238875e-01
1.483510213397238875e-01
1.483510213397238875e-01
1.420746319753507236e-01
1.472098596371109458e-01
1.483510213397238875e-01
1.483510213397238875e-01
1.483510213397238875e-01
1.388413404846134402e-01
1.410285670812894965e-01
1.466392787858039337e-01
1.483510213397238875e-01
1.483510213397238875e-01
1.483510213397238875e-01
1.357982426109775598e-01
1.399825021872269093e-01
1.460686979344978098e-01
1.483510213397238875e-01
1.483510213397238875e-01
1.483510213397238875e-01
1.347521777169163326e-01
1.389364372931641556e-01
1.431206968694134773e-01
1.477804404884177636e-01
1.483510213397238875e-01
1.295218532466058947e-01
1.352752101639468629e-01
1.378903723991029007e-01
1.420746319753507236e-01
1.464110464452816618e-01
1.483510213397238875e-01
1.293316596295031318e-01
1.340865000570591326e-01
1.368443075050403135e-01
1.410285670812894965e-01
1.377382175054201463e-01
1.483510213397238875e-01
1.281429495226137083e-01
1.316139830347297368e-01
1.357982426109790863e-01
1.399825021872269093e-01
1.441667617634760645e-01
1.483510213397238875e-01
1.269542394157259779e-01
1.305679181406669831e-01
1.347521777169163326e-01
1.389364372931641556e-01
1.431206968694134773e-01
1.221993989881699771e-01
1.226843927117806654e-01
1.295218532466058947e-01
1.337061128228535511e-01
1.378903723991029007e-01
1.420746319753507236e-01
1.422077675073238345e-01
1.242915287762938054e-01
1.284757883525431410e-01
1.326600479287924905e-01
1.368443075050403135e-01
1.268496329263211764e-01
1.391361405911215043e-01
1.222184183498803284e-01
1.274297234584803873e-01
1.316139830347297368e-01
1.221993989881699771e-01
1.237780060101188739e-01
1.221993989881699771e-01
1.221993989881699771e-01
1.263836585644193267e-01
1.305679181406669831e-01
1.347521777169163326e-01
1.221993989881699771e-01
1.221993989881699771e-01
1.221993989881699771e-01
1.253375936703565730e-01
1.221993989881699771e-01
1.221993989881699771e-01
1.221993989881699771e-01
1.221993989881699771e-01
1.221993989881699771e-01
1.222374377115903327e-01
1.284757883525431410e-01
1.221993989881699771e-01
1.221993989881699771e-01
1.221993989881699771e-01
1.221993989881699771e-01
1.232454638822327447e-01
1.222944957967210394e-01
1.316139830347297368e-01
1.221993989881699771e-01
1.221993989881699771e-01
