7.707240293809025644e-01
6.917628541448060941e-01
6.432318992654775247e-01
5.730115424973765137e-01
5.629590766002098290e-01
4.997796432318992177e-01
4.695697796432318771e-01
4.693074501573978319e-01
3.971668415529904794e-01
4.215634837355718423e-01
3.709338929695697451e-01
3.837880377754459560e-01
3.331584470094439698e-01
3.662119622245538775e-01
3.195173137460650681e-01
3.224029380902411757e-01
3.126967471143757282e-01
3.053515215110178538e-01
2.995802728226653056e-01
2.962119622245539263e-01
2.901364113326338479e-01
2.830535152151103517e-01
2.696747114375656063e-01
2.738719832109128838e-01
2.602308499475341486e-01
2.621091290661068385e-01
2.597061909758656695e-01
2.562959076600212494e-01
2.518363064008394825e-01
2.486883525708290799e-01
2.518363064008394825e-01
2.455403987408186495e-01
2.366211962224555043e-01
2.397691500524659347e-01
2.360965372507869975e-01
2.381951731374606085e-01
2.360965372507869975e-01
2.340398740818467604e-01
2.261280167890870330e-01
2.261280167890870330e-01
2.261280167890870330e-01
2.195697796432318494e-01
2.261280167890870330e-01
2.182581322140608737e-01
2.261280167890870330e-01
2.166841552990557696e-01
2.088142707240294160e-01
2.135362014690451449e-01
2.061909758656874925e-01
2.098635886673662354e-01
2.061909758656874925e-01
2.059286463798529476e-01
1.967471143756558405e-01
2.014690451206715693e-01
1.967471143756558405e-01
2.040923399790138815e-01
1.972717733473243473e-01
2.012067156348374131e-01
1.967471143756558405e-01
1.996327387198322811e-01
1.967471143756558405e-01
1.977964323189928264e-01
1.935991605456454101e-01
1.935991605456454101e-01
1.925498426023085907e-01
1.949108079748165523e-01
1.925498426023085907e-01
1.935991605456454101e-01
1.925498426023085907e-01
1.912277019937039246e-01
1.925498426023085907e-01
1.906610703043022381e-01
1.925498426023085907e-01
1.888772298006296813e-01
1.925498426023085907e-01
1.838929695697796018e-01
1.925498426023085907e-01
1.838929695697796018e-01
1.894018887722979938e-01
1.880902413431270181e-01
1.873032528856243828e-01
1.883525708289611744e-01
1.904512067156349797e-01
1.781217208814272479e-01
1.873032528856243828e-01
1.796956977964323798e-01
1.873032528856243828e-01
1.781217208814272479e-01
1.657922350472193218e-01
1.768100734522561057e-01
1.657922350472193218e-01
1.765477439664217552e-01
1.873032528856243828e-01
1.768100734522561057e-01
1.867785939139558760e-01
1.760230849947534426e-01
1.867785939139558760e-01
1.760230849947534426e-01
1.652675760755508150e-01
1.752360965372507795e-01
1.652675760755508150e-01
1.736621196222454810e-01
1.652675760755508150e-01
1.747114375655823004e-01
1.652675760755508150e-01
1.741867785939139879e-01
1.652675760755508150e-01
1.697271773347324153e-01
1.652675760755508150e-01
1.720881427072403769e-01
1.652675760755508150e-01
1.697271773347324153e-01
1.652675760755508150e-01
1.629066107030430477e-01
1.652675760755508150e-01
1.629066107030430477e-01
1.652675760755508150e-01
1.631689401888772040e-01
1.605456453305350861e-01
1.615949632738719055e-01
1.605456453305350861e-01
1.605456453305350861e-01
1.579223504721929683e-01
1.592339979013639439e-01
1.579223504721929683e-01
1.592339979013639439e-01
1.579223504721929683e-01
1.592339979013639439e-01
1.579223504721929683e-01
1.579223504721929683e-01
1.626442812172087249e-01
1.539874081846797083e-01
1.579223504721929683e-01
1.526757607555087604e-01
1.579223504721929683e-01
1.513641133263377847e-01
1.579223504721929683e-01
1.521511017838404478e-01
1.579223504721929683e-01
1.513641133263377847e-01
1.579223504721929683e-01
1.516264428121721353e-01
1.579223504721929683e-01
1.513641133263377847e-01
1.579223504721929683e-01
1.505771248688351216e-01
1.579223504721929683e-01
1.490031479538302117e-01
1.579223504721929683e-01
1.490031479538298231e-01
1.358866736621196225e-01
1.469045120671562121e-01
1.543966421825806734e-01
1.469045120671562121e-01
1.400839454354668723e-01
1.469045120671562121e-01
1.579223504721929683e-01
1.469045120671562121e-01
1.579223504721929683e-01
1.469045120671562121e-01
1.579223504721929683e-01
1.469045120671562121e-01
1.358866736621196225e-01
1.463798530954878996e-01
1.358866736621196225e-01
1.469045120671562121e-01
1.358866736621196225e-01
1.463798530954878996e-01
1.358866736621196225e-01
1.455928646379852365e-01
1.358866736621196225e-01
1.463798530954878996e-01
1.358866736621196225e-01
1.371983210912905982e-01
1.358866736621196225e-01
1.442812172088142886e-01
1.358866736621196225e-01
1.379853095487932335e-01
1.358866736621196225e-01
1.371983210912905982e-01
1.358866736621196225e-01
1.362749213011540950e-01
1.358866736621196225e-01
1.358866736621196225e-01
1.358866736621196225e-01
1.353620146904511157e-01
1.358866736621196225e-01
1.358866736621196225e-01
1.358866736621196225e-01
1.350996852046169594e-01
1.358866736621196225e-01
1.358866736621196225e-01
1.358866736621196225e-01
1.358866736621196225e-01
1.358866736621196225e-01
1.353620146904511157e-01
1.358866736621196225e-01
1.350996852046169594e-01
1.358866736621196225e-01
1.350996852046169594e-01
1.358866736621196225e-01
1.345750262329484803e-01
1.358866736621196225e-01
1.353620146904511157e-01
1.358866736621196225e-01
1.353620146904511157e-01
1.348373557187828031e-01
1.345750262329484803e-01
1.358866736621196225e-01
1.345750262329484803e-01
1.348373557187828031e-01
1.345750262329484803e-01
1.348373557187828031e-01
1.345750262329484803e-01
1.348373557187828031e-01
1.345750262329484803e-01
1.343126967471143240e-01
1.345750262329484803e-01
1.332633788037775047e-01
1.345750262329484803e-01
1.343126967471143240e-01
1.345750262329484803e-01
1.332633788037775047e-01
1.345750262329484803e-01
1.332633788037775047e-01
1.340503672612801678e-01
1.332633788037775047e-01
1.340503672612801678e-01
1.348373557187828031e-01
1.337880377754460115e-01
1.332633788037775047e-01
1.337880377754460115e-01
1.332633788037775047e-01
1.337880377754460115e-01
1.332633788037775047e-01
1.332633788037775047e-01
1.332633788037775047e-01
1.337880377754460115e-01
1.332633788037775047e-01
1.332633788037775047e-01
1.332633788037775047e-01
1.340503672612801678e-01
1.332633788037775047e-01
1.337880377754460115e-01
1.332633788037775047e-01
1.332633788037775047e-01
1.332633788037775047e-01
1.332633788037775047e-01
1.332633788037775047e-01
1.332633788037775047e-01
1.332633788037775047e-01
1.332633788037775047e-01
1.332633788037775047e-01
1.332633788037775047e-01
1.332633788037775047e-01
1.332633788037775047e-01
1.332633788037775047e-01
1.238195173137460470e-01
1.332633788037775047e-01
1.332633788037775047e-01
1.332633788037775047e-01
1.332633788037775047e-01
1.332633788037775047e-01
1.238195173137460470e-01
1.332633788037775047e-01
1.316369359916053083e-01
1.332633788037775047e-01
1.232948583420777344e-01
1.332633788037775047e-01
1.232948583420777344e-01
1.332633788037775047e-01
1.232948583420777344e-01
1.332633788037775047e-01
1.332633788037775047e-01
1.332633788037775047e-01
1.232948583420777344e-01
1.332633788037775047e-01
1.232948583420777344e-01
1.332633788037775047e-01
1.235571878279118907e-01
1.332633788037775047e-01
1.230325288562435782e-01
1.332633788037775047e-01
1.230325288562435782e-01
1.332633788037775047e-01
1.230325288562435782e-01
1.332633788037775047e-01
1.232948583420777344e-01
1.332633788037775047e-01
1.230325288562435782e-01
1.332633788037775047e-01
1.230325288562435782e-01
1.133263378803777699e-01
1.230325288562435782e-01
1.327387198321091921e-01
1.230325288562435782e-01
1.332633788037775047e-01
1.230325288562435782e-01
1.327387198321091921e-01
1.230325288562435782e-01
1.327387198321091921e-01
1.230325288562435782e-01
1.133263378803777699e-01
1.230325288562435782e-01
1.128016789087094573e-01
1.230325288562435782e-01
1.128016789087094573e-01
1.230325288562435782e-01
1.128016789087094573e-01
1.217208814270724221e-01
1.128016789087094573e-01
1.230325288562435782e-01
1.128016789087094573e-01
1.230325288562435782e-01
1.128016789087094573e-01
1.227701993704094219e-01
1.128016789087094573e-01
1.230325288562435782e-01
1.128016789087094573e-01
1.217208814270724221e-01
1.128016789087094573e-01
1.230325288562435782e-01
1.128016789087094573e-01
1.217208814270724221e-01
1.128016789087094573e-01
1.230325288562435782e-01
1.128016789087094573e-01
1.214585519412382658e-01
1.128016789087094573e-01
1.214585519412382658e-01
1.128016789087094573e-01
1.151626442812172246e-01
1.128016789087094573e-01
1.227701993704094219e-01
1.128016789087094573e-01
1.219832109129067726e-01
1.128016789087094573e-01
1.128016789087094573e-01
1.128016789087094573e-01
1.128016789087094573e-01
1.128016789087094573e-01
1.128016789087094573e-01
1.128016789087094573e-01
1.128016789087094573e-01
1.128016789087094573e-01
1.128016789087094573e-01
1.128016789087094573e-01
1.128016789087094573e-01
1.128016789087094573e-01
1.128016789087094573e-01
1.128016789087094573e-01
1.151626442812172246e-01
1.128016789087094573e-01
1.128016789087094573e-01
1.128016789087094573e-01
1.128016789087094573e-01
1.128016789087094573e-01
1.128016789087094573e-01
1.128016789087094573e-01
1.128016789087094573e-01
1.128016789087094573e-01
1.128016789087094573e-01
1.128016789087094573e-01
1.128016789087094573e-01
1.128016789087094573e-01
1.128016789087094573e-01
1.128016789087094573e-01
1.128016789087094573e-01
1.128016789087094573e-01
1.128016789087094573e-01
1.128016789087094573e-01
1.128016789087094573e-01
1.128016789087094573e-01
1.128016789087094573e-01
1.128016789087094573e-01
1.128016789087094573e-01
1.128016789087094573e-01
1.128016789087094573e-01
1.128016789087094573e-01
1.128016789087094573e-01
1.128016789087094573e-01
1.128016789087094573e-01
1.128016789087094573e-01
1.128016789087094573e-01
1.128016789087094573e-01
1.128016789087094573e-01
1.128016789087094573e-01
1.128016789087094573e-01
1.128016789087094573e-01
1.128016789087094573e-01
1.128016789087094573e-01
1.128016789087094573e-01
1.128016789087094573e-01
1.128016789087094573e-01
1.128016789087094573e-01
