9.030906233630172641e-01
7.647983237297014680e-01
7.433211105290729037e-01
6.796752226296489674e-01
6.809848088004191169e-01
6.354112100576216893e-01
6.495547407019381936e-01
5.890518596123625050e-01
6.008381351492928513e-01
5.555264536406497866e-01
5.531691985332635175e-01
5.257097957045573366e-01
5.217391304347825942e-01
5.018334206390780983e-01
5.065479308538503034e-01
4.863803038239916110e-01
4.840230487166054529e-01
4.698795180722891707e-01
4.803562074384493674e-01
4.662126767941331962e-01
4.594028287061288629e-01
4.451231011000522653e-01
4.468308014667363715e-01
4.347826086956523284e-01
4.222105814562597814e-01
4.112100576217914139e-01
4.138292299633314908e-01
4.054478784704032557e-01
4.138292299633314908e-01
3.965426925091671273e-01
3.913043478260870844e-01
3.936616029334730760e-01
3.913043478260870844e-01
3.799057097957046492e-01
3.913043478260870844e-01
3.753273965426926484e-01
3.745416448402306142e-01
3.593504452592980458e-01
3.745416448402306142e-01
3.618753273965424344e-01
3.614457831325301185e-01
3.541121005762178919e-01
3.614457831325301185e-01
3.543740178103719773e-01
3.614457831325301185e-01
3.497852278679934868e-01
3.614457831325301185e-01
3.462545835515976611e-01
3.441592456783656440e-01
3.308014667365113404e-01
3.441592456783656440e-01
3.258250392875852719e-01
3.441592456783656440e-01
3.163960188580410282e-01
3.441592456783656440e-01
3.145625982189627634e-01
2.881089575694080751e-01
3.129910948140386395e-01
2.867888947092716023e-01
3.061812467260345283e-01
2.865374541644839512e-01
3.114195914091147377e-01
2.865374541644839512e-01
2.904662126767942332e-01
2.865374541644839512e-01
2.881089575694080751e-01
2.865374541644839512e-01
2.881089575694080751e-01
2.802514405447878998e-01
2.781561026715558826e-01
2.771084337349399296e-01
2.789418543740177503e-01
2.771084337349399296e-01
2.726558407543217544e-01
2.771084337349399296e-01
2.757988475641697801e-01
2.771084337349399296e-01
2.689889994761656133e-01
2.771084337349399296e-01
2.661079099004715620e-01
2.771084337349399296e-01
2.600838135149292629e-01
2.771084337349399296e-01
2.545835515976950791e-01
2.771084337349399296e-01
2.645364064955474381e-01
2.519643792561550022e-01
2.519643792561550022e-01
2.682032477737035792e-01
2.541435306443164399e-01
2.519643792561550022e-01
2.496909376636982925e-01
2.519643792561550022e-01
2.454164484023048098e-01
2.519643792561550022e-01
2.435830277632267393e-01
2.519643792561550022e-01
2.401781037192247670e-01
2.519643792561550022e-01
2.401781037192247670e-01
2.519643792561550022e-01
2.393923520167627328e-01
2.320586694604504785e-01
2.286537454164485061e-01
2.320586694604504785e-01
2.320586694604504785e-01
2.519643792561550022e-01
2.221058145625983138e-01
2.121529596647459825e-01
2.213200628601362796e-01
2.121529596647459825e-01
2.213200628601362796e-01
2.121529596647459825e-01
2.213200628601362796e-01
2.121529596647459825e-01
2.139863803038240253e-01
2.121529596647459825e-01
2.221058145625983138e-01
2.121529596647459825e-01
2.095337873232058779e-01
2.121529596647459825e-01
2.111052907281297797e-01
2.121529596647459825e-01
2.032477737035096321e-01
2.121529596647459825e-01
2.077003666841278073e-01
2.121529596647459825e-01
2.077003666841278073e-01
2.121529596647459825e-01
2.024620220010475979e-01
2.121529596647459825e-01
2.016762702985855360e-01
2.121529596647459825e-01
2.003666841278155808e-01
1.885804085908851790e-01
2.003666841278155808e-01
1.885804085908851790e-01
2.003666841278155808e-01
1.901519119958092752e-01
1.995809324253535189e-01
1.885804085908851790e-01
1.969617600838136084e-01
1.885804085908851790e-01
1.995809324253535189e-01
1.885804085908851790e-01
1.969617600838136084e-01
1.885804085908851790e-01
1.969617600838136084e-01
1.885804085908851790e-01
1.917234154007333713e-01
1.885804085908851790e-01
1.888423258250393200e-01
1.885804085908851790e-01
1.969617600838136084e-01
1.885804085908851790e-01
1.856993190151911000e-01
1.885804085908851790e-01
1.788894709271869610e-01
1.885804085908851790e-01
1.888423258250393200e-01
1.885804085908851790e-01
1.856993190151911000e-01
1.885804085908851790e-01
1.723415400733367686e-01
1.885804085908851790e-01
1.749607124148767068e-01
1.885804085908851790e-01
1.749607124148767068e-01
1.885804085908851790e-01
1.749607124148767068e-01
1.885804085908851790e-01
1.723415400733367686e-01
1.561026715557883859e-01
1.757464641173387687e-01
1.833420639078051362e-01
1.723415400733367686e-01
1.841801990570971215e-01
1.723415400733367686e-01
1.561026715557883859e-01
1.723415400733367686e-01
1.561026715557883859e-01
1.723415400733367686e-01
1.561026715557883859e-01
1.723415400733367686e-01
1.561026715557883859e-01
1.705081194342589201e-01
1.561026715557883859e-01
1.723415400733367686e-01
1.561026715557883859e-01
1.697223677317968582e-01
1.561026715557883859e-01
1.671031953902567535e-01
1.561026715557883859e-01
1.697223677317968582e-01
1.561026715557883859e-01
1.697223677317968582e-01
1.561026715557883859e-01
1.561026715557883859e-01
1.561026715557883859e-01
1.671031953902567535e-01
1.561026715557883859e-01
1.561026715557883859e-01
1.561026715557883859e-01
1.561026715557883859e-01
1.561026715557883859e-01
1.639601885804085335e-01
1.561026715557883859e-01
1.534834992142482812e-01
1.561026715557883859e-01
1.561026715557883859e-01
1.561026715557883859e-01
1.508643268727081765e-01
1.561026715557883859e-01
1.561026715557883859e-01
1.561026715557883859e-01
1.534834992142482812e-01
1.561026715557883859e-01
1.561026715557883859e-01
1.561026715557883859e-01
1.534834992142482812e-01
1.561026715557883859e-01
1.534834992142482812e-01
1.561026715557883859e-01
1.508643268727083708e-01
1.561026715557883859e-01
1.508643268727081765e-01
1.561026715557883859e-01
1.534834992142482812e-01
1.508643268727083708e-01
1.482451545311682384e-01
1.561026715557883859e-01
1.534834992142482812e-01
1.508643268727083708e-01
1.482451545311682384e-01
1.561026715557883859e-01
1.482451545311682384e-01
1.561026715557883859e-01
1.482451545311682384e-01
1.456259821896279394e-01
1.482451545311682384e-01
1.456259821896279394e-01
1.482451545311682384e-01
1.561026715557883859e-01
1.482451545311682384e-01
1.508643268727083708e-01
1.482451545311682384e-01
1.403876375065479243e-01
1.482451545311682384e-01
1.403876375065479243e-01
1.477213200628601508e-01
1.456259821896279394e-01
1.482451545311682384e-01
1.403876375065479243e-01
1.430068098480880290e-01
1.403876375065479243e-01
1.456259821896281337e-01
1.403876375065479243e-01
1.451021477213200461e-01
1.403876375065479243e-01
1.455212152959662331e-01
1.403876375065479243e-01
1.424829753797801080e-01
1.403876375065479243e-01
1.403876375065479243e-01
1.403876375065479243e-01
1.403876375065479243e-01
1.403876375065479243e-01
1.451021477213200461e-01
1.403876375065479243e-01
1.403876375065479243e-01
1.403876375065479243e-01
1.403876375065479243e-01
1.403876375065479243e-01
1.403876375065479243e-01
1.403876375065479243e-01
1.407228915662648294e-01
1.403876375065479243e-01
1.403876375065479243e-01
1.403876375065479243e-01
1.403876375065479243e-01
1.403876375065479243e-01
1.403876375065479243e-01
1.403876375065479243e-01
1.403876375065479243e-01
1.403876375065479243e-01
1.403876375065479243e-01
1.403876375065479243e-01
1.403876375065479243e-01
1.403876375065479243e-01
1.403876375065479243e-01
1.403876375065479243e-01
1.403876375065479243e-01
1.403876375065479243e-01
1.403876375065479243e-01
1.403876375065479243e-01
1.403876375065479243e-01
1.403876375065479243e-01
1.403876375065479243e-01
1.403876375065479243e-01
1.403876375065479243e-01
1.403876375065479243e-01
1.403876375065479243e-01
1.403876375065479243e-01
1.403876375065479243e-01
1.403876375065479243e-01
1.403876375065479243e-01
1.403876375065479243e-01
1.403876375065479243e-01
1.403876375065479243e-01
1.372446306966998986e-01
1.403876375065479243e-01
1.403876375065479243e-01
1.403876375065479243e-01
1.403876375065479243e-01
1.403876375065479243e-01
1.377684651650078196e-01
1.403876375065479243e-01
1.403876375065477300e-01
1.403876375065479243e-01
1.403876375065477300e-01
1.403876375065479243e-01
1.372446306966998986e-01
1.403876375065479243e-01
1.377684651650078196e-01
1.403876375065479243e-01
1.377684651650078196e-01
1.403876375065479243e-01
1.372446306966997043e-01
1.403876375065479243e-01
1.346254583551597939e-01
1.403876375065479243e-01
1.346254583551597939e-01
1.351492928234676871e-01
1.377684651650078196e-01
1.359874279727596724e-01
1.346254583551597939e-01
1.403876375065479243e-01
1.372446306966997043e-01
1.403876375065479243e-01
1.346254583551597939e-01
1.403876375065479243e-01
1.346254583551597939e-01
1.403876375065479243e-01
1.346254583551597939e-01
1.341016238868518728e-01
1.346254583551597939e-01
1.351492928234676871e-01
1.346254583551597939e-01
1.341016238868518728e-01
1.346254583551597939e-01
1.403876375065479243e-01
1.346254583551597939e-01
1.351492928234676871e-01
1.346254583551597939e-01
1.351492928234676871e-01
1.346254583551597939e-01
1.341016238868518728e-01
1.346254583551597939e-01
1.403876375065479243e-01
1.346254583551597939e-01
1.288632792037716635e-01
1.346254583551597939e-01
1.288632792037716635e-01
1.346254583551597939e-01
1.288632792037716635e-01
1.346254583551597939e-01
1.341016238868518728e-01
1.346254583551597939e-01
1.288632792037716635e-01
1.346254583551597939e-01
1.288632792037716635e-01
1.346254583551597939e-01
1.288632792037716635e-01
1.346254583551597939e-01
1.288632792037716635e-01
1.314824515453117681e-01
1.341016238868518728e-01
1.288632792037716635e-01
1.288632792037716635e-01
1.346254583551597939e-01
1.288632792037716635e-01
1.309586170770038471e-01
1.288632792037716635e-01
1.346254583551597939e-01
1.288632792037716635e-01
1.309586170770038471e-01
1.288632792037716635e-01
1.314824515453117681e-01
1.288632792037716635e-01
1.288632792037716635e-01
1.288632792037716635e-01
1.309586170770038471e-01
1.288632792037716635e-01
1.288632792037716635e-01
1.288632792037716635e-01
