5.942189050668188477e-01
5.819405359109263154e-01
5.592397732370814056e-01
5.575844583112414821e-01
5.418247073697947114e-01
4.980600078850415113e-01
4.830376442758680389e-01
4.673926342836169923e-01
4.617686963851163617e-01
4.343325584240793069e-01
4.470410701904645179e-01
4.185189716818247807e-01
4.162214337180690227e-01
4.032720203379691060e-01
3.953124787579698762e-01
3.849009611593730562e-01
3.795695854915234757e-01
3.690726919259894601e-01
3.617466726484223072e-01
3.583816631999673374e-01
3.656620036162433474e-01
3.463300569626278080e-01
3.279905379501611429e-01
3.189260029636879490e-01
3.209755699661487882e-01
3.279905379501611429e-01
3.293174001114782534e-01
2.937721766793100486e-01
2.933643297034953523e-01
2.911755509332900616e-01
3.020786600867356730e-01
2.955639843930560895e-01
2.877768261348341849e-01
2.847043789170302097e-01
2.795655070217656912e-01
2.768873118805822431e-01
2.782875864975459801e-01
2.725358565466236560e-01
2.783979770790002695e-01
2.748480770015091501e-01
2.750498253055455589e-01
2.656443302472911716e-01
2.623271748439985340e-01
2.585341979689220748e-01
2.583574642794023157e-01
2.612395829084928067e-01
2.538847424446347700e-01
2.548635751865898635e-01
2.495343747026116665e-01
2.473455959324060427e-01
2.470736979485297358e-01
2.470193183517544466e-01
2.452595946001059346e-01
2.464891172831952804e-01
2.364017020813790892e-01
2.367823592588061965e-01
2.347159345813450426e-01
2.335005505934173164e-01
2.388079992386856198e-01
2.384001522628710346e-01
2.325815354079149300e-01
2.249955816577619283e-01
2.313715893796645384e-01
2.306102750248106847e-01
2.254985929279333945e-01
2.350965917587721499e-01
2.232962192585338512e-01
2.218551599439890221e-01
2.262599072827873592e-01
2.241391030085511660e-01
2.230797884633686223e-01
2.198974944600785575e-01
2.207675680084832115e-01
2.133447530486556887e-01
2.103810650244027636e-01
2.146362684720693192e-01
2.196255964762021395e-01
2.196255964762022506e-01
2.095686338485800160e-01
2.027135418790867727e-01
2.002800549233925420e-01
2.083418301453290877e-01
2.131272346615551705e-01
2.167434778471117318e-01
2.049838900444553857e-01
1.995731201653137277e-01
1.990972986935301003e-01
2.010957488750219346e-01
2.011550226355070803e-01
2.072950229074061179e-01
2.051334339355873337e-01
1.997090691572518950e-01
1.963511290563780820e-01
1.931748168087329132e-01
1.933466563345430655e-01
1.870930027053848144e-01
2.052829778267193928e-01
1.952227524232910127e-01
1.908044101852981456e-01
1.867939149231206963e-01
1.851625270198621609e-01
1.838710115964488911e-01
1.820492951044767049e-01
1.853664505077692592e-01
1.845235667577523053e-01
1.840341503867751194e-01
1.749663526244952805e-01
1.828785839552998782e-01
1.706431746808595440e-01
1.873920904876490434e-01
1.776037630680958879e-01
1.722473727857309622e-01
1.735660780075314602e-01
1.745585056486807229e-01
1.720162594994353311e-01
1.886292263142864412e-01
1.774134344793831808e-01
1.710510216566742403e-01
1.678970050437075257e-01
1.729613768913892680e-01
1.709966420598988401e-01
1.678970050437075257e-01
1.678970050437075257e-01
1.692429000638959458e-01
1.666353983985207621e-01
1.669181723017522934e-01
1.670133365961090632e-01
1.678698152453198256e-01
1.632067648218386013e-01
1.678970050437075257e-01
1.635330424024907803e-01
1.607596829669502292e-01
1.668366029065894429e-01
1.670813110920780220e-01
1.633563087129707714e-01
1.678018407493508668e-01
1.649061272210663176e-01
1.545332191361800389e-01
1.651780252049429853e-01
1.680329540356455542e-01
1.642671669589566841e-01
1.579047541362478824e-01
1.651780252049429853e-01
1.562733662329887641e-01
1.475182511521674344e-01
1.649061272210665396e-01
1.651780252049429853e-01
1.593594083499866310e-01
1.627581331484421745e-01
1.501420666965740114e-01
1.481164267166949489e-01
1.383280992971431256e-01
1.648245578259036892e-01
1.604877849830740333e-01
1.542341313539158931e-01
1.479804777247576419e-01
1.400274616963716745e-01
1.446225376238843285e-01
1.650420762130048180e-01
1.606101390758179204e-01
1.551585844990955032e-01
1.485242736925102558e-01
1.429231752246555298e-01
1.432222630069198976e-01
1.341680601438343390e-01
1.628532974427996660e-01
1.537583098821311833e-01
1.500197126038303741e-01
1.431542885109502172e-01
1.445137784303325568e-01
1.344535530269040657e-01
1.243933276234756857e-01
1.506042932691655512e-01
1.515151515151515749e-01
1.455333958698689090e-01
1.402721698818589491e-01
1.322103946599231250e-01
1.260415732017343693e-01
1.249235286920347271e-01
1.479668828255636115e-01
1.462811153255298147e-01
1.400274616963716745e-01
1.333523661922041137e-01
1.269491686719137757e-01
1.560286580474992968e-01
1.497750044183415452e-01
1.478445287328191415e-01
1.415908751036610014e-01
1.345623122204548661e-01
1.319384966760474565e-01
1.244613021194447555e-01
1.247332001033212984e-01
1.429231752246548082e-01
1.431542885109502172e-01
1.357722582487048968e-01
1.295050097203527262e-01
1.243933276234756857e-01
1.246652256073521037e-01
1.243933276234756857e-01
1.331756325026841048e-01
1.358946123414490059e-01
1.307829302445718545e-01
1.256712481476947862e-01
1.243933276234756857e-01
1.243933276234756857e-01
1.243933276234756857e-01
1.371725328656689669e-01
1.320608507687908439e-01
1.269491686719137757e-01
1.245292766154139502e-01
1.243933276234756857e-01
1.207906793371127940e-01
1.283630381880716542e-01
1.324094239841212273e-01
1.266772706880379684e-01
1.243933276234756857e-01
1.243933276234756857e-01
1.198254414943514673e-01
1.209674130266325531e-01
1.223676876435957767e-01
1.226123958290849802e-01
1.243933276234756857e-01
1.183979770790000580e-01
1.200837445790339797e-01
1.206819201435623407e-01
1.237135826637837249e-01
1.295593893171280153e-01
1.249507184904223162e-01
1.222317386516578730e-01
1.192544557282108064e-01
1.203964272604918923e-01
1.173919545386570007e-01
1.196487078048321939e-01
1.172560055467189721e-01
1.179629403047979114e-01
1.189689628451405939e-01
1.201109343774216798e-01
1.172560055467189721e-01
1.173511698410756310e-01
1.172560055467189721e-01
1.168209687725164647e-01
1.150808216757071289e-01
1.198254414943514673e-01
1.172560055467189721e-01
1.172560055467189721e-01
1.172560055467189721e-01
1.172560055467189721e-01
1.155158584499097613e-01
1.137757113531000785e-01
1.172560055467189721e-01
1.172560055467189721e-01
1.172560055467189721e-01
1.172560055467189721e-01
1.159508952241120328e-01
1.142107481273025860e-01
1.172560055467189721e-01
1.172560055467189721e-01
1.172560055467189721e-01
1.172560055467189721e-01
1.163859319983141932e-01
1.129328276030832356e-01
1.100507089739929528e-01
1.172560055467189721e-01
1.172560055467189721e-01
1.172560055467189721e-01
1.168209687725164647e-01
1.150808216757071289e-01
1.107712386312654229e-01
1.172560055467189721e-01
1.172560055467189721e-01
1.172560055467189721e-01
1.172560055467189721e-01
1.143738869176286893e-01
1.114917682885377959e-01
1.086096496594474992e-01
1.172560055467189721e-01
1.172560055467189721e-01
1.172560055467189721e-01
1.150944165749011594e-01
1.122122979458107517e-01
1.093301793167204689e-01
1.064480606876296864e-01
1.172560055467189721e-01
1.162227932079887005e-01
1.158149462321735323e-01
1.129328276030832356e-01
1.100507089739929528e-01
1.071685903449026561e-01
1.042864717158123733e-01
1.045447748004951216e-01
1.165354758894460024e-01
1.136533572603557196e-01
1.107712386312654229e-01
1.054012534497057452e-01
1.131231561917970391e-01
1.000584580665334067e-01
1.172560055467189721e-01
1.143738869176286893e-01
1.114917682885377959e-01
1.086096496594474992e-01
1.126065500224318894e-01
1.002623815544407548e-01
1.010101010100994956e-01
1.149720624821566894e-01
1.122122979458102660e-01
1.020976929456068605e-01
1.025735144173908625e-01
1.004663050423482140e-01
9.965061109071872425e-02
9.924276411490415284e-02
1.126881194175943929e-01
1.023016164335140837e-01
1.014859224818848299e-01
1.006702285302553262e-01
9.985453457862618343e-02
9.924276411490415284e-02
1.031173103851435874e-01
1.025055399214214319e-01
1.016898459697922891e-01
1.008741520181627854e-01
1.000584580665332818e-01
9.924276411490415284e-02
8.953600609051530490e-02
1.023831858286770730e-01
1.018937694576993874e-01
1.010780755060702585e-01
9.924276411490415284e-02
9.944668760281125119e-02
1.036067267561210231e-01
8.994385306632987631e-02
1.020976929456068605e-01
1.012819989939773568e-01
1.004663050423482140e-01
9.965061109071872425e-02
9.924276411490415284e-02
9.114020419538600148e-02
1.023016164335140837e-01
1.014859224818848299e-01
1.006702285302553262e-01
9.924276411490415284e-02
8.684421605013821488e-02
8.891064072759888304e-02
9.097706540506014794e-02
1.011596449012328730e-01
9.924276411490415284e-02
1.000584580665332818e-01
8.632760988077270436e-02
8.839403455823410805e-02
9.977296518346331911e-02
1.014043530867218407e-01
1.010780755060702585e-01
8.993025816713548504e-02
8.704813953804459159e-02
8.873390703807935986e-02
8.994385306632987631e-02
9.201027774379054447e-02
1.006702285302553262e-01
9.924276411490415284e-02
8.776866919531754740e-02
8.736082221950297599e-02
8.942724689696437967e-02
9.149367157442576948e-02
9.924276411490415284e-02
9.063719292521392468e-02
8.848919885259051710e-02
8.684421605013821488e-02
8.891064072759888304e-02
9.097706540506014794e-02
8.632760988077270436e-02
9.150944165748990666e-02
8.920972850986251534e-02
8.632760988077270436e-02
8.839403455823410805e-02
9.046045923569465130e-02
8.987587857036080652e-02
9.281237679622625358e-02
8.911456421550610629e-02
8.632760988077270436e-02
8.787742838886848651e-02
8.827168046549010993e-02
8.915534891308783683e-02
8.632760988077270436e-02
8.987587857036055672e-02
8.683062115094380973e-02
8.649292385496940017e-02
8.942724689696437967e-02
8.632760988077270436e-02
8.632760988077270436e-02
9.063719292521392468e-02
8.632760988077270436e-02
8.684421605013821488e-02
8.891064072759888304e-02
8.632760988077270436e-02
8.632760988077270436e-02
8.632760988077270436e-02
