7.829952764656850084e-01
6.677743817727146425e-01
6.468463462072796544e-01
5.782161711586550901e-01
5.601555987774382572e-01
5.290358432898026875e-01
5.090302861906085274e-01
4.793442622950818133e-01
4.984717977215892271e-01
4.532258960822450056e-01
4.695748819116419837e-01
4.162267296471243161e-01
3.867741039177549633e-01
3.909419283134203948e-01
3.639899972214504231e-01
3.628785773826063155e-01
3.589886079466518831e-01
3.484301194776326382e-01
3.378716310086135044e-01
3.303695470964154723e-01
3.284245623784383672e-01
3.234231731036398827e-01
3.084190052792441517e-01
2.973826062795219549e-01
3.084190052792441517e-01
2.875798833009167721e-01
2.928591275354264778e-01
2.795220894692970748e-01
2.928591275354264778e-01
2.697971658794109384e-01
2.578494026118366422e-01
2.650736315643233976e-01
2.578494026118366422e-01
2.553931647679909545e-01
2.411781050291747497e-01
2.467352042233954545e-01
2.411781050291747497e-01
2.422895248680188574e-01
2.372881355932202896e-01
2.367324256737983468e-01
2.372881355932202896e-01
2.333981661572658572e-01
2.372881355932202896e-01
2.278410669630453467e-01
2.372881355932202896e-01
2.206168380105586191e-01
2.261739372047791019e-01
2.172825784940261018e-01
2.183939983328702095e-01
2.181161433731592381e-01
2.183939983328702095e-01
2.114476243400944533e-01
2.132592386774095072e-01
2.097804945818282085e-01
2.078355098638511589e-01
2.078355098638509646e-01
2.078355098638511589e-01
2.031119755487635903e-01
2.078355098638511589e-01
2.045012503473186694e-01
1.911642122811892663e-01
1.972770213948317197e-01
1.911642122811892663e-01
1.939427618782996188e-01
1.989441511530981865e-01
1.906085023617673235e-01
1.822728535704362940e-01
1.906085023617673235e-01
1.822728535704362940e-01
1.817171436510141291e-01
1.822728535704362940e-01
1.858849680466795606e-01
1.822728535704362940e-01
1.789385940539037767e-01
1.800500138927480787e-01
1.758821894970826749e-01
1.733814948596832939e-01
1.773159210891913917e-01
1.733814948596832939e-01
1.744929146985274016e-01
1.733814948596832939e-01
1.742150597388164024e-01
1.733814948596832939e-01
1.733814948596832939e-01
1.733814948596832939e-01
1.689358155043066967e-01
1.733814948596832939e-01
1.686579605445955310e-01
1.733814948596832939e-01
1.686579605445955310e-01
1.733814948596832939e-01
1.675465407057516176e-01
1.728257849402611290e-01
1.675465407057516176e-01
1.733814948596832939e-01
1.667129758266185091e-01
1.572659071964433442e-01
1.653237010280632358e-01
1.572659071964433442e-01
1.639344262295081567e-01
1.572659071964433442e-01
1.553209224784661280e-01
1.572659071964433442e-01
1.543873298138370709e-01
1.572659071964433442e-01
1.553209224784663223e-01
1.572659071964433442e-01
1.533759377604889118e-01
1.572659071964433442e-01
1.472631286468462641e-01
1.572659071964433442e-01
1.521644901361486613e-01
1.572659071964433442e-01
1.472631286468462641e-01
1.572659071964433442e-01
1.458738538482911851e-01
1.372603500972491564e-01
1.464295637677133222e-01
1.355932203389831059e-01
1.450402889691582708e-01
1.372603500972491564e-01
1.464295637677133222e-01
1.355932203389831059e-01
1.433731592108918040e-01
1.355932203389831059e-01
1.436510141706029975e-01
1.355932203389831059e-01
1.386496248958042354e-01
1.355932203389831059e-01
1.386496248958042354e-01
1.355932203389831059e-01
1.378160600166711269e-01
1.355932203389831059e-01
1.380939149763822926e-01
1.355932203389831059e-01
1.356376771325367714e-01
1.355932203389831059e-01
1.380939149763822926e-01
1.355932203389831059e-01
1.353153653792719402e-01
1.355932203389831059e-01
1.353153653792719402e-01
1.355932203389831059e-01
1.353153653792719402e-01
1.355932203389831059e-01
1.325368157821615878e-01
1.350375104195609688e-01
1.325368157821615878e-01
1.300361211447626231e-01
1.325368157821615878e-01
1.350375104195609688e-01
1.325368157821615878e-01
1.294804112253404582e-01
1.325368157821615878e-01
1.294804112253404582e-01
1.325368157821615878e-01
1.294804112253404582e-01
1.297582661850514296e-01
1.294804112253404582e-01
1.308696860238955373e-01
1.294804112253404582e-01
1.297582661850514296e-01
1.294804112253404582e-01
1.294804112253404582e-01
1.294804112253404582e-01
1.294804112253404582e-01
1.294804112253404582e-01
1.294804112253404582e-01
1.294804112253404582e-01
1.294804112253404582e-01
1.294804112253404582e-01
1.275354265073630478e-01
1.294804112253404582e-01
1.289247013059183211e-01
1.294804112253404582e-01
1.289247013059183211e-01
1.294804112253404582e-01
1.289247013059183211e-01
1.294804112253404582e-01
1.269797165879409107e-01
1.294804112253404582e-01
1.267018616282299115e-01
1.294804112253404582e-01
1.242011669908307525e-01
1.294804112253404582e-01
1.239233120311197672e-01
1.294804112253404582e-01
1.286468463462073497e-01
1.294804112253404582e-01
1.239233120311197672e-01
1.294804112253404582e-01
1.239233120311197672e-01
1.278132814670742134e-01
1.239233120311197672e-01
1.294804112253404582e-01
1.239233120311197672e-01
1.183662128368990762e-01
1.239233120311197672e-01
1.183662128368990762e-01
1.230897471519868391e-01
1.183662128368990762e-01
1.239233120311197672e-01
1.183662128368990762e-01
1.230897471519866448e-01
1.200333425951653210e-01
1.230897471519868391e-01
1.183662128368990762e-01
1.208669074742984434e-01
1.183662128368990762e-01
1.212225618227285306e-01
1.183662128368990762e-01
1.230897471519866448e-01
1.183662128368990762e-01
1.183662128368990762e-01
1.183662128368990762e-01
1.183662128368990762e-01
1.183662128368990762e-01
1.183662128368990762e-01
1.183662128368990762e-01
1.183662128368990762e-01
1.183662128368990762e-01
1.183662128368990762e-01
1.183662128368990762e-01
1.183662128368990762e-01
1.183662128368990762e-01
1.183662128368990762e-01
1.183662128368990762e-01
1.183662128368990762e-01
1.183662128368990762e-01
1.183662128368990762e-01
1.183662128368990762e-01
1.183662128368990762e-01
1.183662128368990762e-01
1.167324256737980737e-01
1.183662128368990762e-01
1.183662128368990762e-01
1.183662128368990762e-01
1.180883578771881048e-01
1.183662128368990762e-01
1.183662128368990762e-01
1.183662128368990762e-01
1.150319533203667810e-01
1.183662128368990762e-01
1.173881633787161594e-01
1.183662128368990762e-01
1.158655181994999034e-01
1.183662128368990762e-01
1.180883578771881048e-01
1.183662128368990762e-01
1.153098082800779467e-01
1.183662128368990762e-01
1.172547929980549825e-01
1.183662128368990762e-01
1.150764101139204326e-01
1.183662128368990762e-01
1.150319533203667810e-01
1.183662128368990762e-01
1.150319533203667810e-01
1.183662128368990762e-01
1.150319533203667810e-01
1.183662128368990762e-01
1.150319533203667810e-01
1.183662128368990762e-01
1.150319533203667810e-01
1.116976938038344858e-01
1.150319533203667810e-01
1.139205334815226733e-01
1.150319533203667810e-01
1.161433731592108748e-01
1.150319533203667810e-01
1.116976938038344858e-01
1.150319533203667810e-01
1.116976938038344858e-01
1.150319533203667810e-01
1.161433731592108748e-01
1.150319533203667810e-01
1.116976938038344858e-01
1.150319533203667810e-01
1.116976938038344858e-01
1.128091136426785795e-01
1.116976938038344858e-01
1.150319533203667810e-01
1.139205334815226733e-01
1.121089191442066341e-01
1.116976938038344858e-01
1.139205334815226733e-01
1.116976938038344858e-01
1.139205334815226733e-01
1.116976938038344858e-01
1.139205334815226733e-01
1.116976938038344858e-01
1.116976938038344858e-01
1.116976938038344858e-01
1.116976938038344858e-01
1.116976938038344858e-01
1.116976938038344858e-01
1.116976938038344858e-01
1.116976938038344858e-01
1.116976938038344858e-01
1.116976938038344858e-01
1.116976938038344858e-01
1.116976938038344858e-01
1.116976938038344858e-01
1.116976938038344858e-01
1.116976938038344858e-01
1.116976938038344858e-01
1.116976938038344858e-01
1.116976938038344858e-01
1.116976938038344858e-01
1.116976938038344858e-01
1.116976938038344858e-01
1.116976938038344858e-01
1.116976938038344858e-01
1.116976938038344858e-01
1.116976938038344858e-01
1.116976938038344858e-01
1.116976938038344858e-01
1.116976938038344858e-01
1.116976938038344858e-01
1.116976938038344858e-01
1.116976938038344858e-01
1.116976938038344858e-01
1.116976938038344858e-01
1.116976938038344858e-01
1.116976938038344858e-01
1.116976938038344858e-01
1.116976938038344858e-01
1.116976938038344858e-01
1.116976938038344858e-01
1.116976938038344858e-01
1.116976938038344858e-01
1.116976938038344858e-01
1.116976938038344858e-01
1.116976938038344858e-01
1.116976938038344858e-01
1.116976938038344858e-01
1.116976938038344858e-01
1.108641289247013495e-01
1.116976938038344858e-01
1.108641289247013495e-01
1.116976938038344858e-01
1.064184495693249605e-01
1.116976938038344858e-01
1.094748541261462843e-01
1.116976938038344858e-01
1.097527090858572557e-01
1.116976938038344858e-01
1.094748541261462843e-01
1.116976938038344858e-01
1.094748541261462843e-01
1.116976938038344858e-01
1.116976938038344858e-01
1.116976938038344858e-01
1.072520144484580829e-01
1.116976938038344858e-01
1.108641289247013495e-01
1.116976938038344858e-01
1.075298694081690543e-01
1.116976938038344858e-01
1.097527090858572557e-01
1.116976938038344858e-01
1.094748541261462843e-01
1.116976938038344858e-01
1.053070297304808528e-01
1.116976938038344858e-01
1.053070297304808528e-01
1.116976938038344858e-01
1.053070297304808528e-01
1.116976938038344858e-01
1.053070297304808528e-01
1.116976938038344858e-01
1.053070297304808528e-01
1.116976938038344858e-01
1.053070297304808528e-01
1.116976938038344858e-01
1.053070297304808528e-01
1.116976938038344858e-01
1.053070297304808528e-01
1.116976938038344858e-01
1.053070297304808528e-01
1.116976938038344858e-01
1.053070297304808528e-01
1.116976938038344858e-01
1.053070297304808528e-01
1.116976938038344858e-01
1.053070297304808528e-01
1.028063350930814857e-01
1.053070297304808528e-01
9.891636565712703943e-02
1.053070297304808528e-01
1.028063350930814857e-01
1.053070297304808528e-01
1.078077243678800257e-01
1.053070297304808528e-01
1.003389830508461672e-01
