7.829952764656850084e-01
6.854681856071130897e-01
6.490691858849679807e-01
5.787718810780773104e-01
5.629341483745483599e-01
5.280577938316197706e-01
5.090302861906085274e-01
4.851792164490135173e-01
4.940261183662128519e-01
4.417893859405389589e-01
4.634620727979993360e-01
4.228952486801889066e-01
4.223395387607667417e-01
3.959877743817725726e-01
3.784384551264241003e-01
3.731592108919143946e-01
3.573214781883857216e-01
3.531536537927200126e-01
3.378716310086135044e-01
3.306474020561266380e-01
3.284245623784383672e-01
3.173103639899973460e-01
3.084190052792441517e-01
3.039733259238676655e-01
2.939705473742705855e-01
2.923034176160043129e-01
2.928591275354264778e-01
2.795220894692970748e-01
2.578494026118366422e-01
2.753542650736316433e-01
2.578494026118366422e-01
2.675743262017227786e-01
2.578494026118366422e-01
2.634509585996108183e-01
2.411781050291747497e-01
2.472909141428173974e-01
2.411781050291747497e-01
2.395554320644623647e-01
2.383995554320643973e-01
2.403445401500416134e-01
2.372881355932202896e-01
2.328424562378439144e-01
2.372881355932202896e-01
2.261739372047791019e-01
2.295081967213113971e-01
2.225618227285358353e-01
2.183939983328702095e-01
2.212170047235342274e-01
2.183939983328702095e-01
2.197832731314252885e-01
2.132592386774095072e-01
2.150597388163377199e-01
2.183939983328702095e-01
2.081133648235621580e-01
2.139483189774938066e-01
2.070019449847180504e-01
2.078355098638511589e-01
2.025562656293414532e-01
2.078355098638511589e-01
1.989441511530979645e-01
1.822728535704362940e-01
1.947763267574325607e-01
1.989441511530981865e-01
1.969991664351209426e-01
1.911642122811892663e-01
1.939427618782996188e-01
1.822728535704362940e-01
1.878299527646569711e-01
1.822728535704362940e-01
1.878299527646569711e-01
1.822728535704362940e-01
1.858849680466795606e-01
1.822728535704362940e-01
1.789385940539037767e-01
1.800500138927480787e-01
1.769936093359267548e-01
1.822728535704362940e-01
1.744929146985274016e-01
1.733814948596832939e-01
1.744929146985274016e-01
1.733814948596832939e-01
1.733814948596832939e-01
1.733814948596832939e-01
1.722700750208391862e-01
1.733814948596832939e-01
1.731036398999721282e-01
1.733814948596832939e-01
1.678243956654625890e-01
1.733814948596832939e-01
1.686579605445955310e-01
1.733814948596832939e-01
1.672686857460406462e-01
1.728257849402611290e-01
1.650458460683522366e-01
1.578216171158655090e-01
1.619894415115311348e-01
1.578216171158655090e-01
1.647679911086412652e-01
1.572659071964433442e-01
1.553209224784661280e-01
1.572659071964433442e-01
1.642122811892193224e-01
1.572659071964433442e-01
1.553209224784663223e-01
1.572659071964433442e-01
1.553209224784661280e-01
1.572659071964433442e-01
1.542095026396222146e-01
1.572659071964433442e-01
1.539316476799110489e-01
1.572659071964433442e-01
1.458738538482911851e-01
1.572659071964433442e-01
1.472631286468462641e-01
1.558655181994996752e-01
1.464295637677133222e-01
1.555987774381772937e-01
1.444845790497359117e-01
1.355932203389831059e-01
1.450402889691582708e-01
1.372603500972491564e-01
1.439288691303141632e-01
1.355932203389831059e-01
1.436510141706029975e-01
1.355932203389831059e-01
1.380939149763822926e-01
1.355932203389831059e-01
1.433731592108918040e-01
1.355932203389831059e-01
1.436510141706029975e-01
1.355932203389831059e-01
1.361489302584050765e-01
1.355932203389831059e-01
1.355932203389831059e-01
1.355932203389831059e-01
1.355932203389831059e-01
1.355932203389831059e-01
1.355932203389831059e-01
1.355932203389831059e-01
1.353153653792719402e-01
1.355932203389831059e-01
1.328146707418727535e-01
1.355932203389831059e-01
1.353153653792719402e-01
1.355932203389831059e-01
1.325368157821615878e-01
1.355932203389831059e-01
1.325368157821615878e-01
1.300361211447626231e-01
1.325368157821615878e-01
1.294804112253404582e-01
1.325368157821615878e-01
1.294804112253404582e-01
1.322589608224506164e-01
1.300361211447626231e-01
1.297582661850514296e-01
1.300361211447626231e-01
1.297582661850514296e-01
1.294804112253404582e-01
1.294804112253404582e-01
1.294804112253404582e-01
1.294804112253404582e-01
1.294804112253404582e-01
1.294804112253404582e-01
1.294804112253404582e-01
1.294804112253404582e-01
1.294804112253404582e-01
1.294804112253404582e-01
1.294804112253404582e-01
1.269797165879409107e-01
1.294804112253404582e-01
1.267018616282299115e-01
1.294804112253404582e-01
1.269797165879409107e-01
1.294804112253404582e-01
1.286468463462073497e-01
1.294804112253404582e-01
1.269797165879409107e-01
1.294804112253404582e-01
1.253125868296748602e-01
1.294804112253404582e-01
1.242011669908307525e-01
1.294804112253404582e-01
1.242011669908307525e-01
1.294804112253404582e-01
1.239233120311197672e-01
1.294804112253404582e-01
1.239233120311197672e-01
1.294804112253404582e-01
1.239233120311197672e-01
1.294804112253404582e-01
1.230897471519868391e-01
1.278132814670742134e-01
1.217004723534315797e-01
1.294804112253404582e-01
1.239233120311197672e-01
1.294804112253404582e-01
1.217004723534315797e-01
1.278132814670742134e-01
1.239233120311197672e-01
1.183662128368990762e-01
1.230897471519868391e-01
1.183662128368990762e-01
1.239233120311197672e-01
1.183662128368990762e-01
1.239233120311197672e-01
1.183662128368990762e-01
1.239233120311197672e-01
1.183662128368990762e-01
1.239233120311197672e-01
1.183662128368990762e-01
1.183662128368990762e-01
1.183662128368990762e-01
1.183662128368992705e-01
1.183662128368990762e-01
1.217004723534315797e-01
1.183662128368990762e-01
1.208669074742984434e-01
1.183662128368990762e-01
1.183662128368990762e-01
1.183662128368990762e-01
1.183662128368990762e-01
1.183662128368990762e-01
1.183662128368990762e-01
1.183662128368990762e-01
1.183662128368990762e-01
1.183662128368990762e-01
1.183662128368990762e-01
1.183662128368990762e-01
1.191997777160321986e-01
1.183662128368990762e-01
1.183662128368990762e-01
1.183662128368990762e-01
1.183662128368990762e-01
1.183662128368990762e-01
1.183662128368990762e-01
1.183662128368990762e-01
1.180883578771881048e-01
1.183662128368990762e-01
1.183662128368990762e-01
1.183662128368990762e-01
1.183662128368990762e-01
1.183662128368990762e-01
1.180883578771881048e-01
1.183662128368990762e-01
1.172547929980549825e-01
1.183662128368990762e-01
1.150319533203667810e-01
1.183662128368990762e-01
1.172547929980549825e-01
1.183662128368990762e-01
1.172547929980549825e-01
1.183662128368990762e-01
1.150319533203667810e-01
1.183662128368990762e-01
1.150319533203667810e-01
1.183662128368990762e-01
1.150319533203667810e-01
1.183662128368990762e-01
1.150319533203667810e-01
1.139205334815226733e-01
1.150319533203667810e-01
1.183662128368990762e-01
1.150319533203667810e-01
1.183662128368990762e-01
1.150319533203667810e-01
1.146318421783822511e-01
1.139205334815226733e-01
1.139205334815226733e-01
1.150319533203667810e-01
1.139205334815226733e-01
1.150319533203667810e-01
1.116976938038344858e-01
1.150319533203667810e-01
1.161433731592108748e-01
1.150319533203667810e-01
1.139205334815226733e-01
1.128091136426785795e-01
1.161433731592108748e-01
1.150319533203667810e-01
1.116976938038344858e-01
1.150319533203667810e-01
1.116976938038344858e-01
1.150319533203667810e-01
1.116976938038344858e-01
1.139205334815226733e-01
1.116976938038344858e-01
1.150319533203667810e-01
1.116976938038344858e-01
1.139205334815226733e-01
1.116976938038344858e-01
1.116976938038344858e-01
1.116976938038344858e-01
1.139205334815226733e-01
1.116976938038344858e-01
1.116976938038344858e-01
1.116976938038344858e-01
1.139205334815226733e-01
1.116976938038344858e-01
1.116976938038344858e-01
1.116976938038344858e-01
1.116976938038344858e-01
1.116976938038344858e-01
1.121089191442066341e-01
1.116976938038344858e-01
1.116976938038344858e-01
1.116976938038344858e-01
1.116976938038344858e-01
1.116976938038344858e-01
1.116976938038344858e-01
1.116976938038344858e-01
1.116976938038344858e-01
1.116976938038344858e-01
1.116976938038344858e-01
1.116976938038344858e-01
1.116976938038344858e-01
1.116976938038344858e-01
1.116976938038344858e-01
1.116976938038344858e-01
1.116976938038344858e-01
1.116976938038344858e-01
1.116976938038344858e-01
1.116976938038344858e-01
1.116976938038344858e-01
1.116976938038344858e-01
1.116976938038344858e-01
1.116976938038344858e-01
1.116976938038344858e-01
1.116976938038344858e-01
1.116976938038344858e-01
1.116976938038344858e-01
1.094748541261462843e-01
1.116976938038344858e-01
1.116976938038344858e-01
1.116976938038344858e-01
1.094748541261462843e-01
1.116976938038344858e-01
1.108641289247013495e-01
1.116976938038344858e-01
1.116976938038344858e-01
1.116976938038344858e-01
1.116976938038344858e-01
1.116976938038344858e-01
1.116976938038344858e-01
1.116976938038344858e-01
1.108641289247013495e-01
1.116976938038344858e-01
1.108641289247013495e-01
1.116976938038344858e-01
1.072520144484580829e-01
1.116976938038344858e-01
1.097527090858572557e-01
1.116976938038344858e-01
1.072520144484580829e-01
1.116976938038344858e-01
1.094748541261462843e-01
1.116976938038344858e-01
1.053070297304808528e-01
1.116976938038344858e-01
1.116976938038344858e-01
1.116976938038344858e-01
1.053070297304808528e-01
1.116976938038344858e-01
1.116976938038344858e-01
1.116976938038344858e-01
1.053070297304808528e-01
1.116976938038344858e-01
1.053070297304808528e-01
1.116976938038344858e-01
1.075298694081690543e-01
1.116976938038344858e-01
1.075298694081690543e-01
1.116976938038344858e-01
1.053070297304808528e-01
1.116976938038344858e-01
1.053070297304808528e-01
1.028063350930814857e-01
1.053070297304808528e-01
1.116976938038344858e-01
1.053070297304808528e-01
1.028063350930814857e-01
1.053070297304808528e-01
1.116976938038344858e-01
1.053070297304808528e-01
1.028063350930814857e-01
1.053070297304808528e-01
1.078077243678800257e-01
1.053070297304808528e-01
1.078077243678800257e-01
1.053070297304808528e-01
1.116976938038344858e-01
1.053070297304808528e-01
1.078077243678800257e-01
1.053070297304808528e-01
1.078077243678800257e-01
