1.120573668116628507e+00
1.029217451225288960e+00
1.060974202162021873e+00
9.808398294500189074e-01
8.886032990223523553e-01
8.239424609156291712e-01
7.903699556397774106e-01
7.715663895947282303e-01
8.226521383349840733e-01
7.445333563030275270e-01
7.034859382402339767e-01
6.713898100693393989e-01
6.647642017313405427e-01
6.264541969938413057e-01
6.172600025840904170e-01
6.659632197769067563e-01
5.855463198242819578e-01
5.778887979671820663e-01
5.609785089797146851e-01
5.556656186743614834e-01
5.181360093027260749e-01
4.802101727033892820e-01
5.367586890046944781e-01
5.045436926654892629e-01
4.979111934191825517e-01
4.859382402342909413e-01
4.728885826262974046e-01
4.570791162410093311e-01
4.600542659029241976e-01
4.592359705413669446e-01
4.470476764718548934e-01
4.573840389336318313e-01
4.440329040871697774e-01
4.403428226883155383e-01
4.364959731254574593e-01
4.341272233946337211e-01
4.265902924329211254e-01
4.351608596408113594e-01
4.233601791636160683e-01
4.268917696713898091e-01
4.102674533786983546e-01
4.078556354709503839e-01
4.018260907015805961e-01
3.994573409707567468e-01
4.016968861708081762e-01
4.011800680477194958e-01
4.037641586631636192e-01
3.883888195012704103e-01
3.936431370860070666e-01
3.832206382703818304e-01
3.835651836857743580e-01
3.865368878935352970e-01
3.825746156165208411e-01
3.833929109780780942e-01
3.799905250010767732e-01
3.789999569318229788e-01
3.660795038546016400e-01
3.733149575778456075e-01
3.749515483009602801e-01
3.735544166415434297e-01
3.731426848701495103e-01
3.626340497006762531e-01
3.555278005082043724e-01
3.552693914466599767e-01
3.529437098927602490e-01
3.547956415004952513e-01
3.456221198156681496e-01
3.468710969464662841e-01
3.443300745079460046e-01
3.506610965157843651e-01
3.504457556311641464e-01
3.542357552004823940e-01
3.289547353460528512e-01
3.360179163616004439e-01
3.416598475386535827e-01
3.451914380464276011e-01
3.451914380464273790e-01
3.214178043843404220e-01
3.239588268228605350e-01
3.239157586459364691e-01
3.234850768766958096e-01
3.208579180843275092e-01
3.217623497997330051e-01
3.198242818381497043e-01
3.127611008226021116e-01
3.176278048150221744e-01
3.195658727766053087e-01
3.133640552995392570e-01
3.148283733149574992e-01
3.094879193763729330e-01
3.071191696455489173e-01
3.141823506610965100e-01
3.093587148456005131e-01
3.088418967225117218e-01
3.117705327533484838e-01
3.065592833455358379e-01
3.047073517378008356e-01
3.065937378870750574e-01
3.088418967225117218e-01
3.048796244454970994e-01
3.046711744691845136e-01
3.036306473146990759e-01
3.051070244196562031e-01
3.043628063224083080e-01
3.021232611223566566e-01
3.047073517378008356e-01
3.012618975838751711e-01
3.034153064300787461e-01
2.966966708299237365e-01
2.990223523838235198e-01
2.962229208837588446e-01
2.941556483914034570e-01
3.009173521684826436e-01
2.960937163529866467e-01
2.952754209914292827e-01
2.962229208837587335e-01
2.941556483914034570e-01
2.954907618760497234e-01
2.960937163529866467e-01
2.960937163529866467e-01
2.941987165683276340e-01
2.960937163529866467e-01
2.945432619837201615e-01
2.902364442913130116e-01
2.836039450450061339e-01
2.882553081528057559e-01
2.930789439683016417e-01
2.955114346009732884e-01
2.940074938627845191e-01
2.909686032990221882e-01
2.795986045910677231e-01
2.855420130065894346e-01
2.897196261682244978e-01
2.948878073991125781e-01
2.871389810069338022e-01
2.814074680218784930e-01
2.797278091218396989e-01
2.792109909987508520e-01
2.726646281062923283e-01
2.732675825832291405e-01
2.792109909987511296e-01
2.792971273525992615e-01
2.798570136526121188e-01
2.793401955295231054e-01
2.696067875446832574e-01
2.684008785908092998e-01
2.810198544295620104e-01
2.784840001722724834e-01
2.755071277832809584e-01
2.722339463370515578e-01
2.619837202291226963e-01
2.663766742753779226e-01
2.612515612214135752e-01
2.713295146216460063e-01
2.761962186140659026e-01
2.729661053447607899e-01
2.609931521598690685e-01
2.635772427753133029e-01
2.595288341444507152e-01
2.731814462293808976e-01
2.732675825832291405e-01
2.478573581980275109e-01
2.533700848443084519e-01
2.612084930444892317e-01
2.583229251905767021e-01
2.633188337137688517e-01
2.646539471984151737e-01
2.407080408286316753e-01
2.441534949825573397e-01
2.588397433136654935e-01
2.563417890520694464e-01
2.627158792368319284e-01
2.200094749989229548e-01
2.280029286360308605e-01
2.425169042594425561e-01
2.417847452517335183e-01
2.547482665058787288e-01
2.609500839829451135e-01
2.143933847280244387e-01
2.250742926051939596e-01
2.301563374822343522e-01
2.394590636978337628e-01
2.487617899134329791e-01
2.591842887290581876e-01
2.627158792368319284e-01
2.221456565743572809e-01
2.278306559283345967e-01
2.371333821439340073e-01
2.452301994056591827e-01
2.553512209828157631e-01
2.075024764201729155e-01
2.162022481588354028e-01
2.204659976743183203e-01
2.348077005900340575e-01
2.372195184977819449e-01
2.475558809595589382e-01
2.045738403893362367e-01
2.116370214048841347e-01
2.231792928205348636e-01
2.324820190361344685e-01
2.402342908824669498e-01
2.045738403893362367e-01
2.045738403893362367e-01
2.098712261509967369e-01
2.169344071665446350e-01
2.239975881820920334e-01
2.045738403893362367e-01
2.399758818209223599e-01
2.045738403893362367e-01
2.081054308971099498e-01
2.151686119126578201e-01
2.278306559283344024e-01
1.967354321891553459e-01
2.045738403893362367e-01
2.045738403893362367e-01
2.063396356432230516e-01
2.099573625048452574e-01
2.117231577587319613e-01
2.045738403893362367e-01
2.045738403893362367e-01
2.038847495585511815e-01
2.045738403893362367e-01
2.080192945432621787e-01
2.000947499892328785e-01
1.978552047891811716e-01
2.022050906585123042e-01
2.037124768508549177e-01
2.044015676816399729e-01
2.028941814892974704e-01
2.006546362892457358e-01
1.984150910891941122e-01
2.017744088892715615e-01
2.035402041431584597e-01
2.042292949739437091e-01
2.034540677893104110e-01
2.012145225892587042e-01
1.989749773892070805e-01
2.045738403893362367e-01
1.984150910891941122e-01
1.939360006890907817e-01
2.040139540893232684e-01
2.017744088892715615e-01
1.995348636892199379e-01
1.972953184891682032e-01
1.995348636892199379e-01
2.038847495585511815e-01
2.045738403893362367e-01
1.944097506352553129e-01
2.000947499892328785e-01
1.956156595891295480e-01
1.940652052198629796e-01
2.037124768508549177e-01
1.911365691890261898e-01
1.905766828890132492e-01
2.006546362892457358e-01
1.960032731814462248e-01
1.944528188121795731e-01
1.896291829966837983e-01
1.914380464274945681e-01
1.905766828890132492e-01
1.873035014427840150e-01
1.963908867737629294e-01
1.948404324044962499e-01
1.901890692966967389e-01
1.879495240966450043e-01
1.887678194582022850e-01
1.884232740428094521e-01
1.967785003660795229e-01
1.952280459968128434e-01
1.936775916275462750e-01
1.885094103966578893e-01
1.862698651966062380e-01
1.907920237736333846e-01
1.876480468581765426e-01
1.956156595891295480e-01
1.913088418967225646e-01
1.890692966966708299e-01
1.868297514966192063e-01
1.931607735044576779e-01
1.874757741504802788e-01
1.941082733967871288e-01
1.918687281967354219e-01
1.896291829966837983e-01
1.873896377966320637e-01
1.866144106119987656e-01
1.873035014427840150e-01
1.862698651966062380e-01
1.924286144967483625e-01
1.901890692966967389e-01
1.879495240966450043e-01
1.864421379043025018e-01
1.871312287350875847e-01
1.862698651966062380e-01
1.862698651966062380e-01
1.907489555967095962e-01
1.885094103966578893e-01
1.862698651966062380e-01
1.862698651966062380e-01
1.876480468581765426e-01
1.862698651966062380e-01
1.862698651966062380e-01
1.890692966966708299e-01
1.868297514966192063e-01
1.867866833196950294e-01
1.862698651966062380e-01
1.862698651966062380e-01
1.862698651966062380e-01
1.896291829966837983e-01
1.873896377966320637e-01
1.866144106119987656e-01
1.862698651966062380e-01
1.862698651966062380e-01
1.862698651966062380e-01
1.862698651966062380e-01
1.862698651966062380e-01
1.862698651966062380e-01
1.862698651966062380e-01
1.862698651966062380e-01
1.862698651966062380e-01
1.881648649812652507e-01
1.885094103966578893e-01
1.862698651966062380e-01
1.862698651966062380e-01
1.862698651966062380e-01
1.862698651966062380e-01
1.862698651966062380e-01
1.862698651966062380e-01
1.855807743658211828e-01
1.862698651966062380e-01
1.862698651966062380e-01
1.862698651966062380e-01
1.862698651966062380e-01
1.821353202118953241e-01
1.848916835350359333e-01
1.862698651966062380e-01
1.862698651966062380e-01
1.862698651966062380e-01
1.862698651966062380e-01
1.845471381196434058e-01
1.842025927042508782e-01
1.862698651966062380e-01
1.862698651966062380e-01
1.862698651966062380e-01
1.802403204272364223e-01
1.807571385503252137e-01
1.835135018734658230e-01
1.862698651966062380e-01
1.862698651966062380e-01
1.862698651966062380e-01
1.862698651966062380e-01
1.800680477195399642e-01
1.828244110426805735e-01
1.861406606658341512e-01
1.862698651966062380e-01
1.862698651966062380e-01
1.862698651966062380e-01
1.793789568887549091e-01
1.854085016581247247e-01
1.848916835350359333e-01
1.862698651966062380e-01
1.862698651966062380e-01
1.776562298117920768e-01
1.786898660579698539e-01
1.814462293811102689e-01
1.842025927042508782e-01
1.842887290580990101e-01
1.862698651966062380e-01
1.862698651966062380e-01
1.780007752271846044e-01
1.807571385503252137e-01
1.835135018734658230e-01
1.862698651966062380e-01
1.862698651966062380e-01
1.759335027348292446e-01
1.773116843963995493e-01
1.800680477195399642e-01
1.828244110426805735e-01
1.855807743658211828e-01
1.716266850424222612e-01
1.750721391963477314e-01
1.766225935656142998e-01
1.793789568887549091e-01
1.821353202118953241e-01
1.848916835350359333e-01
1.707653215039407479e-01
1.743830483655626762e-01
1.759335027348292446e-01
1.786898660579698539e-01
1.803264567810843599e-01
1.823937292734399140e-01
1.702485033808517623e-01
1.724880485809035802e-01
1.752444119040441894e-01
1.780007752271846044e-01
1.807571385503252137e-01
