1.441364318522897259e+00
1.309973168402382759e+00
1.244014734640047415e+00
1.076856610123243518e+00
9.634362635863386037e-01
9.315257628814404001e-01
8.936559188685249122e-01
8.605357224066578770e-01
8.148619764427668111e-01
7.833916958479237858e-01
7.605148028559736151e-01
7.119014052480784338e-01
6.958915821547136948e-01
6.902542180181000520e-01
6.831597616990312538e-01
6.237209513847830067e-01
6.072308881713581741e-01
6.074237118559279169e-01
5.827222702260219656e-01
5.843503569966799205e-01
5.666760653053800612e-01
5.809723043339851678e-01
5.604620492064215087e-01
5.260575742416662148e-01
5.213061075992543314e-01
5.022147437355035660e-01
5.137750693528581047e-01
5.518213652280685722e-01
4.723270726272226772e-01
4.559552503524488820e-01
4.627313656828414556e-01
4.674246214016097856e-01
4.490263313474917584e-01
4.029742143799171505e-01
3.977898039929055329e-01
4.172995588703444225e-01
4.042930556187184221e-01
3.998271863204327370e-01
3.929364682341166537e-01
3.762790486152166602e-01
3.771431170130520316e-01
3.831461185138023695e-01
3.770976397289555471e-01
3.676838419209604858e-01
3.608167720223748320e-01
3.571331120105506463e-01
3.524489517486015244e-01
3.576788394197097376e-01
3.598908545181681573e-01
3.518577470553457820e-01
3.483105188958116605e-01
3.435354040656690144e-01
3.499477011232888235e-01
3.480831324753285716e-01
3.446268588839874747e-01
3.343489926781569865e-01
3.317567874846513165e-01
3.382145618263676101e-01
3.453999727136295439e-01
3.176588294147074110e-01
3.119741689026330755e-01
3.212970121424347236e-01
3.240711264723271090e-01
3.243840101869115977e-01
3.211442084678703957e-01
3.095183955614169147e-01
3.021965528218654162e-01
3.147482832325255164e-01
3.068807130838145381e-01
2.998772113329392641e-01
3.069716676520077292e-01
2.938287325480908319e-01
3.001955523216153221e-01
3.024239392423484496e-01
2.958752103324390759e-01
2.950566192187002446e-01
2.905998453772341561e-01
2.922825048888080257e-01
2.917822547637454744e-01
2.897812542634953803e-01
2.861885488198645522e-01
2.849151848651598762e-01
2.853699577061259429e-01
2.850516167174495519e-01
2.847787530128702005e-01
2.889171858656600644e-01
2.846877984446768428e-01
2.765928418754832196e-01
2.842330256037109426e-01
2.800036381827276655e-01
2.825048888080403664e-01
2.833234799217791422e-01
2.752285233525853525e-01
2.752740006366822256e-01
2.776115330392469049e-01
2.728637045795625493e-01
2.842330256037109426e-01
2.831870480694893000e-01
2.708172267952157486e-01
2.765018873072900285e-01
2.746827959434263167e-01
2.730910910000455827e-01
2.688617035790623055e-01
2.715448633407613888e-01
2.711810450679886797e-01
2.690436127154486878e-01
2.685433625903863031e-01
2.680431124653237518e-01
2.682250216017098565e-01
2.699531583973806548e-01
2.688617035790623055e-01
2.676338169084541141e-01
2.675428623402611450e-01
2.679976351812270452e-01
2.659966346809769511e-01
2.684069307380964609e-01
2.683159761699032697e-01
2.614489062713174494e-01
2.624039292373459009e-01
2.635863386238574413e-01
2.557187684751466850e-01
2.683159761699032697e-01
2.683159761699032697e-01
2.533539497021238263e-01
2.550366092136977514e-01
2.629951339306016989e-01
2.535358588385102085e-01
2.631715857928966784e-01
2.638137250443404747e-01
2.544454045204419534e-01
2.513984264859700501e-01
2.453499477011234220e-01
2.456682886897998408e-01
2.586747919414256192e-01
2.511710400654874054e-01
2.543544499522485958e-01
2.467142662240208728e-01
2.385283550866343083e-01
2.181527127199962002e-01
2.516712901905497901e-01
2.522170175997090480e-01
2.489881304288509289e-01
2.453499477011234220e-01
2.035108463322569394e-01
2.126063031515758872e-01
2.448496975760608430e-01
2.535358588385102085e-01
2.498976761107827016e-01
2.453499477011232277e-01
1.968711628541543746e-01
2.140160989585702389e-01
2.076038019009505131e-01
2.147437355041156570e-01
2.493064714175269592e-01
2.430306062121971034e-01
1.958251853199327319e-01
1.957797080358360531e-01
2.063304379462462534e-01
2.134703715494111753e-01
2.495338578380097982e-01
2.423484469507479477e-01
1.857747055345854992e-01
1.915048433307564857e-01
2.004183910136884961e-01
2.093319386966208950e-01
2.513529492018737321e-01
1.719041338851244327e-01
1.824093865114375379e-01
1.845468188639773077e-01
1.981900040929557572e-01
2.071035517758879618e-01
2.160170994588203608e-01
2.160170994588203608e-01
1.741325208058573659e-01
1.831188321433442068e-01
1.959616171722226019e-01
1.987357315021145987e-01
2.122424848788031781e-01
1.357496930283324521e-01
1.724043840101870118e-01
1.845140752194278366e-01
1.814543635454092807e-01
1.952794579107738626e-01
1.257901678111781885e-01
1.302469416526446933e-01
1.451634908363274301e-01
1.644640502069214250e-01
1.729046341352495908e-01
1.918231843194323216e-01
1.272909181863659256e-01
1.265178043567238009e-01
1.414343535404065377e-01
1.758606576015279421e-01
1.698121788166809532e-01
1.347946700623039729e-01
1.287916685615534407e-01
1.227886670608031305e-01
1.377052162444862560e-01
1.526217654281685765e-01
1.628996316339992589e-01
1.670835417708854131e-01
1.168766201282459838e-01
1.230615307653826623e-01
1.339760789485649750e-01
1.267906680613035408e-01
1.227886670608031305e-01
1.323388967210877842e-01
1.248806221292466240e-01
1.233343944699621941e-01
1.227886670608031305e-01
1.227886670608031305e-01
1.252899176861156094e-01
1.227886670608031305e-01
1.240602119241439039e-01
1.191050070489791390e-01
1.224248487880304215e-01
1.227886670608031305e-01
1.227886670608031305e-01
1.227886670608031305e-01
1.129655736959389589e-01
1.178771203783711419e-01
1.227886670608031305e-01
1.227886670608031305e-01
1.227886670608031305e-01
1.068261403428989731e-01
1.117376870253309618e-01
1.166492337077631447e-01
1.215607803901951334e-01
1.216972122424850034e-01
1.227886670608031305e-01
1.227886670608031305e-01
1.105098003547229646e-01
1.154213470371549533e-01
1.203328937195871362e-01
1.220610305152577124e-01
1.206057574241666680e-01
1.191504843330756236e-01
1.092819136841149674e-01
1.141934603665469561e-01
1.158306425940243550e-01
1.224248487880304215e-01
1.150575287643826466e-01
9.986811587611978125e-02
1.080540270135069703e-01
1.129655736959389589e-01
1.166037564236664520e-01
9.209150029560239648e-02
9.554777388694354889e-02
9.900404747828449314e-02
1.024603210696258399e-01
1.117376870253309618e-01
1.111919596161718982e-01
1.196507344581382026e-01
9.886761562599462316e-02
1.185138023557235909e-01
1.055982536722905735e-01
1.105098003547229646e-01
1.154213470371549533e-01
9.209150029560239648e-02
9.354677338669344089e-02
9.727591068261412510e-02
1.007321842739550694e-01
1.057801628086771223e-01
1.119650734458138008e-01
9.209150029560239648e-02
9.281913684114781460e-02
9.641184228477883700e-02
9.986811587611978125e-02
9.950429760334728035e-02
9.804902451225623594e-02
9.209150029560239648e-02
9.209150029560239648e-02
9.500204647778448530e-02
9.900404747828449314e-02
9.832188821683576774e-02
8.627040793123844087e-02
8.481513484014739646e-02
9.209150029560239648e-02
9.427440993223885901e-02
9.145481831824996133e-02
9.713947883032425512e-02
8.663422620401114993e-02
8.517895311292010552e-02
8.672518077220432720e-02
9.354677338669344089e-02
9.122743189776710837e-02
8.845331756787490340e-02
8.699804447678385899e-02
8.554277138569281458e-02
8.408749829460177017e-02
8.422393014689164015e-02
8.959024967028970943e-02
8.881713584064761247e-02
8.736186274955656805e-02
8.590658965846573181e-02
8.317795261266999751e-02
8.299604347628364298e-02
8.299604347628364298e-02
8.918095411342032153e-02
8.772568102232927711e-02
8.627040793123844087e-02
8.481513484014739646e-02
8.304152076038012753e-02
8.299604347628364298e-02
8.299604347628364298e-02
8.808949929510218047e-02
8.663422620401114993e-02
8.517895311292010552e-02
8.308699804447682025e-02
8.299604347628364298e-02
8.299604347628364298e-02
8.845331756787490340e-02
8.508799854472692825e-02
8.554277138569281458e-02
8.313247532857330480e-02
8.299604347628364298e-02
8.299604347628364298e-02
8.299604347628364298e-02
8.736186274955656805e-02
8.358724816953919112e-02
8.317795261266999751e-02
8.299604347628364298e-02
8.299604347628364298e-02
8.299604347628364298e-02
8.299604347628364298e-02
8.627040793123844087e-02
8.322342989676669023e-02
8.304152076038012753e-02
8.299604347628364298e-02
8.299604347628364298e-02
7.853926963481733248e-02
8.140433853290272859e-02
8.326890718086317478e-02
8.308699804447682025e-02
8.299604347628364298e-02
8.299604347628364298e-02
8.299604347628364298e-02
8.158624766928929128e-02
8.331438446495965933e-02
8.313247532857330480e-02
8.299604347628364298e-02
8.276865705580080390e-02
7.790258765746509162e-02
7.917595161216978150e-02
8.044931556687447138e-02
8.317795261266999751e-02
7.503751875937970939e-02
8.299604347628364298e-02
8.299604347628364298e-02
7.885761062349355699e-02
8.013097457819824687e-02
8.140433853290293675e-02
8.304152076038012753e-02
7.599254172540817476e-02
7.726590568011285076e-02
7.853926963481733248e-02
7.981263358952202236e-02
8.108599754422671224e-02
8.154077038519259857e-02
7.812997407794794458e-02
7.694756469143662625e-02
7.822092864614131613e-02
7.949429260084600601e-02
7.535585974805592002e-02
7.972167902132905326e-02
7.658374641866391719e-02
7.662922370276060990e-02
7.790258765746509162e-02
7.917595161216978150e-02
8.044931556687447138e-02
8.172267952157895310e-02
7.503751875937970939e-02
8.122242939651658222e-02
7.758424666878888099e-02
7.885761062349355699e-02
7.503751875937970939e-02
7.503751875937970939e-02
7.503751875937970939e-02
7.599254172540817476e-02
7.726590568011285076e-02
7.853926963481733248e-02
7.503751875937970939e-02
7.503751875937970939e-02
7.503751875937970939e-02
7.567420073673195025e-02
7.694756469143662625e-02
7.822092864614131613e-02
7.503751875937970939e-02
7.535585974805592002e-02
7.503751875937970939e-02
7.535585974805592002e-02
7.662922370276060990e-02
7.790258765746509162e-02
7.503751875937970939e-02
7.503751875937970939e-02
