6.690391459074732650e-01
6.040116467162730540e-01
5.758654157230670423e-01
5.186023940472340721e-01
5.066321578777093215e-01
4.616628922678744362e-01
4.173406664509866637e-01
4.124878680038820966e-01
3.946942736978323873e-01
3.908637981235847936e-01
3.513426075703655616e-01
3.539825299255902058e-01
3.325784535748950166e-01
3.284244581041733668e-01
3.293432546101586200e-01
3.180200582335813153e-01
3.183435781300550937e-01
2.979618246522161562e-01
3.105791006146878530e-01
2.898738272403755256e-01
2.924619864121643098e-01
2.830799094144290096e-01
2.834034293109026770e-01
2.736978324166936538e-01
2.834034293109026770e-01
2.672274344872209162e-01
2.652863151083792448e-01
2.520219993529602687e-01
2.652863151083792448e-01
2.468974441928178110e-01
2.510514396635392664e-01
2.361695244257522031e-01
2.478162406988028699e-01
2.306696861857002734e-01
2.387576835975410983e-01
2.268392106114524298e-01
2.387576835975410983e-01
2.170818505338078519e-01
2.089938531219671380e-01
2.181041734066644644e-01
2.089938531219671380e-01
2.080232934325462191e-01
2.089938531219671380e-01
2.034940148819152084e-01
1.915237787123908741e-01
2.015528955030735647e-01
1.915237787123908741e-01
1.960530572630217461e-01
1.915237787123908741e-01
1.928178582982853773e-01
1.915237787123908741e-01
1.918990617923000963e-01
1.837593011970236057e-01
1.905532190229699274e-01
1.837593011970236057e-01
1.857004205758654714e-01
1.837593011970236057e-01
1.857004205758654714e-01
1.837593011970236057e-01
1.727596247169201904e-01
1.831122614040763541e-01
1.721125849239729388e-01
1.611129084438693015e-01
1.721125849239729388e-01
1.831122614040763541e-01
1.704949854416047683e-01
1.611129084438693015e-01
1.685538660627627638e-01
1.611129084438693015e-01
1.653186670980266171e-01
1.611129084438693015e-01
1.653186670980266171e-01
1.611129084438693015e-01
1.617599482368166919e-01
1.585247492720802953e-01
1.617599482368166919e-01
1.585247492720802953e-01
1.585247492720802953e-01
1.559365901002912891e-01
1.572306696861857922e-01
1.559365901002912891e-01
1.572306696861857922e-01
1.559365901002912891e-01
1.565836298932385406e-01
1.559365901002912891e-01
1.572306696861857922e-01
1.559365901002912891e-01
1.510837916531867220e-01
1.559365901002912891e-01
1.510837916531867220e-01
1.552895503073440375e-01
1.510837916531867220e-01
1.475250727919766580e-01
1.475250727919769078e-01
1.468780329990294065e-01
1.417017146554513940e-01
1.468780329990294065e-01
1.404076350695567799e-01
1.468780329990294065e-01
1.420252345519252002e-01
1.468780329990294065e-01
1.404076350695568909e-01
1.468780329990294065e-01
1.404076350695567799e-01
1.468780329990294065e-01
1.401358783565189725e-01
1.468780329990294065e-01
1.394370753801358331e-01
1.468780329990294065e-01
1.319961177612422598e-01
1.468780329990294065e-01
1.287609187965061130e-01
1.319961177612422598e-01
1.287609187965061130e-01
1.255257198317697442e-01
1.226140407635070428e-01
1.255257198317697442e-01
1.287609187965061130e-01
1.255257198317697442e-01
1.287609187965061130e-01
1.255257198317697442e-01
1.209964412811388584e-01
1.255257198317697442e-01
1.264833387253311847e-01
1.255257198317697442e-01
1.206729213846652882e-01
1.255257198317697442e-01
1.200258815917179117e-01
1.255257198317697442e-01
1.171142025234553352e-01
1.255257198317697442e-01
1.203494014881914820e-01
1.255257198317697442e-01
1.203494014881914820e-01
1.255257198317697442e-01
1.200258815917179117e-01
1.255257198317697442e-01
1.167906826269816539e-01
1.255257198317697442e-01
1.145260433516659820e-01
9.446780977030093396e-02
1.171142025234553352e-01
1.255257198317697442e-01
1.096732449045617619e-01
1.248786800388223678e-01
1.099967648010353322e-01
9.446780977030093396e-02
1.096732449045617619e-01
1.248786800388223678e-01
1.096732449045617619e-01
1.248786800388223678e-01
1.096732449045617619e-01
9.382076997735355750e-02
1.093497250080880806e-01
9.382076997735355750e-02
1.093497250080880806e-01
9.446780977030093396e-02
1.093497250080880806e-01
9.382076997735355750e-02
1.077321255257200072e-01
9.382076997735355750e-02
1.077321255257200072e-01
9.382076997735355750e-02
9.899708832093180588e-02
9.382076997735355750e-02
9.382076997735355750e-02
9.382076997735355750e-02
9.899708832093180588e-02
9.382076997735355750e-02
1.074086056292462010e-01
9.382076997735355750e-02
1.090262051116142744e-01
9.382076997735355750e-02
9.382076997735355750e-02
9.382076997735355750e-02
9.382076997735355750e-02
9.382076997735355750e-02
9.349725008087998723e-02
9.382076997735355750e-02
9.382076997735355750e-02
9.382076997735355750e-02
9.349725008087998723e-02
9.382076997735355750e-02
9.382076997735355750e-02
9.382076997735355750e-02
9.349725008087998723e-02
9.382076997735355750e-02
9.349725008087998723e-02
9.382076997735355750e-02
9.349725008087998723e-02
9.382076997735355750e-02
9.349725008087998723e-02
9.382076997735355750e-02
9.349725008087998723e-02
9.317373018440630594e-02
9.349725008087998723e-02
9.317373018440630594e-02
9.349725008087998723e-02
9.317373018440630594e-02
9.349725008087998723e-02
9.317373018440630594e-02
9.349725008087998723e-02
9.317373018440630594e-02
9.317373018440630594e-02
9.317373018440630594e-02
9.349725008087998723e-02
9.317373018440630594e-02
9.317373018440630594e-02
9.317373018440630594e-02
9.317373018440630594e-02
9.317373018440630594e-02
9.349725008087998723e-02
9.317373018440630594e-02
9.317373018440630594e-02
9.317373018440630594e-02
9.317373018440630594e-02
9.317373018440630594e-02
9.317373018440630594e-02
9.317373018440630594e-02
9.317373018440630594e-02
9.317373018440630594e-02
9.317373018440630594e-02
9.317373018440630594e-02
9.220317049498537310e-02
9.317373018440630594e-02
9.187965059851180283e-02
9.317373018440630594e-02
9.187965059851180283e-02
9.317373018440630594e-02
9.187965059851180283e-02
9.317373018440630594e-02
9.058557101261729971e-02
9.317373018440630594e-02
9.317373018440630594e-02
9.317373018440630594e-02
9.187965059851180283e-02
9.317373018440630594e-02
9.187965059851180283e-02
9.317373018440630594e-02
9.058557101261718869e-02
9.317373018440630594e-02
9.187965059851180283e-02
9.317373018440630594e-02
9.058557101261729971e-02
9.317373018440630594e-02
9.026205111614361842e-02
9.317373018440630594e-02
9.026205111614361842e-02
9.317373018440630594e-02
9.187965059851180283e-02
9.045616305402734425e-02
9.026205111614361842e-02
9.317373018440630594e-02
9.058557101261729971e-02
9.317373018440630594e-02
9.026205111614361842e-02
9.317373018440630594e-02
9.026205111614361842e-02
9.058557101261729971e-02
9.026205111614361842e-02
8.993853121967004816e-02
9.026205111614361842e-02
9.058557101261729971e-02
9.026205111614361842e-02
8.993853121967004816e-02
9.026205111614361842e-02
8.735037204788104193e-02
9.026205111614361842e-02
8.735037204788104193e-02
8.929149142672268558e-02
8.735037204788104193e-02
9.026205111614361842e-02
8.735037204788104193e-02
9.026205111614361842e-02
8.735037204788104193e-02
9.026205111614361842e-02
8.735037204788104193e-02
9.026205111614361842e-02
8.735037204788104193e-02
8.896797153024911531e-02
8.735037204788104193e-02
8.929149142672279660e-02
8.735037204788104193e-02
8.735037204788104193e-02
8.735037204788104193e-02
9.026205111614361842e-02
8.735037204788104193e-02
8.842445810417329244e-02
8.735037204788104193e-02
8.832093173730197477e-02
8.735037204788104193e-02
8.896797153024911531e-02
8.735037204788104193e-02
8.735037204788104193e-02
8.735037204788104193e-02
8.735037204788104193e-02
8.735037204788104193e-02
8.735037204788104193e-02
8.735037204788104193e-02
8.735037204788104193e-02
8.735037204788104193e-02
8.735037204788104193e-02
8.735037204788104193e-02
8.799741184082816858e-02
8.735037204788104193e-02
8.735037204788104193e-02
8.735037204788104193e-02
8.735037204788104193e-02
8.735037204788104193e-02
8.735037204788104193e-02
8.735037204788104193e-02
8.735037204788104193e-02
8.735037204788104193e-02
8.735037204788104193e-02
8.735037204788104193e-02
8.735037204788104193e-02
8.735037204788104193e-02
8.735037204788104193e-02
8.735037204788104193e-02
8.735037204788104193e-02
8.735037204788104193e-02
8.735037204788104193e-02
8.735037204788104193e-02
8.735037204788104193e-02
8.735037204788104193e-02
8.735037204788104193e-02
8.735037204788104193e-02
8.735037204788104193e-02
8.735037204788104193e-02
8.735037204788104193e-02
8.735037204788104193e-02
8.735037204788104193e-02
8.735037204788104193e-02
8.735037204788104193e-02
8.735037204788104193e-02
8.735037204788104193e-02
8.735037204788104193e-02
8.735037204788104193e-02
8.735037204788104193e-02
8.735037204788104193e-02
8.735037204788104193e-02
8.735037204788104193e-02
8.735037204788104193e-02
8.735037204788104193e-02
8.735037204788104193e-02
8.702685215140723574e-02
8.735037204788104193e-02
8.702685215140723574e-02
8.735037204788104193e-02
8.605629246198630289e-02
8.735037204788104193e-02
8.653510190876731456e-02
8.735037204788104193e-02
8.637981235846009520e-02
8.735037204788104193e-02
8.735037204788104193e-02
8.735037204788104193e-02
8.702685215140723574e-02
8.735037204788104193e-02
8.735037204788104193e-02
8.735037204788104193e-02
8.637981235846009520e-02
8.735037204788104193e-02
8.605629246198630289e-02
8.735037204788104193e-02
8.702685215140723574e-02
8.735037204788104193e-02
8.605629246198630289e-02
8.735037204788104193e-02
8.605629246198630289e-02
8.670333225493366547e-02
8.605629246198630289e-02
8.540925266903916235e-02
8.605629246198630289e-02
8.670333225493366547e-02
8.605629246198630289e-02
8.735037204788104193e-02
8.605629246198630289e-02
8.670333225493366547e-02
8.702685215140723574e-02
8.735037204788104193e-02
8.605629246198630289e-02
8.540925266903916235e-02
8.605629246198630289e-02
8.540925266903916235e-02
8.605629246198630289e-02
8.476221287609179977e-02
8.605629246198630289e-02
8.670333225493366547e-02
8.605629246198630289e-02
8.735037204788104193e-02
8.605629246198630289e-02
8.476221287609179977e-02
8.573277256551273262e-02
8.476221287609179977e-02
