6.871562601099967527e-01
5.988870915561306241e-01
5.661598188288580191e-01
5.176318343578130143e-01
4.788094467809769217e-01
4.623099320608217155e-01
4.335166612746684800e-01
4.196053057263021135e-01
3.870850857327712835e-01
3.704302814623099960e-01
3.371077321255257497e-01
3.539307667421545678e-01
3.325784535748950166e-01
3.341960530572631871e-01
3.293432546101586200e-01
3.183435781300550937e-01
3.183435781300550937e-01
3.002264639275316060e-01
3.002264639275316060e-01
2.882562277580071330e-01
2.924619864121643098e-01
2.766612746683921320e-01
2.885797476544808005e-01
2.672274344872210272e-01
2.788741507602717773e-01
2.662568747978000805e-01
2.652863151083792448e-01
2.571983176965384477e-01
2.575218375930120041e-01
2.445810417340667231e-01
2.510514396635392664e-01
2.423164024587513843e-01
2.510514396635392664e-01
2.326108055645421391e-01
2.387576835975410983e-01
2.264639275315431799e-01
2.135231316725978989e-01
2.164865739242961551e-01
2.342284050469103374e-01
2.154642510514397924e-01
2.089938531219671380e-01
2.154642510514397924e-01
2.089938531219671380e-01
2.083468133290198865e-01
2.051116143642835177e-01
1.983176965383370849e-01
1.915237787123908741e-01
1.967000970559688866e-01
1.837593011970236057e-01
1.941119378841797694e-01
1.915237787123908741e-01
1.895826593335489807e-01
1.837593011970236057e-01
1.873180200582335586e-01
1.837593011970236057e-01
1.857004205758654714e-01
1.837593011970236057e-01
1.866709802652861960e-01
1.837593011970236057e-01
1.724878680038824108e-01
1.837593011970236057e-01
1.724361048204466340e-01
1.611129084438693015e-01
1.711420252345519089e-01
1.831122614040763541e-01
1.688773859592366811e-01
1.611129084438693015e-01
1.711937884179879077e-01
1.611129084438693015e-01
1.656421869945003122e-01
1.611129084438693015e-01
1.620834681332902483e-01
1.585247492720802953e-01
1.649951472015529497e-01
1.611129084438693015e-01
1.604658686509221610e-01
1.559365901002912891e-01
1.585247492720802953e-01
1.559365901002912891e-01
1.569071497897121248e-01
1.559365901002912891e-01
1.569071497897121248e-01
1.559365901002912891e-01
1.559365901002912891e-01
1.559365901002912891e-01
1.552895503073440375e-01
1.559365901002912891e-01
1.556130702038175939e-01
1.475250727919766580e-01
1.455839534131349033e-01
1.552895503073440375e-01
1.510837916531867220e-01
1.475250727919766580e-01
1.491426722743450783e-01
1.468780329990294065e-01
1.422322872856681686e-01
1.468780329990294065e-01
1.439663539307668438e-01
1.468780329990294065e-01
1.433193141378194535e-01
1.468780329990294065e-01
1.407311549660304473e-01
1.468780329990294065e-01
1.404076350695567799e-01
1.468780329990294065e-01
1.326431575541896224e-01
1.468780329990294065e-01
1.400841151730831957e-01
1.468780329990294065e-01
1.400841151730831957e-01
1.468780329990294065e-01
1.362018764153996864e-01
1.404076350695568909e-01
1.319961177612422598e-01
1.255257198317697442e-01
1.287609187965061130e-01
1.255257198317697442e-01
1.287609187965061130e-01
1.255257198317697442e-01
1.209964412811388584e-01
1.255257198317697442e-01
1.209964412811388584e-01
1.255257198317697442e-01
1.211517308314460639e-01
1.255257198317697442e-01
1.203494014881914820e-01
1.255257198317697442e-01
1.203494014881914820e-01
1.255257198317697442e-01
1.177612423164024757e-01
1.255257198317697442e-01
1.206729213846650522e-01
1.255257198317697442e-01
1.200258815917179117e-01
1.255257198317697442e-01
1.171142025234553352e-01
1.255257198317697442e-01
1.174377224199289055e-01
1.255257198317697442e-01
1.171142025234553352e-01
1.255257198317697442e-01
1.099967648010353322e-01
9.446780977030093396e-02
1.099967648010353322e-01
1.248786800388223678e-01
1.142542866386284245e-01
9.446780977030093396e-02
1.096732449045617619e-01
9.382076997735355750e-02
1.096732449045617619e-01
9.446780977030093396e-02
1.096732449045617619e-01
9.382076997735355750e-02
1.093497250080880806e-01
9.382076997735355750e-02
1.096732449045617619e-01
9.382076997735355750e-02
1.096732449045617619e-01
9.382076997735355750e-02
9.414428987382736369e-02
9.382076997735355750e-02
1.067615658362990744e-01
9.382076997735355750e-02
1.077321255257200072e-01
9.382076997735355750e-02
1.090262051116142744e-01
9.382076997735355750e-02
1.001358783565179517e-01
9.382076997735355750e-02
9.736654804270436503e-02
9.382076997735355750e-02
1.074086056292462010e-01
9.382076997735355750e-02
9.382076997735355750e-02
9.382076997735355750e-02
9.382076997735355750e-02
9.382076997735355750e-02
9.382076997735355750e-02
9.382076997735355750e-02
9.382076997735355750e-02
9.382076997735355750e-02
9.382076997735355750e-02
9.382076997735355750e-02
9.349725008087998723e-02
9.382076997735355750e-02
9.382076997735355750e-02
9.382076997735355750e-02
9.349725008087998723e-02
9.382076997735355750e-02
9.349725008087998723e-02
9.317373018440630594e-02
9.349725008087998723e-02
9.317373018440630594e-02
9.349725008087998723e-02
9.382076997735355750e-02
9.349725008087998723e-02
9.317373018440630594e-02
9.349725008087998723e-02
9.317373018440630594e-02
9.349725008087998723e-02
9.382076997735355750e-02
9.349725008087998723e-02
9.317373018440630594e-02
9.349725008087998723e-02
9.317373018440630594e-02
9.349725008087998723e-02
9.317373018440630594e-02
9.317373018440630594e-02
9.317373018440630594e-02
9.349725008087998723e-02
9.317373018440630594e-02
9.317373018440630594e-02
9.317373018440630594e-02
9.317373018440630594e-02
9.317373018440630594e-02
9.317373018440630594e-02
9.317373018440630594e-02
9.317373018440630594e-02
9.317373018440630594e-02
9.317373018440630594e-02
9.317373018440630594e-02
9.317373018440630594e-02
9.317373018440630594e-02
9.220317049498537310e-02
9.317373018440630594e-02
9.317373018440630594e-02
9.317373018440630594e-02
9.317373018440630594e-02
9.317373018440630594e-02
9.155613070203812154e-02
9.317373018440630594e-02
9.187965059851180283e-02
9.317373018440630594e-02
9.317373018440630594e-02
9.317373018440630594e-02
9.058557101261729971e-02
9.317373018440630594e-02
9.187965059851180283e-02
9.317373018440630594e-02
9.155613070203812154e-02
9.317373018440630594e-02
9.026205111614361842e-02
9.317373018440630594e-02
9.058557101261729971e-02
9.317373018440630594e-02
9.058557101261729971e-02
9.317373018440630594e-02
9.026205111614361842e-02
9.317373018440630594e-02
9.058557101261729971e-02
9.317373018440630594e-02
9.058557101261729971e-02
9.317373018440630594e-02
9.026205111614361842e-02
9.317373018440630594e-02
9.026205111614361842e-02
9.317373018440630594e-02
9.026205111614361842e-02
9.317373018440630594e-02
9.026205111614361842e-02
9.317373018440630594e-02
9.026205111614361842e-02
9.058557101261729971e-02
9.026205111614361842e-02
9.058557101261729971e-02
9.026205111614361842e-02
8.735037204788104193e-02
9.026205111614361842e-02
8.735037204788104193e-02
9.026205111614361842e-02
8.735037204788104193e-02
9.026205111614361842e-02
9.058557101261729971e-02
8.993853121967004816e-02
8.993853121967004816e-02
9.026205111614361842e-02
8.735037204788104193e-02
8.929149142672268558e-02
8.735037204788104193e-02
9.026205111614361842e-02
8.735037204788104193e-02
8.864445163377554504e-02
8.735037204788104193e-02
8.896797153024911531e-02
8.735037204788104193e-02
8.929149142672268558e-02
8.735037204788104193e-02
8.929149142672268558e-02
8.735037204788104193e-02
8.896797153024911531e-02
8.735037204788104193e-02
8.993853121967004816e-02
8.735037204788104193e-02
8.864445163377554504e-02
8.735037204788104193e-02
8.735037204788104193e-02
8.735037204788104193e-02
8.832093173730197477e-02
8.735037204788104193e-02
8.735037204788104193e-02
8.735037204788104193e-02
8.832093173730197477e-02
8.735037204788104193e-02
8.735037204788104193e-02
8.735037204788104193e-02
8.735037204788104193e-02
8.735037204788104193e-02
8.735037204788104193e-02
8.735037204788104193e-02
8.735037204788104193e-02
8.735037204788104193e-02
8.735037204788104193e-02
8.735037204788104193e-02
8.735037204788104193e-02
8.735037204788104193e-02
8.735037204788104193e-02
8.735037204788104193e-02
8.735037204788104193e-02
8.735037204788104193e-02
8.735037204788104193e-02
8.735037204788104193e-02
8.735037204788104193e-02
8.735037204788104193e-02
8.735037204788104193e-02
8.735037204788104193e-02
8.735037204788104193e-02
8.735037204788104193e-02
8.735037204788104193e-02
8.735037204788104193e-02
8.735037204788104193e-02
8.735037204788104193e-02
8.735037204788104193e-02
8.735037204788104193e-02
8.637981235846009520e-02
8.735037204788104193e-02
8.735037204788104193e-02
8.735037204788104193e-02
8.735037204788104193e-02
8.735037204788104193e-02
8.702685215140723574e-02
8.735037204788104193e-02
8.735037204788104193e-02
8.735037204788104193e-02
8.605629246198630289e-02
8.735037204788104193e-02
8.605629246198630289e-02
8.735037204788104193e-02
8.605629246198630289e-02
8.735037204788104193e-02
8.637981235846009520e-02
8.735037204788104193e-02
8.702685215140723574e-02
8.735037204788104193e-02
8.637981235846009520e-02
8.735037204788104193e-02
8.637981235846009520e-02
8.735037204788104193e-02
8.637981235846009520e-02
8.735037204788104193e-02
8.605629246198630289e-02
8.735037204788104193e-02
8.605629246198630289e-02
8.735037204788104193e-02
8.605629246198630289e-02
8.735037204788104193e-02
8.605629246198630289e-02
8.735037204788104193e-02
8.702685215140723574e-02
8.735037204788104193e-02
8.605629246198630289e-02
8.735037204788104193e-02
8.605629246198630289e-02
8.571983176965358719e-02
8.605629246198630289e-02
8.735037204788104193e-02
8.605629246198630289e-02
8.507279197670622461e-02
8.605629246198630289e-02
8.540925266903916235e-02
8.605629246198630289e-02
8.735037204788104193e-02
8.605629246198630289e-02
8.476221287609179977e-02
8.605629246198630289e-02
8.476221287609179977e-02
8.605629246198630289e-02
8.540925266903916235e-02
8.605629246198630289e-02
8.670333225493366547e-02
8.605629246198630289e-02
8.540925266903916235e-02
8.605629246198630289e-02
8.476221287609179977e-02
8.605629246198630289e-02
8.476221287609179977e-02
