8.634142301002235564e-01
8.196305806344735823e-01
7.979375465915679033e-01
7.297192081504182415e-01
6.532659653772879826e-01
5.984759380435683562e-01
5.783566636295867092e-01
5.776940279963553859e-01
5.607206162511386704e-01
5.500389298434522622e-01
4.932079847593803801e-01
4.748198459372152680e-01
4.660598028658992087e-01
4.470421601921641397e-01
4.407355255528865312e-01
4.352091443717385766e-01
3.967530853971671934e-01
3.962146939451667293e-01
3.814975565311025107e-01
3.781164582125404738e-01
3.492470802617408387e-01
3.675557028079185495e-01
3.559247908556283924e-01
3.497059554377535684e-01
3.371572931334381740e-01
3.264308788205086409e-01
3.149921312018553743e-01
3.052679532841879873e-01
3.309450840718959896e-01
3.165327590491178733e-01
3.070902012755735155e-01
3.037770231094176210e-01
2.983102791352604810e-01
2.926778762527953437e-01
2.893646980866396157e-01
2.863414230100222446e-01
2.809989232170960194e-01
2.802120434026341700e-01
2.778514039592477336e-01
2.800049697672492011e-01
2.708738507413234742e-01
2.710593887186281692e-01
2.660482067423176611e-01
2.649366354675722346e-01
2.672492338275489487e-01
2.629421022115464024e-01
2.671249896463182560e-01
2.662966951047793240e-01
2.622380518512382741e-01
2.531682266213865495e-01
2.556116955189264850e-01
2.569783815124657700e-01
2.630249316657005121e-01
2.497722190010767673e-01
2.453656920400890673e-01
2.428145448521492611e-01
2.416549324939948062e-01
2.429802037604572029e-01
2.493166570032302742e-01
2.284701399817773981e-01
2.275325105607553522e-01
2.325436925370662211e-01
2.341588668930673078e-01
2.361467737927608057e-01
2.377172202435186010e-01
2.229768905822907821e-01
2.197051271432119146e-01
2.155636544355173378e-01
2.255860183881388814e-01
2.288163671001408883e-01
2.199536155056737718e-01
2.060382672078191202e-01
2.095171042822829566e-01
2.122090615422844162e-01
2.062039261161268955e-01
2.100935972831937393e-01
2.072807090201274349e-01
2.062453408432039226e-01
2.058311935724342900e-01
2.031392363124326639e-01
1.987244264060295251e-01
1.965128799801209025e-01
1.960987327093512700e-01
2.057069493912035696e-01
2.017725503188934344e-01
2.015654766835086042e-01
1.950633645324277576e-01
1.891957260001654317e-01
1.827631905905738319e-01
1.802368922388799810e-01
2.005715232336619525e-01
1.944421436262733227e-01
1.933653607222727833e-01
1.868218338441150761e-01
1.796156713327259069e-01
2.018967945001243491e-01
1.687650128385654591e-01
1.940279963555038845e-01
1.808995278721112487e-01
1.879814462022695032e-01
1.795742566056490463e-01
1.747701482647229798e-01
1.694276484717965603e-01
1.860730555785636564e-01
1.792843535161103563e-01
1.701731135591815769e-01
1.807752836908805283e-01
1.758883458958003798e-01
1.683094508407187995e-01
1.662387144868714139e-01
1.813666859935388898e-01
1.689223888014572406e-01
1.736105359065683862e-01
1.727822413650293154e-01
1.683922802948728814e-01
1.658659819431790305e-01
1.662801292139484688e-01
1.657980617907727217e-01
1.797399155139566274e-01
1.738176095419529943e-01
1.696761368342582510e-01
1.656589083077942004e-01
1.658245672161019757e-01
1.656589083077942004e-01
1.656589083077942004e-01
1.619315828708688954e-01
1.685579392031804624e-01
1.652447610370247622e-01
1.654104199453325375e-01
1.650791021287168203e-01
1.603164085148677809e-01
1.615174356000994293e-01
1.611861177834838788e-01
1.653275904911784833e-01
1.635881719539466483e-01
1.651619315828707080e-01
1.586184047047130008e-01
1.599436759711752032e-01
1.604406526960987234e-01
1.634225130456390396e-01
1.548496645407106409e-01
1.569618156216350535e-01
1.582870868880972559e-01
1.556365443551726568e-01
1.569204008945580264e-01
1.591982108837902143e-01
1.553052265385571062e-01
1.548910792677874737e-01
1.579557690714817053e-01
1.564648388967117276e-01
1.539799552720947096e-01
1.536486374554789647e-01
1.546425909053258108e-01
1.544769319970180355e-01
1.576244512548661547e-01
1.538142963637867677e-01
1.532344901847095264e-01
1.537314669096328523e-01
1.534001490930173017e-01
1.540627847262485972e-01
1.532344901847095264e-01
1.544769319970180355e-01
1.541456141804024849e-01
1.538142963637869343e-01
1.524890250973243710e-01
1.532344901847095264e-01
1.532344901847095264e-01
1.541041994533254578e-01
1.532344901847095264e-01
1.512465832850160286e-01
1.522405367348627081e-01
1.532344901847095264e-01
1.480162345730140494e-01
1.509152654684004780e-01
1.489273585687068135e-01
1.509980949225543656e-01
1.519920483724010452e-01
1.523647809160936228e-01
1.532344901847095264e-01
1.501698003810153226e-01
1.485960407520912629e-01
1.499213120185536596e-01
1.480162345730140494e-01
1.527375134597862005e-01
1.429636378696261256e-01
1.469394516690133157e-01
1.482647229354757124e-01
1.495899942019381090e-01
1.509152654684004780e-01
1.501283856539382677e-01
1.439575913194729717e-01
1.379110411662385904e-01
1.479334051188601618e-01
1.492586763853225584e-01
1.449515447693198178e-01
1.449515447693198178e-01
1.449515447693198178e-01
1.393191418868547082e-01
1.440404207736272479e-01
1.449515447693198178e-01
1.449515447693198178e-01
1.449515447693198178e-01
1.449515447693198178e-01
1.407272426074709648e-01
1.365857698997762215e-01
1.449515447693198178e-01
1.449515447693198178e-01
1.449515447693198178e-01
1.449515447693198178e-01
1.421353433280872491e-01
1.345150335459286417e-01
1.287998012093100053e-01
1.449515447693198178e-01
1.449515447693198178e-01
1.430878820508572347e-01
1.435434440487035335e-01
1.379110411662384239e-01
1.292967779342333312e-01
1.392363124327008206e-01
1.160440652696097807e-01
1.424666611447029940e-01
1.449515447693198178e-01
1.379938706203923116e-01
1.310361964714651661e-01
1.240785223225376460e-01
1.175764101714569798e-01
1.418454402385487534e-01
1.443303238631655772e-01
1.397332891576243130e-01
1.327756150086968068e-01
1.258179408597696614e-01
1.176178248985338404e-01
1.086722438499130167e-01
1.437091029570113088e-01
1.414727076948561479e-01
1.345150335459286417e-01
1.269361384908474222e-01
1.165824567216101476e-01
1.098732709351444847e-01
1.050691625942184182e-01
1.432121262320879829e-01
1.275573593970014963e-01
1.223391037853060054e-01
1.148844529114551594e-01
1.104116623871446573e-01
1.068400563240281681e-01
1.449515447693198178e-01
1.284270686656174276e-01
1.291228360805099229e-01
1.178248985339186428e-01
1.115298600182222377e-01
1.074712167646813543e-01
1.441646649548578019e-01
1.270603826720781704e-01
1.215936386979208222e-01
1.184461194400727169e-01
1.126480576492999985e-01
1.081752671249896769e-01
1.035368176923712191e-01
1.276816035782324110e-01
1.222148596040750768e-01
1.182390458046880810e-01
1.137662552803775790e-01
1.092934647560672573e-01
9.272426074712028510e-02
9.268615919820527571e-02
1.156050691625936377e-01
1.193572434357658557e-01
1.148844529114551594e-01
1.090863911206822745e-01
9.289323283359542105e-02
8.593555868466827563e-02
1.181562163505340129e-01
1.198128054336121406e-01
1.138490847345314666e-01
1.100389298434520657e-01
9.463265137082724210e-02
8.767497722190011056e-02
8.779922140313084489e-02
9.028410502774784907e-02
1.171208481736105006e-01
1.109914685662220651e-01
9.637206990805945173e-02
8.941439575913193161e-02
8.717800049697677078e-02
8.966288412159359456e-02
1.136834258262238856e-01
1.107843949308372489e-01
9.811148844529128665e-02
9.115381429636376653e-02
8.655677959082253015e-02
8.904166321543935392e-02
8.887600430713157862e-02
9.202352356497968400e-02
9.985090698252292729e-02
9.289323283359542105e-02
8.593555868466827563e-02
8.842044230928527981e-02
9.090532593390210359e-02
9.015986084651693433e-02
1.002650542532925459e-01
9.463265137082724210e-02
8.767497722190011056e-02
8.779922140313102530e-02
9.028410502774784907e-02
8.593555868466827563e-02
8.593555868466827563e-02
9.479831027913539210e-02
8.941439575913193161e-02
8.717800049697677078e-02
8.593555868466827563e-02
8.593555868466827563e-02
9.792595046798525937e-02
9.811148844529128665e-02
9.115381429636376653e-02
8.655677959082253015e-02
8.593555868466827563e-02
8.593555868466827563e-02
8.593555868466827563e-02
9.844280626190683725e-02
9.049117866313248493e-02
8.593555868466827563e-02
8.593555868466827563e-02
8.593555868466827563e-02
8.593555868466827563e-02
1.002650542532925459e-01
9.297606228774930870e-02
8.750931831359233526e-02
8.593555868466827563e-02
8.730224467820751899e-02
8.593555868466827563e-02
8.593555868466827563e-02
8.593555868466827563e-02
8.717800049697677078e-02
8.593555868466827563e-02
8.593555868466827563e-02
8.593555868466827563e-02
8.593555868466827563e-02
9.662055827052111467e-02
8.543858195974494973e-02
8.593555868466827563e-02
8.593555868466827563e-02
8.593555868466827563e-02
8.593555868466827563e-02
8.461028741820587895e-02
8.527292305143717444e-02
8.593555868466827563e-02
8.593555868466827563e-02
8.593555868466827563e-02
8.593555868466827563e-02
8.593555868466827563e-02
9.380435682928818519e-02
8.576989977636050033e-02
8.593555868466827563e-02
8.593555868466827563e-02
8.593555868466827563e-02
8.427896960159032835e-02
8.494160523482142955e-02
8.560424086805272503e-02
8.593555868466827563e-02
8.593555868466827563e-02
8.345067506005127145e-02
8.411331069328255305e-02
8.477594632651365425e-02
8.543858195974494973e-02
8.593555868466827563e-02
8.593555868466827563e-02
8.593555868466827563e-02
8.593555868466827563e-02
8.461028741820587895e-02
8.527292305143717444e-02
8.593555868466827563e-02
8.593555868466827563e-02
8.593555868466827563e-02
8.378199287666700246e-02
8.444462850989810365e-02
8.510726414312920485e-02
8.576989977636050033e-02
8.568707032220661268e-02
8.295369833512793167e-02
8.361633396835904675e-02
8.427896960159032835e-02
8.494160523482142955e-02
8.560424086805272503e-02
8.320218669758959462e-02
8.278803942682015637e-02
8.345067506005127145e-02
8.411331069328255305e-02
8.477594632651365425e-02
8.519009359728328679e-02
8.249813633728146633e-02
8.531433777851402112e-02
8.328501615174348227e-02
8.394765178497477776e-02
8.461028741820587895e-02
