8.027452974072191161e-01
7.099644128113877795e-01
6.919166243009658990e-01
6.279003558718860845e-01
6.044738179969495473e-01
5.711743772241993922e-01
5.638027452974072595e-01
5.222369089984746360e-01
5.210981189628876020e-01
4.779257752923231073e-01
4.829689883070665823e-01
4.565327910523638288e-01
4.748347737671580471e-01
4.224707676664971046e-01
4.478901881037111177e-01
4.059481443823081959e-01
3.619725470259278488e-01
3.845958312150483116e-01
3.619725470259278488e-01
3.714590747330961951e-01
3.614641586171836729e-01
3.617183528215557331e-01
3.274021352313165600e-01
3.388408744280629881e-01
3.274021352313165600e-01
3.295170310116927181e-01
3.157092018301982939e-01
3.116827656329433927e-01
3.157092018301982939e-01
3.056634468734114041e-01
2.984239959328927605e-01
2.968886629384848153e-01
2.933401118454498913e-01
2.854600915099136382e-01
2.928317234367054933e-01
2.829181494661922036e-01
2.740213523131670992e-01
2.788510421962380748e-01
2.892730045754957069e-01
2.653787493645146101e-01
2.704626334519573128e-01
2.615658362989325414e-01
2.704626334519573128e-01
2.554651753940009318e-01
2.470767666497205028e-01
2.498729028978138589e-01
2.455516014234876143e-01
2.452974072191153598e-01
2.455516014234876143e-01
2.450432130147430776e-01
2.455516014234876143e-01
2.371631926792068523e-01
2.455516014234876143e-01
2.343670564311133298e-01
2.389425521098118288e-01
2.320793085917641496e-01
2.191154041687848608e-01
2.293238434163698825e-01
2.165531265887133405e-01
2.219115404168783834e-01
2.191154041687848608e-01
2.153024911032027922e-01
2.160650737163192503e-01
2.107269954245040988e-01
2.023385866802236976e-01
2.094560244026434648e-01
2.023385866802236976e-01
2.084392475851551130e-01
2.023385866802236976e-01
2.092018301982713768e-01
2.023385866802236976e-01
2.043721403152007621e-01
2.023385866802236976e-01
2.023385866802235034e-01
1.997966446365022630e-01
1.995424504321301751e-01
1.997966446365022630e-01
2.010676156583628971e-01
1.997966446365022630e-01
1.944585663446872781e-01
1.967463141840364582e-01
1.944585663446872781e-01
1.967463141840364582e-01
1.931875953228266718e-01
1.967463141840364582e-01
1.893746822572446031e-01
1.967463141840364582e-01
1.893746822572446031e-01
1.967463141840364582e-01
1.893746822572446031e-01
1.891204880528723209e-01
1.893746822572446031e-01
1.967463141840364582e-01
1.850533807829181643e-01
1.967463141840364582e-01
1.873411286222675110e-01
1.820030503304525538e-01
1.820030503304525538e-01
1.820030503304525538e-01
1.804778851042196375e-01
1.820030503304525538e-01
1.774275546517538327e-01
1.820030503304525538e-01
1.759023894255209441e-01
1.820030503304525538e-01
1.759023894255209441e-01
1.820030503304525538e-01
1.738688357905440462e-01
1.820030503304525538e-01
1.723436705643111577e-01
1.820030503304525538e-01
1.692933401118455194e-01
1.820030503304525538e-01
1.685307574987290891e-01
1.820030503304525538e-01
1.685307574987290891e-01
1.550584646670056244e-01
1.680223690899847189e-01
1.550584646670056244e-01
1.667513980681240848e-01
1.550584646670056244e-01
1.667513980681240848e-01
1.550584646670056244e-01
1.667513980681240848e-01
1.550584646670056244e-01
1.603965429588205815e-01
1.550584646670056244e-01
1.603965429588205815e-01
1.550584646670056244e-01
1.550584646670056244e-01
1.550584646670056244e-01
1.578546009150991469e-01
1.550584646670056244e-01
1.550584646670056244e-01
1.550584646670056244e-01
1.550584646670056244e-01
1.550584646670056244e-01
1.497203863751906394e-01
1.550584646670056244e-01
1.509913573970512735e-01
1.550584646670056244e-01
1.497203863751906394e-01
1.443823080833756822e-01
1.497203863751906394e-01
1.550584646670056244e-01
1.497203863751906394e-01
1.550584646670056244e-01
1.497203863751906394e-01
1.443823080833756822e-01
1.492119979664462970e-01
1.443823080833756822e-01
1.497203863751906394e-01
1.443823080833756822e-01
1.497203863751906394e-01
1.443823080833756822e-01
1.497203863751906394e-01
1.443823080833756822e-01
1.474326385358414870e-01
1.443823080833756822e-01
1.443823080833756822e-01
1.443823080833756822e-01
1.443823080833756822e-01
1.443823080833756822e-01
1.443823080833756822e-01
1.443823080833756822e-01
1.392984239959328130e-01
1.443823080833756822e-01
1.443823080833756822e-01
1.443823080833756822e-01
1.443823080833756822e-01
1.443823080833756822e-01
1.414539908490085873e-01
1.443823080833756822e-01
1.392984239959328130e-01
1.443823080833756822e-01
1.413319776309100717e-01
1.443823080833756822e-01
1.392984239959328130e-01
1.443823080833756822e-01
1.443823080833756822e-01
1.443823080833756822e-01
1.344687341128623648e-01
1.443823080833756822e-01
1.309100152516523841e-01
1.443823080833756822e-01
1.362480935434671747e-01
1.443823080833756822e-01
1.309100152516523841e-01
1.443823080833756822e-01
1.362480935434671747e-01
1.443823080833756822e-01
1.309100152516523841e-01
1.443823080833756822e-01
1.362480935434671747e-01
1.382816471784442669e-01
1.309100152516523841e-01
1.174377224199287528e-01
1.309100152516523841e-01
1.382816471784442669e-01
1.309100152516523841e-01
1.235383833248601682e-01
1.309100152516523841e-01
1.235383833248601682e-01
1.278596847991866070e-01
1.174377224199287528e-01
1.294153533299437220e-01
1.174377224199287528e-01
1.278596847991866070e-01
1.174377224199287528e-01
1.278596847991866070e-01
1.174377224199287528e-01
1.260803253685814362e-01
1.174377224199287528e-01
1.260803253685814362e-01
1.174377224199287528e-01
1.278596847991866070e-01
1.174377224199287528e-01
1.260803253685814362e-01
1.174377224199287528e-01
1.174377224199287528e-01
1.174377224199287528e-01
1.174377224199287528e-01
1.174377224199287528e-01
1.174377224199287528e-01
1.174377224199287528e-01
1.174377224199287528e-01
1.174377224199287528e-01
1.174377224199287528e-01
1.174377224199287528e-01
1.174377224199287528e-01
1.174377224199287528e-01
1.174377224199287528e-01
1.174377224199287528e-01
1.174377224199287528e-01
1.174377224199287528e-01
1.174377224199287528e-01
1.174377224199287528e-01
1.159125571936958504e-01
1.174377224199287528e-01
1.159125571936958504e-01
1.174377224199287528e-01
1.174377224199287528e-01
1.174377224199287528e-01
1.128622267412302260e-01
1.174377224199287528e-01
1.128622267412302260e-01
1.174377224199287528e-01
1.141331977630908601e-01
1.174377224199287528e-01
1.141331977630908601e-01
1.174377224199287528e-01
1.128622267412302260e-01
1.174377224199287528e-01
1.128622267412302260e-01
1.174377224199287528e-01
1.110828673106252495e-01
1.174377224199287528e-01
1.128622267412302260e-01
1.144483985765117617e-01
1.110828673106252495e-01
1.174377224199287528e-01
1.110828673106252495e-01
1.082867310625317131e-01
1.128622267412302260e-01
1.174377224199287528e-01
1.110828673106252495e-01
1.138790035587187721e-01
1.110828673106252495e-01
1.174377224199287528e-01
1.110828673106252495e-01
1.082867310625317131e-01
1.110828673106252495e-01
1.061921708185040170e-01
1.110828673106252495e-01
1.047280122013217324e-01
1.110828673106252495e-01
1.082867310625317131e-01
1.110828673106252495e-01
1.047280122013217324e-01
1.110828673106252495e-01
1.047280122013217324e-01
1.065073716319267227e-01
1.047280122013217324e-01
1.065073716319267227e-01
1.047280122013217324e-01
1.065073716319267227e-01
1.047280122013217324e-01
1.065073716319267227e-01
1.047280122013217324e-01
1.047280122013217324e-01
1.047280122013217324e-01
1.047280122013217324e-01
1.047280122013217324e-01
1.047280122013217324e-01
1.047280122013217324e-01
1.065073716319267227e-01
1.047280122013217324e-01
1.047280122013217324e-01
1.047280122013217324e-01
1.047280122013217324e-01
1.047280122013217324e-01
1.047280122013217324e-01
1.047280122013217324e-01
1.047280122013217324e-01
1.047280122013217324e-01
1.047280122013217324e-01
1.047280122013217324e-01
1.047280122013217324e-01
1.047280122013217324e-01
1.047280122013217324e-01
1.047280122013217324e-01
1.047280122013217324e-01
1.047280122013217324e-01
1.047280122013217324e-01
1.047280122013217324e-01
1.047280122013217324e-01
1.047280122013217324e-01
1.047280122013217324e-01
1.047280122013217324e-01
1.047280122013217324e-01
1.047280122013217324e-01
1.047280122013217324e-01
1.047280122013217324e-01
1.047280122013217324e-01
1.047280122013217324e-01
1.047280122013217324e-01
1.047280122013217324e-01
1.047280122013217324e-01
1.047280122013217324e-01
1.047280122013217324e-01
1.047280122013217324e-01
1.047280122013217324e-01
1.047280122013217324e-01
1.047280122013217324e-01
1.047280122013217324e-01
1.047280122013217324e-01
1.047280122013217324e-01
1.044738179969496444e-01
1.047280122013217324e-01
1.032028469750888300e-01
1.047280122013217324e-01
1.045144890696490941e-01
1.047280122013217324e-01
1.029486527707167420e-01
1.047280122013217324e-01
1.032028469750888300e-01
1.047280122013217324e-01
1.044738179969496444e-01
1.047280122013217324e-01
9.910523640060954487e-02
1.047280122013217324e-01
1.047280122013217324e-01
1.047280122013217324e-01
9.862735129639049747e-02
1.047280122013217324e-01
1.011692933401117517e-01
1.047280122013217324e-01
9.862735129639049747e-02
1.047280122013217324e-01
1.026944585663446541e-01
1.047280122013217324e-01
9.659379766141341916e-02
1.006609049313675758e-01
9.687849517030991398e-02
1.047280122013217324e-01
9.862735129639049747e-02
1.047280122013217324e-01
9.659379766141341916e-02
1.006609049313675758e-01
9.659379766141341916e-02
1.006609049313675758e-01
1.011692933401117517e-01
1.047280122013217324e-01
9.659379766141341916e-02
1.006609049313675758e-01
9.837315709201840952e-02
1.047280122013217324e-01
9.659379766141341916e-02
1.047280122013217324e-01
9.659379766141341916e-02
8.845958312150492553e-02
9.659379766141341916e-02
9.252669039145908214e-02
1.011692933401117517e-01
1.047280122013217324e-01
9.659379766141341916e-02
1.006609049313675758e-01
9.659379766141341916e-02
1.006609049313675758e-01
9.659379766141341916e-02
1.006609049313675758e-01
9.659379766141341916e-02
9.252669039145908214e-02
9.659379766141341916e-02
1.006609049313675758e-01
