8.739607418704188335e-01
8.600186943474196211e-01
8.260579524770008675e-01
7.683868746002852079e-01
6.813184434495990205e-01
6.467771928961478789e-01
6.107640084616519083e-01
6.007831947655826177e-01
5.895114871845328341e-01
5.872484872337284667e-01
5.581246617798985010e-01
5.328676145028778954e-01
5.202499139076104395e-01
5.065184237713384885e-01
5.158813400895361223e-01
4.896935110936193047e-01
4.791656417572685012e-01
4.536980370935208562e-01
4.364146209475083249e-01
4.476312293993210401e-01
4.485659467703054237e-01
4.427608599399812106e-01
4.137354257883603670e-01
4.057657303094405754e-01
3.961548679096769665e-01
3.997638608746985067e-01
4.073399911447826982e-01
3.917449697446745427e-01
3.756579918335217760e-01
3.705908397697643686e-01
3.636542529640379717e-01
3.577310965710628898e-01
3.690657745855268068e-01
3.717223397451666078e-01
3.378757317853101627e-01
3.386136665518768574e-01
3.323166232105081441e-01
3.462881881241697823e-01
3.357603187878190898e-01
3.362522752988635344e-01
3.341860579524769670e-01
3.210016234564863624e-01
3.123923845132088872e-01
3.224774929896195852e-01
3.162296452993553220e-01
3.226742755940373297e-01
3.160820583460420830e-01
3.120480149554778482e-01
3.005362325970384885e-01
2.930584936291629750e-01
2.912382545382986021e-01
2.949279283711319088e-01
3.112116888867023090e-01
3.011265804102916666e-01
2.980390613469767747e-01
2.813007330152013652e-01
2.807792591134941618e-01
2.895656024007478568e-01
3.064397107295716016e-01
2.856299503123922445e-01
2.689034289368819608e-01
2.730752201505384780e-01
2.734786244895950347e-01
2.688050376346731718e-01
2.617700595267375974e-01
2.826290155950211824e-01
2.631967334087664812e-01
2.651153638018399761e-01
2.554985979239430827e-01
2.614748856201111193e-01
2.553746248831601506e-01
2.484380380774338926e-01
2.608294386776207063e-01
2.484380380774338926e-01
2.484380380774338926e-01
2.461258424755250196e-01
2.543415162099669780e-01
2.485364293796427648e-01
2.485856250307472981e-01
2.407635165051406345e-01
2.341221036060411043e-01
2.366310818123676940e-01
2.405175382496187730e-01
2.452895164067495914e-01
2.400255817385741897e-01
2.338958036109607119e-01
2.253160820583461066e-01
2.335317557927878429e-01
2.320165297387703773e-01
2.382545382988144611e-01
2.359915383480099271e-01
2.336793427461010542e-01
2.259556255227036792e-01
2.159689083485018812e-01
2.228562995031238281e-01
2.354995818369655380e-01
2.398287991341564451e-01
2.075072563585378671e-01
2.155753431396665032e-01
2.027352782014070487e-01
2.241353864318391953e-01
2.171987996261129372e-01
2.367786687656811273e-01
2.042839572981747509e-01
2.126236040733998633e-01
2.007182565061245705e-01
2.105573867270132959e-01
2.040635607812268382e-01
1.887637132877452162e-01
2.075072563585378671e-01
1.956019087912628240e-01
2.034240173168690435e-01
1.918630393073250673e-01
1.984060609042159473e-01
1.867958872435676043e-01
1.842869090372411256e-01
1.960446696512028464e-01
1.909775175874451891e-01
1.842869090372409036e-01
1.930929305849363176e-01
1.879765828700743213e-01
1.832538003640478419e-01
1.863531263836276930e-01
1.805480395533034799e-01
1.832538003640478419e-01
1.828110395041077918e-01
1.889113002410587328e-01
1.832538003640478419e-01
1.841885177350322533e-01
1.832538003640478419e-01
1.749102179367339194e-01
1.822698873419590915e-01
1.820239090864367859e-01
1.843853003394499979e-01
1.832538003640478419e-01
1.823190829930634305e-01
1.709548875879370600e-01
1.649530181531955464e-01
1.507846706351161636e-01
1.818763221331233804e-01
1.791213656712749014e-01
1.695577310965693807e-01
1.715944310522950766e-01
1.584099965563045553e-01
1.416834751807941328e-01
1.867466915924632931e-01
1.820239090864367859e-01
1.704137354257883596e-01
1.584099965563044443e-01
1.578196487430509887e-01
1.458651055246716066e-01
1.807940178088257577e-01
1.815319525753924246e-01
1.733162788409504662e-01
1.608205834604219675e-01
1.595906921828110503e-01
1.495547793575048023e-01
1.430117577606138113e-01
1.807940178088257577e-01
1.761204309539035895e-01
1.633787573178530073e-01
1.520145619127268866e-01
1.475987602695918721e-01
1.405480395533036109e-01
1.189058887194374275e-01
1.768131057214542834e-01
1.645594529443598353e-01
1.546711270723670206e-01
1.430609534117185944e-01
1.404535839031831046e-01
1.237270625276726821e-01
1.807940178088257577e-01
1.676095833128351253e-01
1.575736704875289051e-01
1.453731490136272175e-01
1.335661927485610467e-01
1.239730407831946407e-01
1.107394106360996833e-01
1.709056919368328320e-01
1.601318443449598339e-01
1.439956707827027838e-01
1.365179318148276033e-01
1.200373886948393615e-01
1.110345845427264250e-01
1.738082353519947443e-01
1.610173660648397120e-01
1.512766271461602197e-01
1.394696708810940211e-01
1.211196930191373033e-01
1.167412800708419740e-01
1.070497368032668067e-01
1.070005411521622596e-01
1.506862793329070693e-01
1.424214099473607997e-01
1.239730407831948628e-01
1.150686279332907985e-01
1.070005411521622596e-01
1.070005411521622596e-01
1.476971515718004113e-01
1.406503665076005161e-01
1.251537364097013438e-01
1.170856496285731518e-01
1.090175628474442798e-01
1.070005411521622596e-01
1.570325183253799828e-01
1.292861711024745897e-01
1.271707581049834890e-01
1.191026713238551721e-01
1.110345845427264250e-01
1.070005411521622596e-01
1.070005411521622596e-01
9.347173709844046330e-02
1.236778668765679129e-01
1.140355192600975148e-01
1.062134107344910594e-01
1.066069759433267705e-01
1.070005411521622596e-01
9.248782407635172675e-02
1.254489103163277663e-01
1.135022384021249914e-01
1.040488020858954948e-01
1.070005411521622596e-01
8.756825896590737790e-02
9.111034584542726522e-02
9.484921532936491095e-02
9.858808481330255669e-02
1.104442367294730665e-01
1.050819107590891116e-01
8.540365031731182721e-02
8.742067201259406950e-02
9.391449795838049952e-02
9.076597628769632331e-02
1.074924976632068568e-01
8.363260687755198763e-02
8.471491120184970747e-02
8.687951985044514713e-02
9.297978058739608809e-02
9.671865007133373382e-02
1.056722585723424701e-01
8.363260687755198763e-02
8.417375903970089612e-02
8.633836768829633579e-02
9.204506321641167665e-02
8.751906331480326096e-02
8.363260687755198763e-02
8.363260687755198763e-02
8.363260687755198763e-02
8.737147636148963337e-02
9.111034584542726522e-02
8.117282432233025036e-02
8.973286761450303961e-02
8.363260687755198763e-02
8.363260687755198763e-02
8.525606336399861596e-02
9.017562847444285379e-02
8.481330250405869076e-02
8.363260687755198763e-02
8.363260687755198763e-02
8.363260687755198763e-02
8.471491120184970747e-02
8.687951985044514713e-02
7.969695478919658349e-02
8.363260687755198763e-02
8.363260687755198763e-02
8.363260687755198763e-02
8.417375903970089612e-02
8.166478083337429250e-02
8.009051999803208644e-02
7.851625916268999139e-02
8.363260687755198763e-02
8.363260687755198763e-02
8.363260687755198763e-02
8.205834604220978157e-02
8.048408520686768652e-02
7.890982437152549434e-02
8.363260687755198763e-02
8.363260687755198763e-02
8.294386776208986789e-02
8.245191125104538166e-02
8.087765041570318947e-02
8.363260687755198763e-02
7.772912874501888836e-02
7.950017218477883896e-02
8.363260687755198763e-02
8.284547645988088460e-02
8.127121562453867853e-02
7.969695478919658349e-02
7.812269395385439130e-02
8.363260687755198763e-02
8.156638953116540636e-02
8.318984601761204856e-02
8.166478083337429250e-02
8.009051999803208644e-02
7.851625916268999139e-02
7.143208540365020287e-02
7.261278103015690599e-02
8.363260687755198763e-02
8.205834604220978157e-02
7.664682442072139057e-02
7.890982437152549434e-02
7.113691149702368322e-02
8.018891130024118075e-02
7.767993309391445222e-02
8.245191125104527063e-02
7.502336793427463735e-02
7.930338958036109442e-02
7.551532444531912358e-02
7.202243321690365851e-02
7.458060707433437908e-02
8.274708515767201233e-02
8.127121562453867853e-02
7.871304176710784695e-02
7.054656368377044962e-02
7.172725931027704172e-02
7.290795493678352279e-02
8.318984601761204856e-02
7.231760712353038634e-02
6.907069415063711582e-02
7.025138977714370792e-02
7.143208540365020287e-02
7.261278103015690599e-02
7.379347665666349809e-02
6.306882471589536632e-02
6.208491169380641467e-02
6.995621587051709112e-02
7.113691149702368322e-02
7.231760712353038634e-02
7.349830275003688129e-02
6.159295518276204640e-02
6.813597677965270438e-02
6.966104196389036329e-02
7.084173759039706642e-02
7.202243321690365851e-02
7.320312884341015347e-02
5.982191174300188069e-02
6.070743346288196007e-02
6.936586805726373262e-02
7.054656368377044962e-02
7.172725931027704172e-02
5.775569439661541737e-02
5.726373788557093808e-02
6.001869434741984727e-02
6.862793329069719062e-02
6.961184631278581614e-02
7.143208540365020287e-02
5.814925960545091338e-02
5.657499877010882527e-02
5.932995523195772752e-02
6.838195503517499607e-02
6.995621587051709112e-02
7.113691149702368322e-02
7.084173759039706642e-02
5.696856397894432128e-02
6.144536822944884208e-02
6.139617257834407982e-02
6.966104196389036329e-02
6.715206375756374579e-02
7.202243321690365851e-02
5.736212918777992137e-02
5.795247700103327293e-02
6.070743346288196007e-02
6.493825945786398102e-02
6.090421606729971155e-02
5.932995523195761650e-02
5.775569439661541737e-02
5.726373788557093808e-02
6.001869434741984727e-02
6.277365080926852747e-02
6.198652039159754240e-02
6.592217247995271756e-02
5.814925960545091338e-02
5.657499877010882527e-02
5.932995523195772752e-02
6.208491169380641467e-02
5.657499877010882527e-02
5.657499877010882527e-02
5.657499877010882527e-02
5.696856397894432128e-02
5.864121611649539267e-02
6.139617257834407982e-02
5.657499877010882527e-02
5.977271609189754864e-02
5.893639002312212050e-02
5.736212918777992137e-02
5.795247700103327293e-02
6.070743346288196007e-02
6.346238992473064722e-02
5.657499877010882527e-02
5.657499877010882527e-02
5.657499877010882527e-02
5.726373788557093808e-02
5.657499877010882527e-02
5.657499877010882527e-02
5.657499877010882527e-02
5.657499877010882527e-02
