6.458462328405092379e-01
6.111844390413336825e-01
5.907229261367925588e-01
5.710618119214099231e-01
5.464421523173808026e-01
5.231130978449641811e-01
5.112463566757780020e-01
5.036582750653155749e-01
5.048325958590693663e-01
4.913810652853496386e-01
4.695634051678572729e-01
4.614932721204525468e-01
4.444390413337964141e-01
4.481855112735400049e-01
4.454973798269328822e-01
4.445157587930592680e-01
4.262560973768064754e-01
4.149710799341557732e-01
4.063155987133214020e-01
4.041786852318891565e-01
4.125529697811740615e-01
4.020870773366356787e-01
3.901113007233791841e-01
3.900810969992600796e-01
3.850422097044566283e-01
3.807934518326109297e-01
3.794524064817190734e-01
3.774634912484710059e-01
3.776749173173049590e-01
3.709319359076972966e-01
3.581708624673423103e-01
3.586692239153089212e-01
3.621308727366086000e-01
3.664617847380582938e-01
3.744204660434630738e-01
3.524170530226379272e-01
3.466632435779331001e-01
3.331697298276877772e-01
3.411510639261820521e-01
3.489134210248128198e-01
3.421326849600556108e-01
3.360541854810698004e-01
3.203104942839451463e-01
3.159460561487233421e-01
3.192249724391014176e-01
3.289034537958530624e-01
3.326185118625127335e-01
3.037059969494238509e-01
2.896612652340033733e-01
2.994095171934704758e-01
3.073153419816663789e-01
3.117024329099785107e-01
3.271289850038511249e-01
2.965930199193557715e-01
2.757307035957533570e-01
2.803887219294140531e-01
2.917302203361676338e-01
2.920398085083901196e-01
2.932630593352159587e-01
2.589298820544573276e-01
2.529561894981651182e-01
2.479544527840279455e-01
2.515743691197127041e-01
2.700212936255039220e-01
2.529863932222843337e-01
2.541643384629326263e-01
2.441593548484526366e-01
2.394599574127487807e-01
2.430418170560430247e-01
2.597067218388026677e-01
2.445142486068533072e-01
2.363441412326139079e-01
2.395759397133665758e-01
2.277058761345278626e-01
2.253801893773501042e-01
2.190223054502619393e-01
2.363441412326139079e-01
2.349321171300424171e-01
2.304770678224623004e-01
2.168400863826508984e-01
2.202833109322377414e-01
2.033088179772568060e-01
2.263769122732835204e-01
2.327801017865503419e-01
2.045622725282025545e-01
2.051331229140556656e-01
1.956068683268646080e-01
1.952821782925833471e-01
1.953274838787622814e-01
1.980231662563993189e-01
1.960297204645328750e-01
1.965899995469441164e-01
1.952897292236133731e-01
1.980231662563993189e-01
1.885391968829758236e-01
1.671323074135038222e-01
1.980231662563993189e-01
1.904622679976442634e-01
1.875953305042507013e-01
1.841445550236343320e-01
1.895283688478789363e-01
1.654408988628298383e-01
1.606158539347899428e-01
1.870296147514985963e-01
1.795837926816375996e-01
1.794780796472205675e-01
1.581164957639271118e-01
1.658637510004981053e-01
1.567799809716536596e-01
1.570367126266666580e-01
1.688690215503564629e-01
1.722744914447947029e-01
1.564099853511937144e-01
1.668906776205506537e-01
1.580711901777484552e-01
1.552546929036352219e-01
1.721234728241990142e-01
1.622997115544346780e-01
1.584789404533574197e-01
1.534726731806030919e-01
1.585771025567450643e-01
1.534726731806030919e-01
1.503012821480886607e-01
1.524079919054009968e-01
1.531253303532324750e-01
1.493725176314238956e-01
1.521890149055378227e-01
1.547336786625787552e-01
1.503465877342674561e-01
1.461784738058201361e-01
1.524079919054018017e-01
1.509053566304725535e-01
1.493045592521557718e-01
1.513584124922603136e-01
1.494857815968708425e-01
1.438376851865833528e-01
1.496216983554072566e-01
1.506486249754594164e-01
1.435431988764215849e-01
1.503012821480890493e-01
1.480511047012098846e-01
1.440717640485070228e-01
1.399867103613875174e-01
1.426899436700536927e-01
1.442001298760132444e-01
1.470543818052765794e-01
1.470543818052765794e-01
1.401075252578638519e-01
1.458688856335977613e-01
1.442227826691015180e-01
1.450684869444396341e-01
1.338780071582819364e-01
1.470392799432170272e-01
1.418442393947172975e-01
1.346255493302322692e-01
1.355920685020464422e-01
1.324810849177709138e-01
1.363622634670861311e-01
1.263648307836346130e-01
1.215171330625066937e-01
1.363471616050254964e-01
1.366340969841580155e-01
1.324659830557106954e-01
1.389220290861865048e-01
1.286829666097832614e-01
1.212604014074935566e-01
1.370871528459451094e-01
1.376761254662696998e-01
1.333267891931073090e-01
1.292190827128983366e-01
1.248184001087333933e-01
1.210036697524805582e-01
1.324055756074727364e-01
1.308500838153347501e-01
1.341724934684440929e-01
1.300043795399969115e-01
1.258362656115495914e-01
1.216077442348641735e-01
1.210036697524805582e-01
1.213057069936722271e-01
1.294057417279541600e-01
1.310464080221092620e-01
1.268782940936612758e-01
1.227101801652139557e-01
1.206563269251099413e-01
1.207167343733483028e-01
1.254587190600598701e-01
1.206261232009906981e-01
1.223703882688736561e-01
1.224836522343206030e-01
1.206412250630502503e-01
1.207016325112886118e-01
1.275805306794321470e-01
1.207620399595264460e-01
1.250509687844504891e-01
1.189347146503164504e-01
1.206261232009906981e-01
1.168808614102120336e-01
1.206261232009906981e-01
1.206261232009906981e-01
1.258589184046383924e-01
1.188138997538398661e-01
1.212452995454338656e-01
1.206261232009906981e-01
1.206261232009906981e-01
1.206261232009906981e-01
1.205944092906654080e-01
1.183759457541117832e-01
1.218644758898770331e-01
1.187232885814818589e-01
1.206261232009906981e-01
1.206261232009906981e-01
1.161861757554706887e-01
1.176661582373105946e-01
1.224836522343206030e-01
1.196747058912359385e-01
1.158690366522187876e-01
1.185496171677970778e-01
1.155518975489678302e-01
1.175000377546552011e-01
1.189347146503164504e-01
1.206261232009906981e-01
1.168204539619736720e-01
1.159312563239042887e-01
1.153102677560145090e-01
1.168204539619736720e-01
1.185118625126479197e-01
1.198408263738921370e-01
1.177718712717277655e-01
1.139662020327106146e-01
1.147061932736306300e-01
1.125466269991091950e-01
1.127354002748521822e-01
1.190555295467934371e-01
1.187232885814818589e-01
1.069740398991194663e-01
1.047691680384190832e-01
1.141172206533064420e-01
1.151290454112991607e-01
1.182702327196942099e-01
1.196747058912359385e-01
1.074875032091454768e-01
1.071552622438334823e-01
1.031834725221617427e-01
1.146004802392137367e-01
1.174849358925956488e-01
1.206261232009906981e-01
1.080009665191718760e-01
1.058262983825903475e-01
1.037120376942475691e-01
1.079556609329926781e-01
1.100548197592762928e-01
1.198408263738921370e-01
1.085144298291978865e-01
1.063548635546762988e-01
1.042406028663335343e-01
9.850189528368855085e-02
1.159143422383984018e-01
1.100548197592762928e-01
1.089976894151047648e-01
1.068834287267618616e-01
1.045788845764683284e-01
9.866801576634394444e-02
9.306462086775291187e-02
1.100548197592762928e-01
1.095262545871903276e-01
1.074119938988474243e-01
1.052977332105046460e-01
9.883413624899946293e-02
9.388072549345317930e-02
1.100548197592762928e-01
1.100548197592762928e-01
1.073666883126690175e-01
1.024434812812414497e-01
9.863781204222442367e-02
9.483214280320727274e-02
9.102647356419024671e-02
1.100548197592762928e-01
1.084691242430190772e-01
1.033948985909962093e-01
9.958922935197918325e-02
9.578356011296136618e-02
9.197789087394434016e-02
9.025627859915044682e-02
8.918102602050555217e-02
1.034855097633535503e-01
1.005406466617332767e-01
9.673497742271611188e-02
9.292930818369909973e-02
9.224972439101757071e-02
8.626938701541901622e-02
8.626938701541901622e-02
1.014920639714873563e-01
9.768639473247020533e-02
9.388072549345317930e-02
9.007505625443602837e-02
8.626938701541901622e-02
8.626938701541901622e-02
1.012957397647123170e-01
9.863781204222442367e-02
9.483214280320727274e-02
8.921425011703928987e-02
8.790038811785341744e-02
8.626938701541901622e-02
8.626938701541901622e-02
9.958922935197918325e-02
9.578356011296136618e-02
9.197789087394500629e-02
8.744733225606698968e-02
1.078650497606358644e-01
8.626938701541901622e-02
9.910596976607122244e-02
9.673497742271611188e-02
9.039219535768726332e-02
8.803630487639130253e-02
8.626938701541901622e-02
8.626938701541901622e-02
8.667713729102703712e-02
9.333705845930820311e-02
9.388072549345317930e-02
8.862527749671482435e-02
8.626938701541901622e-02
8.626938701541901622e-02
1.012957397647131219e-01
8.155760605282656728e-02
9.157014059833604169e-02
8.921425011703928987e-02
8.685835963574252416e-02
8.626938701541901622e-02
8.626938701541901622e-02
8.584653487775048553e-02
9.000709787516762705e-02
8.980322273736374150e-02
8.744733225606698968e-02
8.626938701541901622e-02
8.626938701541901622e-02
8.083271667396624283e-02
9.073953818505814395e-02
9.039219535768726332e-02
8.803630487639130253e-02
8.626938701541901622e-02
8.626938701541901622e-02
8.427594122355322459e-02
8.192005074225687522e-02
8.854221725538739818e-02
8.862527749671482435e-02
8.626938701541901622e-02
8.034945708805948938e-02
8.349064439645399738e-02
8.155760605282656728e-02
8.300738481054710516e-02
8.634489632571666629e-02
8.685835963574252416e-02
8.626938701541901622e-02
7.974538260567561043e-02
8.119516136339613444e-02
8.264494012111721355e-02
8.707733663560730808e-02
8.554449763655881667e-02
7.877886343386115986e-02
7.938293791624516371e-02
8.506123805065232690e-02
8.228249543168676683e-02
8.373227418940784594e-02
8.518205294712836995e-02
8.626938701541901622e-02
7.902049322681486965e-02
8.047027198453580998e-02
8.192005074225687522e-02
8.336982949997741310e-02
7.720826977966389892e-02
8.626938701541901622e-02
7.865804853738496416e-02
8.010782729510550204e-02
8.155760605282656728e-02
7.720826977966389892e-02
7.720826977966389892e-02
7.720826977966389892e-02
7.829560384795453132e-02
7.974538260567561043e-02
8.119516136339613444e-02
7.720826977966389892e-02
7.720826977966389892e-02
7.720826977966389892e-02
7.793315915852409848e-02
7.938293791624516371e-02
8.083271667396624283e-02
8.228249543168676683e-02
7.720826977966389892e-02
7.720826977966389892e-02
7.757071446909433177e-02
7.902049322681486965e-02
8.047027198453580998e-02
8.192005074225687522e-02
7.720826977966389892e-02
