6.400561789268617296e-01
6.233716417234244078e-01
5.941613180905205294e-01
5.685473518884879285e-01
5.421737620248575640e-01
5.275608982587550733e-01
5.005195040548497953e-01
4.989486083634112057e-01
4.968494495371279518e-01
4.915958137638370418e-01
4.670175332618511366e-01
4.605690381624055196e-01
4.506924203754323344e-01
4.492598577404594562e-01
4.502771191687937047e-01
4.404156032438800716e-01
4.304030686983705833e-01
4.136022471570745540e-01
4.082335351948896407e-01
4.125828714680520592e-01
4.065753507407461886e-01
4.020870773366356787e-01
3.893184529652505832e-01
3.854070706918161227e-01
3.775879305918419804e-01
3.804914145914189971e-01
3.816300949907124318e-01
3.774861440415603342e-01
3.781545524563175720e-01
3.719135569415706333e-01
3.558980322273735397e-01
3.616140870169292088e-01
3.631541749097666472e-01
3.685307398402223877e-01
3.724647749067458991e-01
3.588456136641647864e-01
3.480224111632964634e-01
3.388178262379751282e-01
3.388555808931240643e-01
3.517299182989267470e-01
3.432426718214355854e-01
3.373000891009863556e-01
3.212996662488484256e-01
3.159460561487233421e-01
3.163387045622724769e-01
3.337964571031608596e-01
3.326185118625127335e-01
3.299983387951726521e-01
2.992358457797846261e-01
2.964344503677302511e-01
3.051424860685322815e-01
3.074361568781437959e-01
3.270383738314935340e-01
2.975897428152888824e-01
2.757222465530000388e-01
2.773759004485257806e-01
2.881057734418656646e-01
2.989866650558021810e-01
2.901369738888807670e-01
2.952716069891417328e-01
2.529561894981651182e-01
2.568071643233609258e-01
2.554914901007290240e-01
2.685941676608724626e-01
2.473491701526792652e-01
2.549345334279716213e-01
2.441593548484526366e-01
2.391606385067278351e-01
2.418940755395143083e-01
2.468701390881495317e-01
2.506456046030474116e-01
2.363441412326139079e-01
2.310584895117565873e-01
2.305223734086420395e-01
2.296011598230059958e-01
2.190223054502619393e-01
2.385339112312546139e-01
2.364649561290906310e-01
2.312774665116205663e-01
2.204947370010722218e-01
2.202833109322377414e-01
2.060271531479833107e-01
2.114988598094141303e-01
2.324780645453584094e-01
2.045622725282025545e-01
2.051379555099147323e-01
2.042149297008320763e-01
1.980231662563993189e-01
1.971246054638536860e-01
2.289140250992952319e-01
1.983705090837700746e-01
1.961354334989505732e-01
1.956576105833846835e-01
1.950329975686001249e-01
1.965733874986785312e-01
1.664980292070009638e-01
1.980231662563993189e-01
1.925260884667079342e-01
1.857831070571001331e-01
1.805125571983025035e-01
1.605629974175814823e-01
1.667245571378951352e-01
1.610387060724584596e-01
1.873364845885490682e-01
1.809073198725401344e-01
1.750381322017004193e-01
1.610613588655475381e-01
1.674041409305763728e-01
1.611217663137863021e-01
1.880181826419197733e-01
1.734747874412905233e-01
1.722744914447947029e-01
1.564099853511937144e-01
1.667849645861334829e-01
1.573009952127093214e-01
1.552546929036352219e-01
1.754081278221602536e-01
1.622997115544346780e-01
1.534726731806030919e-01
1.534726731806030919e-01
1.585771025567450643e-01
1.534726731806030919e-01
1.544693960765362584e-01
1.534726731806030919e-01
1.531253303532324750e-01
1.493725176314238956e-01
1.521135055952397563e-01
1.543108265249102384e-01
1.503465877342674561e-01
1.461784738058201361e-01
1.494102722865731925e-01
1.506033193892802047e-01
1.518416720781672058e-01
1.514743947928778312e-01
1.459821495990455131e-01
1.500898560792545966e-01
1.414666928432274373e-01
1.506486249754594164e-01
1.435431988764215849e-01
1.513886162163795568e-01
1.480511047012098846e-01
1.431278976697825667e-01
1.399867103613875174e-01
1.410060860504090685e-01
1.458462328405089603e-01
1.354259480193906462e-01
1.470543818052765794e-01
1.439131944968812526e-01
1.407720071884862312e-01
1.374344956733161149e-01
1.441774770829233610e-01
1.338780071582819364e-01
1.470392799432170272e-01
1.418442393947172975e-01
1.413289638612438837e-01
1.382046906383558038e-01
1.314239545735991221e-01
1.363622634670861311e-01
1.260174879562639960e-01
1.432336107041992102e-01
1.408022109126053356e-01
1.366340969841580155e-01
1.322998625730551492e-01
1.281921560928463433e-01
1.286829666097832614e-01
1.450609360134108017e-01
1.370871528459451094e-01
1.374344956733162537e-01
1.333267891931073090e-01
1.292190827128983366e-01
1.309255931256321503e-01
1.206261232009906981e-01
1.324961867798302162e-01
1.384614222933689409e-01
1.343537158131591636e-01
1.300043795399969115e-01
1.258362656115495914e-01
1.232009906821506240e-01
1.206714287871695074e-01
1.328284277451408646e-01
1.297497621456727979e-01
1.310464080221092620e-01
1.268782940936612758e-01
1.227101801652139557e-01
1.206563269251099413e-01
1.207167343733483028e-01
1.267423773351251393e-01
1.206261232009906981e-01
1.279203225757736540e-01
1.228158931996316539e-01
1.206412250630502503e-01
1.207016325112886118e-01
1.207620399595271121e-01
1.207620399595264460e-01
1.175000377546552011e-01
1.192518537535679490e-01
1.206261232009906981e-01
1.206865306492290596e-01
1.206261232009906981e-01
1.206261232009906981e-01
1.170620837549271182e-01
1.240240421643987456e-01
1.212452995454338656e-01
1.206714287871695074e-01
1.206261232009906981e-01
1.206261232009906981e-01
1.166241297551987716e-01
1.180890103749794029e-01
1.197804189256537755e-01
1.187534923056011021e-01
1.206261232009906981e-01
1.206261232009906981e-01
1.206261232009906981e-01
1.176661582373105946e-01
1.224836522343206030e-01
1.196747058912359385e-01
1.158690366522187876e-01
1.139964057568299965e-01
1.157482217557426057e-01
1.172433060996422027e-01
1.189347146503164504e-01
1.206261232009906981e-01
1.090278931392241468e-01
1.059471132790674591e-01
1.151290454112994383e-01
1.168204539619736720e-01
1.170016763066888954e-01
1.202032710633221674e-01
1.177718712717277655e-01
1.139662020327106146e-01
1.148723137562861624e-01
1.163976018243048777e-01
1.180890103749794029e-01
1.194028723741641929e-01
1.187232885814818589e-01
1.085144298291978865e-01
1.142833411359621132e-01
1.141172206533064420e-01
1.176661582373105946e-01
1.186024736850053996e-01
1.095413564492498798e-01
1.074875032091454768e-01
1.138604889982935825e-01
1.155518975489678302e-01
1.143437485842005996e-01
1.100548197592762928e-01
1.206261232009906981e-01
1.079405590709335144e-01
1.058262983825903475e-01
1.151290454112994383e-01
1.135584517571019136e-01
1.076762764848896714e-01
1.100548197592762928e-01
1.084691242430190772e-01
1.063548635546762988e-01
1.147061932736306300e-01
1.089221801048071148e-01
1.040895842457368881e-01
9.332195659724704107e-02
1.090025220109638454e-01
1.068834287267618616e-01
1.047691680384190832e-01
9.887944183517827224e-02
1.002235075584820417e-01
1.100548197592762928e-01
1.093827868976241374e-01
1.066946554510167372e-01
1.052977332105046460e-01
9.883413624899946293e-02
1.022169533503476946e-01
1.100548197592762928e-01
1.100548197592762928e-01
1.079405590709335144e-01
1.024434812812414497e-01
9.900025673165499529e-02
9.483214280320727274e-02
9.623661597474914009e-02
1.100548197592762928e-01
1.080387211743206316e-01
1.033948985909962093e-01
9.958922935197918325e-02
9.578356011296136618e-02
9.197789087394434016e-02
9.025627859915044682e-02
8.711509129075634128e-02
1.043463159007502888e-01
1.005406466617332767e-01
9.673497742271611188e-02
9.292930818369909973e-02
8.912363894468194880e-02
8.669223915308781059e-02
1.052977332105043823e-01
1.014920639714873563e-01
9.768639473247020533e-02
9.388072549345317930e-02
9.007505625443602837e-02
8.626938701541901622e-02
8.626938701541901622e-02
1.012957397647123170e-01
9.863781204222442367e-02
9.483214280320727274e-02
9.102647356419024671e-02
8.685835963574252416e-02
8.626938701541901622e-02
8.626938701541901622e-02
9.958922935197918325e-02
9.578356011296136618e-02
9.197789087394500629e-02
8.744733225606698968e-02
8.626938701541901622e-02
8.626938701541901622e-02
1.005406466617325967e-01
9.673497742271611188e-02
9.292930818369843360e-02
8.803630487639130253e-02
8.626938701541901622e-02
8.626938701541901622e-02
1.002008547653921722e-01
9.582131476811132920e-02
9.098116797801157618e-02
8.862527749671482435e-02
8.626938701541901622e-02
8.626938701541901622e-02
8.626938701541901622e-02
8.626938701541901622e-02
9.157014059833604169e-02
8.921425011703928987e-02
8.685835963574252416e-02
8.626938701541901622e-02
8.626938701541901622e-02
8.584653487775048553e-02
8.347856290680664981e-02
8.980322273736374150e-02
8.744733225606698968e-02
8.626938701541901622e-02
8.626938701541901622e-02
8.083271667396624283e-02
8.228249543168676683e-02
9.039219535768726332e-02
8.803630487639130253e-02
8.626938701541901622e-02
8.626938701541901622e-02
8.047027198453580998e-02
8.192005074225687522e-02
9.098116797801157618e-02
8.862527749671482435e-02
8.626938701541901622e-02
8.626938701541901622e-02
8.010782729510550204e-02
8.155760605282656728e-02
8.300738481054710516e-02
8.634489632571666629e-02
7.815968708941731236e-02
8.626938701541901622e-02
7.974538260567561043e-02
8.119516136339613444e-02
8.264494012111721355e-02
8.707733663560730808e-02
8.554449763655881667e-02
7.877886343386115986e-02
8.192005074225673644e-02
8.083271667396624283e-02
8.228249543168676683e-02
8.373227418940784594e-02
7.720826977966389892e-02
8.626938701541901622e-02
7.902049322681486965e-02
8.047027198453580998e-02
8.192005074225687522e-02
8.336982949997741310e-02
8.481960825769847834e-02
7.720826977966389892e-02
7.865804853738496416e-02
8.010782729510550204e-02
8.155760605282656728e-02
8.300738481054710516e-02
8.445716356826804549e-02
7.720826977966389892e-02
7.829560384795453132e-02
7.974538260567561043e-02
8.119516136339613444e-02
8.264494012111721355e-02
8.409471887883773755e-02
7.720826977966389892e-02
7.793315915852409848e-02
7.938293791624516371e-02
8.083271667396624283e-02
8.228249543168676683e-02
8.373227418940784594e-02
7.720826977966389892e-02
7.799356660676312614e-02
7.902049322681486965e-02
8.047027198453580998e-02
8.192005074225687522e-02
7.720826977966389892e-02
