6.147852755086065102e-01
5.925069763586632288e-01
5.722470782181044990e-01
5.192252788241038530e-01
5.112371409362596042e-01
5.013271198460136358e-01
4.873357217192694768e-01
4.714434385389710269e-01
4.726230187601882515e-01
4.612714931709968047e-01
4.352695222921137974e-01
4.223924996085870465e-01
4.204326723828293866e-01
4.178079037769040771e-01
4.193319273169343053e-01
3.971781435057699094e-01
3.883736565329110046e-01
3.866698593676611284e-01
3.818900175905545202e-01
3.773772575312440147e-01
3.777312789530396508e-01
3.787495049778507594e-01
3.592249104355273448e-01
3.545003269448614436e-01
3.549331835219790010e-01
3.490850148736888148e-01
3.452721931092916363e-01
3.422974553559093858e-01
3.375912912940571275e-01
3.307116346322102052e-01
3.299195991932290517e-01
3.262541328593402956e-01
3.281513340271319246e-01
3.260754643998489133e-01
3.261620357152725802e-01
3.235925253957875336e-01
3.197520744881701682e-01
3.160457170223153756e-01
3.157366390068243045e-01
3.161602858695355400e-01
3.152945727153002031e-01
3.120711726729358260e-01
3.076689291865061238e-01
3.087372560576896463e-01
3.048139177204114980e-01
3.048507565780387285e-01
3.006971753805915415e-01
2.978237444856836058e-01
2.939372450060325215e-01
2.931728387102717215e-01
2.948762674869452316e-01
2.912111695416324531e-01
2.990762656450024481e-01
2.880798666433357913e-01
2.876101712085908368e-01
2.849946123170720713e-01
2.851788066052072801e-01
2.763559002035350654e-01
2.863576500492721055e-01
2.837236717289397525e-01
2.836776231569059226e-01
2.795608808170859660e-01
2.743666018916752769e-01
2.776544699348874601e-01
2.712537184221917030e-01
2.708669104171078645e-01
2.768900636391264936e-01
2.708208618450742011e-01
2.698446321179580054e-01
2.682789806688095080e-01
2.699175730560604003e-01
2.698446321179580054e-01
2.679198018069460230e-01
2.692183715382984177e-01
2.638767371823799723e-01
2.617585028688260707e-01
2.640425120417015381e-01
2.665199252171192579e-01
2.670725080815246621e-01
2.572365330951088547e-01
2.556708816459603018e-01
2.588224459159519375e-01
2.617124542967924072e-01
2.646411434781409389e-01
2.664646669306786619e-01
2.539302456230836946e-01
2.525874692625780793e-01
2.547222810620643485e-01
2.607914828561168075e-01
2.629281365984840191e-01
2.467356167285255086e-01
2.451165489358175520e-01
2.514067838756321449e-01
2.536171153332533734e-01
2.421510208968420674e-01
2.434772197714150099e-01
2.454388889400540841e-01
2.440298026358202199e-01
2.474558163951339207e-01
2.484873044086904903e-01
2.423444248993840144e-01
2.413866146010812952e-01
2.411379523120988078e-01
2.428601689061621327e-01
2.459362135180187536e-01
2.433114449120934442e-01
2.406037888765070465e-01
2.415431797459961227e-01
2.397749145798987735e-01
2.414695020307419115e-01
2.378777134121071724e-01
2.402354003002369898e-01
2.401985614426097315e-01
2.393144288595610569e-01
2.398209631519326313e-01
2.398762214383731994e-01
2.369659516858382831e-01
2.365607242519409681e-01
2.386052808502403533e-01
2.385039739917665935e-01
2.390933957137989230e-01
2.396828174358312802e-01
2.369199031138041200e-01
2.338622779307611421e-01
2.332452270655085980e-01
2.334662602112707319e-01
2.389460402832908614e-01
2.395354620053231909e-01
2.376106316943110419e-01
2.321953196231385519e-01
2.325268693417818222e-01
2.342030373638109841e-01
2.327486392646961055e-01
2.390565568561719978e-01
2.366251922527881357e-01
2.327386927731370514e-01
2.302889087409401847e-01
2.279404315672171055e-01
2.276527200891499125e-01
2.221475212053671822e-01
2.364133688214330453e-01
2.330057744909328488e-01
2.307770236044981160e-01
2.265405549773899796e-01
2.251775172451901119e-01
2.238513183706171972e-01
2.178097457197852860e-01
2.336044059273720830e-01
2.313572356121235685e-01
2.272681224155236601e-01
2.220001657748594259e-01
2.194674943130013045e-01
2.187307171604607192e-01
2.342030373638113172e-01
2.307770236044979495e-01
2.279956898536576737e-01
2.219541172028255960e-01
2.197990440316447414e-01
2.184728451570716601e-01
2.335491476409311817e-01
2.314401230417841571e-01
2.215396800545215428e-01
2.190714765935108943e-01
2.187767657324947157e-01
2.182241828680893392e-01
2.178097457197852860e-01
2.185465228723258713e-01
2.251380996675287627e-01
2.194674943130013045e-01
2.088947421740450783e-01
2.183623285841906625e-01
2.178097457197852860e-01
2.178097457197852860e-01
2.089684198892991229e-01
2.193846068833403551e-01
2.187583463036811005e-01
2.119155284994617694e-01
2.160414805536882699e-01
2.178097457197852860e-01
2.082316427367587042e-01
2.118013280408174159e-01
2.189149114485959002e-01
2.102209410486189645e-01
2.143468931028456315e-01
2.046214346893106273e-01
2.074948655842184242e-01
2.089684198892994282e-01
2.030742026689752733e-01
2.078356250172682662e-01
2.126154667943745968e-01
2.038293992503291685e-01
2.067580884316780054e-01
2.083789981672670988e-01
2.034241718164316870e-01
2.030742026689752733e-01
2.107366850553966109e-01
2.030742026689752733e-01
2.053582118418507407e-01
2.077895764452344363e-01
2.030742026689752733e-01
2.030742026689752733e-01
2.030742026689752733e-01
2.038017701071087873e-01
2.047872095486320265e-01
2.070712187215074940e-01
2.030742026689752733e-01
2.030742026689752733e-01
2.030557832401629348e-01
2.045293375452424678e-01
2.042162072554131735e-01
2.065002164282886132e-01
2.030742026689752733e-01
2.030742026689752733e-01
2.030742026689752733e-01
1.974654865952605309e-01
2.036452049621944593e-01
2.029821055249077522e-01
2.029084278096535410e-01
1.902174413571442180e-01
2.006428380655920496e-01
1.955959145706892832e-01
2.030742026689752733e-01
2.030005249537212286e-01
2.029268472384671840e-01
2.030742026689752733e-01
1.953472522817077672e-01
1.937263425461182020e-01
2.012046306444041921e-01
2.030189443825347051e-01
2.029452666672806604e-01
1.831812195503816632e-01
1.932198082537456563e-01
1.918567705215471209e-01
1.993350586198329444e-01
2.030373638113481538e-01
1.718624805444787795e-01
1.807406452325917290e-01
1.822510383952994917e-01
1.899871984969745409e-01
1.974654865952605309e-01
2.026137169486373901e-01
2.029821055249077522e-01
1.796262697893745153e-01
1.876203018944387901e-01
1.881176264724034597e-01
1.955959145706892832e-01
2.030742026689752733e-01
2.030005249537212286e-01
1.758594965970118051e-01
1.851428887190220696e-01
1.859533435868158668e-01
1.937263425461182020e-01
2.012046306444041921e-01
2.026137169486373901e-01
1.730873725605769631e-01
1.766975806080251787e-01
1.841021909910571241e-01
1.866993304537640230e-01
1.992613809045788997e-01
1.614348735045731953e-01
1.706283788139735247e-01
1.748464280122675463e-01
1.822510383952994917e-01
1.893977767749422114e-01
1.969497425884820796e-01
1.577439883589218106e-01
1.652222764572077729e-01
1.729952754165099416e-01
1.803998857995417204e-01
1.878044961825736658e-01
1.559480940496034418e-01
1.563349020546872803e-01
1.633527044326353872e-01
1.708309925309225152e-01
1.785487332037842545e-01
1.856217938681727631e-01
1.931737596817127978e-01
1.558928357631628736e-01
1.614831324080641395e-01
1.689614205063501295e-01
1.764397086046359531e-01
1.560586106224845782e-01
1.559849329072305335e-01
1.559112551919765166e-01
1.596135603834930583e-01
1.670918484817788818e-01
1.745701365800648441e-01
1.818458109614021767e-01
1.560033523360440100e-01
1.559296746207899653e-01
1.577439883589218106e-01
1.652222764572077729e-01
1.727005645554937630e-01
1.784474263453098564e-01
1.560217717648574864e-01
1.559480940496034418e-01
1.558744163343493971e-01
1.633527044326353872e-01
1.702047319512632328e-01
1.558744163343493971e-01
1.560401911936709629e-01
1.559665134784169183e-01
1.558928357631628736e-01
1.614831324080641395e-01
1.558744163343493971e-01
1.558744163343493971e-01
1.558744163343493971e-01
1.559849329072305335e-01
1.559112551919765166e-01
1.587662666580701709e-01
1.558744163343493971e-01
1.558744163343493971e-01
1.558744163343493971e-01
1.558744163343493971e-01
1.559296746207899653e-01
1.568598557758733025e-01
1.644854993046658831e-01
1.558744163343493971e-01
1.558744163343493971e-01
1.558744163343493971e-01
1.559480940496034418e-01
1.558744163343493971e-01
1.558744163343493971e-01
1.702047319512617618e-01
1.558744163343493971e-01
1.558744163343493971e-01
1.558744163343493971e-01
1.558559969055359207e-01
1.558744163343493971e-01
1.558744163343493971e-01
1.558744163343493971e-01
1.558744163343493971e-01
1.556533831885872632e-01
1.558375774767224720e-01
1.558744163343493971e-01
1.558744163343493971e-01
1.558744163343493971e-01
1.558744163343493971e-01
1.556165443309603380e-01
1.557638997614682608e-01
1.556902220462140496e-01
1.558744163343493971e-01
1.558744163343493971e-01
1.558744163343493971e-01
1.555797054733332463e-01
1.558744163343493971e-01
1.558744163343493971e-01
1.558744163343493971e-01
1.558744163343493971e-01
1.558744163343493971e-01
1.558744163343493971e-01
1.556902220462142161e-01
1.558375774767224720e-01
1.539956345953710781e-01
1.558744163343493971e-01
1.558744163343493971e-01
1.555060277580792016e-01
1.556533831885872632e-01
1.558007386190953525e-01
1.546218951750308601e-01
1.558744163343493971e-01
1.558744163343493971e-01
1.558744163343493971e-01
1.556165443309603380e-01
1.557638997614682608e-01
1.556902220462140496e-01
1.531115020123227366e-01
1.552849946123170677e-01
1.558744163343493971e-01
1.555797054733332463e-01
1.557270609038413078e-01
1.558744163343493971e-01
1.537561820207951624e-01
1.558744163343493971e-01
1.558744163343493971e-01
1.555428666157061268e-01
1.556902220462142161e-01
1.558375774767224720e-01
1.539956345953710781e-01
1.552113168970630230e-01
1.553586723275711123e-01
1.555060277580792016e-01
1.556533831885872632e-01
1.558007386190953525e-01
1.541982483123200687e-01
1.514169145614792933e-01
1.553218334699439929e-01
1.554691889004520822e-01
1.556165443309603380e-01
1.549534448936737974e-01
1.543640231716411348e-01
1.551376391818089784e-01
1.505327819784306187e-01
1.554323500428251570e-01
1.549534448936737974e-01
