4.405601553131959225e-01
4.389710500770855894e-01
4.375035687774796456e-01
4.388739793296408398e-01
4.033734939759035520e-01
3.831593673271285749e-01
3.722349112088162992e-01
3.677097013647004919e-01
3.707674299092102999e-01
3.679929195454806345e-01
3.553143379204019570e-01
3.420544738194485901e-01
3.280991263632730415e-01
3.214377890709760321e-01
3.250579569462685448e-01
3.133974761605664572e-01
3.088420030834237440e-01
3.012476446068635960e-01
2.932535830525895837e-01
2.877599497516130089e-01
2.819905213270141875e-01
2.762233769200022615e-01
2.776080625820819270e-01
2.749957174670243920e-01
2.711191686175981608e-01
2.647461885456519060e-01
2.639467823902243437e-01
2.639039570604693741e-01
2.616199394735339578e-01
2.534974019299949255e-01
2.478301832924114378e-01
2.505281790669789399e-01
2.461457203220464296e-01
2.462604922057893553e-01
2.445172157825614423e-01
2.474675955004854710e-01
2.326129161194541717e-01
2.341118026608805802e-01
2.291440644092960777e-01
2.382515845372009111e-01
2.290367155827099654e-01
2.250471078627306054e-01
2.230200422543254513e-01
2.191229372466169667e-01
2.181094044424143341e-01
2.229629418146523157e-01
2.234054702221207889e-01
2.185091075201278654e-01
2.128561639924627935e-01
2.082453034888370191e-01
2.106874892936675125e-01
2.119853822874435412e-01
2.162821903728659456e-01
2.018215040255810500e-01
1.999229144064409436e-01
2.040198709530063326e-01
2.001684462970362288e-01
1.966539142351396430e-01
2.026209101810084734e-01
1.951407525837946522e-01
1.956974818706103958e-01
1.939273682407352539e-01
1.912864729058412483e-01
1.922714554902072437e-01
1.909084679952033348e-01
1.953263290127334739e-01
1.899303374635984420e-01
1.896591103751499863e-01
1.825501056358133367e-01
1.874892936675612021e-01
1.824501798663851482e-01
1.905727174099240695e-01
1.847770227830753675e-01
1.843630445954434205e-01
1.795095072232055500e-01
1.784388739793295320e-01
1.770113629874950356e-01
1.811317307143263666e-01
1.807657168960200289e-01
1.792097299149202072e-01
1.747987209501511985e-01
1.755124764460684883e-01
1.749414720493350783e-01
1.813081710729171903e-01
1.794238565636954164e-01
1.753126249072116116e-01
1.723005767144404343e-01
1.727145549020726589e-01
1.694455547307714693e-01
1.747987209501515593e-01
1.780106206817790027e-01
1.740849654542338809e-01
1.692314280819961492e-01
1.494746759550047988e-01
1.609661394392740974e-01
1.630360303774339437e-01
1.673756637926111235e-01
1.724290527037058984e-01
1.475618112259466375e-01
1.476474618854566601e-01
1.532433049734483188e-01
1.619511220236394822e-01
1.660480785702050932e-01
1.720099354765025901e-01
1.450779421001543446e-01
1.453919945183577422e-01
1.518871695312056513e-01
1.580111916861761945e-01
1.642351396105750372e-01
1.300605264660537053e-01
1.431508022611772402e-01
1.438217324273398656e-01
1.455632958373780095e-01
1.517872437617768522e-01
1.621509735624967474e-01
1.290327185519330178e-01
1.359704219722492891e-01
1.422514703363214894e-01
1.427082738537091555e-01
1.436504311083197372e-01
1.300605264660537053e-01
1.281191115171586847e-01
1.344001598812315512e-01
1.308599326214811565e-01
1.368554787871868461e-01
1.405527322560384262e-01
1.281191115171586847e-01
1.279478101981385563e-01
1.216382116142295799e-01
1.286187403643007932e-01
1.289756181122593826e-01
1.231228230457373091e-01
1.172174955747157382e-01
1.268058014046708482e-01
1.255495917318563692e-01
1.243790327185522876e-01
1.263347227773656267e-01
1.135870496202820989e-01
1.162993205047679196e-01
1.259350196996518456e-01
1.268343516245073466e-01
1.203420316336430984e-01
1.222092160109633646e-01
1.137583509393022274e-01
1.130731456632215609e-01
1.105036258779193703e-01
9.956889168046603733e-02
1.156997658881976365e-01
1.228658710672071719e-01
1.139296522583223698e-01
1.117027351110603250e-01
1.137726260492205460e-01
1.012961799805856128e-01
1.131587963227315558e-01
1.103894249985726134e-01
1.141009535773426370e-01
1.109889796151430214e-01
1.035088220179297136e-01
1.005395991549133672e-01
1.005395991549137419e-01
1.099040712613484350e-01
1.112744818135097957e-01
1.036943984468681607e-01
1.041654770741735070e-01
1.010249528921374068e-01
9.956889168046603733e-02
1.097042197224923077e-01
1.011962542111576741e-01
9.956889168046603733e-02
1.048221321304173143e-01
1.015103066293610579e-01
9.956889168046603733e-02
9.956889168046603733e-02
9.956889168046603733e-02
1.005681493747496158e-01
1.039370753154797433e-01
1.019956603665848477e-01
9.998286986809801213e-02
9.956889168046603733e-02
9.956889168046603733e-02
1.002826471763833410e-01
9.785587849026441964e-02
9.811283046879480663e-02
9.919773882258914321e-02
9.811682749957251204e-02
9.787015360018298804e-02
9.956889168046603733e-02
9.768457717124427730e-02
9.787015360018284926e-02
1.008108262433621977e-01
9.688517101581646529e-02
9.856963398618209804e-02
9.682807057614359336e-02
9.751327585222413497e-02
9.762747673157089190e-02
9.859818420601847155e-02
9.528635870496209026e-02
9.390167304288242478e-02
9.665676925712332612e-02
9.641409238851161856e-02
9.738479986295907331e-02
9.528635870496209026e-02
9.594301376120589753e-02
9.391594815280086828e-02
9.648546793810318378e-02
9.617141551989953629e-02
9.243133672129288936e-02
9.528635870496209026e-02
9.528635870496209026e-02
9.437275167018777111e-02
9.254553760063952139e-02
9.592873865128770383e-02
9.528635870496209026e-02
8.857705704333922181e-02
9.507223205618689499e-02
9.482955518757481272e-02
9.300234111802642423e-02
8.963341517729667141e-02
9.500085650659481629e-02
9.528635870496209026e-02
9.528635870496209026e-02
9.528635870496209026e-02
9.277393935933316016e-02
9.041854622280603992e-02
9.528635870496209026e-02
9.528635870496209026e-02
9.492948095700351474e-02
9.521498315537040014e-02
9.340204419574033023e-02
9.088962485011138626e-02
8.837720550448245616e-02
9.200308342374247106e-02
8.686404385313707677e-02
9.514360760577871001e-02
9.374464683378047614e-02
9.151772968651855633e-02
8.900531034088962623e-02
8.649289099526068225e-02
9.478672985781999571e-02
9.507223205618689499e-02
9.465825386855454548e-02
9.214583452292560151e-02
8.963341517729667141e-02
8.626448923656691858e-02
8.403757208930512368e-02
9.500085650659520486e-02
7.958373779478104815e-02
9.277393935933316016e-02
9.026152001370384148e-02
8.682121852338239854e-02
8.459430137612035383e-02
8.504253982755619057e-02
9.521498315537040014e-02
9.297379089818992581e-02
9.080397419060125264e-02
8.737794781019812829e-02
8.515103066293620848e-02
8.292411351567378908e-02
8.155370296351242831e-02
9.374464683378047614e-02
9.016159424427565294e-02
8.793467709701360824e-02
8.570775994975168843e-02
8.348084280248964373e-02
8.056872037914693252e-02
9.273111402957771865e-02
9.000456803517356552e-02
8.720664649117773615e-02
8.533660709187440574e-02
8.403757208930512368e-02
8.056301033517929144e-02
8.031176840061438060e-02
9.070404842117293920e-02
8.904813567064444324e-02
8.682121852338239854e-02
8.345229258265264571e-02
8.093987323702370174e-02
7.908410894763868992e-02
7.801347570376292173e-02
8.860560726317584512e-02
8.659281676468913447e-02
8.408039741905981579e-02
8.156797807343087181e-02
7.905555872780194171e-02
7.794210015417123161e-02
8.887683435162442580e-02
8.650716610517887595e-02
8.470850225546736056e-02
8.219608290983843046e-02
7.968366356420948649e-02
7.787072460457954148e-02
7.815622680294644076e-02
8.720664649117773615e-02
8.533660709187440574e-02
8.282418774624560054e-02
8.031176840061665656e-02
7.779934905498772646e-02
7.808485125335461186e-02
7.779934905498772646e-02
8.596471192828157581e-02
8.345229258265264571e-02
8.093987323702370174e-02
7.842745389139438306e-02
7.801347570376292173e-02
7.779934905498772646e-02
7.779934905498772646e-02
8.193913093130777980e-02
7.885570718894555076e-02
7.905555872780194171e-02
7.779934905498772646e-02
7.779934905498772646e-02
7.779934905498772646e-02
8.270998686689884360e-02
7.802775081368097665e-02
7.968366356420948649e-02
7.787072460457954148e-02
7.779934905498772646e-02
7.779934905498772646e-02
7.779934905498772646e-02
8.282418774624560054e-02
8.031176840061615696e-02
7.779934905498772646e-02
7.779934905498772646e-02
7.779934905498772646e-02
7.779934905498772646e-02
8.116827499571772908e-02
7.779934905498772646e-02
7.757094729629432361e-02
7.779934905498772646e-02
7.779934905498772646e-02
7.779934905498772646e-02
7.551533146805242125e-02
7.884143207902710726e-02
7.905555872780194171e-02
7.779934905498772646e-02
7.779934905498772646e-02
7.779934905498772646e-02
7.779934905498772646e-02
7.748529663678432877e-02
7.711414377890704608e-02
7.779934905498772646e-02
7.779934905498772646e-02
7.779934905498772646e-02
7.779934905498772646e-02
7.597213498543946286e-02
7.688574202021378201e-02
7.779934905498772646e-02
7.779934905498772646e-02
7.585793410609256715e-02
7.779934905498772646e-02
7.688574202021353221e-02
7.694284245988677884e-02
7.757094729629432361e-02
7.779934905498772646e-02
7.779934905498772646e-02
7.779934905498772646e-02
7.551533146805242125e-02
7.642893850282636570e-02
7.734254553760068485e-02
7.751384685662082719e-02
7.779934905498772646e-02
7.437332267458483803e-02
7.528692970935878248e-02
7.620053674413310163e-02
7.711414377890704608e-02
7.779934905498772646e-02
7.779934905498772646e-02
7.478730086221668794e-02
7.505852795066539351e-02
7.597213498543946286e-02
7.688574202021378201e-02
7.779934905498772646e-02
7.722834465825380301e-02
7.391651915719742172e-02
7.483012619197174087e-02
7.574373322674581022e-02
7.665734026152012937e-02
7.725917889567793240e-02
7.737109575743730816e-02
7.779934905498772646e-02
7.460172443327810210e-02
7.551533146805242125e-02
7.642893850282636570e-02
7.660023982184688274e-02
7.268885970421957998e-02
7.345971563981051888e-02
7.437332267458483803e-02
7.528692970935878248e-02
7.620053674413310163e-02
7.600068520527596128e-02
7.765659795580420743e-02
7.287443613315816582e-02
7.414492091589107436e-02
7.505852795066539351e-02
7.597213498543946286e-02
