4.362640705810768016e-01
4.137511408579251371e-01
3.979312442957103624e-01
3.550349863097047032e-01
3.425616063279585122e-01
3.042287800425919619e-01
3.030118649224215477e-01
2.765439610587158703e-01
2.646790386370549975e-01
2.534225737754791652e-01
2.512929723151810513e-01
2.333434742926681071e-01
2.354730757529661378e-01
2.147855187100700114e-01
2.318223303924550061e-01
2.056586553087920155e-01
2.007909948281106360e-01
1.892303011864921725e-01
1.855795558259810407e-01
1.849710982658958891e-01
1.837541831457255304e-01
1.782780651049586662e-01
1.807118953452995780e-01
1.639793124429572146e-01
1.807118953452995780e-01
1.615454822026163029e-01
1.691512017036812254e-01
1.560693641618497718e-01
1.551566778217219611e-01
1.466382719805293389e-01
1.387283236994220070e-01
1.393367812595072974e-01
1.377061149984784849e-01
1.344691207788255016e-01
1.314268329783996325e-01
1.326437480985701023e-01
1.314268329783996325e-01
1.302099178582291905e-01
1.314268329783996325e-01
1.226041983571646010e-01
1.271676300578035435e-01
1.204745968968665565e-01
1.271676300578035435e-01
1.198661393367812800e-01
1.229084271372072462e-01
1.128688773958015507e-01
1.229084271372072462e-01
1.119561910556738371e-01
1.143900212960146379e-01
1.110435047155460264e-01
1.125646486157590165e-01
1.080012169151201712e-01
1.143900212960146379e-01
1.086096744752052395e-01
1.046547003346516846e-01
9.796166717371479482e-02
1.046547003346516846e-01
1.001399452388194444e-01
1.046547003346516846e-01
9.532096136294476718e-02
1.046547003346516846e-01
9.339823547307575524e-02
9.248554913294783353e-02
9.278977791299057587e-02
9.674475205354435281e-02
8.670520231213875439e-02
8.457560085184050169e-02
8.427137207179796752e-02
8.457560085184050169e-02
8.457560085184050169e-02
8.457560085184050169e-02
8.366291451171269100e-02
8.457560085184050169e-02
7.879525403103121439e-02
6.875570428962583802e-02
7.666565257073305883e-02
6.875570428962583802e-02
7.849102525098868022e-02
6.388804380894436141e-02
7.179799209005169325e-02
7.970794037115902508e-02
7.027684818983881421e-02
6.388804380894436141e-02
7.179799209005169325e-02
6.388804380894436141e-02
6.784301794949791631e-02
6.388804380894436141e-02
6.540918770915724045e-02
6.388804380894436141e-02
6.419227258898689559e-02
6.388804380894436141e-02
6.368116823851523167e-02
5.902038332826288480e-02
6.145421356860367862e-02
5.902038332826288480e-02
5.932461210830552306e-02
5.597809552783691855e-02
5.749923942805001270e-02
5.597809552783691855e-02
5.906905993306980213e-02
5.597809552783691855e-02
5.536963796775185714e-02
5.597809552783691855e-02
5.597809552783691855e-02
5.597809552783691855e-02
5.749923942805001270e-02
5.597809552783691855e-02
5.536963796775185714e-02
5.597809552783691855e-02
5.384849406753876994e-02
5.597809552783691855e-02
5.324003650745359750e-02
5.597809552783691855e-02
5.324003650745359750e-02
4.685123212655913777e-02
5.141466382719797612e-02
5.597809552783691855e-02
5.293580772741106333e-02
4.685123212655913777e-02
5.141466382719797612e-02
4.685123212655913777e-02
5.141466382719797612e-02
4.685123212655913777e-02
4.928506236689982750e-02
4.685123212655913777e-02
5.080620626711291471e-02
4.685123212655913777e-02
4.806814724672969774e-02
4.685123212655913777e-02
4.837237602677201681e-02
4.685123212655913777e-02
4.837237602677201681e-02
4.685123212655913777e-02
4.776391846668716357e-02
4.685123212655913777e-02
4.472163066626098915e-02
4.685123212655913777e-02
4.380894432613317846e-02
4.685123212655913777e-02
4.411317310617592774e-02
4.685123212655913777e-02
4.320048676604811705e-02
4.685123212655913777e-02
4.320048676604811705e-02
3.954974140553687428e-02
4.320048676604811705e-02
3.954974140553687428e-02
4.294493459081228509e-02
3.954974140553687428e-02
4.259202920596304870e-02
3.833282628536652942e-02
4.259202920596304870e-02
4.563431700638879984e-02
4.198357164587777218e-02
3.833282628536652942e-02
4.147246729540610827e-02
3.833282628536652942e-02
4.198357164587777218e-02
3.833282628536652942e-02
4.137511408579249567e-02
3.833282628536652942e-02
4.198357164587777218e-02
3.833282628536652942e-02
4.107088530574996149e-02
3.833282628536652942e-02
4.015819896562215080e-02
3.833282628536652942e-02
3.833282628536652942e-02
3.833282628536652942e-02
4.107088530574996149e-02
3.833282628536652942e-02
3.650745360511090803e-02
3.833282628536652942e-02
3.863705506540927870e-02
3.833282628536652942e-02
3.650745360511090803e-02
3.833282628536652942e-02
3.772436872528146801e-02
3.833282628536652942e-02
3.559476726498331245e-02
3.833282628536652942e-02
3.650745360511090803e-02
3.833282628536652942e-02
3.594767264983233374e-02
3.833282628536652942e-02
3.589899604502563152e-02
3.833282628536652942e-02
3.589899604502563152e-02
3.346516580468494872e-02
3.529053848494057011e-02
3.346516580468494872e-02
3.589899604502584662e-02
3.346516580468494872e-02
3.529053848494057011e-02
3.346516580468494872e-02
3.589899604502563152e-02
3.224825068451460386e-02
3.529053848494057011e-02
3.224825068451460386e-02
3.529053848494057011e-02
3.224825068451460386e-02
3.529053848494057011e-02
3.224825068451460386e-02
3.529053848494057011e-02
3.224825068451460386e-02
3.498630970489825104e-02
3.711591116519618455e-02
3.498630970489782083e-02
3.224825068451460386e-02
3.498630970489782083e-02
3.224825068451460386e-02
3.529053848494057011e-02
3.224825068451460386e-02
3.468208092485550176e-02
3.224825068451460386e-02
3.498630970489825104e-02
3.224825068451460386e-02
3.437785214481297452e-02
3.224825068451460386e-02
3.224825068451460386e-02
3.224825068451460386e-02
3.224825068451460386e-02
3.224825068451460386e-02
3.285670824459988038e-02
3.224825068451460386e-02
3.437785214481297452e-02
3.224825068451460386e-02
3.224825068451460386e-02
3.224825068451460386e-02
3.224825068451460386e-02
3.224825068451460386e-02
3.224825068451460386e-02
3.224825068451460386e-02
3.224825068451460386e-02
3.224825068451460386e-02
3.224825068451460386e-02
3.224825068451460386e-02
3.224825068451460386e-02
3.224825068451460386e-02
3.194402190447206968e-02
3.224825068451460386e-02
3.194402190447206968e-02
3.224825068451460386e-02
3.194402190447206968e-02
3.224825068451460386e-02
3.194402190447206968e-02
3.224825068451460386e-02
3.163979312442954245e-02
3.224825068451460386e-02
3.163979312442954245e-02
3.224825068451460386e-02
3.194402190447206968e-02
3.224825068451460386e-02
3.163979312442954245e-02
3.224825068451460386e-02
3.163979312442954245e-02
3.224825068451460386e-02
3.163979312442954245e-02
3.224825068451460386e-02
3.194402190447206968e-02
3.163979312442954245e-02
3.163979312442954245e-02
3.224825068451460386e-02
3.163979312442954245e-02
3.224825068451460386e-02
3.163979312442954245e-02
3.163979312442954245e-02
3.163979312442954245e-02
3.163979312442954245e-02
3.163979312442954245e-02
3.103133556434447757e-02
3.163979312442954245e-02
3.163979312442954245e-02
3.163979312442954245e-02
3.103133556434447757e-02
3.163979312442954245e-02
3.103133556434447757e-02
3.133556434438700827e-02
3.103133556434447757e-02
3.163979312442954245e-02
3.103133556434447757e-02
3.133556434438700827e-02
3.103133556434447757e-02
3.163979312442954245e-02
3.103133556434447757e-02
3.103133556434447757e-02
3.103133556434447757e-02
3.133556434438700827e-02
3.103133556434447757e-02
3.103133556434447757e-02
3.103133556434447757e-02
3.133556434438700827e-02
3.103133556434447757e-02
3.133556434438700827e-02
3.103133556434447757e-02
3.133556434438700827e-02
3.103133556434447757e-02
3.103133556434447757e-02
3.103133556434447757e-02
3.103133556434447757e-02
3.103133556434447757e-02
3.103133556434447757e-02
3.103133556434447757e-02
3.103133556434447757e-02
3.103133556434447757e-02
3.133556434438700827e-02
3.103133556434447757e-02
3.103133556434447757e-02
3.103133556434447757e-02
3.103133556434447757e-02
3.103133556434447757e-02
3.103133556434447757e-02
3.103133556434447757e-02
3.103133556434447757e-02
3.103133556434447757e-02
3.103133556434447757e-02
3.103133556434447757e-02
3.103133556434447757e-02
3.103133556434447757e-02
3.103133556434447757e-02
3.103133556434447757e-02
3.103133556434447757e-02
3.103133556434447757e-02
3.103133556434447757e-02
3.103133556434447757e-02
3.103133556434447757e-02
3.103133556434447757e-02
3.103133556434447757e-02
3.103133556434447757e-02
3.103133556434447757e-02
3.103133556434447757e-02
2.890173410404632548e-02
3.103133556434447757e-02
3.103133556434447757e-02
3.103133556434447757e-02
3.103133556434447757e-02
3.103133556434447757e-02
3.103133556434447757e-02
3.103133556434447757e-02
3.103133556434447757e-02
3.103133556434447757e-02
2.742926680863993702e-02
3.103133556434447757e-02
3.103133556434447757e-02
3.103133556434447757e-02
2.859750532400357620e-02
3.103133556434447757e-02
2.890173410404632548e-02
3.103133556434447757e-02
2.813507757833883308e-02
3.103133556434447757e-02
2.525098874353508271e-02
3.103133556434447757e-02
2.768481898387598408e-02
3.103133556434447757e-02
2.798904776391851479e-02
3.103133556434447757e-02
2.738059020383323480e-02
3.103133556434447757e-02
2.859750532400357620e-02
3.103133556434447757e-02
2.525098874353508271e-02
3.103133556434447757e-02
3.011864922421666688e-02
3.103133556434447757e-02
2.494675996349233690e-02
3.103133556434447757e-02
2.859750532400357620e-02
3.103133556434447757e-02
2.525098874353508271e-02
3.103133556434447757e-02
2.494675996349233690e-02
3.103133556434447757e-02
2.525098874353508271e-02
3.103133556434447757e-02
2.494675996349233690e-02
3.103133556434447757e-02
2.494675996349233690e-02
3.103133556434447757e-02
2.494675996349233690e-02
2.616367508366289341e-02
2.494675996349233690e-02
3.103133556434447757e-02
2.494675996349233690e-02
2.616367508366289341e-02
2.494675996349233690e-02
3.103133556434447757e-02
2.494675996349233690e-02
1.886218436264062645e-02
2.494675996349233690e-02
2.372984484332221061e-02
2.494675996349233690e-02
2.616367508366289341e-02
2.494675996349233690e-02
2.616367508366289341e-02
