4.261501210653753091e-01
3.842960913178830595e-01
3.597371151850571325e-01
3.266413005880317577e-01
3.078519543410583870e-01
2.940159114493254844e-01
2.794880664130059422e-01
2.670909719820130923e-01
2.615012106537529801e-01
2.507782774126599556e-01
2.483569699066066894e-01
2.390176409546869718e-01
2.462815634728467984e-01
2.293324109304738512e-01
2.393635420269802083e-01
2.190107229332410310e-01
2.352127291594604264e-01
2.075406433759943436e-01
2.151504669664476843e-01
2.007333102732617447e-01
2.082324455205810942e-01
1.905914908336216462e-01
1.943964026288481917e-01
1.819439640262884017e-01
1.943964026288481917e-01
1.798685575925285107e-01
1.840193704600484315e-01
1.747353856796955152e-01
1.840193704600484315e-01
1.691456243514355140e-01
1.549636803874090973e-01
1.636112071947423141e-01
1.542718782428224578e-01
1.563472846765823487e-01
1.521964718090625668e-01
1.553095814597024726e-01
1.438948460740228363e-01
1.490833621584225221e-01
1.411276374956763058e-01
1.452784503631959767e-01
1.411276374956763058e-01
1.355932203389831059e-01
1.411276374956763058e-01
1.338637149775164514e-01
1.182981667243169083e-01
1.338637149775164514e-01
1.182981667243169083e-01
1.293670010377031554e-01
1.182981667243169083e-01
1.245243860255967339e-01
1.141473538567969737e-01
1.269456935316500001e-01
1.162227602905568785e-01
1.255620892424767487e-01
1.120719474230369578e-01
1.182981667243169083e-01
1.120719474230369578e-01
1.165686613628502538e-01
1.120719474230369578e-01
1.127637495676237084e-01
1.120719474230369578e-01
1.117260463507437074e-01
1.093047388446904272e-01
1.106883431338636925e-01
1.079211345555171619e-01
1.089588377723970380e-01
1.079211345555171619e-01
1.089588377723970380e-01
1.079211345555171619e-01
1.086129367001037876e-01
1.079211345555171619e-01
1.082670356278105372e-01
1.079211345555171619e-01
1.079211345555170370e-01
1.072293324109305224e-01
1.054998270494637569e-01
1.051539259771704926e-01
1.061916291940505075e-01
1.072293324109305224e-01
1.068834313386370222e-01
1.044621238325838669e-01
1.058457281217572571e-01
1.044621238325838669e-01
1.044621238325839918e-01
1.044621238325838669e-01
1.051539259771704926e-01
1.044621238325838669e-01
1.048080249048772422e-01
1.044621238325838669e-01
1.044621238325838669e-01
1.044621238325838669e-01
1.037703216879972273e-01
1.030785195434106016e-01
1.038810100311309548e-01
1.030785195434106016e-01
1.037703216879972273e-01
1.030785195434106016e-01
1.034797647872709031e-01
1.030785195434106016e-01
1.016949152542373364e-01
1.030785195434106016e-01
1.016949152542373364e-01
1.030785195434106016e-01
1.016949152542373364e-01
1.030785195434106016e-01
1.010031131096505719e-01
1.030785195434106016e-01
1.013490141819439472e-01
1.030785195434106016e-01
1.010031131096505719e-01
1.030785195434106016e-01
1.010031131096505719e-01
9.961950882047730660e-02
1.006572120373573215e-01
1.023867173988239621e-01
1.010031131096505719e-01
9.961950882047730660e-02
9.898305084745760707e-02
9.961950882047730660e-02
9.892770667589068090e-02
9.892770667589068090e-02
9.616049809754413646e-02
9.892770667589068090e-02
9.546869595295738586e-02
9.892770667589068090e-02
9.616049809754413646e-02
9.892770667589068090e-02
9.443099273607749589e-02
9.892770667589068090e-02
9.270148737461085531e-02
9.892770667589068090e-02
9.719820131442402644e-02
9.892770667589068090e-02
9.235558630231759103e-02
9.892770667589068090e-02
9.350397786233120845e-02
9.892770667589068090e-02
9.235558630231759103e-02
9.892770667589068090e-02
9.062608094085095045e-02
9.892770667589068090e-02
9.235558630231759103e-02
9.892770667589068090e-02
9.062608094085095045e-02
9.892770667589068090e-02
9.062608094085095045e-02
8.785887236250429499e-02
9.028017986855757515e-02
8.785887236250429499e-02
9.062608094085095045e-02
9.892770667589068090e-02
9.028017986855757515e-02
8.785887236250429499e-02
9.028017986855757515e-02
8.232445520581110898e-02
8.964372189553773684e-02
8.232445520581110898e-02
8.993427879626419985e-02
8.232445520581110898e-02
8.958837772397081067e-02
8.232445520581110898e-02
8.336215842269110998e-02
8.232445520581110898e-02
8.751297129021091969e-02
8.232445520581110898e-02
8.785887236250429499e-02
8.232445520581110898e-02
8.578346592874439014e-02
8.232445520581110898e-02
8.785887236250429499e-02
8.232445520581110898e-02
8.578346592874439014e-02
8.232445520581110898e-02
8.509166378415776444e-02
8.232445520581110898e-02
8.163265306122446940e-02
8.232445520581110898e-02
8.163265306122446940e-02
8.232445520581110898e-02
8.232445520581110898e-02
8.232445520581110898e-02
8.024904877205107923e-02
8.232445520581110898e-02
8.163265306122446940e-02
8.232445520581110898e-02
8.163265306122446940e-02
8.232445520581110898e-02
7.955724662746443965e-02
8.232445520581110898e-02
8.163265306122446940e-02
8.232445520581110898e-02
7.955724662746443965e-02
8.232445520581110898e-02
8.163265306122446940e-02
7.817364233829117437e-02
7.955724662746443965e-02
7.679003804911790909e-02
7.955724662746443965e-02
7.679003804911790909e-02
7.886544448287781395e-02
7.679003804911790909e-02
7.886544448287781395e-02
7.679003804911790909e-02
7.955724662746443965e-02
7.679003804911790909e-02
7.886544448287781395e-02
7.679003804911790909e-02
7.955724662746443965e-02
7.679003804911790909e-02
7.886544448287781395e-02
7.679003804911790909e-02
7.886544448287781395e-02
7.679003804911790909e-02
7.886544448287781395e-02
7.679003804911790909e-02
7.886544448287781395e-02
7.679003804911790909e-02
7.886544448287781395e-02
7.679003804911790909e-02
7.886544448287781395e-02
7.679003804911790909e-02
7.886544448287781395e-02
7.679003804911790909e-02
7.679003804911790909e-02
7.679003804911790909e-02
7.407817364233817981e-02
7.679003804911790909e-02
7.679003804911790909e-02
7.679003804911790909e-02
7.679003804911790909e-02
7.679003804911790909e-02
7.679003804911790909e-02
7.679003804911790909e-02
7.679003804911790909e-02
7.679003804911790909e-02
7.090971982013147268e-02
7.679003804911790909e-02
7.090971982013147268e-02
7.679003804911790909e-02
7.679003804911790909e-02
7.679003804911790909e-02
7.402282947077125363e-02
7.679003804911790909e-02
7.679003804911790909e-02
7.679003804911790909e-02
7.090971982013147268e-02
7.679003804911790909e-02
7.021791767554470820e-02
7.679003804911790909e-02
7.090971982013147268e-02
7.679003804911790909e-02
7.021791767554470820e-02
7.679003804911790909e-02
7.021791767554470820e-02
7.679003804911790909e-02
7.021791767554470820e-02
7.679003804911790909e-02
7.021791767554470820e-02
7.679003804911790909e-02
7.021791767554470820e-02
7.679003804911790909e-02
7.021791767554470820e-02
6.364579730197163221e-02
7.021791767554470820e-02
6.364579730197163221e-02
7.021791767554470820e-02
7.679003804911790909e-02
7.021791767554470820e-02
7.679003804911790909e-02
7.021791767554470820e-02
6.364579730197163221e-02
7.021791767554470820e-02
6.364579730197163221e-02
7.021791767554470820e-02
6.364579730197163221e-02
7.021791767554470820e-02
6.364579730197163221e-02
7.021791767554470820e-02
6.364579730197163221e-02
7.021791767554470820e-02
6.364579730197163221e-02
7.021791767554470820e-02
6.364579730197163221e-02
7.021791767554470820e-02
6.364579730197163221e-02
6.952611553095808250e-02
6.364579730197163221e-02
6.952611553095808250e-02
6.364579730197163221e-02
7.021791767554470820e-02
6.364579730197163221e-02
6.952611553095808250e-02
6.364579730197163221e-02
7.021791767554470820e-02
6.364579730197163221e-02
7.021791767554470820e-02
6.364579730197163221e-02
6.952611553095808250e-02
6.364579730197163221e-02
7.021791767554470820e-02
6.364579730197163221e-02
6.364579730197163221e-02
6.364579730197163221e-02
6.442061570390797409e-02
6.364579730197163221e-02
6.364579730197163221e-02
6.364579730197163221e-02
6.364579730197163221e-02
6.364579730197163221e-02
6.364579730197163221e-02
6.364579730197163221e-02
6.364579730197163221e-02
6.364579730197163221e-02
6.364579730197163221e-02
6.364579730197163221e-02
6.364579730197163221e-02
6.364579730197163221e-02
6.364579730197163221e-02
6.364579730197163221e-02
6.364579730197163221e-02
6.364579730197163221e-02
6.364579730197163221e-02
6.364579730197163221e-02
6.364579730197163221e-02
6.364579730197163221e-02
6.364579730197163221e-02
6.364579730197163221e-02
6.364579730197163221e-02
6.364579730197163221e-02
6.364579730197163221e-02
6.364579730197163221e-02
6.364579730197163221e-02
6.364579730197163221e-02
6.364579730197163221e-02
6.364579730197163221e-02
6.364579730197163221e-02
6.364579730197163221e-02
6.364579730197163221e-02
6.364579730197163221e-02
6.364579730197163221e-02
6.364579730197163221e-02
6.364579730197163221e-02
6.364579730197163221e-02
6.364579730197163221e-02
6.364579730197163221e-02
6.295399515738486773e-02
6.364579730197163221e-02
6.364579730197163221e-02
6.364579730197163221e-02
6.364579730197163221e-02
6.364579730197163221e-02
6.364579730197163221e-02
6.364579730197163221e-02
6.295399515738486773e-02
6.364579730197163221e-02
6.306468350051860905e-02
6.364579730197163221e-02
6.364579730197163221e-02
6.364579730197163221e-02
6.364579730197163221e-02
6.364579730197163221e-02
6.295399515738486773e-02
6.364579730197163221e-02
6.295399515738486773e-02
6.364579730197163221e-02
6.295399515738486773e-02
6.364579730197163221e-02
6.295399515738486773e-02
6.364579730197163221e-02
6.295399515738486773e-02
6.364579730197163221e-02
6.364579730197163221e-02
6.364579730197163221e-02
6.295399515738486773e-02
6.364579730197163221e-02
6.295399515738486773e-02
6.364579730197163221e-02
6.364579730197163221e-02
6.364579730197163221e-02
6.295399515738486773e-02
6.364579730197163221e-02
6.295399515738486773e-02
6.226219301279824203e-02
6.295399515738486773e-02
6.364579730197163221e-02
6.295399515738486773e-02
6.364579730197163221e-02
6.295399515738486773e-02
6.226219301279824203e-02
6.295399515738486773e-02
6.364579730197163221e-02
6.295399515738486773e-02
6.226219301279824203e-02
6.295399515738486773e-02
6.226219301279824203e-02
