6.384950926935659687e-01
5.580697928026173704e-01
5.557033805888766942e-01
5.144929116684839876e-01
5.290294438386031750e-01
4.648309705561614047e-01
5.021810250817885235e-01
4.302071973827697460e-01
4.716466739367503047e-01
4.073064340239911929e-01
4.182115594329335884e-01
3.972191930207195631e-01
3.849509269356596874e-01
3.762268266085059265e-01
3.685932388222465383e-01
3.498255179934569581e-01
3.396074154852740667e-01
3.407851690294438352e-01
3.287895310796074555e-01
3.238822246455833054e-01
3.233369683751364798e-01
3.135659760087239900e-01
3.107960741548527195e-01
2.950272628135220954e-01
2.973827699018527504e-01
2.878953107960742219e-01
2.949836423118866180e-01
2.868047982551800157e-01
2.949836423118866180e-01
2.731733914940022712e-01
2.895310796074154203e-01
2.622682660850599312e-01
2.628135223555069233e-01
2.546346782988005431e-01
2.448200654307523816e-01
2.579062159214829397e-01
2.448200654307523816e-01
2.478189749182114487e-01
2.508178844056705437e-01
2.440021810250814771e-01
2.170119956379498727e-01
2.328244274809160019e-01
2.170119956379498727e-01
2.257360959651034393e-01
2.170119956379498727e-01
2.257360959651034393e-01
2.142857142857142738e-01
2.211014176663031461e-01
2.071973827699019055e-01
2.145583424209379642e-01
2.071973827699019055e-01
2.091057797164665999e-01
2.071973827699019055e-01
2.047437295528899970e-01
2.001090512540893152e-01
2.009269356597600253e-01
1.946564885496183395e-01
1.984732824427481168e-01
1.946564885496183395e-01
1.995637949836421288e-01
1.946564885496183395e-01
1.990185387131953310e-01
1.941112322791713474e-01
1.946564885496183395e-01
1.924754634678297605e-01
1.894765539803708598e-01
1.924754634678297605e-01
1.902944383860415423e-01
1.919302071973827406e-01
1.876117775354414208e-01
1.919302071973827406e-01
1.864776444929115706e-01
1.919302071973827406e-01
1.856597600872408604e-01
1.919302071973827406e-01
1.845692475463466820e-01
1.837513631406761661e-01
1.821155943293347734e-01
1.821155943293347734e-01
1.807524536532168768e-01
1.902944383860413480e-01
1.802071973827698848e-01
1.821155943293347734e-01
1.802071973827698848e-01
1.821155943293347734e-01
1.807524536532168768e-01
1.821155943293347734e-01
1.758451472191930876e-01
1.821155943293347734e-01
1.750272628135224051e-01
1.788440567066521825e-01
1.638495092693565414e-01
1.788440567066521825e-01
1.608505997818972522e-01
1.712104689203926278e-01
1.622573609596510147e-01
1.788440567066521825e-01
1.586695747001088674e-01
1.679389312977100368e-01
1.600327153762267640e-01
1.679389312977100368e-01
1.576663031624863931e-01
1.679389312977100368e-01
1.563031624863686908e-01
1.679389312977100368e-01
1.570338058887676691e-01
1.679389312977100368e-01
1.573064340239913594e-01
1.679389312977100368e-01
1.537622682660850781e-01
1.679389312977100368e-01
1.491275899672845906e-01
1.629007633587776782e-01
1.510359869138492850e-01
1.679389312977100368e-01
1.494002181025078924e-01
1.679389312977100368e-01
1.466739367502725155e-01
1.314067611777535449e-01
1.502181025081786025e-01
1.254089422028351886e-01
1.466739367502725155e-01
1.254089422028351886e-01
1.464013086150489917e-01
1.254089422028351886e-01
1.434023991275899246e-01
1.254089422028351886e-01
1.447655398037075991e-01
1.254089422028351886e-01
1.444929116684841031e-01
1.254089422028351886e-01
1.417666303162485320e-01
1.254089422028351886e-01
1.368593238822245484e-01
1.254089422028351886e-01
1.368593238822245484e-01
1.254089422028351886e-01
1.254089422028351886e-01
1.254089422028351886e-01
1.254089422028351886e-01
1.254089422028351886e-01
1.254089422028351886e-01
1.254089422028351886e-01
1.254089422028351886e-01
1.254089422028351886e-01
1.235005452562702860e-01
1.254089422028351886e-01
1.235005452562702860e-01
1.215921483097053973e-01
1.235005452562702860e-01
1.215921483097053973e-01
1.235005452562702860e-01
1.215921483097053973e-01
1.235005452562702860e-01
1.215921483097053973e-01
1.235005452562702860e-01
1.215921483097053973e-01
1.235005452562702860e-01
1.215921483097053973e-01
1.235005452562702860e-01
1.215921483097053973e-01
1.232279171210467900e-01
1.215921483097053973e-01
1.215921483097053973e-01
1.215921483097053973e-01
1.215921483097053973e-01
1.215921483097053973e-01
1.202290076335876950e-01
1.215921483097053973e-01
1.215921483097053973e-01
1.215921483097053973e-01
1.215921483097053973e-01
1.215921483097053973e-01
1.202290076335876950e-01
1.215921483097053973e-01
1.183206106870228064e-01
1.215921483097053973e-01
1.185932388222463024e-01
1.215921483097053973e-01
1.183206106870228064e-01
1.215921483097053973e-01
1.185932388222463024e-01
1.215921483097053973e-01
1.172300981461286001e-01
1.150490730643402154e-01
1.185932388222463024e-01
1.215921483097053973e-01
1.183206106870228064e-01
1.210468920392583914e-01
1.183206106870228064e-01
1.150490730643402154e-01
1.183206106870228064e-01
1.210468920392583914e-01
1.180479825517992964e-01
1.155943293347872075e-01
1.183206106870228064e-01
1.150490730643402154e-01
1.180479825517992964e-01
1.150490730643402154e-01
1.180479825517992964e-01
1.150490730643402154e-01
1.180479825517992964e-01
1.150490730643402154e-01
1.153217011995637115e-01
1.150490730643402154e-01
1.150490730643402154e-01
1.150490730643402154e-01
1.150490730643402154e-01
1.150490730643402154e-01
1.166848418756816080e-01
1.150490730643402154e-01
1.166848418756816080e-01
1.150490730643402154e-01
1.150490730643402154e-01
1.150490730643402154e-01
1.150490730643402154e-01
1.150490730643402154e-01
1.125954198473281265e-01
1.150490730643402154e-01
1.125954198473281265e-01
1.150490730643402154e-01
1.106870229007632239e-01
1.150490730643402154e-01
1.150490730643402154e-01
1.150490730643402154e-01
1.106870229007632239e-01
1.150490730643402154e-01
1.150490730643402154e-01
1.150490730643402154e-01
1.114503816793891433e-01
1.150490730643402154e-01
1.104143947655397279e-01
1.150490730643402154e-01
1.104143947655397279e-01
1.150490730643402154e-01
1.093238822246455355e-01
1.150490730643402154e-01
1.104143947655397279e-01
1.150490730643402154e-01
1.090512540894220256e-01
1.057797164667392403e-01
1.104143947655397279e-01
1.150490730643402154e-01
1.106870229007632239e-01
1.123227917121048108e-01
1.090512540894220256e-01
1.150490730643402154e-01
1.090512540894220256e-01
1.057797164667392403e-01
1.090512540894220256e-01
1.057797164667392403e-01
1.090512540894220256e-01
1.123227917121048108e-01
1.090512540894220256e-01
1.123227917121048108e-01
1.090512540894220256e-01
1.123227917121048108e-01
1.090512540894220256e-01
1.030534351145038496e-01
1.090512540894220256e-01
1.123227917121048108e-01
1.090512540894220256e-01
1.030534351145038496e-01
1.079607415485278332e-01
1.030534351145038496e-01
1.090512540894220256e-01
1.030534351145038496e-01
1.090512540894220256e-01
1.030534351145038496e-01
1.090512540894220256e-01
1.030534351145038496e-01
1.076881134133043372e-01
1.030534351145038496e-01
1.079607415485278332e-01
1.030534351145038496e-01
1.065976008724101309e-01
1.030534351145038496e-01
1.076881134133043372e-01
1.030534351145038496e-01
1.044165757906215519e-01
1.030534351145038496e-01
1.030534351145038496e-01
1.030534351145038496e-01
1.030534351145038496e-01
1.030534351145038496e-01
1.030534351145038496e-01
1.030534351145038496e-01
1.063249727371866349e-01
1.030534351145038496e-01
1.030534351145038496e-01
1.030534351145038496e-01
1.030534351145038496e-01
1.030534351145038496e-01
1.030534351145038496e-01
1.030534351145038496e-01
1.030534351145038496e-01
1.030534351145038496e-01
1.030534351145038496e-01
1.030534351145038496e-01
1.063249727371866349e-01
1.030534351145038496e-01
1.030534351145038496e-01
1.030534351145038496e-01
1.025081788440566494e-01
1.030534351145038496e-01
1.030534351145038496e-01
1.030534351145038496e-01
1.030534351145038496e-01
1.030534351145038496e-01
1.030534351145038496e-01
1.030534351145038496e-01
1.016902944383861473e-01
1.030534351145038496e-01
1.025081788440566494e-01
1.030534351145038496e-01
1.030534351145038496e-01
1.030534351145038496e-01
1.030534351145038496e-01
1.030534351145038496e-01
1.030534351145038496e-01
1.030534351145038496e-01
1.030534351145038496e-01
1.030534351145038496e-01
1.011450381679389610e-01
1.030534351145038496e-01
1.011450381679389610e-01
1.030534351145038496e-01
1.011450381679389610e-01
1.030534351145038496e-01
1.012322791712104847e-01
1.030534351145038496e-01
1.016902944383861473e-01
1.030534351145038496e-01
1.011450381679389610e-01
1.030534351145038496e-01
9.978189749182125867e-02
1.030534351145038496e-01
9.978189749182125867e-02
1.030534351145038496e-01
9.978189749182125867e-02
1.030534351145038496e-01
1.011450381679389610e-01
1.030534351145038496e-01
1.011450381679389610e-01
1.030534351145038496e-01
9.978189749182125867e-02
1.030534351145038496e-01
9.978189749182125867e-02
1.030534351145038496e-01
9.978189749182125867e-02
1.003271537622684589e-01
9.978189749182125867e-02
9.651035986913866771e-02
9.978189749182125867e-02
1.003271537622684589e-01
9.978189749182125867e-02
1.003271537622684589e-01
9.978189749182125867e-02
9.923664122137405841e-02
9.978189749182125867e-02
1.003271537622684589e-01
9.978189749182125867e-02
9.651035986913866771e-02
9.978189749182125867e-02
9.923664122137405841e-02
9.978189749182125867e-02
9.651035986913866771e-02
9.978189749182125867e-02
9.923664122137405841e-02
9.978189749182125867e-02
9.651035986913866771e-02
9.841875681570355638e-02
9.651035986913866771e-02
9.978189749182125867e-02
9.923664122137405841e-02
9.978189749182125867e-02
9.651035986913866771e-02
9.978189749182125867e-02
9.651035986913866771e-02
9.978189749182125867e-02
9.651035986913866771e-02
9.841875681570355638e-02
9.651035986913866771e-02
9.651035986913866771e-02
9.651035986913866771e-02
9.841875681570355638e-02
9.651035986913866771e-02
9.651035986913866771e-02
9.651035986913866771e-02
9.841875681570355638e-02
9.651035986913866771e-02
9.651035986913866771e-02
9.651035986913866771e-02
9.651035986913866771e-02
9.651035986913866771e-02
