5.626366133916217427e-01
5.226402229931618182e-01
4.895377704694489074e-01
4.716947079230752737e-01
4.569354482924580241e-01
4.452174784927906970e-01
4.370264904646364301e-01
4.288106362925381276e-01
4.173621834078649617e-01
3.807155032386146387e-01
3.794248701546113489e-01
3.718611506607576445e-01
3.653618625543947340e-01
3.565395953235605542e-01
3.542021777929292847e-01
3.568941384081654733e-01
3.453185473359134949e-01
3.324142218300680240e-01
3.197405097559507525e-01
3.232097379028215367e-01
3.189203280726732870e-01
3.120801331541901980e-01
3.131930936290532874e-01
2.954559127278561514e-01
2.932700984619086571e-01
2.959572462750918453e-01
2.916217137585979113e-01
3.032273848436843333e-01
2.819600136362724330e-01
2.705296087592998222e-01
2.678324342751718934e-01
2.668097138388110801e-01
2.688752080534221323e-01
2.717227826017207248e-01
2.712615557382637710e-01
2.461447450217579547e-01
2.447009044057192606e-01
2.408907694467283256e-01
2.531533880121120128e-01
2.437884773497500379e-01
2.475484789540178809e-01
2.389355686125092249e-01
2.275853771030942885e-01
2.295907112920366477e-01
2.245573224777908938e-01
2.218501213227184743e-01
2.471574387871739165e-01
2.208274008863576610e-01
2.189524134196964289e-01
2.156135319951069662e-01
2.044438205626967764e-01
2.098742655463536333e-01
2.020474462069102861e-01
2.046243006397017172e-01
2.044245693544827491e-01
2.036316602161749589e-01
1.966731505805443814e-01
1.944873363145967204e-01
1.971343774440009744e-01
1.987185914532658693e-01
1.990494715944411408e-01
1.958950809152347206e-01
1.945575230112099041e-01
1.839793851645378231e-01
1.786451962219503253e-01
1.936450959552410145e-01
1.896544809192451109e-01
1.897447209577476646e-01
1.870976798283433828e-01
1.795275432650851322e-01
1.765696753363947547e-01
1.925120821384884162e-01
1.876992800850260101e-01
1.737116730503139861e-01
1.740529809292719887e-01
1.722682335011129773e-01
1.734614073435338799e-01
1.718471133214351243e-01
1.697816191068240721e-01
1.603164417350152193e-01
1.698718591453264593e-01
1.681974050975597323e-01
1.688691920508553768e-01
1.522148916116869977e-01
1.531373453386005723e-01
1.667515591473321956e-01
1.581206007981228456e-01
1.572883871097118524e-01
1.580804941143441056e-01
1.510517977820999558e-01
1.439316582108415288e-01
1.467403292758740208e-01
1.506507309443118614e-01
1.550436160186092205e-01
1.507509976537589336e-01
1.485451300459220414e-01
1.388693925842741650e-01
1.472717428359434366e-01
1.429402209878279373e-01
1.483345699560832121e-01
1.507008642990354808e-01
1.488960635289870715e-01
1.388693925842741650e-01
1.410323460404677431e-01
1.411855535725028143e-01
1.411053402049451122e-01
1.425291274790947693e-01
1.388693925842741650e-01
1.387691258748269263e-01
1.389696592937212372e-01
1.389496059518320614e-01
1.406741933543224077e-01
1.388693925842741650e-01
1.360619247197546733e-01
1.378266188060237873e-01
1.382577656566465196e-01
1.361621914292017455e-01
1.337557904024705702e-01
1.358413379589707981e-01
1.356809112238555881e-01
1.368640583953316392e-01
1.353600577536246408e-01
1.351394709928410987e-01
1.337958970862495045e-01
1.358814446427497324e-01
1.341167505564802853e-01
1.335552569835762315e-01
1.329937634106723721e-01
1.331541901457877486e-01
1.335552569835762315e-01
1.328533900174463656e-01
1.342571239497060975e-01
1.331942968295667107e-01
1.323320031283214404e-01
1.330539234363406764e-01
1.328533900174463656e-01
1.328533900174463656e-01
1.298453887340325352e-01
1.328333366755569955e-01
1.319610163033672068e-01
1.326729099404414247e-01
1.314496560851866058e-01
1.312992560210159143e-01
1.293440551867970079e-01
1.296448553151382244e-01
1.287224015882246497e-01
1.328533900174463656e-01
1.317304028716384523e-01
1.254537068602481764e-01
1.242705596887723196e-01
1.292437884773499357e-01
1.269877875147896185e-01
1.229670924659594655e-01
1.249022399582891824e-01
1.243708263982192114e-01
1.261154671425994689e-01
1.260352537750416002e-01
1.258146670142575307e-01
1.299657087853695325e-01
1.232678925943008624e-01
1.241502396374356831e-01
1.240299195860990605e-01
1.195379710028674491e-01
1.226161589828944493e-01
1.228267190727334590e-01
1.228567990855675279e-01
1.234283193294162528e-01
1.239095995347626045e-01
1.191770108488579005e-01
1.191770108488579005e-01
1.206208514648965946e-01
1.228267190727334590e-01
1.217037319269257400e-01
1.205807447811178268e-01
1.194577576353099274e-01
1.183347704895020280e-01
1.179136503098241751e-01
1.162391962620571012e-01
1.226161589828944493e-01
1.208614915675696733e-01
1.197385044217619543e-01
1.169109832153527179e-01
1.128602081536890511e-01
1.151061824453046833e-01
1.222820703070160442e-01
1.199991978663242365e-01
1.200192512082137869e-01
1.144444221629535713e-01
1.176930635490406468e-01
1.143341287825616198e-01
1.158080494114345493e-01
1.204704514007257088e-01
1.098421801993303693e-01
1.118775944011073387e-01
1.118775944011071583e-01
1.138428219062707636e-01
1.158080494114345493e-01
1.165299697194537992e-01
1.099424469087770806e-01
1.137726352096577603e-01
1.113862875248163020e-01
1.133515150299800878e-01
1.150460224196365455e-01
1.158080494114345493e-01
1.054204183127119276e-01
1.068341789159161920e-01
1.094411133615415394e-01
1.128602081536890511e-01
1.142438887440597739e-01
1.158080494114345493e-01
1.053301782742093740e-01
1.084384462670704430e-01
1.077365793009405631e-01
1.104738604688472320e-01
1.143341287825616198e-01
9.825134858724303422e-02
1.003669761565768176e-01
1.034551908075485027e-01
1.074357791725991662e-01
1.097118334770492282e-01
1.127599414442417985e-01
9.650670784286206894e-02
9.959492249383357365e-02
1.026831371448050922e-01
1.071349790442577693e-01
1.071650590570920186e-01
9.650670784286206894e-02
9.678745462931391541e-02
1.000260693444564725e-01
1.019110834820623895e-01
1.068341789159161920e-01
1.053803116289329933e-01
9.819118856157366126e-02
9.706820141576592842e-02
9.805081516834818212e-02
1.011390298193196868e-01
1.042272444702912054e-01
1.045380712695771208e-01
9.650670784286206894e-02
9.650670784286206894e-02
9.708825475765565927e-02
9.655684119758622952e-02
1.027332704995294332e-01
9.650670784286206894e-02
9.650670784286206894e-02
9.542382738083310389e-02
9.650670784286206894e-02
9.959492249383357365e-02
9.808089518118259797e-02
9.650670784286206894e-02
9.650670784286206894e-02
9.650670784286206894e-02
9.650670784286206894e-02
9.650670784286206894e-02
9.703812140293203992e-02
9.650670784286206894e-02
9.650670784286206894e-02
9.650670784286206894e-02
9.596526761184775989e-02
9.612569434696296988e-02
9.536366735516478566e-02
9.650670784286206894e-02
9.650670784286206894e-02
9.650670784286206894e-02
9.569454749634025148e-02
9.631620109491242920e-02
9.555417410311424498e-02
9.479214711131606075e-02
9.650670784286206894e-02
9.650670784286206894e-02
9.542382738083310389e-02
9.650670784286206894e-02
9.574468085106388471e-02
9.498265385926550619e-02
9.650670784286206894e-02
9.407022680329697739e-02
9.515310726532594243e-02
9.623598772735492135e-02
9.593518759901334403e-02
9.517316060721514592e-02
9.441113361541696170e-02
9.650670784286206894e-02
9.488238714981879485e-02
9.596526761184775989e-02
9.612569434696296988e-02
9.536366735516478566e-02
9.460164036336660143e-02
9.352878657228232140e-02
9.461166703431128644e-02
9.569454749634025148e-02
9.631620109491242920e-02
9.555417410311424498e-02
9.046062526320018671e-02
9.403012011951786264e-02
9.334830649527736668e-02
9.542382738083310389e-02
9.650670784286206894e-02
9.314777307638322235e-02
9.038041189564248457e-02
9.298734634126801235e-02
9.354883991417152489e-02
9.515310726532594243e-02
9.621593438546571786e-02
9.312812080133150983e-02
9.517316060721514592e-02
9.062105199831557711e-02
9.374937333306584963e-02
9.308199811498597820e-02
9.592516092806882555e-02
9.144323901578171876e-02
9.447129364108562688e-02
9.054083863075787497e-02
9.086169210098865578e-02
9.314777307638286152e-02
9.563438747067193324e-02
9.059097198548203556e-02
9.400004010668379373e-02
9.046062526320018671e-02
9.078147873343096752e-02
9.094190546854635793e-02
9.142318567389251527e-02
8.973870495518093682e-02
9.005955842541171763e-02
9.038041189564248457e-02
9.070126536587326538e-02
9.084163875909910535e-02
8.733230392844955337e-02
8.544728979084328935e-02
8.997934505785401549e-02
9.030019852808497671e-02
9.062105199831557711e-02
9.074137204965219972e-02
8.611907674413944724e-02
8.973870495518093682e-02
8.769326408245980975e-02
9.021998516052710804e-02
9.054083863075787497e-02
9.086169210098865578e-02
8.630958349208890656e-02
8.554755650029090275e-02
8.871598451881956837e-02
8.632963683397829047e-02
9.013977179296940589e-02
9.078147873343096752e-02
8.650009024003854630e-02
8.573806324824018166e-02
8.497603625644216396e-02
9.005955842541171763e-02
9.038041189564248457e-02
9.044057192131062239e-02
8.669059698798818603e-02
8.592856999618980751e-02
8.516654300439162328e-02
8.667054364609862172e-02
8.840515771953401380e-02
8.764313072773582958e-02
8.688110373593763147e-02
8.611907674413944724e-02
8.535704975234126302e-02
8.551747648745647301e-02
8.621934345358651941e-02
8.783363747568528890e-02
8.707161048388727120e-02
8.630958349208890656e-02
8.554755650029090275e-02
8.497603625644216396e-02
8.632963683397829047e-02
8.802414422363491475e-02
8.726211723183655011e-02
8.650009024003854630e-02
8.573806324824018166e-02
8.497603625644216396e-02
8.605891671847130941e-02
8.497603625644216396e-02
8.497603625644216396e-02
8.669059698798818603e-02
8.592856999618980751e-02
8.516654300439162328e-02
8.497603625644216396e-02
8.497603625644216396e-02
8.497603625644216396e-02
8.497603625644216396e-02
8.611907674413944724e-02
8.535704975234126302e-02
8.497603625644216396e-02
8.497603625644216396e-02
8.497603625644216396e-02
8.497603625644216396e-02
8.630958349208890656e-02
8.554755650029090275e-02
8.497603625644216396e-02
8.497603625644216396e-02
8.497603625644216396e-02
8.726211723183655011e-02
8.497603625644216396e-02
