8.318666049096803405e-01
7.298100972672532105e-01
6.771653543307086798e-01
6.306160259379341992e-01
5.988883742473367633e-01
5.648818897637792880e-01
5.646132468735526322e-01
5.182955071792495483e-01
5.465493283927744805e-01
4.891153311718387520e-01
5.363594256600276999e-01
4.511347846225103320e-01
4.585456229735989653e-01
4.273552570634551739e-01
4.437239462714220317e-01
3.946641963872162262e-01
4.168596572487262564e-01
3.906901343214450595e-01
3.960166743862899574e-01
3.740157480314958427e-01
3.719314497452523294e-01
3.527095877721168060e-01
3.529411764705880916e-01
3.349513663733208468e-01
3.205187586845762993e-01
3.165817508105605027e-01
3.126447429365447062e-01
3.124131542380732540e-01
3.043075497915702088e-01
2.913385826771655029e-01
3.043075497915702088e-01
2.860120426123205495e-01
2.621584066697545401e-01
2.670217693376563672e-01
2.621584066697545401e-01
2.709587772116721638e-01
2.515053265400648552e-01
2.545159796201945657e-01
2.515053265400648552e-01
2.484946734599350893e-01
2.348309402501158050e-01
2.438628994905048808e-01
2.348309402501158050e-01
2.378786475220009133e-01
2.348309402501158050e-01
2.339045854562297744e-01
2.348309402501158050e-01
2.308939323761001750e-01
2.306623436776283897e-01
2.299675775822138113e-01
2.306623436776283897e-01
2.197776748494672250e-01
2.292728114867993994e-01
2.181565539601667825e-01
2.292728114867993994e-01
2.185734136174155295e-01
2.158406669754515950e-01
2.169986104678091055e-01
2.223251505326538646e-01
2.153774895785084964e-01
2.088930060213060602e-01
2.123668364983789247e-01
2.088930060213060602e-01
2.031032885595182025e-01
2.088930060213060602e-01
1.993978693839738858e-01
2.088930060213060602e-01
2.014821676702175934e-01
2.047244094488188115e-01
1.959240389069011878e-01
2.014821676702175934e-01
1.889763779527558196e-01
2.014821676702175934e-01
1.848077813802684044e-01
2.014821676702175934e-01
1.890412227883278562e-01
2.014821676702175934e-01
1.850393700787402174e-01
2.014821676702175934e-01
1.834182491894394418e-01
1.861973135710977001e-01
1.755442334414080152e-01
1.861973135710977001e-01
1.725335803612784435e-01
1.861973135710977001e-01
1.690597498842055790e-01
1.653543307086614289e-01
1.676702176933766164e-01
1.653543307086614289e-01
1.658175081056043609e-01
1.653543307086614289e-01
1.618805002315885921e-01
1.653543307086614289e-01
1.646595646132466839e-01
1.653543307086614289e-01
1.618805002315885921e-01
1.653543307086614289e-01
1.547012505789715775e-01
1.653543307086614289e-01
1.588698471514589927e-01
1.417322834645668717e-01
1.535433070866142335e-01
1.259842519685038797e-01
1.456692913385828347e-01
1.417322834645668717e-01
1.509958314034275939e-01
1.259842519685038797e-01
1.456692913385828347e-01
1.259842519685038797e-01
1.433534043538676472e-01
1.259842519685038797e-01
1.433534043538676472e-01
1.259842519685038797e-01
1.396850393700786730e-01
1.259842519685038797e-01
1.428902269569245487e-01
1.259842519685038797e-01
1.377952755905512416e-01
1.259842519685038797e-01
1.259842519685038797e-01
1.259842519685038797e-01
1.259842519685038797e-01
1.259842519685038797e-01
1.259842519685038797e-01
1.259842519685038797e-01
1.259842519685038797e-01
1.259842519685038797e-01
1.208893006021305866e-01
1.259842519685038797e-01
1.204261232051874880e-01
1.204261232051874880e-01
1.208893006021305866e-01
1.259842519685038797e-01
1.208893006021305866e-01
1.157943492357572934e-01
1.208893006021305866e-01
1.157943492357572934e-01
1.208893006021305866e-01
1.157943492357572934e-01
1.181102362204724809e-01
1.157943492357572934e-01
1.208893006021305866e-01
1.157943492357572934e-01
1.204261232051874880e-01
1.157943492357572934e-01
1.162575266327003920e-01
1.157943492357572934e-01
1.181102362204724809e-01
1.157943492357572934e-01
1.157943492357572934e-01
1.157943492357572934e-01
1.157943492357572934e-01
1.157943492357572934e-01
1.157943492357572934e-01
1.157943492357572934e-01
1.153311718388141949e-01
1.157943492357572934e-01
1.144326076887445115e-01
1.111625752663270988e-01
1.153311718388141949e-01
1.157943492357572934e-01
1.153311718388141949e-01
1.157943492357572934e-01
1.130152848540990213e-01
1.157943492357572934e-01
1.130152848540990213e-01
1.157943492357572934e-01
1.130152848540990213e-01
1.111625752663270988e-01
1.106993978693840003e-01
1.111625752663270988e-01
1.130152848540990213e-01
1.102362204724410683e-01
1.106993978693840003e-01
1.102362204724410683e-01
1.125521074571560753e-01
1.102362204724410683e-01
1.102362204724410683e-01
1.102362204724410683e-01
1.106993978693840003e-01
1.102362204724410683e-01
1.102362204724410683e-01
1.102362204724410683e-01
1.102362204724410683e-01
1.102362204724410683e-01
1.102362204724410683e-01
1.102362204724410683e-01
1.102362204724410683e-01
1.102362204724410683e-01
1.102362204724410683e-01
1.102362204724410683e-01
1.102362204724410683e-01
1.102362204724410683e-01
1.046780917091245100e-01
1.102362204724410683e-01
1.072255673923113162e-01
1.102362204724410683e-01
9.981472904122283551e-02
1.102362204724410683e-01
1.049096804075961425e-01
1.102362204724410683e-01
1.037054191755441002e-01
1.102362204724410683e-01
1.025937934228811216e-01
1.102362204724410683e-01
9.726725335803619588e-02
1.102362204724410683e-01
9.726725335803619588e-02
1.102362204724410683e-01
9.958314034275136950e-02
1.102362204724410683e-01
9.680407596109309731e-02
1.102362204724410683e-01
9.680407596109309731e-02
1.102362204724410683e-01
9.726725335803619588e-02
1.102362204724410683e-01
9.680407596109309731e-02
1.102362204724410683e-01
9.680407596109309731e-02
9.402501157943497778e-02
9.680407596109309731e-02
1.102362204724410683e-01
9.680407596109309731e-02
8.337193144974527903e-02
9.680407596109309731e-02
9.402501157943497778e-02
9.680407596109309731e-02
9.958314034275136950e-02
9.680407596109309731e-02
8.337193144974527903e-02
9.680407596109309731e-02
1.102362204724410683e-01
9.425660027790644380e-02
8.337193144974527903e-02
9.680407596109309731e-02
8.337193144974527903e-02
9.680407596109309731e-02
8.337193144974527903e-02
9.263547938860583475e-02
8.337193144974527903e-02
9.101435849930522570e-02
8.337193144974527903e-02
8.652153774895746108e-02
8.337193144974527903e-02
8.962482630847624920e-02
8.337193144974527903e-02
9.240389069013420220e-02
8.337193144974527903e-02
8.615099583140339856e-02
8.337193144974527903e-02
8.684576192681812967e-02
8.337193144974527903e-02
8.337193144974527903e-02
8.337193144974527903e-02
9.217230199166290272e-02
8.337193144974527903e-02
8.337193144974527903e-02
8.337193144974527903e-02
8.337193144974527903e-02
8.337193144974527903e-02
8.615099583140339856e-02
8.337193144974527903e-02
8.337193144974527903e-02
8.337193144974527903e-02
8.337193144974527903e-02
8.337193144974527903e-02
8.337193144974527903e-02
8.337193144974527903e-02
8.337193144974527903e-02
8.337193144974527903e-02
8.337193144974527903e-02
8.337193144974527903e-02
8.337193144974527903e-02
8.337193144974527903e-02
8.337193144974527903e-02
8.337193144974527903e-02
8.337193144974527903e-02
8.337193144974527903e-02
8.337193144974527903e-02
8.337193144974527903e-02
8.337193144974527903e-02
8.337193144974527903e-02
8.337193144974527903e-02
8.337193144974527903e-02
7.874015748031493178e-02
8.337193144974527903e-02
8.337193144974527903e-02
8.337193144974527903e-02
8.337193144974527903e-02
8.337193144974527903e-02
8.337193144974527903e-02
8.337193144974527903e-02
7.619268179712827826e-02
8.337193144974527903e-02
8.082445576655863939e-02
8.337193144974527903e-02
8.082445576655863939e-02
8.337193144974527903e-02
7.874015748031493178e-02
8.337193144974527903e-02
7.619268179712827826e-02
8.337193144974527903e-02
7.874015748031493178e-02
8.337193144974527903e-02
8.082445576655863939e-02
7.827698008337198587e-02
7.619268179712827826e-02
7.410838351088473719e-02
7.619268179712827826e-02
7.827698008337198587e-02
7.619268179712827826e-02
8.337193144974527903e-02
7.619268179712827826e-02
7.909217230199097615e-02
7.619268179712827826e-02
7.827698008337198587e-02
7.619268179712827826e-02
6.901343214451144403e-02
7.619268179712827826e-02
7.827698008337198587e-02
7.364520611394163863e-02
6.901343214451144403e-02
7.619268179712827826e-02
7.410838351088473719e-02
7.619268179712827826e-02
6.901343214451144403e-02
7.619268179712827826e-02
6.901343214451144403e-02
7.619268179712827826e-02
6.901343214451144403e-02
7.364520611394163863e-02
6.901343214451144403e-02
7.518295507179235948e-02
6.901343214451144403e-02
7.263547938860571984e-02
6.901343214451144403e-02
7.619268179712827826e-02
6.901343214451144403e-02
7.619268179712827826e-02
6.901343214451144403e-02
7.156090782769808367e-02
6.901343214451144403e-02
7.364520611394163863e-02
6.901343214451144403e-02
7.248726262158412814e-02
6.901343214451144403e-02
6.901343214451144403e-02
6.901343214451144403e-02
7.364520611394163863e-02
6.901343214451144403e-02
7.364520611394163863e-02
6.901343214451144403e-02
7.248726262158412814e-02
6.901343214451144403e-02
7.248726262158412814e-02
6.901343214451144403e-02
6.901343214451144403e-02
6.901343214451144403e-02
6.901343214451144403e-02
6.901343214451144403e-02
6.901343214451144403e-02
6.901343214451144403e-02
6.901343214451144403e-02
6.901343214451144403e-02
6.901343214451144403e-02
6.901343214451144403e-02
6.901343214451144403e-02
6.901343214451144403e-02
6.901343214451144403e-02
6.901343214451144403e-02
6.901343214451144403e-02
6.901343214451144403e-02
6.901343214451144403e-02
6.901343214451144403e-02
6.901343214451144403e-02
6.901343214451144403e-02
6.901343214451144403e-02
6.901343214451144403e-02
6.901343214451144403e-02
6.901343214451144403e-02
6.901343214451144403e-02
6.901343214451144403e-02
6.901343214451144403e-02
6.901343214451144403e-02
6.901343214451144403e-02
6.901343214451144403e-02
6.901343214451144403e-02
6.901343214451144403e-02
6.901343214451144403e-02
6.901343214451144403e-02
6.901343214451144403e-02
6.901343214451144403e-02
6.901343214451144403e-02
6.901343214451144403e-02
