1.145039646821825130e+00
1.055779863700655685e+00
1.090266169474090274e+00
9.732081779606530647e-01
8.845004500450045493e-01
8.296258197248294053e-01
7.809352363807809949e-01
7.573151600874372669e-01
7.453705370537052621e-01
7.712056919977711145e-01
6.994042261368995650e-01
6.620290600488620836e-01
6.340062577686339518e-01
6.307916505936308482e-01
6.193476490506194532e-01
5.972740131155972465e-01
6.069178346406068902e-01
5.719000471475719216e-01
5.500098581286699817e-01
5.439543954395439362e-01
5.262097638335262451e-01
5.357678625005357631e-01
5.021970768505421567e-01
5.007672195791006420e-01
4.917337448030515978e-01
4.894346577514894214e-01
4.569028331404569321e-01
4.592824996785388469e-01
4.510308173674510424e-01
4.486734387724487516e-01
4.377437743774377776e-01
4.303287471604301251e-01
4.226942694269426593e-01
4.101410141014102950e-01
4.317894646607517428e-01
4.138699584244139862e-01
4.086837255154086024e-01
4.139556812824138898e-01
4.054262569114054360e-01
3.951395139513950161e-01
3.993827954223995724e-01
4.050405040504051479e-01
4.027259868844027535e-01
3.809952423813809941e-01
3.770519909133770442e-01
3.845527409883846559e-01
3.953966825253955597e-01
3.885388538853886686e-01
3.592216364493593384e-01
3.743088594573742989e-01
3.588787450173588356e-01
3.646050319317645783e-01
3.767519609103769374e-01
3.512922720843512647e-01
3.526209763833525468e-01
3.473918820453473222e-01
3.491063392053492254e-01
3.454202563113453750e-01
3.401911619733401504e-01
3.426771248553427407e-01
3.242038489563243142e-01
3.195319531953194625e-01
3.143457202863145783e-01
3.294758047233294351e-01
3.244027259868845214e-01
3.078307830783078014e-01
3.156744245853158604e-01
3.091594873773090835e-01
3.080879516523082340e-01
3.199177060563196950e-01
3.081308130813081858e-01
3.064592173503064010e-01
3.012935579272209563e-01
2.962153358192962660e-01
2.847284728472846971e-01
2.858428700012858870e-01
2.805280528052807587e-01
2.768419699112769083e-01
2.831854614032831008e-01
2.804851913762802518e-01
2.785564270712784229e-01
2.736702241652735346e-01
2.728129955852727773e-01
2.627834211992626789e-01
2.633834812052633922e-01
2.551112254082552044e-01
2.625262526252624684e-01
2.633406197762632739e-01
2.632977583472631555e-01
2.611118254682611162e-01
2.313728515708712297e-01
2.494535167802495734e-01
2.504821910762503046e-01
2.518537568042519270e-01
2.526252625262526141e-01
2.542539968282542251e-01
2.625262526252624684e-01
2.317946080322317859e-01
2.346234623462344904e-01
2.378380695212378160e-01
2.448244824482448956e-01
2.518108953752515866e-01
2.573400197162573622e-01
2.257082851142256097e-01
2.275941879902276532e-01
2.265655136942265613e-01
2.359521666452359390e-01
2.228794308002229052e-01
2.212506964982212387e-01
2.247653336762247545e-01
2.215935879302215472e-01
2.205220522052206977e-01
2.331233123312330680e-01
2.228794308002229052e-01
2.182932578972181514e-01
2.175217521752174643e-01
2.175217521752174643e-01
2.175217521752174643e-01
2.165359393082164907e-01
2.127212721272126184e-01
2.140928378552142131e-01
1.971625734001971608e-01
2.093352192362093189e-01
2.119926278342118831e-01
2.073258754446870022e-01
2.121212121212120716e-01
1.982341091251982046e-01
1.984912776991984151e-01
2.043632934722043326e-01
2.028631434572028824e-01
2.025202520252024074e-01
1.995199519951995348e-01
2.028322832283221688e-01
1.975911876901975395e-01
1.979340791221978479e-01
1.994770905661993887e-01
1.980198019801981124e-01
1.971625734001971608e-01
1.986627234151987775e-01
1.978054948351978259e-01
1.975483262611975876e-01
1.971625734001971608e-01
1.967339591101967822e-01
1.910762504821911512e-01
1.951052248081951435e-01
1.969911276841969927e-01
1.971625734001971608e-01
1.954481162401954242e-01
1.937336590801937153e-01
1.919969139771115219e-01
1.948480562341949052e-01
1.912648407697912500e-01
1.971197119711972090e-01
1.958767305301958306e-01
1.941622733701940939e-01
1.888474561741887991e-01
1.945908876601944726e-01
1.956195619561955923e-01
1.932193219321932665e-01
1.920192019201918121e-01
1.897046847541895565e-01
1.890189018901889395e-01
1.943337190861942620e-01
1.907333590501906762e-01
1.907333590501906762e-01
1.895332390381894161e-01
1.813038446701813189e-01
1.891903476061891076e-01
1.851613732801851431e-01
1.819896275341819358e-01
1.907333590501906762e-01
1.907333590501906762e-01
1.871758604431872086e-01
1.893617933221892480e-01
1.855899875701855217e-01
1.858042947151858082e-01
1.873044447301872306e-01
1.814324289571815352e-01
1.846898975611846183e-01
1.800180018001799886e-01
1.860186018601859004e-01
1.843041447001841915e-01
1.771891474861770899e-01
1.794179417941794696e-01
1.867043847241865173e-01
1.811752603831811026e-01
1.864472161501862790e-01
1.779606532081779713e-01
1.764176417641764028e-01
1.804037546611804432e-01
1.800180018001799886e-01
1.800180018001799886e-01
1.672452959581670895e-01
1.738459560241737423e-01
1.759033046161757596e-01
1.779606532081779713e-01
1.800180018001799886e-01
1.800180018001799886e-01
1.660451759461660237e-01
1.677596331061677604e-01
1.725601131541726063e-01
1.735887874501733097e-01
1.797179717971798263e-01
1.698529852985287414e-01
1.630448759161629846e-01
1.668166816681667108e-01
1.748746303201748342e-01
1.769319789121768516e-01
1.789893275041788967e-01
1.588444558741586854e-01
1.621019244781621571e-01
1.684454159701683496e-01
1.743602931721743854e-01
1.710171017101710378e-01
1.761604731901763587e-01
1.584587030131582308e-01
1.611589730401611076e-01
1.649307787921648616e-01
1.687025845441687821e-01
1.598731301701597773e-01
1.581586730101580685e-01
1.564442158501563596e-01
1.602160216021602801e-01
1.639878273541640064e-01
1.577300587201578841e-01
1.645878873601645531e-01
1.585872873001584471e-01
1.568728301401567382e-01
1.592730701641590640e-01
1.630448759161629846e-01
1.668166816681667108e-01
1.628734302001628442e-01
1.674167416741674519e-01
1.564442158501563596e-01
1.583301187261582088e-01
1.591873473061591604e-01
1.564442158501563596e-01
1.572157215721574075e-01
1.564442158501563596e-01
1.564442158501563596e-01
1.555441258411554561e-01
1.611589730401611076e-01
1.564442158501563596e-01
1.594445158801595930e-01
1.564442158501563596e-01
1.564442158501563596e-01
1.564442158501563596e-01
1.528438558141527737e-01
1.564442158501563596e-01
1.564442158501563596e-01
1.564442158501563596e-01
1.564442158501563596e-01
1.561013244181560511e-01
1.509150915091509448e-01
1.512579829411510590e-01
1.421713599931422323e-01
1.564442158501563596e-01
1.518151815181516540e-01
1.549012044061547910e-01
1.527581329561526757e-01
1.453859671681451693e-01
1.476576229051476674e-01
1.564442158501563596e-01
1.564442158501563596e-01
1.541296986841541039e-01
1.546011744031546009e-01
1.472290086151470945e-01
1.467146714671466456e-01
1.564442158501563596e-01
1.564442158501563596e-01
1.533581929621534168e-01
1.564442158501563596e-01
1.490720500621488254e-01
1.421284985641420862e-01
1.398997042561395399e-01
1.564442158501563596e-01
1.525866872401525354e-01
1.556727101281556724e-01
1.509150915091509448e-01
1.435429257211434384e-01
1.560156015601557866e-01
1.487291586301487112e-01
1.518151815181516540e-01
1.549012044061547910e-01
1.527581329561526757e-01
1.453859671681451693e-01
1.358707299301359361e-01
1.479576529081478575e-01
1.510436757961509668e-01
1.541296986841541039e-01
1.546011744031546009e-01
1.377994942351379593e-01
1.398568428271397823e-01
1.232266083751230729e-01
1.223693797951221213e-01
1.533581929621534168e-01
1.371565728001370998e-01
1.490720500621488254e-01
1.285842870001284999e-01
1.242981441001241305e-01
1.238695298101237380e-01
1.198319831983187672e-01
1.548583429771548392e-01
1.509150915091505840e-01
1.362564827911361964e-01
1.253696798251253686e-01
1.210835369251209853e-01
1.193690797651192625e-01
1.535296386781535571e-01
1.350135013501349845e-01
1.307273584501306152e-01
1.264412155501264123e-01
1.221550726501220291e-01
1.223693797951223156e-01
1.128112811281127559e-01
1.360850370751360283e-01
1.317988941751316589e-01
1.275127512751274561e-01
1.232266083751230729e-01
1.223693797951221213e-01
1.001671595730998926e-01
1.371565728001370998e-01
1.328704299001327027e-01
1.285842870001284999e-01
1.242981441001241305e-01
1.138399554241138617e-01
1.024388153101021964e-01
9.335219236209335580e-02
1.339419656251337465e-01
1.296558227251295714e-01
1.253696798251253686e-01
1.210835369251209853e-01
1.021387853071022145e-01
9.476661951909470805e-02
1.332990441901334699e-01
1.307273584501306152e-01
1.264412155501264123e-01
1.113539925421112714e-01
1.039818267541039593e-01
9.660966096609643894e-02
9.185204234709172522e-02
1.275127512751272618e-01
1.275127512751274561e-01
1.163139171059951460e-01
1.058248682011058844e-01
9.845270241309816983e-02
9.108053662509103809e-02
1.328704299001327027e-01
1.285842870001284999e-01
1.153829668681152359e-01
1.126826968411127478e-01
1.002957438601000950e-01
9.292357807209278286e-02
9.339505379109348804e-02
1.242552826711241787e-01
1.168831168831168665e-01
1.095109510951093462e-01
1.021387853071022145e-01
9.476661951909470805e-02
9.262354806909260663e-02
9.108053662509103809e-02
1.187261583301187917e-01
1.113539925421112714e-01
1.039818267541039593e-01
9.660966096609643894e-02
9.108053662509103809e-02
9.108053662509103809e-02
9.802408812309798547e-02
1.131970339891130162e-01
1.058248682011058844e-01
9.845270241309816983e-02
9.108053662509103809e-02
9.108053662509103809e-02
9.108053662509103809e-02
9.108053662509103809e-02
1.076679096481076153e-01
1.002957438601000950e-01
9.292357807209278286e-02
9.108053662509103809e-02
9.108053662509103809e-02
1.168831168831168665e-01
1.095109510951093462e-01
1.021387853071022145e-01
9.476661951909470805e-02
9.108053662509103809e-02
9.108053662509103809e-02
9.108053662509103809e-02
9.935279242209926753e-02
1.039818267541039593e-01
9.660966096609643894e-02
9.108053662509103809e-02
9.108053662509103809e-02
9.108053662509103809e-02
9.108053662509103809e-02
9.125198234109119233e-02
