1.143066759066758697e+00
1.042069762069761651e+00
9.614044814044815368e-01
9.335643335643334373e-01
8.501492261492260560e-01
7.875610995610995424e-01
7.546777546777546641e-01
7.409230769230770175e-01
7.350870870870871432e-01
6.772002772002773119e-01
6.424578424578424318e-01
6.093786093786093261e-01
5.915657195657194611e-01
5.834603834603833139e-01
5.775929775929775634e-01
5.567567567567566211e-01
5.106583506583505239e-01
4.998844998845000664e-01
4.849618849618849148e-01
4.804342804342803808e-01
4.395472395472394544e-01
4.215754215754215495e-01
4.407484407484407729e-01
4.218526218526216787e-01
4.147840147840147762e-01
3.990593670593669540e-01
3.892353892353892508e-01
3.950565950565949613e-01
3.880341880341880989e-01
3.807974127974126932e-01
3.783321783321783593e-01
3.684453684453685152e-01
3.592977592977592560e-01
3.669207669207669720e-01
3.653499653499653332e-01
3.419727419727418560e-01
3.358743358743358498e-01
3.332409332409332903e-01
3.389235389235389362e-01
3.492723492723491807e-01
3.269115269115267508e-01
3.042273042273043737e-01
2.975578655578653420e-01
3.089397089397090124e-01
3.084222684222683863e-01
3.044121044121043673e-01
2.598752598752598897e-01
2.725340725340724135e-01
2.832986832986831849e-01
2.842226842226842076e-01
2.827904827904828555e-01
2.765072765072765226e-01
2.549780549780549244e-01
2.589771309771314312e-01
2.573804573804571727e-01
2.621852621852622800e-01
2.614922614922613464e-01
2.496188496188497252e-01
2.518364518364519244e-01
2.373296373296372719e-01
2.455994455994457426e-01
2.527142527142529072e-01
2.411180411180411376e-01
2.486486486486485792e-01
2.400295680295680412e-01
2.262878262878263158e-01
2.294201894201894354e-01
2.325710325710325099e-01
2.370524370524370039e-01
2.248556248556248249e-01
2.241164241164240734e-01
2.217602217602216708e-01
2.234234234234234451e-01
2.230076230076229737e-01
2.251328251328251762e-01
2.239778239778240365e-01
2.210672210672210425e-01
2.225456225456223514e-01
2.198198198198197395e-01
2.172326172326171090e-01
2.146454146454147283e-01
2.106722106722107579e-01
2.192654192654192313e-01
2.176484176484176913e-01
2.166320166320165885e-01
2.133056133056133175e-01
2.111342111342111860e-01
2.092400092400090728e-01
2.091476091476092147e-01
2.016170016170015789e-01
2.130746130746132283e-01
2.122892122892122979e-01
2.080850080850080441e-01
2.082236082236082753e-01
2.039732039732038982e-01
2.033726033726034610e-01
2.159852159852160003e-01
2.030492030492029587e-01
2.081774081774082352e-01
2.032802032802033809e-01
2.022638022638022504e-01
1.995841995841996785e-01
1.994917994917993764e-01
2.051744051744050501e-01
1.963501963501963765e-01
2.026334026334026817e-01
2.009702009702009073e-01
1.985677985677986590e-01
1.963501963501963765e-01
2.063294063294060787e-01
1.963501963501963765e-01
1.951951951951952646e-01
1.958881958881959762e-01
1.981057981057982587e-01
1.950565950565950335e-01
1.949179949179951077e-01
1.952321552321553133e-01
1.951951951951952646e-01
1.907599907599908939e-01
1.930237930237930222e-01
1.950103950103949935e-01
1.951951951951952646e-01
1.951951951951952646e-01
1.951951951951952646e-01
1.903903903903903516e-01
1.911757911757911710e-01
1.933471933471934967e-01
1.934857934857936168e-01
1.912219912219912943e-01
1.866019866019866802e-01
1.859551859551860087e-01
1.859551859551860087e-01
1.868791868791870314e-01
1.893869253869254199e-01
1.866019866019866802e-01
1.862323862323862489e-01
1.864171864171865201e-01
1.861510741510740974e-01
1.893739893739894431e-01
1.859551859551860087e-01
1.836913836913838804e-01
1.861861861861862089e-01
1.863709863709864800e-01
1.817509817509818382e-01
1.859551859551860087e-01
1.823053823053824574e-01
1.859551859551860087e-01
1.793485793485795066e-01
1.863247863247864400e-01
1.810579810579810434e-01
1.838595518595515510e-01
1.836451836451837294e-01
1.785169785169786749e-01
1.790251790251791153e-01
1.778701778701779757e-01
1.805035805035804242e-01
1.813351813351812836e-01
1.817509817509817549e-01
1.793485793485795066e-01
1.803631323631322558e-01
1.840147840147840774e-01
1.746361746361747014e-01
1.763455763455763214e-01
1.768999768999769129e-01
1.798105798105799069e-01
1.822129822129823773e-01
1.704781704781703766e-01
1.704781704781703766e-01
1.762069762069763124e-01
1.767613767613769038e-01
1.750981750981752127e-01
1.778701778701779757e-01
1.696465696465696560e-01
1.729729729729730103e-01
1.718641718641718275e-01
1.766227766227767837e-01
1.727881727881729612e-01
1.674289674289673735e-01
1.688149688149689076e-01
1.695541695541695482e-01
1.714021714021713994e-01
1.677061677061679190e-01
1.682605682605682051e-01
1.726957726957728811e-01
1.672441672441672966e-01
1.690921690921691478e-01
1.709401709401709990e-01
1.666897666897668162e-01
1.685839685839684854e-01
1.672903672903672256e-01
1.667821667821666742e-01
1.633171633171631998e-01
1.704781704781703766e-01
1.663201663201662739e-01
1.689073689073688767e-01
1.653961653961653344e-01
1.663201663201662739e-01
1.681681681681681251e-01
1.663201663201662739e-01
1.663201663201662739e-01
1.663201663201662739e-01
1.663201663201662739e-01
1.660891660891660737e-01
1.663201663201662739e-01
1.663201663201662739e-01
1.663201663201662739e-01
1.663201663201662739e-01
1.629937629937628918e-01
1.658581658581659568e-01
1.663201663201662739e-01
1.583275583275581266e-01
1.476091476091476729e-01
1.663201663201662739e-01
1.624393624393624114e-01
1.646569646569645828e-01
1.639639639639639823e-01
1.545391545391543442e-01
1.502887502887502724e-01
1.656733656733659077e-01
1.618849618849619032e-01
1.641025641025641024e-01
1.663201663201662739e-01
1.568953568953566635e-01
1.529683529683528442e-01
1.491337491337488275e-01
1.613305613305614228e-01
1.635481635481635942e-01
1.639639639639638713e-01
1.592515592515593714e-01
1.430815430815431388e-01
1.379810579810573368e-01
1.607761607761607203e-01
1.604065604065604000e-01
1.616077616077616630e-01
1.616077616077616630e-01
1.489230769230764084e-01
1.392931392931394396e-01
1.394317394317392544e-01
1.234927234927235412e-01
1.646569646569645828e-01
1.506583506583507037e-01
1.434511434511434591e-01
1.401709401709400338e-01
1.329175329175327491e-01
1.553245553245554689e-01
1.568953568953570521e-01
1.663201663201662739e-01
1.471009471009471214e-01
1.380457380457380256e-01
1.308385308385308088e-01
1.235537075537077173e-01
1.524601524601525149e-01
1.085239085239083773e-01
1.470547470547472757e-01
1.398475398475398368e-01
1.326403326403327032e-01
1.182721182721181846e-01
1.148995148995150817e-01
1.524601524601525149e-01
1.488565488565488926e-01
1.416493416493416480e-01
1.344421344421346254e-01
1.194733194733194476e-01
1.123123123123123679e-01
1.524601524601525149e-01
1.505197505197505836e-01
1.434511434511434591e-01
1.312543312543312801e-01
1.218295218295216559e-01
1.126357126357125510e-01
1.029799029799028237e-01
9.355509355509361580e-02
1.452529452529450760e-01
1.336105336105336827e-01
1.241857241857240585e-01
1.147609147609148506e-01
1.053361053361052263e-01
1.524601524601525149e-01
1.422037422037424614e-01
1.398475398475398368e-01
1.250173250173252093e-01
1.171171171171170450e-01
1.096327096327097683e-01
9.891429891429880106e-02
9.355509355509361580e-02
1.383229383229382936e-01
1.288981288981290718e-01
1.194733194733194476e-01
1.100485100485102397e-01
1.006237006237006293e-01
9.410949410949411009e-02
9.632709632709648973e-02
1.312543312543312801e-01
1.218295218295216559e-01
1.124047124047124480e-01
1.029799029799028237e-01
9.355509355509361580e-02
9.355509355509361580e-02
1.325017325017324721e-01
1.241857241857240585e-01
1.147609147609148506e-01
1.053361053361052263e-01
9.410949410949431826e-02
9.355509355509361580e-02
1.349965349965349115e-01
1.148533148533151388e-01
1.171171171171170450e-01
1.074151074151073887e-01
9.466389466389460439e-02
9.355509355509361580e-02
9.355509355509361580e-02
1.275121275121276210e-01
1.074151074151073887e-01
1.067683067683068143e-01
9.521829521829530685e-02
9.355509355509361580e-02
9.355509355509361580e-02
1.216909216909218411e-01
8.403788403788432781e-02
1.066759066759067343e-01
9.577269577269580114e-02
9.355509355509361580e-02
9.355509355509361580e-02
1.325017325017324721e-01
9.466389466389439622e-02
9.632709632709629544e-02
9.632709632709648973e-02
9.410949410949431826e-02
9.355509355509361580e-02
9.355509355509361580e-02
9.355509355509361580e-02
9.909909909909916936e-02
9.688149688149698402e-02
9.466389466389460439e-02
9.355509355509361580e-02
9.355509355509361580e-02
7.207207207207193267e-02
7.550196350196186623e-02
9.743589743589747831e-02
9.521829521829530685e-02
9.355509355509361580e-02
6.029106029106053033e-02
7.387387387387384097e-02
7.193347193347211788e-02
7.914067914067915432e-02
9.577269577269580114e-02
9.355509355509361580e-02
5.793485793485812080e-02
6.292446292446297884e-02
7.558327558327587736e-02
7.733887733887744032e-02
8.454608454608487922e-02
9.175329175329191567e-02
9.355509355509361580e-02
6.500346500346512735e-02
6.832986832986830128e-02
7.553707553707574018e-02
8.274428274428276275e-02
9.129129129129108511e-02
5.211365211365211886e-02
5.932085932085935653e-02
6.652806652806637910e-02
7.373527373527383189e-02
8.094248094248085446e-02
8.814968814968829336e-02
5.086625086625090608e-02
6.029106029106053033e-02
6.472626472626467897e-02
7.193347193347211788e-02
7.914067914067915432e-02
9.286209286209269609e-02
4.851004851004850349e-02
5.571725571725594239e-02
6.292446292446297884e-02
7.013167013167041774e-02
7.650727650727649765e-02
5.357357357356899025e-02
4.851004851004850349e-02
5.391545391545403410e-02
6.112266112266126483e-02
6.832986832986830128e-02
7.461307461307470357e-02
4.851004851004850349e-02
4.851004851004850349e-02
5.211365211365211886e-02
5.932085932085935653e-02
6.652806652806637910e-02
7.373527373527383189e-02
4.851004851004850349e-02
4.851004851004850349e-02
5.031185031185021056e-02
5.751905751905764946e-02
6.472626472626467897e-02
6.896188496188504491e-02
4.851004851004850349e-02
