5.525613959500215167e-01
5.435114174924602359e-01
5.544515295131409172e-01
5.140103403705299501e-01
4.778685911245152407e-01
4.576798793623437223e-01
4.361805256355020810e-01
4.344614390348987554e-01
4.398858250753987509e-01
4.413196897888841397e-01
4.130383455407152238e-01
3.932744506678154672e-01
3.790930633347691647e-01
3.754778112882378172e-01
3.979370960792762424e-01
3.814304179233089509e-01
3.600280051701852391e-01
3.464657475226196048e-01
3.357927617406291643e-01
3.310827229642394620e-01
3.346294700560102919e-01
3.379470056010340229e-01
3.284834123222747371e-01
3.121068504954762068e-01
3.023588970271434140e-01
2.923093494183541807e-01
2.948082722964239233e-01
2.776066350710897912e-01
2.910598879793190319e-01
2.805329599310639188e-01
2.733520034467902815e-01
2.691512279190003687e-01
2.684722102542007049e-01
2.475872468763462841e-01
2.475657044377422844e-01
2.497578629900903124e-01
2.488690219732875297e-01
2.434618698836707729e-01
2.357065919862128545e-01
2.277358897027141893e-01
2.411891426109434300e-01
2.413464024127529584e-01
2.362990090478241934e-01
2.285221887117619144e-01
2.243860404997847502e-01
2.198871176217148393e-01
2.218871176217148689e-01
2.131805256355019107e-01
2.167384747953468582e-01
2.190758293838862003e-01
2.135579491598446344e-01
2.097694959069368592e-01
2.044161999138302821e-01
2.041253769926757167e-01
2.085631193451098209e-01
2.052240413614820069e-01
2.024989228780697259e-01
2.038453252908227487e-01
2.025204653166738922e-01
1.951637225333907599e-01
1.983304610081861874e-01
1.971133132270573296e-01
1.932895303748382032e-01
1.997307195174494177e-01
1.851895734597155119e-01
1.917600172339509468e-01
1.828953037483845856e-01
1.888948728996122928e-01
1.874192158552348553e-01
1.914368806548902013e-01
1.824644549763034251e-01
1.801486428263680828e-01
1.809564842740198076e-01
1.839077983627746549e-01
1.814519603619129395e-01
1.838323998276606697e-01
1.797975010771215854e-01
1.801809564842740963e-01
1.802455838000862898e-01
1.801486428263680828e-01
1.733843171046962894e-01
1.766953899181381571e-01
1.781021111589833339e-01
1.786622145626886593e-01
1.767126238690218953e-01
1.748168892718655332e-01
1.699159844894442828e-01
1.754093063334770386e-01
1.742244722102541943e-01
1.753015941404572342e-01
1.755277897457992453e-01
1.730396380870315165e-01
1.724256785868160113e-01
1.696574752261955366e-01
1.682895303748382920e-01
1.685803532959930517e-01
1.761094355881085705e-01
1.744722102542007602e-01
1.666199913830246626e-01
1.696359327875917034e-01
1.628285221887117162e-01
1.645303748384315257e-01
1.609651012494609512e-01
1.615359758724688455e-01
1.611805256355015314e-01
1.608466178371391331e-01
1.591447651874191294e-01
1.614174924601466665e-01
1.623222748815165706e-01
1.610620422231797133e-01
1.607604480827229398e-01
1.566372253339077536e-01
1.554610081861267645e-01
1.620099095217578111e-01
1.603726841878498066e-01
1.590478242137007558e-01
1.591447651874191294e-01
1.524502369668242485e-01
1.521973287376131301e-01
1.567781128823782233e-01
1.572490305902627672e-01
1.591447651874191294e-01
1.576798793623437056e-01
1.449052132701421913e-01
1.507001292546317206e-01
1.527897457992244690e-01
1.565489013356312353e-01
1.580676432572168666e-01
1.580461008186124783e-01
1.432464454976301871e-01
1.470271434726409532e-01
1.491361482119773763e-01
1.526820336062042760e-01
1.567750969409736073e-01
1.400581645842307599e-01
1.417815596725551519e-01
1.422339508832398958e-01
1.466716932356743885e-01
1.431279620853080081e-01
1.529943989659626746e-01
1.359435588108570403e-01
1.383024558380007707e-01
1.410383455407150377e-01
1.436665230504097224e-01
1.467147781128825823e-01
1.370637656182679132e-01
1.370637656182679132e-01
1.391318397242568561e-01
1.400581645842311485e-01
1.393472641102978249e-01
1.361296854803970002e-01
1.317858681602755155e-01
1.368698836708315270e-01
1.302455838000859123e-01
1.371930202498922724e-01
1.400366221456267601e-01
1.315704437742353239e-01
1.325613959500218098e-01
1.299978457561391521e-01
1.296316242998694357e-01
1.279082292115467645e-01
1.290392072382588462e-01
1.319366652305040966e-01
1.291146057733734143e-01
1.335631193451100873e-01
1.279082292115467645e-01
1.284467901766484788e-01
1.279082292115467645e-01
1.276389487289967539e-01
1.292869452822058007e-01
1.285975872468764769e-01
1.230611805256355273e-01
1.279728565273589580e-01
1.279082292115467645e-01
1.253877638948730500e-01
1.294592847910381872e-01
1.287699267557086691e-01
1.279728565273589580e-01
1.262925463162431483e-01
1.279082292115467645e-01
1.251938819474364695e-01
1.296316242998707680e-01
1.252585092632484687e-01
1.237936234381730449e-01
1.235997414907374359e-01
1.242244722102541915e-01
1.250000000000000833e-01
1.245906936665231446e-01
1.234713485566561880e-01
1.241598448944421923e-01
1.232550624730718997e-01
1.240305902628178053e-01
1.248061180525637109e-01
1.242890995260665793e-01
1.259909521757861806e-01
1.230611805256355273e-01
1.230611805256355273e-01
1.228672985781991411e-01
1.230611805256355273e-01
1.230611805256355273e-01
1.230611805256355273e-01
1.230611805256355273e-01
1.233196897888840932e-01
1.236428263679448525e-01
1.163076260232657200e-01
1.185506247307193256e-01
1.230611805256355273e-01
1.230611805256355273e-01
1.235781990521326729e-01
1.230611805256355273e-01
1.127854373115031450e-01
1.230611805256355273e-01
1.230611805256355273e-01
1.223071951744938157e-01
1.238367083153814330e-01
1.211546747091761800e-01
1.136363636363620921e-01
1.117621714778104791e-01
1.049116760017222844e-01
1.221994829814736228e-01
1.226303317535545750e-01
1.230611805256355273e-01
1.154351572598019959e-01
1.078091339939684784e-01
1.216609220163724775e-01
1.220917707884534298e-01
1.225226195605343821e-01
1.223825937096079952e-01
1.173416630762599971e-01
1.091339939681173349e-01
1.072167169323567648e-01
1.219840585954330425e-01
1.224149073675141891e-01
1.217040068935806713e-01
1.192481688927179984e-01
1.116221456268844808e-01
1.078737613097800890e-01
9.921370099095210005e-02
1.203683757001294263e-01
1.205407152089616185e-01
1.187634640241268524e-01
1.119603619129675015e-01
1.041792330891851415e-01
1.013787160706586671e-01
1.221994829814736228e-01
1.226303317535545750e-01
1.230611805256355273e-01
1.131732012063768611e-01
1.059780267126231440e-01
9.878285221887056489e-02
9.684403274450580079e-02
1.203683757001294263e-01
1.222210254200778168e-01
1.155536406721239945e-01
1.077768203360620902e-01
1.005816458423095250e-01
9.704868591124533872e-02
8.649719948298026373e-02
1.203683757001294263e-01
1.162537699267553321e-01
1.095756139594998985e-01
1.023804394657473332e-01
9.367729426971133089e-02
8.682679879362352471e-02
1.203683757001294263e-01
1.183110728134417061e-01
1.113744075829379010e-01
1.032098233520028496e-01
9.558380008616933210e-02
9.088754847048646779e-02
8.179663937957772080e-02
1.203683757001294263e-01
1.131732012063768611e-01
1.059780267126231440e-01
9.749030590262752760e-02
8.986428263679380191e-02
8.223825937096028438e-02
7.461223610512676685e-02
1.141964670400689580e-01
1.070228349849203786e-01
9.939681171908686108e-02
9.177078845325199741e-02
8.414476518741846600e-02
7.651874192158494847e-02
1.162537699267553321e-01
1.089293408013783798e-01
1.013033175355448623e-01
9.367729426971133089e-02
8.399396811719085643e-02
7.842524773804428195e-02
1.171262386902182789e-01
1.095433003015933299e-01
1.032098233520028496e-01
9.265402843601866500e-02
8.522188711762151980e-02
7.804825506247295430e-02
7.270573028866876564e-02
1.098125807841452417e-01
7.270573028866876564e-02
9.749030590262752760e-02
8.955191727703523674e-02
7.938388625592381065e-02
7.404136148211866442e-02
1.124515295131407605e-01
1.052132701421786554e-01
9.655320982335219293e-02
8.767772511848286043e-02
8.297285652735908457e-02
7.537699267557047833e-02
7.270573028866876564e-02
7.270573028866876564e-02
9.871822490305723341e-02
8.890564411891428709e-02
8.205514864282552334e-02
7.671262386902229224e-02
7.270573028866876564e-02
1.095433003015948564e-01
9.124342955622384566e-02
8.606204222318096508e-02
8.339077983627733726e-02
7.804825506247219102e-02
7.270573028866876564e-02
7.270573028866876564e-02
6.386255924170600173e-02
8.825937096079199129e-02
8.472641102972915117e-02
7.938388625592381065e-02
7.404136148211866442e-02
7.270573028866876564e-02
7.270573028866876564e-02
6.471348556656610074e-02
8.606204222317904995e-02
8.071951744937581885e-02
7.537699267557047833e-02
7.270573028866876564e-02
7.270573028866876564e-02
6.521973287376181538e-02
8.377854373115047049e-02
6.887117621714647364e-02
7.671262386902229224e-02
7.270573028866876564e-02
6.182679879362323883e-02
6.357173632055181101e-02
6.585523481258133416e-02
8.339077983627733726e-02
7.804825506247219102e-02
7.270573028866876564e-02
7.270573028866876564e-02
6.300086169754409715e-02
6.528436018957381459e-02
8.059026281775143186e-02
7.421370099095181416e-02
7.387979319258847211e-02
6.046962516156838274e-02
6.242998707453733392e-02
6.589831968978876464e-02
6.699698405859580430e-02
6.928048255062475846e-02
7.156398104265428162e-02
5.979103834554047592e-02
6.185911245152962007e-02
6.414261094355933057e-02
6.642610943558828474e-02
6.774019819043398949e-02
5.843386471348561984e-02
5.930633347695010021e-02
6.128823782852209356e-02
6.357173632055181101e-02
6.585523481258133416e-02
6.813873330461028832e-02
7.261956053425142055e-02
5.843386471348561984e-02
6.114821197759628957e-02
6.300086169754409715e-02
6.528436018957381459e-02
6.756785868160257447e-02
6.985135717363229191e-02
5.843386471348561984e-02
6.014648858250761648e-02
6.242998707453733392e-02
6.471348556656610074e-02
6.699698405859580430e-02
5.843386471348561984e-02
5.843386471348561984e-02
5.957561395950009692e-02
6.185911245152962007e-02
6.414261094355933057e-02
6.642610943558828474e-02
6.757862990090533761e-02
5.843386471348561984e-02
5.900473933649314634e-02
6.128823782852209356e-02
6.357173632055181101e-02
5.843386471348561984e-02
6.684618698836723716e-02
