5.678185175415458863e-01
5.481060406225271020e-01
5.665149037193352166e-01
5.823983117910839225e-01
5.049854919546292731e-01
4.734233711421788060e-01
4.491532577156422956e-01
4.170667370087050019e-01
4.237520443154838556e-01
4.210366657873912399e-01
4.231996834608282021e-01
3.718675811131625930e-01
3.703761540490635995e-01
3.622263255077815547e-01
3.529675547348981590e-01
3.136903191769983001e-01
3.336982326562910051e-01
3.251516750197838146e-01
2.992482194671592377e-01
2.859008177261935235e-01
2.719730941704036065e-01
2.529016090741229572e-01
2.657314692693220071e-01
2.635452387232918858e-01
2.682010023740435956e-01
2.507459773146926141e-01
2.418227380638351687e-01
2.418095489316801905e-01
2.409559482986016743e-01
2.393115273015036237e-01
2.446452123450277849e-01
2.338433131099974527e-01
2.189791611711945085e-01
2.333421260881031190e-01
2.266684252176204839e-01
2.130308625692428071e-01
2.182801371669744472e-01
2.151912424162482629e-01
2.123977842257978588e-01
2.067660247955686037e-01
2.094829860195199511e-01
2.004748087575834725e-01
1.994117647058822607e-01
1.949485623845951532e-01
1.920997098390923863e-01
1.865075178053285654e-01
1.849775784753364127e-01
1.925349512002109686e-01
1.833816934845686752e-01
1.818385650224216832e-01
1.806119757319969155e-01
1.791743603270907481e-01
1.841202848852546703e-01
1.757847533632289072e-01
1.771036665787390496e-01
1.719071485096279328e-01
1.638749670271695824e-01
1.638485887628589599e-01
1.712872592983383235e-01
1.669612239514641494e-01
1.636375626483775603e-01
1.624901081508836886e-01
1.553547876549720985e-01
1.523212872592984157e-01
1.480290160907401786e-01
1.625032972830389999e-01
1.574122922711684858e-01
1.520838828805063658e-01
1.472830387760483972e-01
1.465302031126351212e-01
1.378396201529937803e-01
1.292534951200210447e-01
1.568715378528091620e-01
1.482722236876817257e-01
1.453795832234237306e-01
1.361118438406751785e-01
1.319572672118174417e-01
1.302822474281190024e-01
1.296887364811395160e-01
1.245687153785279139e-01
1.314428910577685183e-01
1.346610393036136999e-01
1.323001846478498167e-01
1.279345819045107635e-01
1.150445792666839051e-01
1.148377736744923688e-01
1.214719071485097779e-01
1.247333157478236615e-01
1.257715642310736903e-01
1.182347665523608149e-01
1.094961751516750903e-01
1.129649169084674942e-01
1.147190714850961218e-01
1.154840411500921427e-01
1.156818781324190637e-01
1.120189923503026319e-01
1.091400685834871681e-01
1.071880770245318415e-01
1.118042732788187971e-01
1.091400685834871681e-01
1.091400685834871681e-01
1.074254814033236277e-01
1.048810340279607983e-01
1.045238723292006844e-01
1.057240833553151765e-01
1.071089422316011674e-01
1.043919810076495980e-01
1.035742548140331648e-01
1.023476655236084110e-01
1.018728567660246997e-01
1.028356634133475306e-01
1.043260353468739854e-01
1.007517805328408816e-01
1.067396465312581699e-01
1.001318913215509115e-01
1.002769717752573092e-01
1.016882089158533259e-01
9.957794777103665118e-02
1.017937219730941506e-01
1.010551305724083915e-01
9.973621735689776335e-02
9.957794777103665118e-02
9.836454761276697267e-02
9.944500131891359507e-02
9.957794777103665118e-02
9.827222368768133431e-02
9.977578475336310038e-02
9.876022157742045393e-02
9.848324980216309477e-02
9.622790820364014730e-02
9.679504088630970504e-02
9.812714323397517258e-02
9.705882352941165581e-02
9.791611711949353702e-02
9.603007122131357320e-02
9.500131891321539346e-02
9.436824056977045905e-02
9.576628857821152530e-02
9.595093642838289916e-02
9.595093642838289916e-02
9.566077552097058956e-02
9.515958849907674155e-02
9.322078607227636537e-02
9.422316011606417241e-02
8.925085729359023834e-02
9.595093642838289916e-02
9.595093642838289916e-02
9.489580585597456874e-02
9.368451595884975946e-02
9.344500131891285422e-02
8.890793985755762741e-02
9.403851226589268752e-02
9.526510155631767729e-02
9.472434713795814532e-02
9.308889475072527897e-02
8.460828277499336803e-02
8.480611975731994212e-02
9.183592719599026344e-02
9.457926668425233052e-02
9.307570561856974567e-02
8.197045634397258362e-02
8.408071748878938323e-02
8.485887628594046550e-02
8.698232656291210452e-02
8.725929833816933878e-02
9.409126879451355785e-02
8.592719599050434309e-02
8.224742811922983177e-02
8.377736744922187340e-02
8.530730677921402605e-02
8.757583750989181293e-02
7.122131363756264988e-02
8.851226589290436819e-02
8.102083882880495302e-02
8.339488261672392544e-02
8.492482194671595319e-02
8.559746768662633565e-02
7.170931152730142255e-02
7.371405961487739744e-02
7.602215774202063236e-02
8.185175415457657255e-02
8.282774993405424280e-02
8.504352413611208916e-02
7.182801371669732260e-02
7.259298338169369036e-02
7.533632286995529947e-02
8.157478237931933829e-02
8.268266948034808106e-02
8.397995251912411530e-02
8.607227644420981094e-02
7.190714850962788562e-02
7.465048799789006373e-02
8.129781060406232607e-02
8.034819308889480649e-02
8.193088894750737150e-02
7.243471379583221736e-02
7.122131363756264988e-02
7.354260089686097401e-02
7.670799261408586811e-02
7.621999472434778933e-02
7.875230809812752697e-02
7.273806383539950515e-02
7.135320495911362526e-02
7.296227908203656298e-02
7.293590081772619027e-02
7.636507517805325718e-02
7.122131363756264988e-02
7.201266156686882136e-02
7.148509628066471167e-02
7.101028752308088943e-02
7.231601160643656712e-02
7.234238987074670391e-02
7.122131363756264988e-02
7.144552888419937464e-02
7.122131363756264988e-02
7.122131363756264988e-02
7.122131363756264988e-02
7.122131363756264988e-02
7.122131363756264988e-02
7.122131363756264988e-02
7.053547876549731699e-02
7.122131363756264988e-02
7.079926140859936490e-02
7.037720917963595502e-02
7.122131363756264988e-02
6.967818517541554679e-02
7.036402004748089356e-02
7.104985491954635135e-02
6.962542864679524546e-02
7.122131363756264988e-02
7.122131363756264988e-02
6.950672645739912336e-02
7.019256132946458115e-02
7.045634397256675396e-02
6.872856766024826314e-02
7.058823529411760445e-02
6.864943286731735317e-02
6.933526773938281096e-02
7.002110261144815773e-02
7.007385914006857008e-02
6.768662621999511908e-02
7.069374835135842916e-02
6.847797414930105464e-02
6.779213927723559685e-02
6.816143497757858050e-02
6.969137430757062213e-02
6.693484568715382665e-02
6.719862833025587456e-02
6.746241097335804737e-02
6.772619361645998426e-02
6.777895014508063254e-02
6.851754154576650269e-02
6.693484568715382665e-02
6.686890002637833896e-02
6.739646531258244866e-02
6.766024795568451045e-02
6.581376945396988365e-02
6.675019783698209197e-02
6.693484568715382665e-02
6.706673700870478816e-02
6.733051965180696097e-02
6.759430229490902275e-02
6.701398048008450070e-02
6.503561065681880138e-02
6.552360854655768507e-02
6.446847797414935466e-02
6.726457399103148715e-02
6.752835663413353506e-02
6.779213927723559685e-02
6.514112371405961222e-02
6.593247164336578370e-02
6.693484568715382665e-02
6.692165655499875132e-02
6.609074122922713179e-02
6.566868900026372191e-02
6.693484568715382665e-02
6.482458454233702705e-02
6.693484568715382665e-02
6.481139541018196559e-02
6.619625428646795651e-02
6.577420205750467153e-02
6.535214982854126164e-02
6.493009759957785176e-02
6.450804537061456678e-02
6.463993669216565319e-02
6.429701925613291735e-02
6.429701925613291735e-02
6.545766288578208636e-02
6.503561065681880138e-02
6.552360854655768507e-02
6.537852809285070455e-02
6.429701925613291735e-02
6.598522817198630708e-02
6.556317594302291107e-02
6.514112371405961222e-02
6.387496702716952135e-02
6.429701925613291735e-02
6.429701925613291735e-02
6.609074122922713179e-02
6.566868900026372191e-02
6.524663677130043693e-02
6.482458454233702705e-02
6.440253231337363105e-02
6.429701925613291735e-02
6.429701925613291735e-02
6.429701925613291735e-02
6.535214982854126164e-02
6.366394091268787192e-02
6.408599314165128180e-02
6.429701925613291735e-02
6.429701925613291735e-02
6.429701925613291735e-02
6.429701925613291735e-02
6.503561065681867648e-02
6.398048008441034606e-02
6.429701925613291735e-02
6.429701925613291735e-02
6.429701925613291735e-02
6.399366921656529650e-02
6.514112371405961222e-02
6.387496702716975727e-02
6.429701925613291735e-02
6.429701925613291735e-02
6.429701925613291735e-02
6.361118438406769549e-02
6.429701925613291735e-02
6.376945396992882154e-02
6.419150619889210652e-02
6.429701925613291735e-02
6.429701925613291735e-02
6.134265365338956166e-02
6.218675811131636755e-02
6.366394091268787192e-02
6.408599314165128180e-02
6.429701925613291735e-02
6.429701925613291735e-02
6.284621471907179957e-02
6.197573199683460710e-02
6.281983645476141298e-02
6.398048008441034606e-02
6.429701925613291735e-02
6.007649696649946386e-02
6.092060142442626974e-02
6.209443418623097205e-02
6.260881034027965253e-02
6.387496702716975727e-02
6.429701925613291735e-02
6.329464521234570706e-02
6.429701925613291735e-02
6.155367976787132211e-02
6.239778422579789208e-02
6.324188868372471184e-02
6.403323661303110537e-02
6.429701925613291735e-02
6.049854919546310272e-02
6.134265365338956166e-02
6.218675811131636755e-02
6.366394091268787192e-02
6.376945396992893256e-02
6.120443154840360389e-02
6.028752308098134227e-02
6.113162753890814816e-02
6.197573199683460710e-02
6.281983645476141298e-02
6.318913215510417458e-02
5.940385122658942835e-02
6.007649696649946386e-02
6.092060142442626974e-02
6.176470588235308257e-02
6.260881034027965253e-02
5.902136639409124447e-02
5.902136639409124447e-02
5.986547085201805035e-02
6.070957530994450929e-02
6.155367976787132211e-02
6.239778422579789208e-02
6.245054075441842240e-02
5.902136639409124447e-02
5.965444473753628990e-02
6.049854919546310272e-02
6.134265365338956166e-02
6.218675811131636755e-02
6.208124505407531385e-02
5.902136639409124447e-02
5.944341862305452945e-02
6.028752308098134227e-02
6.113162753890814816e-02
6.197573199683460710e-02
5.902136639409124447e-02
5.902136639409124447e-02
5.923239250857300492e-02
5.752835663413326944e-02
6.092060142442626974e-02
5.986547085201828627e-02
5.902136639409124447e-02
