8.083462132921174215e-01
7.169809376609994622e-01
7.058217413704275245e-01
6.512519319938175899e-01
6.177228232869653723e-01
5.830293663060276410e-01
5.965996908809892973e-01
5.381246780010303654e-01
5.218959299330241386e-01
5.043791859866048055e-01
5.090159711488924099e-01
4.825244719216898459e-01
4.822256568778980346e-01
4.608449252962389942e-01
4.683153013910356099e-01
4.433281813498197166e-01
4.518289541473466953e-01
4.216898505924780438e-01
4.410097887686758589e-01
4.139618753219989622e-01
4.286450283359092284e-01
3.975579598145285720e-01
3.946419371458010361e-01
3.869139618753218990e-01
3.941267387944357714e-01
3.766099948480164383e-01
3.817619783616692519e-01
3.720968572900567040e-01
3.626996393611540137e-01
3.562596599690880383e-01
3.513652756311179681e-01
3.480989180834620500e-01
3.513652756311179681e-01
3.436373003606387755e-01
3.513652756311179681e-01
3.320453374549201531e-01
3.343637300360637887e-01
3.351365275631117413e-01
3.343637300360637887e-01
3.147861926841833968e-01
3.049974240082430899e-01
3.125090159711488846e-01
3.297269448737763509e-01
3.111798042246264329e-01
3.003606388459555965e-01
3.016486347243689248e-01
2.952086553323029494e-01
2.941782586295724200e-01
2.962390520350334788e-01
2.916022668727459854e-01
2.962390520350334788e-01
2.890262751159196064e-01
2.910870685213808318e-01
2.787223080886139237e-01
2.910870685213808318e-01
2.738279237506438535e-01
2.910870685213808318e-01
2.734775888717151937e-01
2.850283359093241375e-01
2.717671303451827947e-01
2.818134981968057340e-01
2.493560020607933914e-01
2.818134981968057340e-01
2.558784131890779467e-01
2.818134981968057340e-01
2.462648119526016366e-01
2.818134981968057340e-01
2.454920144255538783e-01
2.818134981968057340e-01
2.400824317362184601e-01
2.400824317362184601e-01
2.362184441009789193e-01
2.400824317362184601e-01
2.310664605873260780e-01
2.400824317362184601e-01
2.248840803709427349e-01
2.400824317362184601e-01
2.300360638845955485e-01
2.400824317362184601e-01
2.238536836682122055e-01
2.225656877897990993e-01
2.176713034518288348e-01
2.400824317362184601e-01
2.176713034518288348e-01
2.225656877897990993e-01
2.156105100463679702e-01
1.844410097887687616e-01
2.029881504379184853e-01
1.844410097887687616e-01
2.024729520865533039e-01
1.844410097887687616e-01
1.998969603297270636e-01
1.844410097887687616e-01
1.992890262751158270e-01
1.844410097887687616e-01
1.931993817619783727e-01
1.844410097887687616e-01
1.844410097887687616e-01
1.844410097887687616e-01
1.879443585780521675e-01
1.834106130860382322e-01
1.839258114374034137e-01
1.834106130860382322e-01
1.754250386398764072e-01
1.648634724368881754e-01
1.756311179804224132e-01
1.648634724368881754e-01
1.741370427614633010e-01
1.648634724368881754e-01
1.758784131890775149e-01
1.648634724368881754e-01
1.741370427614633010e-01
1.648634724368881754e-01
1.705615662029878188e-01
1.648634724368881754e-01
1.620298815043791640e-01
1.648634724368881754e-01
1.713034518289542896e-01
1.648634724368881754e-01
1.646058732612057651e-01
1.648634724368881754e-01
1.620298815043791640e-01
1.648634724368881754e-01
1.615146831530139826e-01
1.648634724368881754e-01
1.620298815043791640e-01
1.648634724368881754e-01
1.589386913961875758e-01
1.648634724368881754e-01
1.563626996393613355e-01
1.648634724368881754e-01
1.589386913961875758e-01
1.530139103554869762e-01
1.581658938691396232e-01
1.597114889232355284e-01
1.555899021123132164e-01
1.530139103554869762e-01
1.563626996393613355e-01
1.530139103554869762e-01
1.555899021123132164e-01
1.530139103554869762e-01
1.530139103554869762e-01
1.530139103554869762e-01
1.530139103554869762e-01
1.530139103554869762e-01
1.472539927872227039e-01
1.530139103554869762e-01
1.470891293147860435e-01
1.530139103554869762e-01
1.519835136527562802e-01
1.530139103554869762e-01
1.481195260175167394e-01
1.530139103554869762e-01
1.470891293147860435e-01
1.530139103554869762e-01
1.432251416795466692e-01
1.530139103554869762e-01
1.411643482740856381e-01
1.530139103554869762e-01
1.447707367336425743e-01
1.530139103554869762e-01
1.411643482740856381e-01
1.530139103554869762e-01
1.411643482740856381e-01
1.530139103554869762e-01
1.411643482740856381e-01
1.365275631117981447e-01
1.411643482740856381e-01
1.530139103554869762e-01
1.411643482740856381e-01
1.458011334363731037e-01
1.411643482740856381e-01
1.293147861926842723e-01
1.411643482740856381e-01
1.293147861926842723e-01
1.411643482740856381e-01
1.293147861926842723e-01
1.362699639361155679e-01
1.293147861926842723e-01
1.375579598145286742e-01
1.293147861926842723e-01
1.375579598145286742e-01
1.293147861926842723e-01
1.375579598145286742e-01
1.293147861926842723e-01
1.362699639361155679e-01
1.293147861926842723e-01
1.293147861926842723e-01
1.293147861926842723e-01
1.293147861926842723e-01
1.293147861926842723e-01
1.251931993817621547e-01
1.293147861926842723e-01
1.293147861926842723e-01
1.293147861926842723e-01
1.293147861926842723e-01
1.293147861926842723e-01
1.261411643482733269e-01
1.293147861926842723e-01
1.277691911385883672e-01
1.293147861926842723e-01
1.251931993817621547e-01
1.293147861926842723e-01
1.202988150437919040e-01
1.293147861926842723e-01
1.277691911385883672e-01
1.293147861926842723e-01
1.251931993817621547e-01
1.293147861926842723e-01
1.239052035033488403e-01
1.293147861926842723e-01
1.221020092735701917e-01
1.293147861926842723e-01
1.264811952601750666e-01
1.293147861926842723e-01
1.202988150437919040e-01
1.267387944358578378e-01
1.202988150437919040e-01
1.293147861926842723e-01
1.202988150437919040e-01
1.267387944358578378e-01
1.202988150437919040e-01
1.138588356517259564e-01
1.202988150437919040e-01
1.138588356517259564e-01
1.202988150437919040e-01
1.267387944358578378e-01
1.159196290571870153e-01
1.138588356517259564e-01
1.202988150437919040e-01
1.293147861926842723e-01
1.202988150437919040e-01
1.112828438948995496e-01
1.202988150437919040e-01
1.112828438948995496e-01
1.159196290571870153e-01
1.112828438948995496e-01
1.195260175167439654e-01
1.112828438948995496e-01
1.202988150437919040e-01
1.112828438948995496e-01
1.159196290571870153e-01
1.112828438948995496e-01
1.112828438948995496e-01
1.112828438948995496e-01
1.190108191653787839e-01
1.112828438948995496e-01
1.112828438948995496e-01
1.112828438948995496e-01
1.182380216383308452e-01
1.112828438948995496e-01
1.112828438948995496e-01
1.112828438948995496e-01
1.190108191653787839e-01
1.112828438948995496e-01
1.112828438948995496e-01
1.112828438948995496e-01
1.112828438948995496e-01
1.112828438948995496e-01
1.112828438948995496e-01
1.112828438948995496e-01
1.112828438948995496e-01
1.112828438948995496e-01
1.112828438948995496e-01
1.112828438948995496e-01
1.112828438948995496e-01
1.112828438948995496e-01
1.112828438948995496e-01
1.112828438948995496e-01
1.112828438948995496e-01
1.112828438948995496e-01
1.112828438948995496e-01
1.112828438948995496e-01
1.112828438948995496e-01
1.112828438948995496e-01
1.084698608964447392e-01
1.112828438948995496e-01
1.112828438948995496e-01
1.112828438948995496e-01
9.969088098918077456e-02
1.112828438948995496e-01
9.969088098918077456e-02
1.112828438948995496e-01
9.969088098918077456e-02
1.112828438948995496e-01
9.969088098918077456e-02
1.112828438948995496e-01
9.840288511076765443e-02
1.112828438948995496e-01
1.094796496651210677e-01
1.112828438948995496e-01
9.891808346213282199e-02
1.112828438948995496e-01
9.531169500257606619e-02
1.112828438948995496e-01
9.840288511076765443e-02
1.112828438948995496e-01
9.969088098918077456e-02
1.112828438948995496e-01
9.840288511076765443e-02
1.112828438948995496e-01
9.402369912416294606e-02
1.112828438948995496e-01
9.402369912416294606e-02
1.112828438948995496e-01
9.402369912416294606e-02
1.112828438948995496e-01
9.402369912416294606e-02
1.025244719216899525e-01
9.402369912416294606e-02
8.552292632663575922e-02
9.402369912416294606e-02
1.112828438948995496e-01
9.402369912416294606e-02
1.112828438948995496e-01
9.402369912416294606e-02
7.676455435342617595e-02
9.402369912416294606e-02
1.025244719216899525e-01
9.402369912416294606e-02
1.025244719216899525e-01
9.402369912416294606e-02
7.676455435342617595e-02
9.402369912416294606e-02
1.025244719216899525e-01
9.402369912416294606e-02
7.676455435342617595e-02
9.402369912416294606e-02
1.025244719216899525e-01
9.402369912416294606e-02
7.676455435342617595e-02
8.964451313755805728e-02
7.676455435342617595e-02
9.402369912416294606e-02
7.676455435342617595e-02
8.887171561051011859e-02
7.676455435342617595e-02
9.325090159711500737e-02
7.676455435342617595e-02
9.325090159711500737e-02
7.676455435342617595e-02
8.114374034003105085e-02
7.676455435342617595e-02
8.964451313755805728e-02
7.676455435342617595e-02
9.260175167439461952e-02
7.676455435342617595e-02
9.402369912416294606e-02
7.676455435342617595e-02
8.114374034003105085e-02
7.676455435342617595e-02
7.676455435342617595e-02
7.676455435342617595e-02
7.676455435342617595e-02
7.676455435342617595e-02
7.676455435342617595e-02
7.676455435342617595e-02
8.887171561051011859e-02
7.676455435342617595e-02
8.887171561051011859e-02
7.676455435342617595e-02
7.676455435342617595e-02
7.676455435342617595e-02
7.676455435342617595e-02
7.676455435342617595e-02
7.676455435342617595e-02
7.676455435342617595e-02
7.676455435342617595e-02
7.676455435342617595e-02
7.676455435342617595e-02
7.676455435342617595e-02
7.676455435342617595e-02
7.676455435342617595e-02
7.676455435342617595e-02
7.676455435342617595e-02
7.676455435342617595e-02
7.676455435342617595e-02
7.676455435342617595e-02
7.676455435342617595e-02
7.676455435342617595e-02
7.676455435342617595e-02
7.676455435342617595e-02
7.676455435342617595e-02
7.676455435342617595e-02
7.676455435342617595e-02
7.676455435342617595e-02
7.676455435342617595e-02
7.676455435342617595e-02
7.676455435342617595e-02
7.676455435342617595e-02
7.676455435342617595e-02
7.676455435342617595e-02
7.676455435342617595e-02
7.676455435342617595e-02
7.676455435342617595e-02
