8.562758488025388193e-01
7.805905549677791821e-01
7.193979032413196917e-01
7.058709243050876880e-01
6.353621236895257152e-01
6.124747523324035603e-01
5.871886120996440139e-01
5.690006732711360149e-01
5.599692218909302355e-01
5.033663556795230365e-01
5.038953544291622233e-01
4.886024814850438713e-01
4.676829854765797156e-01
4.701259978840050535e-01
4.588342791189766734e-01
4.634029046840433264e-01
4.396268154275270734e-01
4.304607098201403970e-01
4.193267288640954438e-01
4.050206790420314840e-01
4.137251130133692278e-01
4.219967298259112432e-01
3.896316245070693407e-01
3.639511397518516711e-01
3.597672405501586845e-01
3.646205636241223180e-01
3.575550639607580350e-01
3.731114744637875624e-01
3.059536404732134396e-01
3.085024526305664705e-01
3.182167933057613585e-01
3.301433105703567850e-01
3.221121477349234707e-01
2.785899778782340297e-01
2.669039145907474708e-01
2.777724343560644127e-01
2.907088583245168167e-01
2.813792440126958172e-01
2.671443685678559499e-01
2.522843127825334930e-01
2.550254881215733849e-01
2.637780128883332464e-01
2.574300278926612839e-01
2.563720303933826328e-01
2.502164085793978643e-01
2.473309608540927018e-01
2.428585168798691185e-01
2.480523227854189716e-01
2.435933442339133226e-01
2.442050591516782554e-01
2.402135231316726016e-01
2.402135231316724906e-01
2.418005193805904951e-01
2.416562469943251412e-01
2.413196114263728709e-01
2.341059921131097010e-01
2.373280754063671338e-01
2.361738963162449967e-01
2.387227084735981109e-01
2.317976339328653435e-01
2.300663652976819851e-01
2.317976339328652324e-01
2.330479946138309666e-01
2.262191016639415742e-01
2.273521208040780728e-01
2.261710108685196230e-01
2.250649225738194370e-01
2.274694623449073083e-01
2.260267384822544634e-01
2.237183803020103279e-01
2.226122920073098366e-01
2.224199288256228368e-01
2.235741079157448352e-01
2.205924785995960757e-01
2.195825718957392925e-01
2.206886601904395895e-01
2.216985668942963450e-01
2.222756564393575662e-01
2.215542945080312964e-01
2.199192074636915628e-01
2.165528517841683598e-01
2.159276714436856870e-01
2.209772049629700752e-01
2.219390208714053236e-01
2.210733865538137000e-01
2.155910358757333334e-01
2.152063095123593339e-01
2.120804078099451928e-01
2.119419063191305130e-01
2.123208617870539494e-01
2.170818505338077131e-01
2.152063095123593339e-01
2.125132249687409491e-01
2.119842262191015958e-01
2.082331441762046986e-01
2.063095123593344238e-01
2.176108492834470942e-01
2.113109550831969718e-01
2.121284986053669497e-01
2.109647013561601891e-01
2.027988842935461722e-01
2.048667884966818009e-01
2.055400596325862028e-01
2.052515148600559114e-01
2.125132249687409491e-01
2.084735981533134275e-01
1.981340771376360332e-01
2.012118880446283897e-01
2.043858805424642877e-01
2.045782437241511764e-01
2.043858805424641767e-01
2.051072424737904465e-01
1.952005386169087808e-01
1.983745311147445678e-01
2.028950658843895749e-01
2.042416081561989338e-01
2.031836106569203104e-01
1.834663845340000488e-01
1.892372799846109011e-01
1.920746369144946397e-01
1.999615273636626556e-01
2.043858805424641767e-01
2.034240646340290670e-01
1.886120996441281450e-01
1.843801096470136514e-01
1.905838222564201490e-01
1.966913532749831606e-01
2.029431566798115538e-01
2.043858805424641767e-01
1.773588535154371482e-01
1.801962104453207758e-01
1.853900163508704069e-01
1.945753582764259138e-01
2.011157064537849037e-01
1.675483312493987742e-01
1.742810426084446529e-01
1.774550351062807452e-01
1.863999230547273844e-01
1.875541021448494106e-01
1.659132442050591238e-01
1.682216023853034814e-01
1.724055015869962459e-01
1.775993074925459048e-01
1.816389343079735097e-01
1.903914590747330382e-01
1.626257574300278286e-01
1.659132442050591238e-01
1.711070501106087549e-01
1.746657689718188744e-01
1.802443012407425327e-01
1.620659805713186297e-01
1.632682504568624959e-01
1.658170626142156379e-01
1.653842454554199648e-01
1.739444070404923826e-01
1.663460613638549912e-01
1.623064345484273863e-01
1.613446186399922488e-01
1.610560738674617354e-01
1.609598922766183604e-01
1.718765028373568926e-01
1.623064345484275806e-01
1.625468885255362261e-01
1.609118014811966035e-01
1.616331634125228733e-01
1.643262479561412304e-01
1.608637106857746246e-01
1.637491584110801202e-01
1.587477156872175998e-01
1.610560738674618464e-01
1.604789843224007362e-01
1.574973550062518657e-01
1.599018947773396260e-01
1.599018947773396260e-01
1.592728671732224766e-01
1.596614408002308694e-01
1.594209868231221128e-01
1.592286236414350020e-01
1.599018947773396260e-01
1.599018947773396260e-01
1.585553525055303781e-01
1.574973550062518657e-01
1.589400788689044886e-01
1.579782629604693511e-01
1.599018947773396260e-01
1.599018947773396260e-01
1.584591709146868643e-01
1.574973550062518657e-01
1.591805328460133562e-01
1.582187169375782188e-01
1.575935365970953517e-01
1.579782629604693511e-01
1.583629893238433783e-01
1.574973550062518657e-01
1.574973550062518657e-01
1.574973550062517547e-01
1.574973550062518657e-01
1.578820813696258651e-01
1.574973550062518657e-01
1.574973550062518657e-01
1.553332692122727510e-01
1.574973550062518657e-01
1.572569010291429981e-01
1.577858997787823514e-01
1.564393575069731313e-01
1.574973550062518657e-01
1.565355390978166172e-01
1.560546311435991040e-01
1.574973550062518657e-01
1.561508127344427288e-01
1.574492642108299978e-01
1.534096373954025871e-01
1.561989035298644579e-01
1.558141771664902364e-01
1.571607194382994843e-01
1.567279022795037280e-01
1.574973550062518657e-01
1.475906511493699780e-01
1.526882754640760120e-01
1.555737231893815908e-01
1.565355390978168393e-01
1.574973550062518657e-01
1.544195440992593704e-01
1.554294508031163480e-01
1.494181013753966281e-01
1.553332692122727510e-01
1.562950851207079717e-01
1.572569010291429981e-01
1.501875541021448490e-01
1.484562854669616017e-01
1.487448302394922262e-01
1.459555641050303276e-01
1.547080888717898561e-01
1.559584495527556181e-01
1.539521015677597915e-01
1.488891026257573580e-01
1.461960180821389732e-01
1.467250168317783543e-01
1.558141771664902364e-01
1.551889968260075914e-01
1.567279022795037280e-01
1.488410118303354901e-01
1.467250168317784653e-01
1.474944695585263810e-01
1.514860055785322290e-01
1.544195440992595647e-01
1.574973550062518657e-01
1.497547369433489817e-01
1.472540155814177076e-01
1.482639222852746019e-01
1.451861113782821067e-01
1.536500913725113437e-01
1.552370876214294593e-01
1.498990093296143356e-01
1.477830143310570887e-01
1.456670193324998419e-01
1.435510243339425673e-01
1.397037607002019621e-01
1.344080023083579489e-01
1.504280080792536056e-01
1.483120130806963588e-01
1.437914783110512129e-01
1.407136674040587454e-01
1.423487544483985900e-01
1.514860055785322290e-01
1.499951909204579603e-01
1.488410118303354901e-01
1.467250168317784653e-01
1.414831201308068553e-01
1.384053092238144711e-01
1.362893142252571133e-01
1.514860055785322290e-01
1.493700105799749822e-01
1.472540155814177076e-01
1.422525728575549653e-01
1.391747619505626088e-01
1.360969510435701135e-01
1.514860055785322290e-01
1.498990093296143356e-01
1.437433875156295671e-01
1.430220255843032140e-01
1.399442146773107187e-01
1.368664037703183345e-01
1.342695008175434634e-01
1.327305953640472158e-01
1.468692892180435972e-01
1.419736462441085756e-01
1.407136674040587454e-01
1.376358564970664444e-01
1.365778589977877100e-01
1.500567471385977625e-01
1.447532942194862393e-01
1.393671251322497195e-01
1.414831201308068553e-01
1.382610368375493393e-01
1.353274983168220869e-01
1.322496874098297026e-01
1.322496874098297026e-01
1.453303837645474605e-01
1.422525728575549653e-01
1.391747619505626088e-01
1.360969510435701135e-01
1.330191401365778403e-01
1.322496874098297026e-01
1.322496874098297026e-01
1.366740405886313348e-01
1.397422333365395120e-01
1.368664037703183345e-01
1.327305953640473268e-01
1.322496874098297026e-01
1.322496874098297026e-01
1.380205828604404716e-01
1.377320380879099582e-01
1.339328652495913041e-01
1.329710493411560834e-01
1.322496874098297026e-01
1.322496874098297026e-01
1.393671251322497195e-01
1.336443204770605964e-01
1.341733192266999497e-01
1.332115033182648400e-01
1.322496874098297026e-01
1.322496874098297026e-01
1.322496874098297026e-01
1.282581513898240488e-01
1.344137732038087063e-01
1.334519572953734856e-01
1.324901413869384592e-01
1.322496874098297026e-01
1.244108877560835547e-01
1.292680580936808321e-01
1.269596999134364468e-01
1.336924112724823532e-01
1.327305953640473268e-01
1.322496874098297026e-01
1.236414350293355280e-01
1.284120419351727493e-01
1.264307011637973155e-01
1.285466961623545623e-01
1.329710493411560834e-01
1.322496874098297026e-01
1.228719823025873070e-01
1.237857074156006876e-01
1.259017024141579344e-01
1.280176974127151812e-01
1.332115033182648400e-01
1.322496874098297026e-01
1.322496874098297026e-01
1.243627969606616868e-01
1.253727036645185811e-01
1.274886986630758279e-01
1.296046936616330747e-01
1.324901413869384592e-01
1.213330768490912676e-01
1.227277099163219393e-01
1.248437049148792000e-01
1.269596999134364468e-01
1.290756949119937214e-01
1.327305953640473268e-01
1.200827161681253252e-01
1.221987111666827941e-01
1.243147061652400548e-01
1.264307011637973155e-01
1.285466961623545623e-01
1.190247186688467990e-01
1.322496874098297026e-01
1.216697124170434269e-01
1.237857074156006876e-01
1.259017024141579344e-01
1.280176974127151812e-01
1.301336924112724558e-01
1.190247186688467990e-01
1.211407136674040597e-01
1.232567086659613204e-01
1.253727036645185811e-01
1.274886986630758279e-01
1.293642396845244291e-01
1.190247186688467990e-01
1.206117149177649006e-01
1.227277099163219393e-01
1.248437049148792000e-01
1.269596999134364468e-01
1.190247186688467990e-01
1.310955083197076765e-01
1.200827161681253252e-01
1.221987111666827941e-01
1.243147061652400548e-01
1.264307011637973155e-01
1.190247186688467990e-01
1.190247186688467990e-01
1.195537174184861662e-01
1.216697124170434269e-01
1.237857074156006876e-01
1.190247186688467990e-01
1.190247186688467990e-01
