1.126588658865886661e+00
1.068569714114268487e+00
1.081436715100081658e+00
9.698684154129696422e-01
8.868458274398869357e-01
8.289828982898289622e-01
7.792207792207792583e-01
7.555578414984354119e-01
7.505893446487507115e-01
7.607475033217607763e-01
7.162453388195960668e-01
6.729244353006729185e-01
6.287771634306288382e-01
6.277484891346277740e-01
6.334061977626335160e-01
5.967596759675969365e-01
5.919849127769919450e-01
5.771291414855771462e-01
5.510693926535511489e-01
5.418541854185418005e-01
5.301530153015301394e-01
5.175517551755175472e-01
5.006643521495006688e-01
5.021216407355021394e-01
4.980498049804980010e-01
4.949294929492948358e-01
4.618919034760616826e-01
4.407852213792808338e-01
4.523166602374523726e-01
4.478967896789676217e-01
4.401440144014401312e-01
4.213278470704212575e-01
4.171702884574172154e-01
4.073121597874073685e-01
4.328061377566328471e-01
4.187132999014186452e-01
4.146843255754146251e-01
4.139556812824138898e-01
3.984827054133985857e-01
3.986970125583986779e-01
3.973254468303973330e-01
3.992542111353993284e-01
4.061977626334062896e-01
3.835240666923833697e-01
3.851956624233853210e-01
3.892246367493892856e-01
3.953966825253955597e-01
3.883674081693883617e-01
3.626282628262821328e-01
3.681368136813682468e-01
3.609360936093608530e-01
3.692512108353694367e-01
3.778234966353780089e-01
3.441344134413440448e-01
3.418198962753417613e-01
3.389910419613388903e-01
3.443915820153444218e-01
3.454202563113453750e-01
3.389053191033389867e-01
3.430200162873430214e-01
3.419484805623420054e-01
3.338905319103340763e-01
3.262611975483263316e-01
3.305473404483305067e-01
3.308902318803310094e-01
3.382195362393379812e-01
3.123655222665119857e-01
3.091594873773090835e-01
3.036732244653038149e-01
3.072307230723070881e-01
2.935150657922935280e-01
3.064592173503064010e-01
2.917577472032917285e-01
2.848999185632848374e-01
2.847284728472846971e-01
2.858428700012858870e-01
2.873858814452872612e-01
2.790279027902789477e-01
2.733273327332734204e-01
2.804851913762802518e-01
2.817710342462817485e-01
2.779563670652778762e-01
2.719129055762718461e-01
2.719986284342719163e-01
2.692983584072692338e-01
2.625262526252624684e-01
2.695983884102696182e-01
2.633406197762632739e-01
2.592259225922590171e-01
2.586687240152586442e-01
2.629548669152628193e-01
2.614547169002613969e-01
2.429385795722428243e-01
2.485105653422483574e-01
2.499249924992497096e-01
2.573828811452574805e-01
2.625262526252624684e-01
2.365950880802364376e-01
2.346234623462344904e-01
2.356949980712357284e-01
2.548540568342547719e-01
2.228794308002229052e-01
2.228794308002229052e-01
2.257082851142256097e-01
2.324803908962323751e-01
2.336376494792337111e-01
2.353092452102352738e-01
2.314088551712315256e-01
2.212506964982212387e-01
2.210792507822210984e-01
2.205220522052208920e-01
2.207363593502207899e-01
2.302944580172301692e-01
2.191076250482191512e-01
2.196648236252195519e-01
2.219793407912220018e-01
2.175217521752174643e-01
2.175217521752174643e-01
2.157798637006556886e-01
2.127212721272126184e-01
2.185504264712185563e-01
2.175217521752174643e-01
2.067635334962066584e-01
2.038918177532040021e-01
2.069349792122069931e-01
2.121212121212120716e-01
1.982341091251982046e-01
1.973768805451974473e-01
1.996056748531996050e-01
2.028631434572028824e-01
2.061206120612061599e-01
1.995199519951995348e-01
1.984484162701984911e-01
1.970768505421970629e-01
1.979340791221978479e-01
1.994770905661993887e-01
2.053062449102053544e-01
1.971625734001971608e-01
1.971625734001971608e-01
1.970339891131969445e-01
1.975483262611975876e-01
1.990913377051991562e-01
1.967339591101967822e-01
1.941622733701942882e-01
1.951052248081951435e-01
1.961338991041960411e-01
1.971625734001971608e-01
1.954481162401954242e-01
1.958767305301958306e-01
1.914620033431914115e-01
1.924478162101923850e-01
1.958767305301958306e-01
1.954052548111955001e-01
1.958767305301958306e-01
1.941622733701940939e-01
1.888474561741887991e-01
1.903047447601902975e-01
1.907333590501906762e-01
1.908705156229907607e-01
1.951909476661952136e-01
1.897046847541895565e-01
1.890189018901889395e-01
1.883331190261883503e-01
1.907333590501906762e-01
1.935622133641935749e-01
1.895332390381894161e-01
1.898761304701899189e-01
1.891903476061891076e-01
1.877330590201878036e-01
1.819896275341819358e-01
1.907333590501906762e-01
1.907333590501906762e-01
1.900475761861900592e-01
1.893617933221892480e-01
1.855899875701855217e-01
1.838755304101838128e-01
1.888045947451886530e-01
1.897904076121898209e-01
1.894046547511893941e-01
1.800180018001799886e-01
1.860186018601859004e-01
1.787321589301786584e-01
1.769319789121768516e-01
1.888474561741887991e-01
1.849899275641848084e-01
1.800180018001799886e-01
1.864472161501862790e-01
1.779606532081779713e-01
1.764176417641764028e-01
1.791179117911790852e-01
1.802751703741802269e-01
1.800180018001799886e-01
1.800180018001799886e-01
1.687025845441685878e-01
1.759033046161757596e-01
1.779606532081779713e-01
1.800180018001799886e-01
1.800180018001799886e-01
1.777137713771372862e-01
1.677596331061677604e-01
1.753889674681753108e-01
1.774463160601773282e-01
1.795036646521795398e-01
1.672452959581669230e-01
1.630448759161629846e-01
1.668166816681667108e-01
1.748746303201748342e-01
1.769319789121768516e-01
1.774463160601773282e-01
1.800180018001799886e-01
1.636449359221636979e-01
1.658737302301656891e-01
1.694740902661696635e-01
1.764176417641764028e-01
1.761604731901763587e-01
1.584587030131582308e-01
1.744460160301746499e-01
1.649307787921648616e-01
1.627877073421629406e-01
1.759033046161757596e-01
1.716171617161717511e-01
1.564442158501563596e-01
1.602160216021602801e-01
1.639878273541640064e-01
1.677596331061677604e-01
1.645878873601645531e-01
1.735887874501736983e-01
1.568728301401567382e-01
1.592730701641590640e-01
1.630448759161629846e-01
1.668166816681667108e-01
1.628734302001628442e-01
1.564442158501563596e-01
1.573014444301571169e-01
1.583301187261582088e-01
1.621019244781621571e-01
1.658737302301656891e-01
1.611589730401613019e-01
1.564442158501563596e-01
1.577300587201576898e-01
1.555441258411554561e-01
1.605160516051602482e-01
1.564442158501563596e-01
1.564442158501563596e-01
1.564442158501563596e-01
1.564442158501563596e-01
1.564442158501563596e-01
1.584158415841581125e-01
1.564442158501563596e-01
1.566499507093563892e-01
1.564442158501563596e-01
1.564442158501563596e-01
1.557412884145556176e-01
1.537439458231536493e-01
1.445013072735841786e-01
1.564442158501563596e-01
1.564442158501563596e-01
1.518151815181516540e-01
1.549012044061547910e-01
1.527581329561526757e-01
1.453859671681451693e-01
1.444430157301443418e-01
1.407106424928177835e-01
1.564442158501563596e-01
1.564442158501563596e-01
1.555441258411554561e-01
1.472290086151470945e-01
1.501435857871500634e-01
1.564442158501563596e-01
1.502721700741500854e-01
1.533581929621534168e-01
1.564442158501563596e-01
1.490720500621488254e-01
1.421284985641420862e-01
1.398997042561395399e-01
1.311216835969307437e-01
1.525866872401525354e-01
1.556727101281556724e-01
1.509150915091509448e-01
1.512579829411510590e-01
1.417427457031416593e-01
1.564442158501563596e-01
1.518151815181516540e-01
1.549012044061547910e-01
1.527581329561526757e-01
1.453859671681451693e-01
1.358707299301359361e-01
1.292272084351289985e-01
1.208692297801208793e-01
1.541296986841541039e-01
1.546011744031546009e-01
1.418713299901420422e-01
1.467146714671466456e-01
1.232266083751230729e-01
1.223693797951221213e-01
1.533581929621534168e-01
1.564442158501563596e-01
1.366422356521366233e-01
1.285842870001284999e-01
1.298701298701296636e-01
1.200120012001199277e-01
1.525866872401525354e-01
1.549869272641548612e-01
1.509150915091505840e-01
1.296558227251295714e-01
1.253696798251253686e-01
1.253696798251253686e-01
1.167973940251167825e-01
1.127821353563922685e-01
1.527581329561526757e-01
1.307273584501306152e-01
1.264412155501264123e-01
1.221550726501220291e-01
1.178689297501178401e-01
1.520723500921520865e-01
1.364279285071363368e-01
1.317988941751316589e-01
1.275127512751274561e-01
1.232266083751230729e-01
1.223693797951221213e-01
1.371565728001370998e-01
1.371565728001370998e-01
1.366422356521366233e-01
1.285842870001284999e-01
1.242981441001241305e-01
1.076679096481076153e-01
1.002957438601000950e-01
1.371565728001370998e-01
1.339419656251337465e-01
1.236552226651234515e-01
1.253696798251253686e-01
1.129398654151127779e-01
1.021387853071022145e-01
9.562384809909546535e-02
9.262354806909260663e-02
1.307273584501306152e-01
1.264412155501264123e-01
1.146114611461145488e-01
1.039818267541039593e-01
9.660966096609643894e-02
1.360850370751360283e-01
1.317988941751316589e-01
1.275127512751274561e-01
1.232266083751230729e-01
1.058248682011058844e-01
9.845270241309816983e-02
9.108053662509103809e-02
1.294415155801292849e-01
1.155544125841155845e-01
1.242981441001241305e-01
1.076679096481076153e-01
1.002957438601000950e-01
9.292357807209278286e-02
9.339505379109348804e-02
9.648107667909641694e-02
1.168831168831168665e-01
1.095109510951093462e-01
1.021387853071022145e-01
9.476661951909470805e-02
9.262354806909260663e-02
9.108053662509103809e-02
1.187261583301187917e-01
1.113539925421112714e-01
1.039818267541039593e-01
9.660966096609643894e-02
9.185204234709172522e-02
9.108053662509103809e-02
1.128541425571128881e-01
1.131970339891130162e-01
1.058248682011058844e-01
9.845270241309816983e-02
9.108053662509103809e-02
9.108053662509103809e-02
9.108053662509103809e-02
1.047533324761044521e-01
1.076679096481076153e-01
1.002957438601000950e-01
9.292357807209278286e-02
9.108053662509103809e-02
9.108053662509103809e-02
9.108053662509103809e-02
9.108053662509103809e-02
1.021387853071022145e-01
9.339505379109329375e-02
9.108053662509103809e-02
9.108053662509103809e-02
9.108053662509103809e-02
9.935279242209926753e-02
1.039818267541039593e-01
9.660966096609643894e-02
9.108053662509103809e-02
9.108053662509103809e-02
9.108053662509103809e-02
1.131970339891130162e-01
9.125198234109119233e-02
