6.860924200474872725e-01
6.524982213726717717e-01
6.648562097665927650e-01
6.518772875718952253e-01
6.104163273702888359e-01
5.776810128318318194e-01
5.545460000171436032e-01
5.335244250533588417e-01
5.418941738168915334e-01
5.317404832723315877e-01
5.182966321798683218e-01
4.953464251733623591e-01
4.805722465563203039e-01
4.650746166308082352e-01
4.501427187711614653e-01
4.558771847115196119e-01
4.660140747280629436e-01
4.517435690835998052e-01
4.386566434945098902e-01
4.287134738520355648e-01
4.146730325810240592e-01
3.951552763086840225e-01
4.017640554417425958e-01
3.963553140241550254e-01
3.868150141861600999e-01
3.880664820894371703e-01
3.858121255239450598e-01
3.609627731157263875e-01
3.675715522487850162e-01
3.726381114835035091e-01
3.625485372397418415e-01
3.685830126089676972e-01
3.536339713533853124e-01
3.402106923360451729e-01
3.397821074376619621e-01
3.487138167199534400e-01
3.437868047281484318e-01
3.429536356856933144e-01
3.371255668035279540e-01
3.321755826611687001e-01
3.314161302212356164e-01
3.278674472626282310e-01
3.285830126089677172e-01
3.271559963313132591e-01
3.219186888730788954e-01
3.206243624799633429e-01
3.145813154127701794e-01
3.084011211780944839e-01
3.114183588627072452e-01
3.145470286208995048e-01
3.109040569846481805e-01
3.065667778130171106e-01
3.103554683147186077e-01
3.024780778824479599e-01
3.012951835629120723e-01
2.985350968173280939e-01
2.985522402132639308e-01
2.979522213555286236e-01
2.982779458782991444e-01
2.973779175916959616e-01
2.956121478103597155e-01
2.875376083248329384e-01
2.904434139358666456e-01
2.890633705630747952e-01
2.925949101257467877e-01
2.912491535448258895e-01
2.804659575015217010e-01
2.774315764209732138e-01
2.785544688547355596e-01
2.840574989499670688e-01
2.859004140130120275e-01
2.901519762049664664e-01
2.725803382392014140e-01
2.726828557468952696e-01
2.743286217566838214e-01
2.710970916228798711e-01
2.733514481883713709e-01
2.690913142984492912e-01
2.677541294154959228e-01
2.632454162845119794e-01
2.676930989259660998e-01
2.644797407918539345e-01
2.654397709642303815e-01
2.655769181317127470e-01
2.561651937632324905e-01
2.619768049852997382e-01
2.562509107429090660e-01
2.625253936552291445e-01
2.599367408689987058e-01
2.570309352579661644e-01
2.554966013217559451e-01
2.546222881290554629e-01
2.560623333876207441e-01
2.521107806245338478e-01
2.476620693793232797e-01
2.528908051395901690e-01
2.543651371900259583e-01
2.522393560940487389e-01
2.501135749980712419e-01
2.496335599118828519e-01
2.457505807325372771e-01
2.457077222426991281e-01
2.444219675475515219e-01
2.413875864670034788e-01
2.480906542777058799e-01
2.448676958418693483e-01
2.440790996288458303e-01
2.390046544319965882e-01
2.387646468889021711e-01
2.371960261608221654e-01
2.378474752063632902e-01
2.435219392609481726e-01
2.396303883836348181e-01
2.375474657774954701e-01
2.375046072876579040e-01
2.356616922246128065e-01
2.352931092120037759e-01
2.289620530930970566e-01
2.382417733128754933e-01
2.309043998525669439e-01
2.330987545322853738e-01
2.352931092120037759e-01
2.367674412624397318e-01
2.276900131146979145e-01
2.283671772541424061e-01
2.281614565029186636e-01
2.308786847586639102e-01
2.339130658392123974e-01
2.152439076656697536e-01
2.249813565569204477e-01
2.245870584504083833e-01
2.277500150004714841e-01
2.296357885533545917e-01
2.240079545357141488e-01
2.152353359677018074e-01
2.187668755303740775e-01
2.211498075653808293e-01
2.249213546711469058e-01
2.279128772618567722e-01
2.299700847740932530e-01
2.128952624225335377e-01
2.157496378457610109e-01
2.189725962815975147e-01
2.174197474777782024e-01
2.118690587418464166e-01
2.117209398009652632e-01
2.117209398009652632e-01
2.164096585892703872e-01
2.181668566726384373e-01
2.100751737911764061e-01
2.115752209355149516e-01
2.111637794330680773e-01
2.117209398009652632e-01
2.111209209432299283e-01
2.153553397392489466e-01
2.102123209586587993e-01
2.096637322887292543e-01
2.091151436187996815e-01
2.114980756538064055e-01
2.112237813188414803e-01
2.165553774547202548e-01
2.103494681261411925e-01
2.098008794562116197e-01
2.088751360757054032e-01
2.073922323273018342e-01
2.082922606139051835e-01
2.107780530245242367e-01
2.085579832509021625e-01
2.099380266236940129e-01
2.084979813651286207e-01
2.076322398703959460e-01
2.082922606139051835e-01
2.082922606139051835e-01
2.089094228675760778e-01
2.086265568346435118e-01
2.085236964590316544e-01
2.061921946118306925e-01
2.056436059419011197e-01
2.082922606139051835e-01
2.062864832894749367e-01
2.067322115837927909e-01
2.085494115529346881e-01
2.063293417793130857e-01
2.057807531093835129e-01
2.076150964744609972e-01
2.061750512158954385e-01
2.066207795102132927e-01
2.070150776167251905e-01
2.064664889467956177e-01
2.059179002768659061e-01
2.056178908479982248e-01
2.055064587744187266e-01
2.055064587744187266e-01
2.069550757309517874e-01
2.066036361142778721e-01
2.055150304723863675e-01
2.055064587744187266e-01
2.059521870687365808e-01
2.055064587744187266e-01
2.055064587744187266e-01
2.008091682881466000e-01
2.041349870995949611e-01
2.049235833126186457e-01
2.055064587744187266e-01
2.055064587744187266e-01
2.055064587744187266e-01
2.055064587744187266e-01
2.011863229987232438e-01
2.040664135158537784e-01
2.051135321395815281e-01
2.042207040792711203e-01
2.052493078353893607e-01
1.975862098523097909e-01
2.004663003694403256e-01
2.033463908865706937e-01
2.055064587744187266e-01
2.044349965284623372e-01
2.055064587744187266e-01
1.968661872230273169e-01
1.997462777401576850e-01
2.026263682572882197e-01
2.055064587744187266e-01
2.046492889776537205e-01
1.941575306652493782e-01
1.961461645937448428e-01
1.990262551108752109e-01
2.019063456280057178e-01
2.035435399398272671e-01
2.048635814268449373e-01
1.984262362531394042e-01
1.930689250233579013e-01
1.964633174185474729e-01
1.937289457668680270e-01
2.015806211052356134e-01
1.887402175496946111e-01
1.912088665643779661e-01
1.925631948432666163e-01
1.875058930423527948e-01
2.004663003694403256e-01
1.996177022706426274e-01
2.052921663252273710e-01
1.900345439428098582e-01
1.920574646631753590e-01
1.940803853835408599e-01
1.898031080976835261e-01
1.976547834360511402e-01
1.875058930423527948e-01
1.899745420570361498e-01
1.915517344830841018e-01
1.935746552034496026e-01
1.968319004311564757e-01
1.900345439428103300e-01
1.875058930423527948e-01
1.890230835826270384e-01
1.910460043029923727e-01
1.930689250233579013e-01
1.842915063044839319e-01
1.875058930423527948e-01
1.967376117535130087e-01
1.868373006008761106e-01
1.905402741229011154e-01
1.925631948432666163e-01
1.860144175959815849e-01
1.888687930192092246e-01
1.832029006625922607e-01
1.871715968216141335e-01
1.900345439428098582e-01
1.855772609996313716e-01
1.847200912028663655e-01
1.861601364614320631e-01
1.830057516093362979e-01
1.875058930423527948e-01
1.895288137627182956e-01
1.857915534488225884e-01
1.849343836520575823e-01
1.840772138552925485e-01
1.832200440585275147e-01
1.825000214292449019e-01
1.843086497004193247e-01
1.910460043029923727e-01
1.851486761012489379e-01
1.842915063044837654e-01
1.834343365077187316e-01
1.875058930423527948e-01
1.851353042524184478e-01
1.837857761243922028e-01
1.853629685504401547e-01
1.845057987536751487e-01
1.836486289569101149e-01
1.790627705442170148e-01
1.828686044418542100e-01
1.857486949589847447e-01
1.855772609996313716e-01
1.847200912028663655e-01
1.838629214061013317e-01
1.830057516093362979e-01
1.821485818125712919e-01
1.821485818125712919e-01
1.857915534488225884e-01
1.849343836520575823e-01
1.840772138552925485e-01
1.770055630319813111e-01
1.811199780564541062e-01
1.821485818125712919e-01
1.821485818125712919e-01
1.851486761012489379e-01
1.842915063044837654e-01
1.834343365077188981e-01
1.800913743003355605e-01
1.821485818125712919e-01
1.821485818125712919e-01
1.821485818125712919e-01
1.845057987536751487e-01
1.821485818125712919e-01
1.790627705442170148e-01
1.821485818125712919e-01
1.821485818125712919e-01
1.821485818125712919e-01
1.847200912028665043e-01
1.821485818125712919e-01
1.780341667880998568e-01
1.821485818125712919e-01
1.821485818125712919e-01
1.821485818125712919e-01
1.746312026949427831e-01
1.728911480075084883e-01
1.770055630319813111e-01
1.811199780564541062e-01
1.821485818125712919e-01
1.655966330370399198e-01
1.713482423733318216e-01
1.718625442513914692e-01
1.759769592758627654e-01
1.800913743003355605e-01
1.821485818125712919e-01
1.821485818125712919e-01
1.635051387329327643e-01
1.785570403641258963e-01
1.734483083754070620e-01
1.790627705442170148e-01
1.821485818125712919e-01
1.821485818125712919e-01
1.687424461911668228e-01
1.672338273488608307e-01
1.739197517636270340e-01
1.780341667880998568e-01
1.821485818125712919e-01
1.560477615010766039e-01
1.610193463223129340e-01
1.746312026949427831e-01
1.709625159647870651e-01
1.759341007860250605e-01
1.809056856072630559e-01
1.569649331836147355e-01
1.597764501170046980e-01
1.647480349382410003e-01
1.697196197594789957e-01
1.746912045807151315e-01
1.800913743003355605e-01
1.821485818125712919e-01
1.585335539116947690e-01
1.635051387329327643e-01
1.684767235541689279e-01
1.734483083754070620e-01
1.784198931966432256e-01
1.530390955144316223e-01
1.608907708527978486e-01
1.622622425276228353e-01
1.672338273488608307e-01
1.722054121700969942e-01
1.510761766798386363e-01
1.510761766798386363e-01
1.560477615010766039e-01
1.610193463223129340e-01
1.659909311435509016e-01
1.709625159647870651e-01
1.754626573978043114e-01
1.510761766798386363e-01
1.548048652957667026e-01
1.597764501170046980e-01
1.647480349382410003e-01
1.697196197594789957e-01
1.510761766798386363e-01
1.510761766798386363e-01
1.535619690904567736e-01
1.585335539116947690e-01
1.635051387329327643e-01
1.684767235541689279e-01
1.510761766798386363e-01
1.510761766798386363e-01
1.523190728851485376e-01
1.572906577063848677e-01
1.622622425276228353e-01
1.661023632171310105e-01
1.510761766798386363e-01
