5.919327868183856811e-01
5.666353983985209508e-01
5.660328724662505584e-01
5.728450045542911040e-01
5.261427192517368345e-01
4.989534646600595202e-01
4.847941052517095728e-01
4.695406283562407745e-01
4.664654621585980210e-01
4.486452682953355753e-01
4.412273474992183808e-01
4.094783637179332247e-01
4.088937830525984363e-01
3.970390309555854591e-01
3.996503391927350712e-01
3.873050831328085364e-01
3.815408458746278320e-01
3.752871922454695808e-01
3.626575308944084419e-01
3.571244069225226747e-01
3.629729325557051745e-01
3.463300569626278080e-01
3.325584240792853752e-01
3.188254007096537057e-01
3.218728333129411423e-01
3.267593838791685856e-01
3.253014668896233030e-01
3.202642848403279840e-01
2.935002786954334919e-01
2.960468752124206793e-01
3.006376007721907051e-01
2.927280884212246082e-01
2.898209551776174675e-01
2.839430645621764393e-01
2.803812009733946953e-01
2.752967086749051329e-01
2.770722025096180041e-01
2.706064684530365416e-01
2.686895876667073080e-01
2.747121280095708995e-01
2.722242614571012687e-01
2.651685087755072945e-01
2.613075574044620430e-01
2.585341979689220748e-01
2.565221528882363211e-01
2.557336487349946563e-01
2.538847424446347700e-01
2.536400342591456636e-01
2.483244286743613860e-01
2.476718735130578608e-01
2.453879304484956891e-01
2.468153948638472373e-01
2.454423100452709783e-01
2.421659393395593218e-01
2.408880188153403046e-01
2.326766997022718386e-01
2.379787103878625576e-01
2.348382886740896514e-01
2.438924915371752100e-01
2.337235069401957799e-01
2.333700395611566225e-01
2.286662044400940286e-01
2.309093628070748028e-01
2.298081759723752115e-01
2.278233206900770469e-01
2.348246937748957319e-01
2.249955816577622891e-01
2.198159250649155683e-01
2.227252334923936761e-01
2.234321682504723794e-01
2.229427518794949437e-01
2.198974944600785575e-01
2.187963076253787165e-01
2.083146403469413876e-01
2.149081664559457372e-01
2.071182892178853874e-01
2.196255964762021395e-01
2.195168372826516723e-01
2.198974944600785575e-01
2.028136003371532881e-01
2.086681077259812667e-01
2.056228503065648805e-01
2.131272346615551705e-01
2.183476759519827892e-01
2.062074309718993359e-01
2.030806041573200993e-01
1.957665483910433768e-01
1.959296871813696050e-01
2.010359313185688390e-01
2.036515899234608851e-01
2.028494908710249123e-01
2.005247631088815097e-01
1.967181913346111588e-01
1.929116195603410300e-01
1.933466563345430655e-01
1.862011773182697671e-01
2.052829778267193928e-01
1.967540818684826720e-01
1.929931889555040192e-01
1.923950133909756444e-01
1.851625270198621609e-01
1.838710115964488911e-01
1.882523757086307370e-01
1.853664505077692592e-01
1.800236551245971706e-01
1.774270293785774610e-01
1.844827820601708246e-01
1.828785839552998782e-01
1.717851462131406437e-01
1.862229291569803824e-01
1.803238304987959950e-01
1.782971029269813934e-01
1.737727204752776977e-01
1.745585056486807229e-01
1.720162594994353311e-01
1.684408010114605003e-01
1.760539445600008412e-01
1.731718259309105445e-01
1.714637627961991539e-01
1.746400750438433513e-01
1.709966420598988401e-01
1.678970050437075257e-01
1.686991040961433597e-01
1.703984664953709649e-01
1.678970050437075257e-01
1.669181723017522934e-01
1.717715513139469741e-01
1.678698152453198256e-01
1.632067648218386013e-01
1.674755631686990487e-01
1.663743763339993464e-01
1.668094131082017428e-01
1.668366029065894429e-01
1.670813110920780220e-01
1.633563087129707714e-01
1.567132971709012390e-01
1.649061272210663176e-01
1.545332191361800389e-01
1.651780252049429853e-01
1.649741017170356372e-01
1.637233709912037372e-01
1.579047541362478824e-01
1.651780252049429853e-01
1.562733662329887641e-01
1.646342292371901217e-01
1.651780252049429853e-01
1.651780252049429853e-01
1.593594083499866310e-01
1.526707179466260944e-01
1.587884225838453733e-01
1.481164267166949489e-01
1.426104925431968817e-01
1.651100507089738878e-01
1.604877849830740333e-01
1.537719047813259354e-01
1.479804777247576419e-01
1.430754380956269778e-01
1.647701782291282890e-01
1.650420762130048180e-01
1.620511983903633602e-01
1.551585844990955032e-01
1.551857742974830645e-01
1.429231752246555298e-01
1.419987220794758087e-01
1.325774569381570622e-01
1.628532974427996660e-01
1.523988199627489548e-01
1.500197126038303741e-01
1.440379569585486519e-01
1.369006348817920771e-01
1.347390459099743754e-01
1.651780252049429853e-01
1.544516497410171607e-01
1.515151515151515749e-01
1.447177019182395163e-01
1.384792745761782018e-01
1.369006348817918273e-01
1.269083839743322950e-01
1.567084030071912715e-01
1.479668828255636115e-01
1.462811153255298147e-01
1.400274616963716745e-01
1.337738080672123409e-01
1.269687453267529798e-01
1.245292766154139502e-01
1.499381432086674959e-01
1.478445287328191415e-01
1.409247250431638065e-01
1.345623122204548661e-01
1.290835678453446100e-01
1.244613021194447555e-01
1.243933276234756857e-01
1.295572141332556049e-01
1.420259118778631480e-01
1.346166918172300164e-01
1.295050097203527262e-01
1.243933276234756857e-01
1.489049308699377239e-01
1.422706200633525875e-01
1.447177019182395163e-01
1.254537297605930468e-01
1.307829302445718545e-01
1.256712481476947862e-01
1.243933276234756857e-01
1.474910613537798454e-01
1.339097570591514519e-01
1.371725328656689669e-01
1.320608507687908439e-01
1.269491686719137757e-01
1.243933276234756857e-01
1.243933276234756857e-01
1.366287368979155203e-01
1.277920524219311182e-01
1.333387712930109159e-01
1.266772706880379684e-01
1.243933276234756857e-01
1.243933276234756857e-01
1.204372119580735118e-01
1.209674130266325531e-01
1.299808311921362425e-01
1.232513560911945999e-01
1.243933276234756857e-01
1.162227932079884507e-01
1.195399486112810189e-01
1.206819201435623407e-01
1.218238916758434265e-01
1.203828323612982226e-01
1.188194189540082990e-01
1.183164076838371936e-01
1.192544557282108064e-01
1.203964272604918923e-01
1.257528175428581363e-01
1.195807333088628743e-01
1.172560055467189721e-01
1.179629403047979114e-01
1.193768098209552903e-01
1.201109343774216798e-01
1.212529059097027656e-01
1.187786342564269293e-01
1.172560055467189721e-01
1.168209687725164647e-01
1.150808216757071289e-01
1.198254414943514673e-01
1.172560055467189721e-01
1.172560055467189721e-01
1.172560055467189721e-01
1.172560055467189721e-01
1.155158584499097613e-01
1.137757113531000785e-01
1.172560055467189721e-01
1.172560055467189721e-01
1.172560055467189721e-01
1.172560055467189721e-01
1.181124841959298455e-01
1.122122979458107517e-01
1.172560055467189721e-01
1.172560055467189721e-01
1.172560055467189721e-01
1.172560055467189721e-01
1.163859319983141932e-01
1.129328276030832356e-01
1.100507089739929528e-01
1.172560055467189721e-01
1.172560055467189721e-01
1.157061870386232039e-01
1.168209687725164647e-01
1.136533572603557196e-01
1.107712386312654229e-01
1.172560055467189721e-01
1.172560055467189721e-01
1.151895808692579432e-01
1.172560055467189721e-01
1.143738869176286893e-01
1.114917682885377959e-01
1.086096496594474992e-01
1.172560055467189721e-01
1.106624794377143728e-01
1.167393993773538363e-01
1.159508952241120328e-01
1.122122979458107517e-01
1.093301793167204689e-01
1.172560055467189721e-01
1.121715132482281746e-01
1.162227932079887005e-01
1.158149462321735323e-01
1.129328276030832356e-01
1.100507089739929528e-01
1.054828228448686095e-01
1.042864717158123733e-01
1.045447748004951216e-01
1.165354758894460024e-01
1.136533572603557196e-01
1.107712386312654229e-01
1.054012534497057452e-01
1.040961431270986948e-01
1.000584580665334067e-01
9.924276411490415284e-02
1.089359272400998030e-01
1.055372024416438986e-01
1.053196840545427559e-01
1.010780755060701336e-01
1.080794485908882080e-01
1.010101010100994956e-01
1.149720624821566894e-01
1.049118370787280735e-01
1.071821852440964506e-01
1.055643922400315987e-01
1.004663050423482140e-01
1.018393898609235015e-01
9.924276411490415284e-02
1.058906698206833058e-01
1.051565452642169163e-01
1.014859224818848299e-01
1.006702285302553262e-01
9.985453457862618343e-02
1.164946911918645217e-01
9.033810514295016747e-02
1.025055399214214319e-01
1.016898459697922891e-01
1.008741520181627854e-01
1.000584580665332818e-01
9.924276411490415284e-02
8.953600609051530490e-02
1.023831858286770730e-01
1.018937694576993874e-01
1.010780755060702585e-01
1.002623815544407548e-01
9.924276411490415284e-02
1.149720624821566894e-01
8.994385306632987631e-02
1.020976929456068605e-01
1.012819989939773568e-01
1.004663050423482140e-01
9.924276411490415284e-02
8.736082221950297599e-02
8.942724689696437967e-02
1.023016164335140837e-01
1.014859224818848299e-01
1.006702285302553262e-01
8.848919885259051710e-02
9.924276411490415284e-02
8.891064072759888304e-02
9.097706540506014794e-02
1.016898459697919282e-01
9.209184713895328389e-02
8.970132006471102926e-02
8.632760988077270436e-02
8.839403455823410805e-02
9.046045923569465130e-02
1.014043530867218407e-01
1.010780755060702585e-01
9.924276411490415284e-02
9.914759982054736909e-02
8.787742838886848651e-02
8.994385306632987631e-02
9.201027774379054447e-02
9.924276411490415284e-02
9.924276411490415284e-02
8.776866919531754740e-02
8.736082221950297599e-02
8.942724689696437967e-02
9.149367157442576948e-02
1.009149367157442800e-01
9.137131748168032808e-02
8.848919885259051710e-02
8.684421605013821488e-02
8.891064072759888304e-02
9.028372554617536405e-02
9.871256304634509759e-02
9.924276411490415284e-02
8.920972850986251534e-02
8.632760988077270436e-02
8.839403455823410805e-02
8.699375994126991307e-02
9.252688391315604111e-02
9.281237679622625358e-02
8.993025816713548504e-02
8.704813953804459159e-02
8.787742838886848651e-02
8.994385306632987631e-02
8.632760988077270436e-02
8.632760988077270436e-02
9.065078782440844085e-02
8.776866919531754740e-02
8.736082221950297599e-02
8.942724689696437967e-02
8.632760988077270436e-02
8.632760988077270436e-02
8.632760988077270436e-02
8.848919885259051710e-02
8.684421605013821488e-02
8.891064072759888304e-02
8.632760988077270436e-02
8.632760988077270436e-02
8.632760988077270436e-02
