1.095654420948361185e+00
1.050217494293466558e+00
1.074368405185408104e+00
9.841354063482490311e-01
9.019337611438905666e-01
8.311296782807182648e-01
8.033937723416164634e-01
7.958981868297515527e-01
8.139454756880140085e-01
7.497377148025324844e-01
7.116568327662688986e-01
6.647573108230327987e-01
6.416124725440369714e-01
6.315948145914982437e-01
6.136939575347775122e-01
6.612257203152588358e-01
5.958740686506734940e-01
5.719023213747362888e-01
5.679400490977216664e-01
5.531245962358410928e-01
5.356389164046685414e-01
4.802101727033892820e-01
5.141013824884789196e-01
5.119083509195054837e-01
5.139756234118608713e-01
4.799517636418451083e-01
4.725268099401349620e-01
4.633705155260777753e-01
4.578147207028725463e-01
4.574271071105559527e-01
4.460140402256770331e-01
4.553167664412759441e-01
4.527326758258320982e-01
4.391662000947498812e-01
4.352469959946594913e-01
4.209052930789437541e-01
4.240062018174770020e-01
4.168138162711569894e-01
4.237908609328567278e-01
4.195271114173737548e-01
4.176751798096385304e-01
3.988113183168955911e-01
4.065635901632284055e-01
3.975623411860974565e-01
4.006632499246305934e-01
4.056591584478226320e-01
3.854601834704335372e-01
3.894224557474481041e-01
3.947629096860329478e-01
3.848572289934965585e-01
3.842973426934837011e-01
3.871829105473963972e-01
3.820147293165078728e-01
3.827468883242172160e-01
3.792152978164434196e-01
3.745208665317195651e-01
3.697402988931478007e-01
3.682759808777292809e-01
3.780955252164174829e-01
3.701279124854643943e-01
3.630647314699169126e-01
3.650027994315001578e-01
3.623756406391317464e-01
3.576812093544078919e-01
3.542323097463284665e-01
3.547956415004953623e-01
3.605840044790901699e-01
3.395925750462983062e-01
3.458374607002884793e-01
3.424350747232868808e-01
3.485249149403503166e-01
3.542357552004823940e-01
3.333046212153838450e-01
3.315388259614970301e-01
3.368792799000817628e-01
3.391618932770575912e-01
3.383005297385762722e-01
3.494982557388347510e-01
3.222791679228218520e-01
3.239157586459364691e-01
3.220638270382014667e-01
3.156897368534389847e-01
3.268443946767733421e-01
3.198242818381497043e-01
3.180154184073388235e-01
3.182738274688832192e-01
3.195658727766053087e-01
3.133640552995392570e-01
3.171540548688576155e-01
3.079374650071061703e-01
3.094879193763728220e-01
3.139670097764760692e-01
3.144838278995649716e-01
3.129764417072224414e-01
3.096601920840689748e-01
3.060855333993710015e-01
3.047073517378008356e-01
3.065592833455358379e-01
3.010465566992548414e-01
3.047073517378008356e-01
3.046349972005684137e-01
3.031999655454583054e-01
3.044489426762564954e-01
3.040613290839397354e-01
3.019079202377362159e-01
2.998837159223048388e-01
3.012618975838751711e-01
2.997975795684568179e-01
2.984193979068865965e-01
2.990223523838235198e-01
2.968689435376199448e-01
2.922175804298202118e-01
2.934234893836942804e-01
2.960937163529866467e-01
3.022524656531287435e-01
2.962229208837587335e-01
2.941556483914034570e-01
2.895042852836038905e-01
2.988070114992033011e-01
2.960937163529866467e-01
2.936818984452387316e-01
2.960937163529866467e-01
2.945432619837201615e-01
2.902364442913130116e-01
2.889874671605149881e-01
2.855420130065893236e-01
2.930789439683016417e-01
2.956199664068219213e-01
2.938972393298590058e-01
2.909686032990221882e-01
2.795986045910677231e-01
2.803738317757009102e-01
2.763254231448383225e-01
2.902364442913130671e-01
2.926775485593690607e-01
2.789525819372064563e-01
2.797278091218396989e-01
2.792109909987508520e-01
2.761342004392952076e-01
2.737844007063179319e-01
2.825272406219044852e-01
2.801584908910806915e-01
2.798570136526121188e-01
2.715017873293423256e-01
2.691003057840559709e-01
2.836900813988542658e-01
2.810198544295620104e-01
2.782634911064214012e-01
2.799862181833843167e-01
2.722339463370515578e-01
2.640509927214780839e-01
2.663766742753779226e-01
2.641371290753262158e-01
2.655583789138206696e-01
2.761962186140659026e-01
2.686162194754295185e-01
2.672380378138594081e-01
2.646108790214911077e-01
2.644386063137947329e-01
2.639217881907059415e-01
2.638356518368575321e-01
2.612084930444895092e-01
2.584521297213488999e-01
2.563848572289932348e-01
2.579353115982601086e-01
2.627158792368319284e-01
2.646539471984151737e-01
2.407080408286316753e-01
2.382962229208835936e-01
2.499676988673069367e-01
2.563417890520694464e-01
2.627158792368319284e-01
2.627158792368319284e-01
2.307592919591712755e-01
2.416555407209612094e-01
2.456178129979757763e-01
2.547482665058787288e-01
2.609500839829451135e-01
2.627158792368319284e-01
2.274861105129420413e-01
2.301563374822343522e-01
2.394590636978337628e-01
2.531547439596881777e-01
2.591842887290581876e-01
2.108617942202508366e-01
2.221456565743572809e-01
2.278306559283345967e-01
2.373487230285543370e-01
2.503553124596236135e-01
2.574184934751710951e-01
2.075024764201729155e-01
2.137129075326238692e-01
2.255049743744346469e-01
2.327404280976786977e-01
2.427322451440629691e-01
2.527240621904474627e-01
2.045738403893362367e-01
2.140488393126320221e-01
2.231792928205348636e-01
2.285197467591200127e-01
2.340324734054008704e-01
2.437658813902405519e-01
2.045738403893362367e-01
2.098712261509967369e-01
2.208536112666351081e-01
2.215857702743441460e-01
2.248158835436497582e-01
2.045738403893362367e-01
2.045738403893362367e-01
2.081054308971099498e-01
2.118954304664284194e-01
2.278306559283344024e-01
2.276583832206384994e-01
2.045738403893362367e-01
2.040570222662474453e-01
2.063396356432230516e-01
2.129721348895302624e-01
2.066841810586156625e-01
2.244713381282572306e-01
2.045738403893362367e-01
2.038847495585511815e-01
2.045738403893362367e-01
2.080192945432621787e-01
2.000947499892328785e-01
1.978552047891811716e-01
2.022050906585123042e-01
2.037124768508549177e-01
2.044015676816399729e-01
2.028941814892974704e-01
2.006546362892457358e-01
2.045738403893362367e-01
1.961755458891424053e-01
1.991041819199793617e-01
2.042292949739437091e-01
2.041431586200954662e-01
2.012145225892587042e-01
1.989749773892070805e-01
1.967354321891553459e-01
1.984150910891941122e-01
2.040570222662474453e-01
2.020328179508161515e-01
2.017744088892715615e-01
1.995348636892199379e-01
1.952280459968128434e-01
1.936775916275462750e-01
1.950557732891165796e-01
2.045738403893362367e-01
1.987165683276625738e-01
2.000947499892328785e-01
1.978552047891811716e-01
1.940652052198629796e-01
1.925147508505964944e-01
1.911365691890261898e-01
1.969507730737758699e-01
1.905766828890132492e-01
1.960032731814462248e-01
1.944528188121795731e-01
1.896291829966837983e-01
1.914380464274945681e-01
1.994917955122959552e-01
1.873035014427840150e-01
1.963908867737629294e-01
1.948404324044962499e-01
1.932899780352296815e-01
1.917395236659632241e-01
1.887678194582022850e-01
1.884232740428094521e-01
1.967785003660795229e-01
1.952280459968128434e-01
1.907489555967095962e-01
1.885094103966578893e-01
1.862698651966062380e-01
1.885524785735816500e-01
1.876480468581765426e-01
1.935483870967741882e-01
1.940652052198629796e-01
1.890692966966708299e-01
1.868297514966192063e-01
1.914811146044189116e-01
1.874757741504802788e-01
1.960032731814462248e-01
1.918687281967354219e-01
1.896291829966837983e-01
1.873896377966320637e-01
1.866144106119987656e-01
1.873035014427840150e-01
1.879925922735690702e-01
1.924286144967483625e-01
1.901890692966967389e-01
1.879495240966450043e-01
1.864421379043025018e-01
1.871312287350875847e-01
1.862698651966062380e-01
1.862698651966062380e-01
1.907489555967095962e-01
1.885094103966578893e-01
1.862698651966062380e-01
1.869589560273912932e-01
1.862698651966062380e-01
1.935483870967741882e-01
1.913088418967225646e-01
1.890692966966708299e-01
1.868297514966192063e-01
1.863525560963003591e-01
1.874757741504802788e-01
1.862698651966062380e-01
1.862698651966062380e-01
1.896291829966837983e-01
1.873896377966320637e-01
1.866144106119987656e-01
1.862698651966062380e-01
1.862698651966062380e-01
1.862698651966062380e-01
1.862698651966062380e-01
1.878633877427968724e-01
1.864421379043025018e-01
1.862698651966062380e-01
1.862698651966062380e-01
1.862698651966062380e-01
1.862698651966062380e-01
1.862698651966062380e-01
1.862698651966062380e-01
1.862698651966062380e-01
1.862698651966062380e-01
1.862698651966062380e-01
1.862698651966062380e-01
1.856238425427451655e-01
1.855807743658211828e-01
1.862698651966062380e-01
1.862698651966062380e-01
1.862698651966062380e-01
1.862698651966062380e-01
1.821353202118953241e-01
1.862698651966062380e-01
1.862698651966062380e-01
1.862698651966062380e-01
1.862698651966062380e-01
1.862698651966062380e-01
1.814462293811102689e-01
1.842025927042508782e-01
1.862698651966062380e-01
1.862698651966062380e-01
1.862698651966062380e-01
1.802403204272364223e-01
1.807571385503252137e-01
1.835135018734658230e-01
1.862698651966062380e-01
1.862698651966062380e-01
1.862698651966062380e-01
1.862698651966062380e-01
1.800680477195399642e-01
1.828244110426805735e-01
1.855807743658211828e-01
1.862698651966062380e-01
1.862698651966062380e-01
1.785175933502733958e-01
1.793789568887549091e-01
1.821353202118953241e-01
1.848916835350359333e-01
1.862698651966062380e-01
1.862698651966062380e-01
1.759335027348292446e-01
1.786898660579698539e-01
1.814462293811102689e-01
1.842025927042508782e-01
1.862698651966062380e-01
1.862698651966062380e-01
1.752444119040441894e-01
1.780007752271846044e-01
1.807571385503252137e-01
1.835135018734658230e-01
1.862698651966062380e-01
1.724880485809035802e-01
1.759335027348292446e-01
1.773116843963995493e-01
1.800680477195399642e-01
1.828244110426805735e-01
1.855807743658211828e-01
1.862698651966062380e-01
1.738662302424738848e-01
1.766225935656142998e-01
1.793789568887549091e-01
1.785175933502733958e-01
1.835135018734658230e-01
1.714544123347258031e-01
1.719281622808906396e-01
1.645204358499504915e-01
1.786898660579698539e-01
1.814462293811102689e-01
1.823937292734399140e-01
1.677505491192557430e-01
1.625823678883670520e-01
1.574141866574789439e-01
1.780007752271846044e-01
1.807571385503252137e-01
