6.176951768725652547e-01
5.984932907230546828e-01
5.652554314290714199e-01
5.250292408432414293e-01
5.113027141028356759e-01
4.931091074865768809e-01
4.832337149225003348e-01
4.727950562253063760e-01
4.719241856310037453e-01
4.640959283852608697e-01
4.360523480166880184e-01
4.241607647746843957e-01
4.199261380904579788e-01
4.270728764701006153e-01
4.184249546421567878e-01
3.971228852193294245e-01
3.888341422532488045e-01
3.844318987668192689e-01
3.824702295981801115e-01
3.824794393125868219e-01
3.794126044151371335e-01
3.787495049778507594e-01
3.596117184406111833e-01
3.564395244103482074e-01
3.549799688711652856e-01
3.486797874397914998e-01
3.452721931092916363e-01
3.536548751623206921e-01
3.355743638389773187e-01
3.328482883745777499e-01
3.288881111796724821e-01
3.268527642957791968e-01
3.281513340271319246e-01
3.239332848288375422e-01
3.234923237030414289e-01
3.223952625229090652e-01
3.185179727576647468e-01
3.140696806992015477e-01
3.165747230178391214e-01
3.157248505723844745e-01
3.151748464280123008e-01
3.137289212661517057e-01
3.051904108453598052e-01
2.982289719195808653e-01
3.063979885983738050e-01
3.082767703373521240e-01
3.006971753805915415e-01
2.982934399204280607e-01
2.962304638933146994e-01
2.931728387102717215e-01
2.911927501128189766e-01
2.933294038551863547e-01
2.964330776102634957e-01
2.866822003849663902e-01
2.899954872399408412e-01
2.858326963280869437e-01
2.851788066052072801e-01
2.814120334128439316e-01
2.738232287416768052e-01
2.837605105865667054e-01
2.796621876755602254e-01
2.772584522153968556e-01
2.749744430425212771e-01
2.757848979103158515e-01
2.729390961586281028e-01
2.703603761247363457e-01
2.744955378933698897e-01
2.693657269688068401e-01
2.721286412908334729e-01
2.659673423527136871e-01
2.680395280942340919e-01
2.698446321179580054e-01
2.690710161077904949e-01
2.678092852340650531e-01
2.594258664038831541e-01
2.633886223188218745e-01
2.666672806476270141e-01
2.659949714959342071e-01
2.662712629281367427e-01
2.587653456866303991e-01
2.556708816459603018e-01
2.597139462705263524e-01
2.613532754349287557e-01
2.647700794798355517e-01
2.664646669306786619e-01
2.473452998222529231e-01
2.531290004696952756e-01
2.547222810620643485e-01
2.595665908400181521e-01
2.634254611764488274e-01
2.512060121015627923e-01
2.464519575247972050e-01
2.518948987391900762e-01
2.512962673027508420e-01
2.418563100358259166e-01
2.434772197714150099e-01
2.406037888765070465e-01
2.454020500824269924e-01
2.486899181256388147e-01
2.507897330103794342e-01
2.490859358451295580e-01
2.413866146010812952e-01
2.412024203129461142e-01
2.431640894815851883e-01
2.432838157688730629e-01
2.406037888765070465e-01
2.402354003002366567e-01
2.408432414510824626e-01
2.416721157476907356e-01
2.414695020307419115e-01
2.415523894604028332e-01
2.362291745332976978e-01
2.379145522697340975e-01
2.396828174358312802e-01
2.402630294434568714e-01
2.398485922951529847e-01
2.375645831222775173e-01
2.365607242519409681e-01
2.330241939197463252e-01
2.385592322782078278e-01
2.390933957137989230e-01
2.396828174358312802e-01
2.369199031138041200e-01
2.372975014044813868e-01
2.334662602112707319e-01
2.331807590646612915e-01
2.326613311721197896e-01
2.397288660078651101e-01
2.374448568349894761e-01
2.321953196231385519e-01
2.300218270231440543e-01
2.292297915841627620e-01
2.289350807231465834e-01
2.382092631307502761e-01
2.382276825595637249e-01
2.326281762002558873e-01
2.301968115968723583e-01
2.297455355909412134e-01
2.279312218528103673e-01
2.359989316731288533e-01
2.389368305688839567e-01
2.332820659231357174e-01
2.307770236044981160e-01
2.265405549773899796e-01
2.248643869553603181e-01
2.212357594790986259e-01
2.359989316731288533e-01
2.337517613578801723e-01
2.301783921680587153e-01
2.272681224155236601e-01
2.258037778248492278e-01
2.217238743426563907e-01
2.354095099510965239e-01
2.323242556248328317e-01
2.307770236044979495e-01
2.279956898536576737e-01
2.250854201011227851e-01
2.194490748841879946e-01
2.190991057367307759e-01
2.181044565808014368e-01
2.287070481944351585e-01
2.215691511406231995e-01
2.193293485969001200e-01
2.187767657324947157e-01
2.182241828680893392e-01
2.179571011502933753e-01
2.286772087197570247e-01
2.236487046536682066e-01
2.141258599570825261e-01
2.189149114485959002e-01
2.183623285841906625e-01
2.178097457197852860e-01
2.178097457197852860e-01
2.161796262697894544e-01
2.193846068833403551e-01
2.187583463036811005e-01
2.091526141774349423e-01
2.160783194113153893e-01
2.083237398808265306e-01
2.084895147401479298e-01
2.116392370672585677e-01
2.189149114485959002e-01
2.074396072977773842e-01
2.143468931028456315e-01
2.045477569740564439e-01
2.066107330011697774e-01
2.134351313765759373e-01
2.041793683977858875e-01
2.078356250172682662e-01
2.125049502214935992e-01
2.038478186791426172e-01
2.060213112791375867e-01
2.083789981672670988e-01
2.030742026689752733e-01
2.085816118842152567e-01
2.107366850553966109e-01
2.030742026689752733e-01
2.054318895571047854e-01
2.077895764452344363e-01
2.030742026689752733e-01
2.030742026689752733e-01
2.063436512833734804e-01
2.033597038155845471e-01
2.048424678350725947e-01
2.071537377625919385e-01
2.030742026689752733e-01
2.030742026689752733e-01
2.030742026689752733e-01
2.041056906825315376e-01
2.042162072554131735e-01
2.030742026689752733e-01
2.030742026689752733e-01
2.030742026689752733e-01
2.030742026689752733e-01
2.030742026689752733e-01
2.036452049621944593e-01
2.029821055249077522e-01
2.029084278096535410e-01
1.902174413571442180e-01
1.981377957469543094e-01
2.030742026689752733e-01
2.030742026689752733e-01
2.030005249537212286e-01
2.029268472384671840e-01
2.028531695232131393e-01
1.956788020003508710e-01
1.937263425461182020e-01
2.012046306444041921e-01
2.030189443825347051e-01
2.029452666672806604e-01
1.831812195503816632e-01
1.932198082537456563e-01
1.982483123198365838e-01
1.993350586198329444e-01
2.030373638113481538e-01
2.029636860960941369e-01
2.028900083808400923e-01
1.905029425037529922e-01
1.899871984969745409e-01
1.974654865952605309e-01
2.026137169486373901e-01
2.029821055249077522e-01
1.729952754165099416e-01
1.806393383741174696e-01
1.878044961825736658e-01
1.955959145706892832e-01
1.563349020546872803e-01
2.030005249537212286e-01
1.758594965970118051e-01
1.785487332037842545e-01
1.859533435868158668e-01
1.933579539698478122e-01
1.563349020546872803e-01
1.636934638656857288e-01
1.727558228419336928e-01
1.766975806080251787e-01
1.841021909910571241e-01
1.916357373757849869e-01
1.989114117571221529e-01
1.612160506902688140e-01
1.706283788139735247e-01
1.748464280122675463e-01
1.822510383952994917e-01
1.896556487783312706e-01
1.969497425884820796e-01
2.026137169486373901e-01
1.655906650334781627e-01
1.727005645554937630e-01
1.803998857995417204e-01
1.878044961825736658e-01
1.950617511350973554e-01
1.558744163343493971e-01
1.633527044326353872e-01
1.711441228207523091e-01
1.785487332037842545e-01
1.859533435868158668e-01
1.559665134784169183e-01
1.558928357631628736e-01
1.614831324080641395e-01
1.689614205063501295e-01
1.766975806080251787e-01
1.560586106224845782e-01
1.559849329072305335e-01
1.559112551919765166e-01
1.596135603834930583e-01
1.670918484817788818e-01
1.745701365800648441e-01
1.734373417080338486e-01
1.560033523360440100e-01
1.559296746207899653e-01
1.577439883589218106e-01
1.652222764572077729e-01
1.727005645554937630e-01
1.799578195080174525e-01
1.560217717648574864e-01
1.559480940496034418e-01
1.558744163343493971e-01
1.633527044326353872e-01
1.702047319512632328e-01
1.778303754800571457e-01
1.558744163343493971e-01
1.559665134784169183e-01
1.558928357631628736e-01
1.606726775402696761e-01
1.682983210690650600e-01
1.652222764572069680e-01
1.558744163343493971e-01
1.559849329072305335e-01
1.559112551919765166e-01
1.596135603834917260e-01
1.558744163343493971e-01
1.558744163343493971e-01
1.558744163343493971e-01
1.558744163343493971e-01
1.559296746207899653e-01
1.568598557758733025e-01
1.644854993046658831e-01
1.558744163343493971e-01
1.558744163343493971e-01
1.558744163343493971e-01
1.558744163343493971e-01
1.558744163343493971e-01
1.558744163343493971e-01
1.558744163343493971e-01
1.558744163343493971e-01
1.558744163343493971e-01
1.558744163343493971e-01
1.558559969055359207e-01
1.558744163343493971e-01
1.558744163343493971e-01
1.558744163343493971e-01
1.558744163343493971e-01
1.558744163343493971e-01
1.558375774767224720e-01
1.558744163343493971e-01
1.558744163343493971e-01
1.558744163343493971e-01
1.558744163343493971e-01
1.558744163343493971e-01
1.557638997614682608e-01
1.558744163343493971e-01
1.558744163343493971e-01
1.558744163343493971e-01
1.558744163343493971e-01
1.558744163343493971e-01
1.557270609038413078e-01
1.558744163343493971e-01
1.558744163343493971e-01
1.558744163343493971e-01
1.558744163343493971e-01
1.558744163343493971e-01
1.556902220462142161e-01
1.558375774767224720e-01
1.558744163343493971e-01
1.558744163343493971e-01
1.558744163343493971e-01
1.555060277580792016e-01
1.556533831885872632e-01
1.558007386190953525e-01
1.558744163343493971e-01
1.558744163343493971e-01
1.553218334699439929e-01
1.554691889004520822e-01
1.556165443309603380e-01
1.557638997614682608e-01
1.552481557546896429e-01
1.558744163343493971e-01
1.558744163343493971e-01
1.554323500428251570e-01
1.555797054733332463e-01
1.557270609038413078e-01
1.558744163343493971e-01
1.558744163343493971e-01
1.552481557546899760e-01
1.553955111851980375e-01
1.555428666157061268e-01
1.556902220462142161e-01
1.558375774767224720e-01
1.539956345953710781e-01
1.552113168970630230e-01
1.553586723275711123e-01
1.555060277580792016e-01
1.556533831885872632e-01
1.558007386190953525e-01
1.546218951750308601e-01
1.521168528563927869e-01
1.553218334699439929e-01
1.554691889004520822e-01
1.556165443309603380e-01
1.557638997614682608e-01
1.543640231716411348e-01
1.551376391818089784e-01
1.499433602563982892e-01
1.554323500428251570e-01
1.555797054733332463e-01
