5.950812191384300398e-01
5.941585788069697616e-01
6.040955786366989377e-01
5.667599750269595171e-01
5.190501163516654248e-01
5.007775696691072476e-01
4.872285600771894543e-01
4.815256257449345711e-01
4.841704977581021141e-01
4.589168511266246697e-01
4.505994664850444531e-01
4.320903570009647643e-01
4.199157727453315392e-01
4.186162665304500874e-01
4.242919575458310999e-01
4.172781656166636433e-01
4.077416425449800208e-01
3.991999545944719952e-01
3.898745672285601205e-01
3.871924626823314841e-01
3.936091719166809888e-01
3.941767410182189790e-01
3.830977921561950494e-01
3.795221068165047784e-01
3.635734150632839445e-01
3.562404222714113389e-01
3.656847721210058078e-01
3.728701969464781052e-01
3.650377433452520748e-01
3.569896134854418368e-01
3.476247233100629441e-01
3.396333503604062609e-01
3.362592655655822216e-01
3.600090811056246287e-01
3.573664793688631769e-01
3.436403882172652802e-01
3.383846983370227268e-01
3.267949372836138622e-01
3.184970770191271616e-01
3.107554344741468855e-01
3.476133719280323220e-01
3.378171292354843480e-01
3.243071683977519770e-01
3.185311311652192501e-01
3.064192065383961050e-01
3.003575685339688883e-01
2.965548555536635655e-01
3.332425222770867834e-01
3.168738293887281010e-01
3.075202905953796084e-01
2.960553947443101408e-01
2.906521368976668351e-01
2.940462001248650981e-01
2.855667177478856122e-01
2.785629150349054894e-01
2.861456382314543356e-01
2.881548328508996004e-01
2.835007662182869592e-01
2.810792894034847000e-01
2.581985356717179658e-01
2.635790907542992501e-01
2.756683126170613174e-01
2.823656280152107567e-01
2.789602134059821492e-01
2.666680288325103954e-01
2.566206935694418934e-01
2.545547420398432958e-01
2.563596117827344201e-01
2.496069016402751028e-01
2.571088029967646960e-01
2.525682501844598304e-01
2.446222827629263297e-01
2.445768772348033693e-01
2.507520290595377510e-01
2.455190419433565530e-01
2.432941710653271916e-01
2.370736137124693776e-01
2.368919915999767867e-01
2.353822577898860013e-01
2.370622623304387278e-01
2.309438674158579285e-01
2.368465860718541593e-01
2.314433282252113255e-01
2.359498268914241026e-01
2.338384698337023226e-01
2.340541460922866968e-01
2.283330495487826406e-01
2.284465633690902220e-01
2.317384641580112481e-01
2.299449457971507738e-01
2.287984562120438381e-01
2.295249446620125366e-01
2.283444009308133738e-01
2.284465633690902220e-01
2.175492366195586336e-01
2.239150916624099708e-01
2.284465633690902220e-01
2.281741302003520433e-01
2.103751631761169860e-01
2.133265225041151569e-01
2.169816675180203380e-01
2.210114081389407126e-01
2.267892615925992672e-01
2.275611555706908151e-01
2.034508201373518288e-01
2.090924570066406141e-01
2.146546342017143782e-01
2.182870764515582873e-01
2.248708780294001730e-01
2.009194619444917007e-01
2.010125432771440457e-01
2.054032578466428172e-01
2.131108462455305608e-01
2.154832850899597030e-01
2.210114081389415175e-01
1.944718769510190570e-01
1.995005391906466974e-01
2.038140643623361781e-01
2.047221749247972733e-01
2.128611158408541815e-01
1.941540382541574461e-01
1.941086327260344857e-01
1.984221578977243827e-01
2.027356830694140577e-01
1.963448549860946912e-01
1.972061978545885386e-01
1.926329530620354002e-01
1.938248481752654906e-01
1.932572790737273061e-01
1.979340484704013303e-01
1.916680855894204449e-01
1.899653782848062522e-01
1.923378171292356720e-01
1.920426811964357494e-01
1.916340314433280512e-01
1.924059254214200987e-01
1.912707872183438962e-01
1.870140189568078870e-01
1.870140189568080813e-01
1.899199727566835139e-01
1.925970826948180392e-01
1.891140246324990448e-01
1.868323968443157124e-01
1.868778023724388671e-01
1.819967080992109798e-01
1.812929224133039419e-01
1.867302344060388919e-01
1.839150916624095466e-01
1.819967080992111741e-01
1.868664509904081339e-01
1.821896815937338876e-01
1.810545433906576851e-01
1.792728304671092343e-01
1.846188773483170009e-01
1.797377830750893080e-01
1.868550996083773730e-01
1.795221068165049338e-01
1.813383279414268745e-01
1.787502128384130806e-01
1.802258925024121661e-01
1.796356206368124875e-01
1.796356206368124875e-01
1.787729156024747412e-01
1.792269708837051778e-01
1.782734547931209557e-01
1.799307565696122158e-01
1.796356206368124875e-01
1.777281344003643626e-01
1.746183097792159689e-01
1.737329019808161734e-01
1.778193995118905191e-01
1.796356206368124875e-01
1.796356206368124875e-01
1.694534309552186979e-01
1.735853340144168089e-01
1.729950621488169360e-01
1.760009081105622930e-01
1.788183211305977016e-01
1.690561325841423435e-01
1.663545036608207739e-01
1.693058629888189170e-01
1.722572223168168937e-01
1.747318235995235225e-01
1.773426414665990047e-01
1.645496339179299272e-01
1.651512571655597283e-01
1.656734207389750080e-01
1.715193824848174342e-01
1.744707418128156051e-01
1.761961518814914862e-01
1.615074635336850861e-01
1.641977410749755062e-01
1.678301833248200536e-01
1.707815426528181968e-01
1.708269481809411572e-01
1.752312844088769195e-01
1.611896248368238638e-01
1.646063908280834265e-01
1.663885578069129734e-01
1.653215278960217804e-01
1.667631534139286664e-01
1.680572109654355772e-01
1.611896248368238638e-01
1.612577331290084848e-01
1.613485441852545721e-01
1.604858391509166315e-01
1.658436914694362274e-01
1.611896248368238638e-01
1.611896248368238638e-01
1.597593507009475444e-01
1.568988024291956551e-01
1.614166524774391931e-01
1.511777058856915157e-01
1.611896248368238638e-01
1.600998921618706217e-01
1.612123276008853578e-01
1.576139394971334262e-01
1.547533912253813704e-01
1.552982575628578943e-01
1.611896248368238638e-01
1.611896248368238638e-01
1.611896248368238638e-01
1.583290765650718079e-01
1.554685282933197243e-01
1.526079800215672522e-01
1.579204268119644983e-01
1.483625631420621982e-01
1.608263806118395145e-01
1.590442136330097733e-01
1.561836653612576897e-01
1.533231170895056339e-01
1.533004143254441676e-01
1.475420852488785461e-01
1.604631363868551652e-01
1.597593507009475444e-01
1.568988024291956551e-01
1.540382541574435993e-01
1.471820194108632573e-01
1.481677734264142954e-01
1.600998921618706217e-01
1.604744877688855098e-01
1.557409614620590133e-01
1.547533912253813704e-01
1.475339122538166514e-01
1.461263408820024090e-01
1.458539077132639250e-01
1.611896248368238638e-01
1.548328508995969188e-01
1.551960951245816567e-01
1.478858050967702675e-01
1.464782337249558031e-01
1.593734037119021174e-01
1.603496225665476116e-01
1.541517679777513472e-01
1.496452693115385701e-01
1.482376979397241057e-01
1.468301265679096412e-01
1.454225551960949547e-01
1.433566036664962184e-01
1.517679777512911943e-01
1.510868948294454284e-01
1.485895907826777218e-01
1.471820194108632573e-01
1.434701174868039664e-01
1.437879561836651887e-01
1.515409501106756707e-01
1.512571655599068698e-01
1.489414836256311159e-01
1.475339122538166514e-01
1.434928202508656547e-01
1.447187695101877225e-01
1.342300925137634715e-01
1.484760769623703625e-01
1.448436347125258150e-01
1.478858050967702675e-01
1.435155230149269268e-01
1.434247119586808394e-01
1.349452295817014369e-01
1.353198251887167136e-01
1.367728020886541385e-01
1.387629263862868723e-01
1.366502071627221093e-01
1.425620069243430932e-01
1.356603666496392080e-01
1.349565809637323643e-01
1.466598558374479777e-01
1.474544525796012973e-01
1.357738804699471502e-01
1.392360519893296456e-01
1.363755037175775620e-01
1.345933367387480151e-01
1.360463136386856342e-01
1.406663261252051877e-01
1.435836313071115200e-01
1.399511890572676109e-01
1.370906407855155273e-01
1.342300925137634715e-01
1.356830694137010629e-01
1.342300925137634715e-01
1.369317214370846247e-01
1.342300925137634715e-01
1.378057778534532984e-01
1.349452295817008263e-01
1.353198251887167136e-01
1.342300925137634715e-01
1.342300925137634715e-01
1.413814631931433474e-01
1.385209149213916802e-01
1.356603666496392080e-01
1.349565809637321701e-01
1.342300925137634715e-01
1.342300925137634715e-01
1.342300925137634715e-01
1.342300925137634715e-01
1.353879334809011403e-01
1.342300925137634715e-01
1.342300925137634715e-01
1.342300925137634715e-01
1.342300925137634715e-01
1.342300925137634715e-01
1.342300925137634715e-01
1.342300925137634715e-01
1.342300925137634715e-01
1.342300925137634715e-01
1.342300925137634715e-01
1.342300925137634715e-01
1.342300925137634715e-01
1.346160395028090928e-01
1.342300925137634715e-01
1.342300925137634715e-01
1.342300925137634715e-01
1.342300925137634715e-01
1.342300925137634715e-01
1.351073273171004008e-01
1.342300925137634715e-01
1.342300925137634715e-01
1.342300925137634715e-01
1.342300925137634715e-01
1.342300925137634715e-01
1.332425222770870221e-01
1.342300925137634715e-01
1.342300925137634715e-01
1.342300925137634715e-01
1.342300925137634715e-01
1.342300925137634715e-01
1.357738804699467616e-01
1.342300925137634715e-01
1.342300925137634715e-01
1.315398149724726351e-01
1.342300925137634715e-01
1.342300925137634715e-01
1.325841421193029446e-01
1.339009024348717103e-01
1.342300925137634715e-01
1.342300925137634715e-01
1.342300925137634715e-01
1.309381917248426119e-01
1.322549520404107948e-01
1.335717123559793662e-01
1.289553323117081651e-01
1.342300925137634715e-01
1.292922413303821128e-01
1.306090016459502678e-01
1.319257619615190613e-01
1.332425222770870221e-01
1.336738747942557981e-01
1.342300925137634715e-01
1.322322492763495227e-01
1.302798115670585344e-01
1.315965718826267172e-01
1.329133321981952887e-01
1.342300925137634715e-01
1.287700777569672494e-01
1.342300925137634715e-01
1.299506214881661903e-01
1.312673818037343731e-01
1.325841421193029446e-01
1.337533344684719572e-01
1.302911629490890733e-01
1.283046710937058577e-01
1.336171178841023266e-01
1.309381917248426119e-01
1.322549520404107948e-01
1.332765764231796379e-01
1.331176570747489296e-01
1.246381746977693328e-01
1.292922413303821128e-01
1.306090016459502678e-01
1.319257619615190613e-01
1.332425222770870221e-01
1.336738747942557981e-01
1.248652023383848564e-01
1.289630512514899630e-01
1.302798115670585344e-01
1.315965718826267172e-01
