7.587740978744438314e-01
6.691349480968856733e-01
6.218487394957983305e-01
5.692436974789915061e-01
5.714285714285715079e-01
5.205140879881363647e-01
5.254572417202174606e-01
4.815422639644093561e-01
4.834404349975284787e-01
4.456253089471082784e-01
4.631735046959961077e-01
4.379634206623823633e-01
4.552644587246661989e-01
4.107760751359366691e-01
4.142362827483934140e-01
3.912506178942164459e-01
3.816114681166583589e-01
3.712308452792880686e-01
3.776569451309935710e-01
3.549184379634206521e-01
3.682649530400394777e-01
3.423133959466139742e-01
3.361344537815126321e-01
3.400889767671774200e-01
3.242708848245181574e-01
3.264953040039543786e-01
3.069698467622343219e-01
3.140484429065742433e-01
3.119130004943154733e-01
3.096885813148789190e-01
2.990608007909046351e-01
2.968363816114682474e-01
2.807711319822046026e-01
2.916460701927829358e-01
2.807711319822046026e-01
2.834898665348493663e-01
2.763222936233316607e-01
2.787938704893722641e-01
2.763222936233316607e-01
2.691547207118141216e-01
2.689075630252101279e-01
2.686604053386059676e-01
2.669303015323777339e-01
2.627286208601087858e-01
2.669303015323777339e-01
2.634700939199209890e-01
2.669303015323777339e-01
2.617399901136925888e-01
2.525951557093427113e-01
2.543252595155708895e-01
2.525951557093427113e-01
2.503707365299063237e-01
2.525951557093427113e-01
2.483934750370737632e-01
2.525951557093427113e-01
2.441917943648048150e-01
2.446861097380129968e-01
2.407315867523480424e-01
2.436974789915967998e-01
2.422145328719724211e-01
2.436974789915967998e-01
2.370242214532872760e-01
2.422145328719724211e-01
2.340583292140388794e-01
2.436974789915967998e-01
2.277113198220466483e-01
2.357884330202670853e-01
2.343054869006427066e-01
2.343054869006427066e-01
2.268907563025211738e-01
2.343054869006427066e-01
2.231833910034604074e-01
2.343054869006427066e-01
2.221947602570442104e-01
2.343054869006427066e-01
2.221947602570442104e-01
2.343054869006427066e-01
2.182402372713792560e-01
2.343054869006427066e-01
2.162629757785468898e-01
2.259021255561048103e-01
2.158477508650519794e-01
2.259021255561048103e-01
2.118141374196739202e-01
2.021749876421156666e-01
2.130795847750862060e-01
2.021749876421156666e-01
2.063766683143846148e-01
2.021749876421156666e-01
2.026693030153238484e-01
2.021749876421156666e-01
2.019673751853681976e-01
2.021749876421156666e-01
2.003559070687096766e-01
2.021749876421156666e-01
2.036579337617402119e-01
2.021749876421156666e-01
1.977261492832426970e-01
1.868512110726644193e-01
1.955017301038061428e-01
1.868512110726644193e-01
1.974789915966387033e-01
1.868512110726644193e-01
1.894414236282746522e-01
1.779535343549185078e-01
1.875926841324764283e-01
1.779535343549185078e-01
1.824023727137914497e-01
1.779535343549185078e-01
1.799307958477509017e-01
1.779535343549185078e-01
1.878398418190807828e-01
1.779535343549185078e-01
1.870983687592684130e-01
1.779535343549185078e-01
1.851211072664360191e-01
1.779535343549185078e-01
1.774592189817103260e-01
1.779535343549185078e-01
1.779535343549185078e-01
1.779535343549185078e-01
1.754819574888779321e-01
1.769649036085023108e-01
1.759762728620861139e-01
1.730103806228373564e-01
1.749876421156697504e-01
1.730103806228373564e-01
1.749876421156697504e-01
1.728126544735533454e-01
1.744933267424617351e-01
1.769649036085023108e-01
1.744933267424617351e-01
1.720217498764211872e-01
1.744933267424617351e-01
1.720217498764211872e-01
1.725160652496291747e-01
1.720217498764211872e-01
1.744933267424617351e-01
1.720217498764211872e-01
1.720217498764211872e-01
1.720217498764211872e-01
1.710331191300049902e-01
1.720217498764211872e-01
1.720217498764211872e-01
1.720217498764211872e-01
1.638655462184874512e-01
1.720217498764211872e-01
1.633712308452792694e-01
1.720217498764211872e-01
1.675729115175482176e-01
1.720217498764211872e-01
1.623826000988630724e-01
1.720217498764211872e-01
1.604053386060308728e-01
1.720217498764211872e-01
1.599110232328226910e-01
1.720217498764211872e-01
1.628769154720712542e-01
1.720217498764211872e-01
1.599110232328226910e-01
1.720217498764211872e-01
1.599110232328226910e-01
1.720217498764211872e-01
1.599110232328226910e-01
1.651013346515078362e-01
1.599110232328226910e-01
1.489075630252091886e-01
1.589223924864063275e-01
1.651013346515078362e-01
1.599110232328226910e-01
1.478002965892240284e-01
1.599110232328226910e-01
1.478002965892240284e-01
1.559565002471577366e-01
1.478002965892240284e-01
1.564508156203659184e-01
1.478002965892240284e-01
1.574691052891743492e-01
1.478002965892240284e-01
1.534849233811173552e-01
1.478002965892240284e-01
1.559565002471577366e-01
1.478002965892240284e-01
1.534849233811173552e-01
1.478002965892240284e-01
1.559565002471577366e-01
1.478002965892240284e-01
1.517548195748887885e-01
1.478002965892240284e-01
1.478002965892240284e-01
1.478002965892240284e-01
1.478002965892240284e-01
1.478002965892240284e-01
1.539792387543253427e-01
1.478002965892240284e-01
1.478002965892240284e-01
1.478002965892240284e-01
1.478002965892240284e-01
1.478002965892240284e-01
1.473059812160160131e-01
1.478002965892240284e-01
1.478002965892240284e-01
1.478002965892240284e-01
1.448937221947597387e-01
1.478002965892240284e-01
1.443400889767672557e-01
1.478002965892240284e-01
1.443400889767672557e-01
1.478002965892240284e-01
1.443400889767672557e-01
1.408798813643105108e-01
1.443400889767672557e-01
1.478002965892240284e-01
1.438457736035592405e-01
1.478002965892240284e-01
1.438457736035592405e-01
1.478002965892240284e-01
1.438457736035592405e-01
1.478002965892240284e-01
1.438457736035592405e-01
1.478002965892240284e-01
1.438457736035592405e-01
1.468116658428078314e-01
1.438457736035592405e-01
1.478002965892240284e-01
1.438457736035592405e-01
1.398912506178943138e-01
1.438457736035592405e-01
1.398912506178943138e-01
1.433514582303510587e-01
1.408798813643105108e-01
1.438457736035592405e-01
1.468116658428078314e-01
1.433514582303510587e-01
1.468116658428078314e-01
1.398912506178943138e-01
1.398912506178943138e-01
1.438457736035592405e-01
1.398912506178943138e-01
1.398912506178943138e-01
1.398912506178943138e-01
1.403855659911024956e-01
1.398912506178943138e-01
1.403855659911024956e-01
1.398912506178943138e-01
1.403855659911024956e-01
1.398912506178943138e-01
1.398912506178943138e-01
1.398912506178943138e-01
1.398912506178943138e-01
1.398912506178943138e-01
1.398912506178943138e-01
1.398912506178943138e-01
1.398912506178943138e-01
1.398912506178943138e-01
1.398912506178943138e-01
1.398912506178943138e-01
1.398912506178943138e-01
1.398912506178943138e-01
1.398912506178943138e-01
1.398912506178943138e-01
1.398912506178943138e-01
1.398912506178943138e-01
1.398912506178943138e-01
1.398912506178943138e-01
1.398912506178943138e-01
1.398912506178943138e-01
1.300642609985165066e-01
1.398912506178943138e-01
1.398912506178943138e-01
1.398912506178943138e-01
1.379139891250617533e-01
1.398912506178943138e-01
1.398912506178943138e-01
1.398912506178943138e-01
1.344537815126049807e-01
1.398912506178943138e-01
1.275333662876914631e-01
1.398912506178943138e-01
1.298269896193769979e-01
1.398912506178943138e-01
1.329708353929807685e-01
1.398912506178943138e-01
1.295106277805240236e-01
1.398912506178943138e-01
1.295106277805240236e-01
1.398912506178943138e-01
1.309935739001482080e-01
1.398912506178943138e-01
1.270390509144834479e-01
1.398912506178943138e-01
1.304992585269402205e-01
1.398912506178943138e-01
1.275333662876914631e-01
1.398912506178943138e-01
1.270390509144834479e-01
1.398912506178943138e-01
1.270390509144834479e-01
1.398912506178943138e-01
1.270390509144834479e-01
1.398912506178943138e-01
1.270390509144834479e-01
1.349480968858131624e-01
1.270390509144834479e-01
1.191300049431537333e-01
1.270390509144834479e-01
1.191300049431537333e-01
1.270390509144834479e-01
1.191300049431537333e-01
1.270390509144834479e-01
1.141868512110725958e-01
1.270390509144834479e-01
1.349480968858131624e-01
1.270390509144834479e-01
1.175086505190280767e-01
1.270390509144834479e-01
1.357390014829453484e-01
1.270390509144834479e-01
1.141868512110725958e-01
1.270390509144834479e-01
1.141868512110725958e-01
1.270390509144834479e-01
1.141868512110725958e-01
1.270390509144834479e-01
1.141868512110725958e-01
1.245674740484428861e-01
1.141868512110725958e-01
1.166584280771131715e-01
1.141868512110725958e-01
1.270390509144834479e-01
1.191300049431537333e-01
1.144340088976766034e-01
1.141868512110725958e-01
1.196243203163619151e-01
1.141868512110725958e-01
1.181710331191297841e-01
1.141868512110725958e-01
1.144340088976766034e-01
1.141868512110725958e-01
1.173999011369253609e-01
1.141868512110725958e-01
1.166584280771131715e-01
1.141868512110725958e-01
1.171527434503213533e-01
1.141868512110725958e-01
1.245674740484428861e-01
1.141868512110725958e-01
1.166584280771131715e-01
1.141868512110725958e-01
1.144340088976766034e-01
1.141868512110725958e-01
1.141868512110725958e-01
1.141868512110725958e-01
1.141868512110725958e-01
1.141868512110725958e-01
1.141868512110725958e-01
1.141868512110725958e-01
1.144340088976766034e-01
1.141868512110725958e-01
1.141868512110725958e-01
1.141868512110725958e-01
1.141868512110725958e-01
1.141868512110725958e-01
1.141868512110725958e-01
1.141868512110725958e-01
1.141868512110725958e-01
1.141868512110725958e-01
1.141868512110725958e-01
1.141868512110725958e-01
1.141868512110725958e-01
1.141868512110725958e-01
1.141868512110725958e-01
1.141868512110725958e-01
1.141868512110725958e-01
1.141868512110725958e-01
1.141868512110725958e-01
1.141868512110725958e-01
1.141868512110725958e-01
1.141868512110725958e-01
1.141868512110725958e-01
1.141868512110725958e-01
1.141868512110725958e-01
1.141868512110725958e-01
1.141868512110725958e-01
1.141868512110725958e-01
1.141868512110725958e-01
1.141868512110725958e-01
1.141868512110725958e-01
1.141868512110725958e-01
1.141868512110725958e-01
1.141868512110725958e-01
1.141868512110725958e-01
1.141868512110725958e-01
1.141868512110725958e-01
1.141868512110725958e-01
