5.663140887548470115e-01
5.370616113744075548e-01
5.499892287806980029e-01
5.153571736320549102e-01
4.799457130547176154e-01
4.466704006893578716e-01
4.361266695389919845e-01
4.370314519603620274e-01
4.366975441619992404e-01
4.427962085308056461e-01
4.129918138733304489e-01
3.946208530805687675e-01
3.722102542007754145e-01
3.654782421370100787e-01
3.921938819474365956e-01
3.825613959500216432e-01
3.591663076260233067e-01
3.422554933218440731e-01
3.283283067643257280e-01
3.308810857389057336e-01
3.229750107712191509e-01
3.379470056010340229e-01
3.289638087031452329e-01
3.043838862559241631e-01
3.025312365359760780e-01
2.990844463593279046e-01
2.948621283929340198e-01
2.969517449375268514e-01
2.768604049978456993e-01
2.796854803963809699e-01
2.720271434726412307e-01
2.718655751831108303e-01
2.625161568289529623e-01
2.486859112451527687e-01
2.463485566566134266e-01
2.524666092201635070e-01
2.435372684187851466e-01
2.407582938388622973e-01
2.393795777682034276e-01
2.324536837570010395e-01
2.406936665230502981e-01
2.384747953468335235e-01
2.353295993106419015e-01
2.253769926755708475e-01
2.240736751400259907e-01
2.190124946143896523e-01
2.081538130116330487e-01
2.120529943989656052e-01
2.239659629470056312e-01
2.202391210685048506e-01
2.141318397242565619e-01
2.083153813011630329e-01
2.054610081861267534e-01
2.101680310211110347e-01
2.035760448082723773e-01
2.069797501077114132e-01
2.010448082722964824e-01
2.054502369668247674e-01
2.008940112020682900e-01
2.024342955622577267e-01
1.959069366652302913e-01
1.932356742783283843e-01
1.950667815596723864e-01
1.934618698836709505e-01
1.908552348125808484e-01
1.898319689788885711e-01
1.919969840585955267e-01
1.930956484274020113e-01
1.878069797501076277e-01
1.892826367944852317e-01
1.838647134855662946e-01
1.809564842740198076e-01
1.811503662214563881e-01
1.808703145196028650e-01
1.875700129254632420e-01
1.838323998276606697e-01
1.821951744937528594e-01
1.802886686772942892e-01
1.798901335631195308e-01
1.774666092201638012e-01
1.816850495476086402e-01
1.763248599741491507e-01
1.761094355881085705e-01
1.775204653166740087e-01
1.778112882378283799e-01
1.726195605342521755e-01
1.736320551486428554e-01
1.758616975441620045e-01
1.727380439465747708e-01
1.755756139594994436e-01
1.755277897457992453e-01
1.730396380870315165e-01
1.698621283929341030e-01
1.675570874623007744e-01
1.720594571305468501e-01
1.719633778543729341e-01
1.761094355881085705e-01
1.658767772511847705e-01
1.695497630331755379e-01
1.644657475226195265e-01
1.628285221887117162e-01
1.678802240413609370e-01
1.679233089185691308e-01
1.627208099956911347e-01
1.627638948728995227e-01
1.648750538560964651e-01
1.632378285221886549e-01
1.650258509263246576e-01
1.611051271003877128e-01
1.600064627315810339e-01
1.613528651443335293e-01
1.591447651874191294e-01
1.578306764325722866e-01
1.614713485566566797e-01
1.603726841878498066e-01
1.590478242137007558e-01
1.437957776820335265e-01
1.591447651874191294e-01
1.521973287376131301e-01
1.567212408444636218e-01
1.572490305902627672e-01
1.591447651874191294e-01
1.586492890995252480e-01
1.487371822490310691e-01
1.503123653597589482e-01
1.511956053425246582e-01
1.567750969409736073e-01
1.584769495906938053e-01
1.394226626454114215e-01
1.425678586816026550e-01
1.457333046100818541e-01
1.503123653597587539e-01
1.538453252908229540e-01
1.564519603619130561e-01
1.389595002154242753e-01
1.417815596725551519e-01
1.458961654459284829e-01
1.472964239551917132e-01
1.508509263248599130e-01
1.495592417061613333e-01
1.359435588108570403e-01
1.396488582507539877e-01
1.410383455407150377e-01
1.437850064627317070e-01
1.421477811288240911e-01
1.370637656182679132e-01
1.370637656182679132e-01
1.391318397242568561e-01
1.411999138302456325e-01
1.425786299009054181e-01
1.352361051270996872e-01
1.317858681602755155e-01
1.368698836708315270e-01
1.328953037483841804e-01
1.312149935372683707e-01
1.385286514433433369e-01
1.315704437742353239e-01
1.313981042654031317e-01
1.302132701421797045e-01
1.325183110728126723e-01
1.279082292115467645e-01
1.334015510555793260e-01
1.319366652305040966e-01
1.291146057733734143e-01
1.293300301594141888e-01
1.279082292115467645e-01
1.284467901766484788e-01
1.279082292115467645e-01
1.323028866867728692e-01
1.292869452822058007e-01
1.285975872468764769e-01
1.279082292115467645e-01
1.279082292115467645e-01
1.279082292115467645e-01
1.271650150797080103e-01
1.294592847910381872e-01
1.253769926755710362e-01
1.270034467901768604e-01
1.252154243860408578e-01
1.279082292115467645e-01
1.251938819474364695e-01
1.296316242998707680e-01
1.282959931064197034e-01
1.268957345971566675e-01
1.252154243860408578e-01
1.242244722102541915e-01
1.250000000000000833e-01
1.257755277897458224e-01
1.230611805256355273e-01
1.253076260232657002e-01
1.232550624730718997e-01
1.240305902628178053e-01
1.139379577768192264e-01
1.255816458423094362e-01
1.230611805256355273e-01
1.245260663507109511e-01
1.230611805256355273e-01
1.228672985781991411e-01
1.246122361051271443e-01
1.230611805256355273e-01
1.230611805256355273e-01
1.243537268418785785e-01
1.233196897888840932e-01
1.208358466178364593e-01
1.230611805256355273e-01
1.230611805256355273e-01
1.230611805256355273e-01
1.226734166307631435e-01
1.235781990521326729e-01
1.192481688927179984e-01
1.185803532959924800e-01
1.156290392072378131e-01
1.230611805256355273e-01
1.223071951744938157e-01
1.227380439465747680e-01
1.211546747091761800e-01
1.135286514433426625e-01
1.117621714778104791e-01
1.081413183972413372e-01
1.221994829814736228e-01
1.226303317535545750e-01
1.230611805256355273e-01
1.220917707884534298e-01
1.191619991383029570e-01
1.049439896596282840e-01
1.220917707884534298e-01
1.225226195605343821e-01
1.223825937096079952e-01
1.173416630762599971e-01
1.142059457130545352e-01
1.057087462300733277e-01
1.219840585954330425e-01
1.224149073675141891e-01
1.217040068935806713e-01
1.192481688927179984e-01
1.095756139594998985e-01
1.023804394657473332e-01
1.218763464024128634e-01
1.203683757001294263e-01
1.205407152089616185e-01
1.196897888841015195e-01
1.113744075829379010e-01
1.041792330891851415e-01
9.698405859543257623e-02
1.221994829814736228e-01
1.203683757001294263e-01
1.203683757001294263e-01
1.131732012063768611e-01
1.059780267126231440e-01
9.904825506247205702e-02
9.684403274450580079e-02
1.203683757001294263e-01
1.203683757001294263e-01
1.149719948298146693e-01
1.077768203360620902e-01
1.005816458423095250e-01
9.338647134855695975e-02
8.634209392503122693e-02
1.203683757001294263e-01
1.171585523481254304e-01
1.095756139594998985e-01
1.023804394657473332e-01
9.518526497199476799e-02
8.711288237828511416e-02
8.075183110728181846e-02
1.178371391641523797e-01
1.113744075829379010e-01
1.041792330891851415e-01
9.558380008616933210e-02
8.795777682033581457e-02
8.179663937957772080e-02
7.270573028866876564e-02
1.131732012063768611e-01
1.059780267126231440e-01
9.749030590262752760e-02
8.986428263679380191e-02
8.406936665230446692e-02
1.203683757001294263e-01
1.141964670400689580e-01
1.059672554933219074e-01
9.939681171908686108e-02
9.177078845325199741e-02
8.414476518741846600e-02
7.725118483412246606e-02
7.270573028866876564e-02
1.089293408013783798e-01
1.013033175355448623e-01
9.367729426971133089e-02
8.399396811719085643e-02
7.952391210685076650e-02
7.281344248168913902e-02
1.108358466178365753e-01
1.032098233520028496e-01
9.558380008616933210e-02
8.795777682033581457e-02
8.031021111589808914e-02
7.270573028866876564e-02
7.270573028866876564e-02
1.030482550624720883e-01
9.749030590262752760e-02
8.986428263679380191e-02
7.938388625592381065e-02
7.440758293838722892e-02
7.270573028866876564e-02
1.052132701421786554e-01
9.939681171908686108e-02
9.177078845325199741e-02
8.414476518741981215e-02
7.537699267557047833e-02
7.270573028866876564e-02
7.270573028866876564e-02
9.871822490305723341e-02
9.367729426971133089e-02
8.286299009047762287e-02
7.671262386902229224e-02
7.270573028866876564e-02
7.270573028866876564e-02
7.270573028866876564e-02
9.558380008617066437e-02
8.522188711762151980e-02
7.804825506247219102e-02
7.270573028866876564e-02
7.270573028866876564e-02
6.541361482119761872e-02
9.136148211977541955e-02
8.472641102972915117e-02
7.938388625592381065e-02
7.404136148211866442e-02
7.270573028866876564e-02
7.270573028866876564e-02
7.270573028866876564e-02
8.606204222317904995e-02
8.071951744937581885e-02
7.537699267557047833e-02
7.270573028866876564e-02
7.270573028866876564e-02
6.414261094355933057e-02
8.528651443343390759e-02
8.205514864282552334e-02
7.671262386902229224e-02
7.270573028866876564e-02
7.270573028866876564e-02
6.357173632055181101e-02
6.585523481258133416e-02
7.899612236105105212e-02
7.261956053425142055e-02
7.270573028866876564e-02
6.114821197759628957e-02
6.300086169754409715e-02
6.657690650581667147e-02
7.300732442912609421e-02
6.985135717363229191e-02
7.404136148211866442e-02
6.291598448944260569e-02
6.242998707453733392e-02
6.471348556656610074e-02
6.699698405859580430e-02
6.928048255062475846e-02
7.537699267557047833e-02
5.957561395950009692e-02
6.185911245152962007e-02
6.414261094355933057e-02
6.642610943558828474e-02
6.870960792761780789e-02
7.671262386902229224e-02
5.900473933649314634e-02
6.128823782852209356e-02
6.357173632055181101e-02
6.585523481258133416e-02
6.813873330461028832e-02
6.977595863851847324e-02
5.843386471348561984e-02
6.071736320551533728e-02
6.300086169754409715e-02
6.528436018957381459e-02
6.756785868160257447e-02
5.843386471348561984e-02
7.177423524343050365e-02
6.014648858250761648e-02
6.242998707453733392e-02
6.471348556656610074e-02
6.699698405859580430e-02
6.928048255062475846e-02
5.843386471348561984e-02
5.957561395950009692e-02
6.185911245152962007e-02
6.414261094355933057e-02
6.642610943558828474e-02
5.843386471348561984e-02
5.843386471348561984e-02
5.900473933649314634e-02
6.128823782852209356e-02
6.357173632055181101e-02
5.843386471348561984e-02
5.843386471348561984e-02
