8.196805770221534670e-01
7.190417310664606321e-01
7.068521380731580539e-01
6.360535806285421145e-01
6.177228232869653723e-01
5.842349304482225003e-01
6.002060793405462613e-01
5.432766615146832345e-01
5.218959299330241386e-01
5.047192168985059624e-01
5.090159711488924099e-01
4.818341061308605289e-01
4.909840288511076456e-01
4.626481195260173651e-01
4.569809376609994533e-01
4.430705821741369177e-01
4.518289541473466953e-01
4.250386398763523754e-01
4.410097887686758589e-01
4.149922720247294916e-01
4.379185986604842706e-01
3.963936115404429472e-01
4.255538382277176401e-01
3.845955692941784299e-01
3.941267387944357714e-01
3.745492014425553795e-01
3.817619783616692519e-01
3.678516228748066608e-01
3.626996393611540137e-01
3.514889232354455606e-01
3.570324574961359909e-01
3.472849046883048074e-01
3.513652756311179681e-01
3.382689335394126195e-01
3.426069036579082461e-01
3.359093250901596939e-01
3.343637300360637887e-01
3.234518289541472580e-01
3.343637300360637887e-01
3.165893869139618233e-01
3.049974240082430899e-01
3.147861926841833968e-01
3.297269448737763509e-01
3.104070066975787023e-01
3.003606388459555965e-01
3.044822256568777141e-01
3.003606388459555965e-01
3.068006182380217384e-01
2.919113858835644670e-01
3.013807315816588450e-01
2.910870685213808318e-01
2.838742916022669593e-01
2.910870685213808318e-01
2.769088098918081609e-01
2.910870685213808318e-01
2.707367336424522652e-01
2.910870685213808318e-01
2.707367336424522652e-01
2.850283359093241375e-01
2.671303451828955233e-01
2.818134981968057340e-01
2.647192168985056382e-01
2.818134981968057340e-01
2.619783616692427097e-01
2.818134981968057340e-01
2.462648119526016366e-01
2.524471921689849796e-01
2.418856259659969143e-01
2.694487377640391590e-01
2.400824317362184601e-01
2.400824317362184601e-01
2.323544564657392120e-01
2.400824317362184601e-01
2.356002060793400132e-01
2.524471921689849796e-01
2.274600721277691417e-01
2.400824317362184601e-01
2.272024729520867314e-01
2.400824317362184601e-01
2.199896960329726647e-01
2.400824317362184601e-01
2.179289026275114394e-01
1.844410097887687616e-01
2.179289026275114394e-01
1.844410097887687616e-01
2.122617207624934166e-01
1.844410097887687616e-01
2.150953116950024280e-01
1.844410097887687616e-01
2.037609479649664102e-01
1.844410097887687616e-01
2.024729520865533039e-01
1.844410097887687616e-01
1.962905718701701274e-01
1.844410097887687616e-01
1.942297784647089021e-01
1.844410097887687616e-01
1.854714064914991245e-01
1.844410097887687616e-01
1.875321998969603499e-01
1.658938691396187048e-01
1.803194229778464774e-01
1.834106130860382322e-01
1.715610510046368664e-01
1.658938691396187048e-01
1.746522411128284546e-01
1.648634724368881754e-01
1.713858835651727308e-01
1.648634724368881754e-01
1.746522411128284546e-01
1.648634724368881754e-01
1.687274600721278828e-01
1.648634724368881754e-01
1.741370427614633010e-01
1.648634724368881754e-01
1.692426584234930642e-01
1.648634724368881754e-01
1.651210716125709466e-01
1.648634724368881754e-01
1.653271509531169248e-01
1.648634724368881754e-01
1.625244719216893952e-01
1.648634724368881754e-01
1.620298815043791640e-01
1.648634724368881754e-01
1.615146831530139826e-01
1.648634724368881754e-01
1.594538897475527572e-01
1.648634724368881754e-01
1.589386913961875758e-01
1.597114889232355284e-01
1.586810922205048047e-01
1.597114889232355284e-01
1.555899021123132164e-01
1.530139103554869762e-01
1.555899021123132164e-01
1.530139103554869762e-01
1.530139103554869762e-01
1.581658938691396232e-01
1.538588356517257283e-01
1.530139103554869762e-01
1.486347243688820874e-01
1.530139103554869762e-01
1.530139103554869762e-01
1.530139103554869762e-01
1.486347243688820874e-01
1.530139103554869762e-01
1.519835136527562802e-01
1.530139103554869762e-01
1.486347243688820874e-01
1.530139103554869762e-01
1.476043276661513914e-01
1.530139103554869762e-01
1.470891293147860435e-01
1.530139103554869762e-01
1.468315301391036332e-01
1.530139103554869762e-01
1.463163317877380909e-01
1.530139103554869762e-01
1.411643482740856381e-01
1.530139103554869762e-01
1.437403400309118506e-01
1.530139103554869762e-01
1.432251416795466692e-01
1.530139103554869762e-01
1.411643482740856381e-01
1.458011334363731037e-01
1.411643482740856381e-01
1.365275631117981447e-01
1.432251416795466692e-01
1.458011334363731037e-01
1.380937660999480565e-01
1.365275631117981447e-01
1.411643482740856381e-01
1.293147861926842723e-01
1.362699639361155679e-01
1.293147861926842723e-01
1.411643482740856381e-01
1.293147861926842723e-01
1.329211746522412085e-01
1.293147861926842723e-01
1.362699639361155679e-01
1.293147861926842723e-01
1.362699639361155679e-01
1.293147861926842723e-01
1.362699639361155679e-01
1.293147861926842723e-01
1.321483771251934503e-01
1.293147861926842723e-01
1.293147861926842723e-01
1.293147861926842723e-01
1.293147861926842723e-01
1.293147861926842723e-01
1.293147861926842723e-01
1.293147861926842723e-01
1.293147861926842723e-01
1.293147861926842723e-01
1.280164863472434966e-01
1.293147861926842723e-01
1.251931993817621547e-01
1.293147861926842723e-01
1.277691911385883672e-01
1.293147861926842723e-01
1.239052035033488403e-01
1.293147861926842723e-01
1.251931993817621547e-01
1.293147861926842723e-01
1.215868109222052046e-01
1.293147861926842723e-01
1.239052035033488403e-01
1.293147861926842723e-01
1.202988150437919040e-01
1.293147861926842723e-01
1.215868109222052046e-01
1.293147861926842723e-01
1.202988150437919040e-01
1.267387944358578378e-01
1.202988150437919040e-01
1.293147861926842723e-01
1.202988150437919040e-01
1.293147861926842723e-01
1.202988150437919040e-01
1.293147861926842723e-01
1.202988150437919040e-01
1.293147861926842723e-01
1.202988150437919040e-01
1.267387944358578378e-01
1.202988150437919040e-01
1.267387944358578378e-01
1.202988150437919040e-01
1.138588356517259564e-01
1.202988150437919040e-01
1.112828438948995496e-01
1.190108191653787839e-01
1.112828438948995496e-01
1.202988150437919040e-01
1.112828438948995496e-01
1.159196290571870153e-01
1.112828438948995496e-01
1.190108191653787839e-01
1.112828438948995496e-01
1.202988150437919040e-01
1.112828438948995496e-01
1.146316331787738951e-01
1.112828438948995496e-01
1.146316331787738951e-01
1.112828438948995496e-01
1.156414219474493216e-01
1.112828438948995496e-01
1.146316331787738951e-01
1.112828438948995496e-01
1.112828438948995496e-01
1.112828438948995496e-01
1.112828438948995496e-01
1.112828438948995496e-01
1.112828438948995496e-01
1.112828438948995496e-01
1.112828438948995496e-01
1.112828438948995496e-01
1.112828438948995496e-01
1.112828438948995496e-01
1.112828438948995496e-01
1.112828438948995496e-01
1.112828438948995496e-01
1.112828438948995496e-01
1.112828438948995496e-01
1.112828438948995496e-01
1.112828438948995496e-01
1.112828438948995496e-01
1.112828438948995496e-01
1.112828438948995496e-01
1.112828438948995496e-01
1.112828438948995496e-01
1.112828438948995496e-01
1.112828438948995496e-01
1.079340546110253707e-01
1.112828438948995496e-01
1.112828438948995496e-01
1.112828438948995496e-01
1.112828438948995496e-01
1.112828438948995496e-01
9.969088098918077456e-02
1.112828438948995496e-01
9.969088098918077456e-02
1.112828438948995496e-01
9.969088098918077456e-02
1.112828438948995496e-01
9.969088098918077456e-02
1.112828438948995496e-01
9.737248840803712502e-02
1.112828438948995496e-01
9.840288511076765443e-02
1.112828438948995496e-01
9.891808346213282199e-02
1.112828438948995496e-01
9.531169500257606619e-02
1.112828438948995496e-01
1.069036579082948413e-01
1.112828438948995496e-01
1.035548686244206623e-01
1.112828438948995496e-01
9.840288511076765443e-02
1.112828438948995496e-01
9.402369912416294606e-02
1.112828438948995496e-01
9.402369912416294606e-02
1.112828438948995496e-01
9.402369912416294606e-02
1.025244719216899525e-01
9.402369912416294606e-02
1.025244719216899525e-01
9.402369912416294606e-02
1.112828438948995496e-01
9.402369912416294606e-02
8.552292632663575922e-02
9.402369912416294606e-02
1.112828438948995496e-01
9.402369912416294606e-02
1.025244719216899525e-01
9.402369912416294606e-02
1.025244719216899525e-01
9.402369912416294606e-02
1.025244719216899525e-01
9.402369912416294606e-02
1.025244719216899525e-01
9.402369912416294606e-02
8.552292632663575922e-02
9.402369912416294606e-02
7.676455435342617595e-02
9.402369912416294606e-02
7.676455435342617595e-02
8.964451313755805728e-02
7.676455435342617595e-02
9.402369912416294606e-02
7.676455435342617595e-02
8.964451313755805728e-02
7.676455435342617595e-02
9.325090159711500737e-02
7.676455435342617595e-02
8.964451313755805728e-02
7.676455435342617595e-02
9.402369912416294606e-02
7.676455435342617595e-02
8.114374034003105085e-02
7.676455435342617595e-02
9.325090159711500737e-02
7.676455435342617595e-02
9.402369912416294606e-02
7.676455435342617595e-02
7.676455435342617595e-02
7.676455435342617595e-02
7.676455435342617595e-02
7.676455435342617595e-02
8.114374034003105085e-02
7.676455435342617595e-02
8.887171561051011859e-02
7.676455435342617595e-02
7.676455435342617595e-02
7.676455435342617595e-02
8.887171561051011859e-02
7.676455435342617595e-02
7.676455435342617595e-02
7.676455435342617595e-02
7.676455435342617595e-02
7.676455435342617595e-02
7.676455435342617595e-02
7.676455435342617595e-02
7.676455435342617595e-02
7.676455435342617595e-02
8.887171561051011859e-02
7.676455435342617595e-02
7.676455435342617595e-02
7.676455435342617595e-02
7.676455435342617595e-02
7.676455435342617595e-02
7.676455435342617595e-02
7.676455435342617595e-02
7.676455435342617595e-02
7.676455435342617595e-02
7.676455435342617595e-02
7.676455435342617595e-02
7.676455435342617595e-02
7.676455435342617595e-02
7.676455435342617595e-02
7.676455435342617595e-02
7.676455435342617595e-02
7.676455435342617595e-02
7.676455435342617595e-02
7.676455435342617595e-02
7.676455435342617595e-02
7.676455435342617595e-02
7.676455435342617595e-02
7.676455435342617595e-02
7.676455435342617595e-02
7.676455435342617595e-02
