7.557776389756402091e-01
6.483447845096813600e-01
6.470955652717050866e-01
5.802623360399750130e-01
5.559025608994377921e-01
5.037976264834478357e-01
5.196752029981260845e-01
4.635103060587132395e-01
4.084946908182386371e-01
4.297813866333541344e-01
3.797626483447844592e-01
4.009993753903809410e-01
3.697688944409744383e-01
3.616489693941284944e-01
3.585259212991879774e-01
3.413491567770143287e-01
3.485321673953778454e-01
3.255215490318549842e-01
3.322923173016864573e-01
3.188632104934415734e-01
3.260462211118050346e-01
3.088694565896314415e-01
2.998126171143035701e-01
2.979387882573392154e-01
2.910680824484697116e-01
2.835727670206122375e-01
2.710805746408493366e-01
2.816989381636475498e-01
2.710805746408493366e-01
2.754528419737664047e-01
2.667083073079323796e-01
2.680074953154276685e-01
2.598376014990629312e-01
2.629606495940036703e-01
2.573391630231104954e-01
2.548407245471581151e-01
2.542161149281697563e-01
2.545284197376638802e-01
2.542161149281697563e-01
2.530168644597126093e-01
2.510930668332290727e-01
2.507807620237351709e-01
2.492192379762648291e-01
2.485946283572766924e-01
2.523422860712055127e-01
2.414116177389130646e-01
2.485946283572765814e-01
2.379762648344784515e-01
2.460961898813242288e-01
2.370393504059961076e-01
2.485946283572765814e-01
2.348532167395376291e-01
2.454715802623360088e-01
2.307932542161148237e-01
2.442223610243596521e-01
2.307932542161149347e-01
2.254840724547157449e-01
2.248594628357275249e-01
2.442223610243596521e-01
2.242348532167394992e-01
2.254840724547157449e-01
2.186133666458463243e-01
2.242348532167393882e-01
2.179887570268581043e-01
2.242348532167393882e-01
2.158026233603998478e-01
2.242348532167393882e-01
2.151780137414116278e-01
2.154903185509055019e-01
2.122548407245470892e-01
2.029981261711429064e-01
2.126795752654589144e-01
2.029981261711429064e-01
2.029981261711429064e-01
2.029981261711429064e-01
2.029981261711429064e-01
2.029981261711429064e-01
2.017988757026858149e-01
2.029981261711429064e-01
1.973766396002498424e-01
2.029981261711429064e-01
1.976889444097438275e-01
2.011242973141785517e-01
2.001873828856965409e-01
1.930043722673329964e-01
1.992504684572143081e-01
1.911305434103686418e-01
1.930043722673328854e-01
1.911305434103686418e-01
1.961274203622735968e-01
1.911305434103686418e-01
1.920674578388506526e-01
1.911305434103686418e-01
1.839475327920050973e-01
1.911305434103686418e-01
1.848844472204872191e-01
1.911305434103686418e-01
1.851967520299811210e-01
1.911305434103686418e-01
1.830106183635229755e-01
1.911305434103686418e-01
1.830106183635229755e-01
1.911305434103686418e-01
1.802873204247344152e-01
1.686445971267958033e-01
1.798875702685821809e-01
1.848844472204872191e-01
1.773891317926296896e-01
1.748906933166772260e-01
1.783260462211118114e-01
1.686445971267958033e-01
1.758276077451593478e-01
1.686445971267958033e-01
1.758276077451593478e-01
1.686445971267958033e-01
1.686445971267958033e-01
1.686445971267958033e-01
1.698938163647720490e-01
1.686445971267958033e-01
1.686445971267958033e-01
1.686445971267958033e-01
1.677076826983135704e-01
1.667707682698313376e-01
1.680199875078078053e-01
1.686445971267958033e-01
1.673953778888195576e-01
1.667707682698313376e-01
1.670830730793255725e-01
1.667707682698313376e-01
1.670830730793255725e-01
1.667707682698313376e-01
1.661461586508433397e-01
1.655215490318550919e-01
1.670830730793255725e-01
1.667707682698313376e-01
1.664584634603373248e-01
1.655215490318550919e-01
1.655215490318550919e-01
1.655215490318550919e-01
1.664584634603373248e-01
1.655215490318550919e-01
1.655215490318550919e-01
1.655215490318550919e-01
1.655215490318550919e-01
1.655215490318550919e-01
1.655215490318550919e-01
1.655215490318550919e-01
1.648969394128668720e-01
1.655215490318550919e-01
1.599000624609619170e-01
1.655215490318550919e-01
1.639600249843847501e-01
1.655215490318550919e-01
1.577139287945035495e-01
1.655215490318550919e-01
1.614615865084322588e-01
1.655215490318550919e-01
1.586508432229857823e-01
1.655215490318550919e-01
1.577139287945035495e-01
1.655215490318550919e-01
1.577139287945035495e-01
1.655215490318550919e-01
1.577139287945035495e-01
1.623985009369144916e-01
1.577139287945035495e-01
1.623985009369144916e-01
1.577139287945035495e-01
1.530293566520924964e-01
1.567770143660213167e-01
1.499063085571518961e-01
1.530293566520923854e-01
1.623985009369144916e-01
1.577139287945035495e-01
1.504059962523419114e-01
1.561524047470333187e-01
1.499063085571518961e-01
1.561524047470333187e-01
1.499063085571518961e-01
1.552154903185510859e-01
1.499063085571518961e-01
1.514678326046221546e-01
1.499063085571518961e-01
1.553653966271081044e-01
1.499063085571518961e-01
1.514678326046221546e-01
1.499063085571518961e-01
1.499063085571518961e-01
1.499063085571518961e-01
1.499063085571518961e-01
1.499063085571518961e-01
1.514678326046221546e-01
1.499063085571518961e-01
1.499063085571518961e-01
1.499063085571518961e-01
1.377264209868833134e-01
1.499063085571518961e-01
1.467832604622111847e-01
1.499063085571518961e-01
1.471955028107431729e-01
1.499063085571518961e-01
1.377264209868833134e-01
1.499063085571518961e-01
1.361648969394129438e-01
1.499063085571518961e-01
1.374141161773893005e-01
1.499063085571518961e-01
1.361648969394129438e-01
1.499063085571518961e-01
1.377264209868833134e-01
1.499063085571518961e-01
1.330418488444721214e-01
1.499063085571518961e-01
1.377264209868833134e-01
1.499063085571518961e-01
1.330418488444721214e-01
1.499063085571518961e-01
1.317926296064959035e-01
1.499063085571518961e-01
1.314803247970017797e-01
1.224234853216739916e-01
1.349156777014364761e-01
1.499063085571518961e-01
1.314803247970017797e-01
1.224234853216739916e-01
1.314803247970017797e-01
1.130543410368518714e-01
1.314803247970017797e-01
1.499063085571518961e-01
1.314803247970017797e-01
1.405371642723297898e-01
1.314803247970017797e-01
1.224234853216739916e-01
1.314803247970017797e-01
1.405371642723297898e-01
1.314803247970017797e-01
1.130543410368518714e-01
1.314803247970017797e-01
1.130543410368518714e-01
1.302311055590255340e-01
1.130543410368518714e-01
1.302311055590255340e-01
1.130543410368518714e-01
1.314803247970017797e-01
1.130543410368518714e-01
1.267957526545908375e-01
1.130543410368518714e-01
1.274203622735790575e-01
1.130543410368518714e-01
1.177389131792628274e-01
1.130543410368518714e-01
1.174266083697688146e-01
1.130543410368518714e-01
1.211742660836977598e-01
1.130543410368518714e-01
1.274203622735790575e-01
1.130543410368518714e-01
1.255465334166145919e-01
1.130543410368518714e-01
1.130543410368518714e-01
1.130543410368518714e-01
1.130543410368518714e-01
1.130543410368518714e-01
1.130543410368518714e-01
1.130543410368518714e-01
1.130543410368518714e-01
1.130543410368518714e-01
1.130543410368518714e-01
1.130543410368518714e-01
1.130543410368518714e-01
1.130543410368518714e-01
1.130543410368518714e-01
1.130543410368518714e-01
1.130543410368518714e-01
1.130543410368518714e-01
1.130543410368518714e-01
1.130543410368518714e-01
1.102435977514053950e-01
1.130543410368518714e-01
1.130543410368518714e-01
1.130543410368518714e-01
1.130543410368518714e-01
1.130543410368518714e-01
1.130543410368518714e-01
1.130543410368518714e-01
1.130543410368518714e-01
1.130543410368518714e-01
1.130543410368518714e-01
1.130543410368518714e-01
1.089943785134291632e-01
1.130543410368518714e-01
1.102435977514053950e-01
1.130543410368518714e-01
1.102435977514053950e-01
1.130543410368518714e-01
1.089943785134291632e-01
1.130543410368518714e-01
1.102435977514053950e-01
1.130543410368518714e-01
1.089943785134291632e-01
1.130543410368518714e-01
1.089943785134291632e-01
1.130543410368518714e-01
1.089943785134291632e-01
1.130543410368518714e-01
1.089943785134291632e-01
1.105559025608993939e-01
1.102435977514053950e-01
1.130543410368518714e-01
1.089943785134291632e-01
1.130543410368518714e-01
1.089943785134291632e-01
1.130543410368518714e-01
1.089943785134291632e-01
1.105559025608993939e-01
1.089943785134291632e-01
1.130543410368518714e-01
1.089943785134291632e-01
1.049344159900062190e-01
1.089943785134291632e-01
1.074328544659586965e-01
1.089943785134291632e-01
1.074328544659586965e-01
1.089943785134291632e-01
1.105559025608993939e-01
1.089943785134291632e-01
1.049344159900062190e-01
1.089943785134291632e-01
1.049344159900062190e-01
1.077451592754529175e-01
1.049344159900062190e-01
1.089943785134291632e-01
1.049344159900062190e-01
1.089943785134291632e-01
1.049344159900062190e-01
1.089943785134291632e-01
1.049344159900062190e-01
1.061836352279824508e-01
1.049344159900062190e-01
1.089943785134291632e-01
1.049344159900062190e-01
1.061836352279824508e-01
1.049344159900062190e-01
1.077451592754529175e-01
1.049344159900062190e-01
1.049344159900062190e-01
1.049344159900062190e-01
1.077451592754529175e-01
1.049344159900062190e-01
1.049344159900062190e-01
1.049344159900062190e-01
1.077451592754529175e-01
1.049344159900062190e-01
1.049344159900062190e-01
1.049344159900062190e-01
1.049344159900062190e-01
1.049344159900062190e-01
1.049344159900062190e-01
1.049344159900062190e-01
1.049344159900062190e-01
1.049344159900062190e-01
1.049344159900062190e-01
1.049344159900062190e-01
1.049344159900062190e-01
1.049344159900062190e-01
1.049344159900062190e-01
1.049344159900062190e-01
1.049344159900062190e-01
1.049344159900062190e-01
1.049344159900062190e-01
1.049344159900062190e-01
1.049344159900062190e-01
1.049344159900062190e-01
1.049344159900062190e-01
1.049344159900062190e-01
1.049344159900062190e-01
1.049344159900062190e-01
1.049344159900062190e-01
1.049344159900062190e-01
1.049344159900062190e-01
1.049344159900062190e-01
1.049344159900062190e-01
1.049344159900062190e-01
1.049344159900062190e-01
1.049344159900062190e-01
1.049344159900062190e-01
1.049344159900062190e-01
1.049344159900062190e-01
1.049344159900062190e-01
1.049344159900062190e-01
1.049344159900062190e-01
1.049344159900062190e-01
1.049344159900062190e-01
1.049344159900062190e-01
1.049344159900062190e-01
