5.805546754366613937e-01
5.253293761405339879e-01
4.941845308520664282e-01
4.636781839693585039e-01
4.614671024926304543e-01
4.602442497042132374e-01
4.259249603946498319e-01
4.264042352658072299e-01
4.207090861692101003e-01
3.787574949365311583e-01
3.785320953736940330e-01
3.785569615176369029e-01
3.693035474361802128e-01
3.598973268895260813e-01
3.642236348687504788e-01
3.566887921872179401e-01
3.478252150720916869e-01
3.273788276816333442e-01
3.218461106543406558e-01
3.263881925922954008e-01
3.265887260111898227e-01
3.120801331541901980e-01
3.117191730001805383e-01
2.958273006196482369e-01
2.854484929913569391e-01
2.976718070066377009e-01
2.850081216034653919e-01
2.865321755870615661e-01
2.813383600377002969e-01
2.701233280526199043e-01
2.676118475143882125e-01
2.657067800348928976e-01
2.703250646720281036e-01
2.736479034231055762e-01
2.721439027813985501e-01
2.499075540938896500e-01
2.384342350652735032e-01
2.414779312972506753e-01
2.429362103194496469e-01
2.487360378607102185e-01
2.477389857019673403e-01
2.332704995287467886e-01
2.293773437343332444e-01
2.280466039665510758e-01
2.254396695209257284e-01
2.268835101369642282e-01
2.471574387871739165e-01
2.228026550624662983e-01
2.233440952934806212e-01
2.123540618043996964e-01
2.134678244129384062e-01
2.072011550724933704e-01
2.019973128521868333e-01
2.119036637455629091e-01
2.117131569976136440e-01
2.020875528906890262e-01
1.973750175466740808e-01
1.965127238454289771e-01
1.992199250005013966e-01
1.987887781498792195e-01
2.009344857320474187e-01
1.957206168407967239e-01
1.933643491687889737e-01
1.839793851645378231e-01
1.925120821384884162e-01
1.927727755830508649e-01
1.903563478853749769e-01
1.849006356909376758e-01
1.899051476928628746e-01
1.759480217378227573e-01
1.764593819560029975e-01
1.925120821384884162e-01
1.888222672308339234e-01
1.734714340144782041e-01
1.740529809292719887e-01
1.713959131289230220e-01
1.715062065093147792e-01
1.716666332444305165e-01
1.701076864459461213e-01
1.681673250847253165e-01
1.686786853029057232e-01
1.671446046483646697e-01
1.667535644815212326e-01
1.635077305632981759e-01
1.521547315860186655e-01
1.555337196943870626e-01
1.609280686626423373e-01
1.592536146148754439e-01
1.561252932801251714e-01
1.512824112138287103e-01
1.505103575510858271e-01
1.462891290833617242e-01
1.539695590270117598e-01
1.547516393606994944e-01
1.507509976537589336e-01
1.514929713036677339e-01
1.506507309443118614e-01
1.437624080052940789e-01
1.469508893657130166e-01
1.445244349970922770e-01
1.455070487496741560e-01
1.416768604487936567e-01
1.387691258748270928e-01
1.407283373774237401e-01
1.411855535725028143e-01
1.425090741372050385e-01
1.388693925842741650e-01
1.402530731746443604e-01
1.385685924559325877e-01
1.365632582669902284e-01
1.389496059518320614e-01
1.359616580103072403e-01
1.399522730463031439e-01
1.384382457336514605e-01
1.378266188060237873e-01
1.353600577536246408e-01
1.361621914292017455e-01
1.360017646940862024e-01
1.358413379589707981e-01
1.356809112238555881e-01
1.368640583953316392e-01
1.353600577536246408e-01
1.351394709928410987e-01
1.336555236930234980e-01
1.358814446427497324e-01
1.341167505564802853e-01
1.335552569835762315e-01
1.337758437443597737e-01
1.331541901457877486e-01
1.335552569835762315e-01
1.328533900174463656e-01
1.317504562135280166e-01
1.331942968295667107e-01
1.323320031283214404e-01
1.328854753644694853e-01
1.328533900174463656e-01
1.271381875789601157e-01
1.328533900174463656e-01
1.310285359055085863e-01
1.320713096837587974e-01
1.325726432309943525e-01
1.314496560851866058e-01
1.270579742114024413e-01
1.280405879639843203e-01
1.296448553151382244e-01
1.318106162391961544e-01
1.328533900174463656e-01
1.307534040547858600e-01
1.268373874506187327e-01
1.276395211261958651e-01
1.228267190727334590e-01
1.276395211261960316e-01
1.318206429101412003e-01
1.320111496580904653e-01
1.243708263982192114e-01
1.261154671425994689e-01
1.228267190727334590e-01
1.213227184310262802e-01
1.305071490163840220e-01
1.242103996631040014e-01
1.241502396374356831e-01
1.261355204844888667e-01
1.204403713878918203e-01
1.246415465137263728e-01
1.228267190727334590e-01
1.227565323761204558e-01
1.234283193294162528e-01
1.239095995347626045e-01
1.225559989572264780e-01
1.224493151783746098e-01
1.228267190727334590e-01
1.228267190727334590e-01
1.225459722862816125e-01
1.205807447811178268e-01
1.194577576353099274e-01
1.190667174684663238e-01
1.179136503098241751e-01
1.220546654099907563e-01
1.223955722221107406e-01
1.208614915675696733e-01
1.197385044217619543e-01
1.184149838570597163e-01
1.174925301301461417e-01
1.166703431126796392e-01
1.196783443960930948e-01
1.211422383540217002e-01
1.124491146449557027e-01
1.160186095012733926e-01
1.123689012773980145e-01
1.166502897707904357e-01
1.162091162492230323e-01
1.204704514007257088e-01
1.131377464054383192e-01
1.123889546192875788e-01
1.118775944011071583e-01
1.144043154791748035e-01
1.158080494114345493e-01
1.165299697194537992e-01
1.137124751839890952e-01
1.119177010848864534e-01
1.151863958128627324e-01
1.133515150299800878e-01
1.154571159283696996e-01
1.158080494114345493e-01
1.084384462670704430e-01
1.068341789159161920e-01
1.108949806485250850e-01
1.112358874606457770e-01
1.142839954278385278e-01
9.905348226281962543e-02
1.035454308460508899e-01
1.065333787875749755e-01
1.077365793009405631e-01
1.123689012773980145e-01
1.135219684360398024e-01
1.158080494114345493e-01
1.023723103455197181e-01
1.034551908075485027e-01
1.074357791725991662e-01
1.097118334770492282e-01
1.126797280766841103e-01
9.650670784286206894e-02
9.959492249383357365e-02
1.026831371448050922e-01
1.057713517957771382e-01
1.071650590570920186e-01
1.104939138107369628e-01
9.678745462931391541e-02
9.882286883109088482e-02
1.019110834820623895e-01
1.049992981330339081e-01
1.051797782100386686e-01
9.650670784286206894e-02
9.706820141576592842e-02
9.805081516834818212e-02
1.011390298193196868e-01
1.041771111155677526e-01
1.041169510898992678e-01
9.650670784286206894e-02
9.734894820221795531e-02
9.708825475765565927e-02
9.941444241682899363e-02
1.024124170292984720e-01
1.030541239697598532e-01
9.650670784286206894e-02
9.650670784286206894e-02
9.650670784286206894e-02
9.959492249383357365e-02
9.773998836906244714e-02
9.650670784286206894e-02
9.650670784286206894e-02
9.650670784286206894e-02
9.678745462931391541e-02
9.825134858724214604e-02
9.570457416728511690e-02
9.650670784286206894e-02
9.650670784286206894e-02
9.488238714981879485e-02
9.650670784286206894e-02
9.612569434696296988e-02
9.650670784286206894e-02
9.650670784286206894e-02
9.650670784286206894e-02
9.650670784286206894e-02
9.569454749634025148e-02
9.631620109491242920e-02
9.565444081256060938e-02
9.479214711131606075e-02
9.650670784286206894e-02
9.434094691880413885e-02
9.542382738083310389e-02
9.650670784286206894e-02
9.574468085106388471e-02
9.650670784286206894e-02
9.650670784286206894e-02
9.650670784286206894e-02
9.515310726532594243e-02
9.623598772735492135e-02
9.593518759901334403e-02
9.517316060721514592e-02
9.650670784286206894e-02
9.379950668778982981e-02
9.488238714981879485e-02
9.596526761184775989e-02
9.612569434696296988e-02
9.485230713698472593e-02
9.054083863075787497e-02
9.086169210098865578e-02
9.461166703431128644e-02
9.569454749634025148e-02
9.631620109491242920e-02
9.555417410311424498e-02
9.046062526320018671e-02
9.403012011951786264e-02
9.434094691880413885e-02
9.542382738083310389e-02
9.650670784286206894e-02
9.314777307638322235e-02
9.038041189564248457e-02
9.070126536587326538e-02
9.354883991417152489e-02
9.515310726532594243e-02
9.621593438546571786e-02
8.898670463432743760e-02
9.517316060721514592e-02
9.062105199831557711e-02
9.379950668778982981e-02
9.126275893877713874e-02
9.596526761184775989e-02
9.144323901578171876e-02
9.021998516052710804e-02
9.054083863075787497e-02
9.086169210098865578e-02
9.461166703431146685e-02
9.228547937513778554e-02
9.059097198548203556e-02
9.013977179296940589e-02
9.046062526320018671e-02
9.078147873343096752e-02
9.094190546854635793e-02
8.993923837407526156e-02
8.973870495518093682e-02
9.005955842541171763e-02
9.038041189564248457e-02
9.070126536587326538e-02
9.102211883610404619e-02
9.124270559688757443e-02
8.973870495518093682e-02
8.667054364609862172e-02
9.030019852808497671e-02
9.062105199831557711e-02
8.688110373593763147e-02
9.114243888744050226e-02
8.591854332524494209e-02
8.769326408245980975e-02
9.021998516052710804e-02
9.054083863075787497e-02
9.086169210098865578e-02
8.630958349208890656e-02
8.554755650029090275e-02
8.524675637194949196e-02
9.013977179296940589e-02
9.013977179296940589e-02
8.726211723183655011e-02
8.650009024003854630e-02
9.134297230633482700e-02
8.497603625644216396e-02
8.605891671847130941e-02
9.038041189564248457e-02
8.745262397978618985e-02
8.669059698798818603e-02
8.592856999618980751e-02
8.516654300439162328e-02
8.578819660296398142e-02
8.993923837407526156e-02
8.764313072773582958e-02
8.497603625644216396e-02
8.611907674413944724e-02
8.591854332524494209e-02
8.551747648745647301e-02
8.621934345358651941e-02
8.497603625644216396e-02
8.497603625644216396e-02
8.630958349208890656e-02
8.554755650029090275e-02
8.524675637194949196e-02
8.632963683397829047e-02
8.802414422363491475e-02
8.497603625644216396e-02
8.650009024003854630e-02
8.573806324824018166e-02
8.497603625644216396e-02
8.563779653879327602e-02
8.497603625644216396e-02
8.497603625644216396e-02
8.669059698798818603e-02
8.592856999618980751e-02
8.516654300439162328e-02
8.534702308139657800e-02
8.497603625644216396e-02
8.497603625644216396e-02
8.688110373593763147e-02
8.611907674413944724e-02
8.535704975234126302e-02
8.497603625644216396e-02
8.497603625644216396e-02
8.497603625644216396e-02
8.497603625644216396e-02
8.630958349208890656e-02
8.554755650029090275e-02
8.497603625644216396e-02
8.497603625644216396e-02
8.497603625644216396e-02
8.497603625644216396e-02
8.497603625644216396e-02
