1.019314641744548222e+00
9.762939608902898581e-01
8.991600045039973566e-01
8.242044814773110684e-01
7.682318057275832057e-01
7.134887212401007650e-01
6.874526141950982883e-01
6.800690612918964817e-01
6.808542581541119354e-01
6.439049656570206004e-01
6.205006943662501051e-01
5.821716773636602671e-01
5.735705438576738091e-01
5.600720639567614567e-01
5.610239087189877738e-01
5.630371955110161641e-01
5.031640581015651703e-01
4.936381038171376856e-01
4.977292346957924996e-01
4.970836617498031740e-01
4.831618061029159250e-01
4.532147280711631976e-01
4.432308673948128774e-01
4.421799346920390894e-01
4.381263371241977400e-01
4.278797432721539451e-01
4.250647449611531514e-01
4.265360507450361438e-01
4.036332244867318897e-01
3.904470217317866920e-01
3.965769620538227569e-01
3.916600983372742761e-01
3.957136959051156255e-01
3.816011710392974710e-01
3.781105731336561471e-01
3.712795105656269690e-01
3.710167773899338273e-01
3.653417407949554052e-01
3.706789775926134789e-01
3.666253800247719630e-01
3.555155200240213698e-01
3.603197838081297344e-01
3.488345906992456613e-01
3.444431933340840191e-01
3.494561423263143896e-01
3.463949254963779589e-01
3.424914611717898572e-01
3.409901287392559932e-01
3.351349322523740071e-01
3.300304019817587031e-01
3.277033367113313389e-01
3.357354652253874971e-01
3.384378636039485078e-01
3.253012048192770456e-01
3.147918777915399424e-01
3.147918777915399424e-01
3.158428104943135084e-01
3.152422775213000183e-01
3.192208084675148827e-01
3.109259467777653607e-01
3.039447509664827685e-01
3.068348158991102692e-01
2.990654205607477523e-01
3.046203505611229656e-01
3.124272792102992247e-01
2.952805614983297078e-01
2.967008219795069235e-01
2.951244229253463525e-01
2.949742896820928273e-01
2.953871561010396607e-01
2.961378223173065094e-01
2.983898209661073886e-01
2.815748977217282234e-01
2.831512967758884058e-01
2.827008970461284965e-01
2.870172277896631541e-01
2.880681604924370531e-01
2.801861652216342535e-01
2.765829673835530356e-01
2.785722328566602735e-01
2.748189017753255303e-01
2.848778290733025020e-01
2.805239650189542688e-01
2.769958338024997024e-01
2.738430356941786159e-01
2.694141050182036756e-01
2.691138385316969028e-01
2.645347746124686039e-01
2.634087752880681643e-01
2.739931689374319745e-01
2.685418308749007443e-01
2.670495064369626803e-01
2.622827759636678913e-01
2.634087752880681643e-01
2.604811770446270880e-01
2.597305108283602393e-01
2.739931689374319745e-01
2.678377059640431046e-01
2.598806440716134314e-01
2.630709754907479825e-01
2.582291783958262088e-01
2.541005142063579858e-01
2.516983823143039145e-01
2.567578726119427168e-01
2.514731824494238488e-01
2.486957174492363254e-01
2.518710355440452742e-01
2.553766467740118395e-01
2.502721165033965356e-01
2.484705175843560931e-01
2.486206508276094795e-01
2.477198513680890779e-01
2.473445182599556535e-01
2.477198513680890779e-01
2.497466501520099191e-01
2.472319183275155374e-01
2.484705175843560931e-01
2.477198513680890779e-01
2.465938520436886383e-01
2.489584506249294671e-01
2.492211838006229419e-01
2.477198513680890779e-01
2.440415869083813194e-01
2.450925196111549131e-01
2.465938520436888048e-01
2.456930525841684032e-01
2.465938520436888048e-01
2.473069849491422167e-01
2.435536538678077789e-01
2.376233907592988082e-01
2.350711256239911562e-01
2.415268550838867712e-01
2.420898547460871575e-01
2.438163870435010872e-01
2.443418533948880644e-01
2.391622565026461089e-01
2.357091919078180831e-01
2.399129227189131242e-01
2.375107908268586920e-01
2.420898547460871575e-01
2.414517884622602584e-01
2.388995233269528007e-01
2.343204594077243075e-01
2.258003978530946088e-01
2.297413954884960086e-01
2.399129227189129576e-01
2.420898547460871575e-01
2.362346582592050326e-01
2.351837255564312723e-01
2.317306609616034130e-01
2.301917952182561122e-01
2.314454077994211045e-01
2.410013887325001547e-01
2.366850579889651640e-01
2.360469917051382371e-01
2.214840671095597568e-01
2.182562023796119632e-01
2.200217693202708991e-01
2.399129227189131242e-01
2.380362571782456693e-01
2.299290620425626375e-01
2.193822017040122363e-01
2.180310025147318975e-01
2.189318019742521326e-01
2.225349998123333783e-01
2.205082010284127036e-01
2.006155462973387149e-01
2.188687460120855577e-01
2.178058026498516930e-01
2.187066021093720669e-01
2.170551364335846500e-01
2.205082010284127036e-01
2.205082010284127036e-01
2.020042787974326570e-01
2.120842247494649224e-01
2.160417370416244931e-01
2.146905378523438213e-01
1.950606162969633350e-01
1.976879480538978329e-01
2.009158127838456265e-01
2.052696768381938874e-01
2.066208760274743927e-01
2.153286041361707204e-01
2.187816687309987740e-01
1.959238824456704664e-01
1.998273467702585959e-01
2.041812108246068569e-01
2.085350748789551178e-01
2.084224749465150017e-01
1.958863491348570296e-01
1.946102165672032314e-01
1.987388807566714266e-01
2.030927448110196598e-01
1.997898134594451869e-01
2.093743197087413466e-01
1.967496152835639944e-01
1.932965506887361351e-01
1.976504147430845626e-01
1.932965506887361351e-01
1.941598168374434330e-01
2.022670119731261318e-01
1.932965506887361351e-01
1.935217505536162008e-01
1.965619487294971990e-01
1.932965506887361351e-01
1.946102165672032314e-01
1.932965506887361351e-01
1.894681529857746849e-01
1.920204181210823091e-01
1.931464174454827765e-01
1.932965506887361351e-01
1.932965506887361351e-01
1.932965506887361351e-01
1.932965506887361351e-01
1.913823518372554100e-01
1.921330180535224252e-01
1.932965506887361351e-01
1.932965506887361351e-01
1.885298202154410407e-01
1.881920204181210254e-01
1.907442855534286774e-01
1.932965506887361351e-01
1.886424201478809903e-01
1.861862402882556167e-01
1.793341590661709783e-01
1.875539541342941263e-01
1.901062192696017505e-01
1.926584844049092360e-01
1.898059527830950055e-01
1.812858912284651403e-01
1.793341590661711449e-01
1.869158878504672272e-01
1.894681529857746849e-01
1.920204181210823091e-01
1.909694854183087154e-01
1.807228915662649205e-01
1.720902300791952444e-01
1.794842923094245313e-01
1.867282212964004040e-01
1.904815523777351749e-01
1.779078932552639603e-01
1.801598919040648672e-01
1.726156964305820551e-01
1.705138310250345346e-01
1.881920204181210254e-01
1.886604361370713967e-01
1.773448935930637405e-01
1.752430281875162199e-01
1.731411627819688659e-01
1.710392973764213176e-01
1.767068273092370079e-01
1.886048868370678866e-01
1.773448935930637405e-01
1.757684945389033360e-01
1.736666291333558154e-01
1.715647637278084614e-01
1.780955598093307557e-01
1.876665540667340759e-01
1.773448935930637405e-01
1.679615658897272157e-01
1.741920954847426262e-01
1.720902300791952444e-01
1.666854333220732509e-01
1.657846338625530158e-01
1.570393724430430848e-01
1.768194272416769297e-01
1.747175618361294092e-01
1.726156964305820551e-01
1.705138310250345346e-01
1.729159629170889667e-01
1.529107082535748896e-01
1.482565777127200501e-01
1.752430281875162199e-01
1.680366325113537562e-01
1.710392973764213176e-01
1.587283714296437442e-01
1.540742408887885995e-01
1.773448935930637405e-01
1.630447021731789015e-01
1.692001651465674661e-01
1.645460346057126266e-01
1.598919040648574541e-01
1.552377735240026424e-01
1.523101752805613995e-01
1.495327102803738761e-01
1.520849754156815004e-01
1.657095672409263365e-01
1.610554367000711640e-01
1.564013061592163245e-01
1.517471756183611797e-01
1.482565777127200501e-01
1.506962429155870864e-01
1.678114326464736905e-01
1.622189693352848738e-01
1.575648387944300344e-01
1.517096423075477429e-01
1.482565777127200501e-01
1.528251323049194810e-01
1.482565777127200501e-01
1.633825019704985837e-01
1.587283714296437442e-01
1.540742408887885995e-01
1.491198438614270150e-01
1.482565777127200501e-01
1.482565777127200501e-01
1.645460346057126266e-01
1.598919040648574541e-01
1.552377735240026424e-01
1.499831100101339798e-01
1.482565777127200501e-01
1.482565777127200501e-01
1.482565777127200501e-01
1.610554367000711640e-01
1.564013061592163245e-01
1.508463761588409446e-01
1.482565777127200501e-01
1.482565777127200501e-01
1.482565777127200501e-01
1.622189693352848738e-01
1.551627069023757688e-01
1.517096423075477429e-01
1.482565777127200501e-01
1.482565777127200501e-01
1.482565777127200501e-01
1.482565777127200501e-01
1.587283714296437442e-01
1.525729084562547078e-01
1.491198438614270150e-01
1.482565777127200501e-01
1.473182449423864060e-01
1.482565777127200501e-01
1.452539128476522945e-01
1.534361746049620057e-01
1.499831100101339798e-01
1.482565777127200501e-01
1.463799121720527618e-01
1.482565777127200501e-01
1.449536463611455495e-01
1.461547123071726961e-01
1.508463761588409446e-01
1.482565777127200501e-01
1.482565777127200501e-01
1.482565777127200501e-01
1.446533798746388044e-01
1.458544458206657846e-01
1.470555117666929312e-01
1.482565777127200501e-01
1.482565777127200501e-01
1.431520474421049405e-01
1.443531133881320871e-01
1.455541793341590395e-01
1.467552452801861862e-01
1.491198438614270150e-01
1.475059114964533680e-01
1.482565777127200501e-01
1.440528469016251756e-01
1.452539128476522945e-01
1.464549787936794412e-01
1.407499155500506749e-01
1.482565777127200501e-01
1.425515144690912839e-01
1.437525804151184305e-01
1.449536463611455495e-01
1.461547123071726961e-01
1.508463761588409446e-01
1.482565777127200501e-01
1.422512479825845388e-01
1.434523139286116855e-01
1.446533798746388044e-01
1.458544458206657846e-01
1.470555117666929312e-01
1.407499155500506749e-01
1.419509814960778216e-01
1.431520474421049405e-01
1.443531133881320871e-01
1.455541793341590395e-01
1.407499155500506749e-01
1.407499155500506749e-01
1.416507150095710765e-01
1.428517809555980289e-01
1.440528469016251756e-01
1.452539128476522945e-01
1.464549787936794412e-01
1.407499155500506749e-01
1.413504485230641650e-01
1.425515144690912839e-01
1.437525804151184305e-01
1.449536463611455495e-01
1.407499155500506749e-01
1.407499155500506749e-01
1.410501820365574199e-01
1.422512479825845388e-01
1.434523139286116855e-01
1.446533798746388044e-01
1.407499155500506749e-01
