6.792799773707174360e-01
6.607493378363320513e-01
6.718078568183570853e-01
6.434773664315164288e-01
6.088477066422087747e-01
5.765961787370460501e-01
5.486349570986516211e-01
5.417055964616032115e-01
5.296987048164369938e-01
5.295252136495719464e-01
5.197599924569059615e-01
5.084731234410223566e-01
4.845354568286431851e-01
4.675645234564514419e-01
4.508370263065410444e-01
4.573086582721170856e-01
4.491998319947201335e-01
4.496284168931024006e-01
4.416567377831875363e-01
4.311135492829775706e-01
4.088699930569246743e-01
4.122986722439847540e-01
4.112614967898992058e-01
4.134030498101368134e-01
3.995525573660886343e-01
3.948638385777837878e-01
3.798119369465897677e-01
3.574912354388279923e-01
3.669543899951140942e-01
3.639666389515098799e-01
3.624312764115442675e-01
3.645114560743333287e-01
3.547208626556835331e-01
3.428593470080489314e-01
3.386334999099971932e-01
3.513453279960226938e-01
3.443679658503555063e-01
3.361648508953135606e-01
3.457994394109531466e-01
3.319561471931975483e-01
3.320590075688094056e-01
3.262816831386129435e-01
3.291960604476141805e-01
3.220301209466583936e-01
3.287760472471993878e-01
3.247044907125656299e-01
3.145813154127701794e-01
3.140155833469056579e-01
3.131755569460755728e-01
3.135184248647815419e-01
3.173242587624183209e-01
3.106811928374891840e-01
3.027438005194449944e-01
3.033523910751482755e-01
3.020494929840652487e-01
3.010380326238825677e-01
3.005665892356616520e-01
2.990151119035172056e-01
3.001808628271175339e-01
2.959378723331305694e-01
2.988008194543256835e-01
2.907948535525401446e-01
2.863890007971680585e-01
2.868775875813240339e-01
2.919006025903676527e-01
2.918148856106907441e-01
2.784087499892853868e-01
2.786573292303472504e-01
2.798659386437863383e-01
2.801944061099062022e-01
2.859004140130120275e-01
2.901519762049664664e-01
2.723314161302213821e-01
2.751172179697076725e-01
2.721771255668035683e-01
2.708656557777530671e-01
2.769515613347845462e-01
2.672569709333725840e-01
2.677541294154959228e-01
2.660055030300953471e-01
2.636139992971206492e-01
2.645654577715299549e-01
2.654397709642303815e-01
2.653540539845537505e-01
2.579652503364391336e-01
2.591910031458136143e-01
2.592081465417485631e-01
2.587538465494632622e-01
2.556766069790764595e-01
2.629196917617415696e-01
2.542022749286406702e-01
2.546222881290554629e-01
2.508164542314187395e-01
2.523936466574663862e-01
2.522139838680644286e-01
2.477306429630647677e-01
2.543651371900259583e-01
2.497449919854623501e-01
2.496078448179800957e-01
2.448419807479663146e-01
2.457505807325372771e-01
2.409932883604912757e-01
2.437770329924656421e-01
2.457934392223755926e-01
2.480906542777058799e-01
2.448676958418693483e-01
2.392360902771229203e-01
2.390046544319965882e-01
2.365102903234100329e-01
2.360302752372216706e-01
2.358362119952334413e-01
2.376931846429457817e-01
2.398950824168757101e-01
2.380874827494577073e-01
2.371188808791131752e-01
2.356616922246128065e-01
2.371360242750485958e-01
2.287700470586218060e-01
2.379589072799435379e-01
2.356616922246129453e-01
2.330987545322853738e-01
2.352931092120037759e-01
2.352931092120037759e-01
2.268757018077715015e-01
2.283671772541424061e-01
2.300900885456400868e-01
2.305786753297960900e-01
2.347445205420743697e-01
2.180362239956114556e-01
2.220155490601133375e-01
2.220926943418221611e-01
2.266785527545150947e-01
2.300129432639312632e-01
2.325330224664203804e-01
2.140695850441014791e-01
2.187668755303740775e-01
2.211498075653808293e-01
2.236956018617728414e-01
2.282043149927569792e-01
2.311529790936288353e-01
2.127742300472301451e-01
2.157496378457610109e-01
2.189725962815975147e-01
2.187925906242772778e-01
2.210983773775750394e-01
2.117209398009652632e-01
2.117209398009652632e-01
2.149438982368019335e-01
2.181668566726384373e-01
2.100751737911764061e-01
2.112368102997512487e-01
2.109494869838766939e-01
2.116095077273857650e-01
2.134952812802690392e-01
2.153553397392489466e-01
2.129981227981449510e-01
2.103923266159796468e-01
2.108123398163946061e-01
2.114980756538064055e-01
2.110780624533917516e-01
2.131524133615629035e-01
2.103494681261411925e-01
2.098008794562116197e-01
2.084722662712258645e-01
2.080351096748756512e-01
2.082922606139051835e-01
2.099637417175967691e-01
2.089865681492853733e-01
2.099380266236940129e-01
2.084979813651286207e-01
2.060550474443482993e-01
2.117209398009652632e-01
2.082922606139051835e-01
2.069979342207902417e-01
2.068436436573722892e-01
2.085236964590316544e-01
2.061921946118306925e-01
2.067493549797283503e-01
2.058407549951570825e-01
2.062864832894749367e-01
2.067322115837927909e-01
2.068779304492427973e-01
2.063293417793130857e-01
2.069036455431461641e-01
2.057293229215777230e-01
2.061750512158954385e-01
2.066207795102132927e-01
2.055064587744187266e-01
2.064664889467956177e-01
2.059179002768659061e-01
2.056178908479982248e-01
2.049921568963596896e-01
2.055064587744187266e-01
2.069550757309517874e-01
2.061150493301217024e-01
2.055064587744187266e-01
2.055064587744187266e-01
2.059521870687365808e-01
2.063979153630544350e-01
2.055064587744187266e-01
2.008091682881466000e-01
2.055064587744187266e-01
2.049235833126186457e-01
2.056950361297067431e-01
2.055064587744187266e-01
2.055064587744187266e-01
2.055064587744187266e-01
2.011863229987232438e-01
2.040664135158537784e-01
2.055064587744187266e-01
2.042207040792711203e-01
2.055064587744187266e-01
1.991462588824221835e-01
2.004663003694403256e-01
2.037578323890178733e-01
2.052921663252273710e-01
2.044349965284623372e-01
1.949889853681119889e-01
1.971747683498626114e-01
1.997462777401576850e-01
2.026263682572882197e-01
2.055064587744187266e-01
2.046492889776537205e-01
2.055064587744187266e-01
1.966947532636743878e-01
1.990262551108752109e-01
2.019063456280057178e-01
2.047864361451362525e-01
2.048635814268449373e-01
2.040064116300799035e-01
1.954261419644617304e-01
1.983062324815922650e-01
2.011863229987232438e-01
2.039728105740475084e-01
1.907439376666127950e-01
1.912088665643779661e-01
1.946204023555026530e-01
1.960947344059385811e-01
1.937718042567052601e-01
1.996177022706426274e-01
2.052633654200544666e-01
1.905917043107072106e-01
1.920574646631753590e-01
1.940803853835408599e-01
1.997462777401576850e-01
1.999948569812197152e-01
1.875058930423527948e-01
1.899745420570361498e-01
1.915517344830841018e-01
1.953575683807208530e-01
1.856458345833731927e-01
1.956918646014595142e-01
1.875058930423527948e-01
1.868373006008761106e-01
1.910460043029923727e-01
1.930689250233579013e-01
1.856629779793079749e-01
1.875058930423527948e-01
1.875058930423527948e-01
1.885173534025357811e-01
1.905402741229011154e-01
1.925631948432666163e-01
1.845057987536751487e-01
1.879087628468323334e-01
1.832029006625922607e-01
1.880116232224443573e-01
1.900345439428098582e-01
1.855772609996313716e-01
1.863658572126551949e-01
1.861601364614320631e-01
1.830057516093362979e-01
1.875058930423527948e-01
1.895288137627182956e-01
1.915517344830841018e-01
1.849343836520575823e-01
1.840772138552925485e-01
1.832200440585275147e-01
1.825000214292449019e-01
1.865030043801377546e-01
1.910460043029923727e-01
1.851486761012489379e-01
1.842915063044837654e-01
1.842572195126130907e-01
1.829776364400021449e-01
1.821485818125712919e-01
1.821485818125712919e-01
1.853629685504401547e-01
1.845057987536751487e-01
1.836486289569101149e-01
1.827914591601450811e-01
1.821485818125712919e-01
1.822342987922472846e-01
1.855772609996313716e-01
1.847200912028663655e-01
1.838629214061013317e-01
1.830057516093362979e-01
1.821485818125712919e-01
1.821485818125712919e-01
1.821485818125712919e-01
1.821485818125712919e-01
1.840772138552925485e-01
1.832200440585275147e-01
1.811199780564541062e-01
1.821485818125712919e-01
1.821485818125712919e-01
1.851486761012489379e-01
1.842915063044837654e-01
1.759769592758627654e-01
1.800913743003355605e-01
1.821485818125712919e-01
1.821485818125712919e-01
1.821485818125712919e-01
1.824743063353421457e-01
1.836486289569099484e-01
1.790627705442170148e-01
1.821485818125712919e-01
1.821485818125712919e-01
1.821485818125712919e-01
1.821485818125712919e-01
1.739197517636270340e-01
1.780341667880998568e-01
1.821485818125712919e-01
1.821485818125712919e-01
1.763235987416733597e-01
1.821485818125712919e-01
1.840772138552927151e-01
1.770055630319813111e-01
1.811199780564541062e-01
1.821485818125712919e-01
1.821485818125712919e-01
1.726682838603499359e-01
1.718625442513914692e-01
1.759769592758627654e-01
1.800913743003355605e-01
1.821485818125712919e-01
1.821485818125712919e-01
1.635051387329327643e-01
1.684767235541689279e-01
1.749483555197457185e-01
1.790627705442170148e-01
1.821485818125712919e-01
1.821485818125712919e-01
1.622622425276228353e-01
1.672338273488608307e-01
1.722054121700969942e-01
1.780341667880998568e-01
1.821485818125712919e-01
1.821485818125712919e-01
1.667795273565738368e-01
1.659909311435509016e-01
1.709625159647870651e-01
1.759341007860250605e-01
1.810256893788101673e-01
1.821485818125712919e-01
1.597764501170046980e-01
1.647480349382410003e-01
1.697196197594789957e-01
1.746912045807151315e-01
1.796627894019531269e-01
1.550020143490217495e-01
1.628536896873907236e-01
1.635051387329327643e-01
1.684767235541689279e-01
1.734483083754070620e-01
1.781370271637107983e-01
1.523190728851485376e-01
1.572906577063848677e-01
1.622622425276228353e-01
1.672338273488608307e-01
1.722054121700969942e-01
1.510761766798386363e-01
1.510761766798386363e-01
1.560477615010766039e-01
1.610193463223129340e-01
1.659909311435509016e-01
1.709625159647870651e-01
1.754626573978043114e-01
1.510761766798386363e-01
1.548048652957667026e-01
1.597764501170046980e-01
1.647480349382410003e-01
1.697196197594789957e-01
1.510761766798386363e-01
1.780513101840352497e-01
1.535619690904567736e-01
1.585335539116947690e-01
1.635051387329327643e-01
1.674395481000833519e-01
1.510761766798386363e-01
1.510761766798386363e-01
1.523190728851485376e-01
1.572906577063848677e-01
1.622622425276228353e-01
1.672338273488608307e-01
1.510761766798386363e-01
