5.549677130044843310e-01
5.110313901345290288e-01
5.039237668161434813e-01
4.770242152466367402e-01
4.516067264573990769e-01
4.323766816143499447e-01
3.976457399103139889e-01
3.937219730941703411e-01
3.935399103139014532e-01
3.703094170403588570e-01
3.536995515695067760e-01
3.366031390134528456e-01
3.306950672645741496e-01
3.230605381165918555e-01
2.887556053811659584e-01
3.236098654708518541e-01
2.983183856502242826e-01
2.917264573991032450e-01
2.802242152466368763e-01
2.688080717488789406e-01
2.556838565022421239e-01
2.404708520179372755e-01
2.716345291479821400e-01
2.632174887892375637e-01
2.502802690582959788e-01
2.428013452914798143e-01
2.346973094170403396e-01
2.299134529147982275e-01
2.255493273542599764e-01
2.245515695067263617e-01
2.289910313901342420e-01
2.270179372197309864e-01
2.199551569506726090e-01
2.171524663677129319e-01
2.124327354260090450e-01
2.056053811659192543e-01
2.035874439461884122e-01
2.032399103139014285e-01
2.067264573991032806e-01
2.080829596412555604e-01
1.965470852017936754e-01
1.896300448430492669e-01
1.922869955156951971e-01
1.908968609865470678e-01
1.933538116591927147e-01
1.900000000000000855e-01
1.818946188340807846e-01
1.810201793721974151e-01
1.829484304932735284e-01
1.769506726457401313e-01
1.786905829596413253e-01
1.789798206278027659e-01
1.768497757847534158e-01
1.758295964125562993e-01
1.698654708520179468e-01
1.713901345291482248e-01
1.709641255605381660e-01
1.705605381165919143e-01
1.741031390134530066e-01
1.616591928251123189e-01
1.621748878923766901e-01
1.626121076233183749e-01
1.654035874439462317e-01
1.669139013452913545e-01
1.580717488789237790e-01
1.564910313901346495e-01
1.551569506726457881e-01
1.554708520179371167e-01
1.541367713004484497e-01
1.530156950672644234e-01
1.516255605381164884e-01
1.505044843049326564e-01
1.490695067264572737e-01
1.501008968609862104e-01
1.499569506726458057e-01
1.493946188340806447e-01
1.489349775784753471e-01
1.473542600896859955e-01
1.484304932735425742e-01
1.474215246636770837e-01
1.472197309417040412e-01
1.454596412556053153e-01
1.470067264573992061e-01
1.472645739910312945e-01
1.463677130044843122e-01
1.442600896860984083e-01
1.432174887892380399e-01
1.384417040358744133e-01
1.421636771300446855e-01
1.443609865470853182e-01
1.386210762331837876e-01
1.368273542600896286e-01
1.365807174887891662e-01
1.386883408071748758e-01
1.349663677130043815e-01
1.438632286995512044e-01
1.378923766816141927e-01
1.365470852017937331e-01
1.363789237668161236e-01
1.328139013452914186e-01
1.317825112107622876e-01
1.285313901345291054e-01
1.375224215246635961e-01
1.317713004484300787e-01
1.341255605381166671e-01
1.324663677130042405e-01
1.301569506726454883e-01
1.292264573991030729e-01
1.266031390134525758e-01
1.304448430493271305e-01
1.314013452914792601e-01
1.295403587443944293e-01
1.296524663677129374e-01
1.264461883408072029e-01
1.252466367713002959e-01
1.232174887892378695e-01
1.327354260089685378e-01
1.317713004484304673e-01
1.276233183856501086e-01
1.262443946188339938e-01
1.236995515695065995e-01
1.227578475336323638e-01
1.230717488789239006e-01
1.247533632286991490e-01
1.273206278026905724e-01
1.258071748878923091e-01
1.239349775784754498e-01
1.229932735426010199e-01
1.227578475336323638e-01
1.215919282511210842e-01
1.212556053811659068e-01
1.222533632286994104e-01
1.241704035874441059e-01
1.232286995515694816e-01
1.223766816143499470e-01
1.199775784753365077e-01
1.172645739910311152e-01
1.195515695067264350e-01
1.209753363228699974e-01
1.228699551569506776e-01
1.161547085201795060e-01
1.192264573991030779e-01
1.163789237668161475e-01
1.192600896860987192e-01
1.204260089686099988e-01
1.201457399103138951e-01
1.154708520179371506e-01
1.161883408071749391e-01
1.162780269058296401e-01
1.189686098654709895e-01
1.154708520179371506e-01
1.154708520179371506e-01
1.154708520179371506e-01
1.160089686098653428e-01
1.161771300448429245e-01
1.165807174887891623e-01
1.198430493273541508e-01
1.154708520179371506e-01
1.154708520179371506e-01
1.158295964125559407e-01
1.160762331838564171e-01
1.164798206278026549e-01
1.128026905829596221e-01
1.157286995515694333e-01
1.128587443946188762e-01
1.142488789237670055e-01
1.159753363228699097e-01
1.137556053811658585e-01
1.129932735426008306e-01
1.154708520179371506e-01
1.147869955156947952e-01
1.154708520179371506e-01
1.158744394618833884e-01
1.139461883408070669e-01
1.131838565022420390e-01
1.124215246636769971e-01
1.142937219730938564e-01
1.114237668161432993e-01
1.118049327354257161e-01
1.141367713004482892e-01
1.107062780269057051e-01
1.126121076233183999e-01
1.118497757847531637e-01
1.121412556053806853e-01
1.126681614349770710e-01
1.107062780269057051e-01
1.135650224215244558e-01
1.128026905829596221e-01
1.120403587443945803e-01
1.112780269058295385e-01
1.107062780269057051e-01
1.107062780269057051e-01
1.107062780269057051e-01
1.129932735426008306e-01
1.122309417040357887e-01
1.114686098654707469e-01
1.107062780269057051e-01
1.107062780269057051e-01
1.123206278026908783e-01
1.107062780269057051e-01
1.124215246636769971e-01
1.116591928251119553e-01
1.103251121076232882e-01
1.107062780269057051e-01
1.107062780269057051e-01
1.107062780269057051e-01
1.126121076233183999e-01
1.118497757847531637e-01
1.099439461883408714e-01
1.107062780269057051e-01
1.107062780269057051e-01
1.107062780269057051e-01
1.107062780269057051e-01
1.120403587443945803e-01
1.095627802690582603e-01
1.107062780269057051e-01
1.107062780269057051e-01
1.107062780269057051e-01
1.107062780269057051e-01
1.122309417040357887e-01
1.091816143497758296e-01
1.107062780269057051e-01
1.107062780269057051e-01
1.107062780269057051e-01
1.107062780269057051e-01
1.076991031390131942e-01
1.107062780269057051e-01
1.103251121076232882e-01
1.107062780269057051e-01
1.107062780269057051e-01
1.107062780269057051e-01
1.093609865470850373e-01
1.072757847533633430e-01
1.099439461883408714e-01
1.107062780269057051e-01
1.063901345291475703e-01
1.082399103139009972e-01
1.044170403587443979e-01
1.067040358744393153e-01
1.095627802690582603e-01
1.107062780269057051e-01
1.079035874439454312e-01
1.107062780269057051e-01
1.038452914798207727e-01
1.061322869955156761e-01
1.084192825112108016e-01
1.107062780269057051e-01
1.094170403587444995e-01
1.033183856502245812e-01
1.107062780269057051e-01
1.055605381165920509e-01
1.078475336322869682e-01
1.101345291479820798e-01
1.107062780269057051e-01
1.048766816143496955e-01
1.027017937219729116e-01
1.049887892376680232e-01
1.072757847533633430e-01
1.095627802690584546e-01
9.491031390134493928e-02
9.552690582959622034e-02
9.176008968609848659e-02
1.044170403587443979e-01
1.067040358744393153e-01
1.083856502242149661e-01
1.093834080717480534e-01
1.040919282511204441e-01
9.270179372197272227e-02
1.038452914798207727e-01
1.061322869955156761e-01
1.076121076233183121e-01
1.107062780269057051e-01
9.340807174887889863e-02
9.040358744394579038e-02
1.032735426008969393e-01
1.055605381165920509e-01
1.067264573991033305e-01
1.099327354260090650e-01
9.415919282511192590e-02
9.115470852017922010e-02
9.081838565022425092e-02
8.514573991031340605e-02
1.060650224215250043e-01
9.641255605381159055e-02
9.491031390134493928e-02
9.190582959641244165e-02
9.176008968609848659e-02
8.577354260089670168e-02
1.052914798206277536e-01
9.641255605381159055e-02
9.566143497757796654e-02
9.265695067264546891e-02
8.965246636771256883e-02
8.632780269058280831e-02
8.437757847533400302e-02
6.939461883408049037e-02
9.641255605381159055e-02
9.340807174887889863e-02
9.040358744394579038e-02
8.477578475336280950e-02
8.257847533632259318e-02
9.641255605381159055e-02
9.641255605381159055e-02
9.415919282511192590e-02
9.115470852017881764e-02
8.501121076233165985e-02
8.343273542600840309e-02
9.641255605381159055e-02
6.636771300448356115e-02
9.491031390134554990e-02
8.847533632286967709e-02
8.587443946188301480e-02
8.589686098654703006e-02
7.260089686098562811e-02
9.641255605381159055e-02
9.548206278026857841e-02
8.979820627802712063e-02
8.612242152466328959e-02
7.921524663677188827e-02
7.544843049327315532e-02
6.863228699551465750e-02
9.641255605381159055e-02
9.340807174887849618e-02
8.697309417040362256e-02
8.053811659192754158e-02
7.524663677130091766e-02
6.995515695067230921e-02
6.466367713004349260e-02
9.190582959641224736e-02
8.715246636771202537e-02
8.186098654708519329e-02
7.656950672645658484e-02
7.127802690582976664e-02
6.598654708520114431e-02
9.340807174887949538e-02
8.847533632286967709e-02
8.318385650224105476e-02
7.789237668161423656e-02
7.260089686098562811e-02
6.788116591928262944e-02
6.334080717488783929e-02
8.979820627802712063e-02
8.642376681614322154e-02
7.921524663676988987e-02
7.392376681614326595e-02
6.863228699551465750e-02
6.334080717488783929e-02
6.334080717488783929e-02
8.439461883408097553e-02
8.053811659192754158e-02
7.524663677130091766e-02
6.995515695067230921e-02
6.446188340807067207e-02
6.334080717488783929e-02
8.715246636771202537e-02
8.186098654708519329e-02
7.656950672645658484e-02
7.127802690582976664e-02
6.558295964125510080e-02
6.334080717488783929e-02
8.739910313901308458e-02
8.318385650224105476e-02
7.789237668161423656e-02
7.260089686098562811e-02
6.670403587443952953e-02
6.334080717488783929e-02
6.334080717488783929e-02
6.334080717488783929e-02
7.921524663676988987e-02
7.392376681614326595e-02
6.782511210762237619e-02
6.334080717488783929e-02
6.334080717488783929e-02
8.439461883408097553e-02
8.053811659192754158e-02
7.524663677130091766e-02
6.894618834080680492e-02
6.446188340807067207e-02
6.334080717488783929e-02
6.334080717488783929e-02
8.020358744394591455e-02
7.387892376681522155e-02
7.006726457399123364e-02
6.558295964125510080e-02
6.334080717488783929e-02
6.334080717488783929e-02
8.139013452914668767e-02
7.789237668161423656e-02
6.795964125560452485e-02
6.670403587443952953e-02
6.334080717488783929e-02
6.334080717488783929e-02
7.966367713004438023e-02
6.091928251121097454e-02
6.926008968609834171e-02
