6.169858115561641654e-01
6.044353151508234934e-01
5.893696983529232991e-01
5.522081478945566335e-01
5.198056221233215979e-01
5.130929286013157231e-01
4.874186922286888324e-01
4.848320590360987725e-01
4.669508159306174355e-01
4.482007683822131772e-01
4.426573852181520108e-01
4.356270683555859002e-01
4.275240594925630577e-01
4.204895583704209017e-01
4.157263494237136148e-01
4.227813914565028419e-01
4.089162767697517298e-01
4.017474989539349672e-01
3.972098596371105850e-01
3.828407318650386415e-01
3.864068621857049135e-01
3.891836889953973477e-01
3.842101259081744935e-01
3.738160447335386882e-01
3.552341283426528329e-01
3.565438015900186941e-01
3.594659363231770266e-01
3.751066986191944896e-01
3.660371257940582823e-01
3.515253528091596968e-01
3.167864886454411777e-01
3.219026969454905074e-01
3.425006656776599101e-01
3.437274145079693422e-01
3.149891589638252332e-01
3.067918140667190152e-01
3.017897219369317097e-01
3.024649092776450221e-01
3.114671535623262932e-01
3.122979192818293170e-01
2.483365666248240067e-01
2.735459697972538184e-01
2.714633496899845344e-01
2.821332116094188436e-01
2.780345391608657901e-01
2.732701890524557586e-01
2.415458937198068645e-01
2.484309026589070490e-01
2.542413176613793624e-01
2.717771691582031579e-01
2.557761801513941946e-01
2.396439575487846474e-01
2.385503442504469385e-01
2.384172087184755484e-01
2.386834797824186893e-01
2.441230172315418945e-01
2.330347293544828835e-01
2.338240328654570543e-01
2.339868386016965007e-01
2.296302636083539794e-01
2.296492829700639837e-01
2.273289208414165097e-01
2.218037962645975358e-01
2.284655178972194167e-01
2.201871505192286305e-01
2.210335121153335081e-01
2.222412415839326028e-01
2.190840275400356696e-01
2.198718095020733287e-01
2.195500019019361870e-01
2.164118072197497578e-01
2.189604016889193649e-01
2.192270531400971056e-01
2.181235497736695450e-01
2.094221917912436337e-01
2.144433032827417485e-01
2.152554300277682020e-01
2.172296397732895734e-01
2.166020008368525485e-01
2.162976910494883720e-01
2.080527977481076984e-01
2.075963330670625995e-01
2.100498307276809640e-01
1.991517364677240498e-01
2.018239567880101282e-01
2.022804214690555602e-01
2.042203963634976194e-01
2.057799840237361788e-01
2.045912739168474215e-01
1.975921488074860177e-01
1.986477233824028577e-01
1.977538133820230248e-01
1.987713492335198562e-01
1.990186009357526598e-01
1.948723800829245123e-01
1.964700064665830526e-01
1.968503937007874405e-01
1.966887291262504334e-01
1.958138384875806326e-01
1.932652440184108589e-01
1.959945224238274775e-01
1.956141351896229230e-01
1.960040321046827294e-01
1.928943664650615841e-01
1.940735668910952283e-01
1.929894632736126325e-01
1.925710373159879030e-01
1.909448818897637457e-01
1.904503784852981385e-01
1.911731142302865172e-01
1.893852942295256858e-01
1.889573585910457043e-01
1.867511126326599769e-01
1.888907908250599121e-01
1.894994103997870993e-01
1.895849975274830623e-01
1.894803910380767620e-01
1.895089200806421847e-01
1.854768153980750900e-01
1.887386359313783513e-01
1.882916809311881712e-01
1.899558750808323371e-01
1.865704286964127989e-01
1.866084674198336402e-01
1.878542356118527712e-01
1.826999885883828778e-01
1.861520027387882359e-01
1.880919776332309890e-01
1.888432424207843185e-01
1.846209441211154600e-01
1.837460534824452985e-01
1.828711628437749703e-01
1.813070105367256823e-01
1.861520027387882359e-01
1.832610597588347767e-01
1.864943512495722544e-01
1.803986458214462685e-01
1.809597169918978343e-01
1.807409943322302870e-01
1.845829053976951184e-01
1.844307505040128359e-01
1.819201947582639589e-01
1.828141047586444579e-01
1.806173684811139823e-01
1.771082962455781118e-01
1.775951919053594119e-01
1.768800639050554790e-01
1.824527368861495746e-01
1.824527368861500742e-01
1.800372779489524122e-01
1.755106698619195438e-01
1.761192894366467310e-01
1.769751607136065275e-01
1.793620906082390998e-01
1.704610293278558120e-01
1.737228498611587124e-01
1.753585149682377886e-01
1.759671345429648093e-01
1.762904636920386570e-01
1.768800639050554790e-01
1.768800639050554790e-01
1.745977404998288740e-01
1.711267069877136782e-01
1.758149796492830541e-01
1.759956635855302320e-01
1.654589371980673407e-01
1.671801894328429072e-01
1.685115447525583066e-01
1.706036745406826483e-01
1.745216630529881630e-01
1.757008634790218071e-01
1.638042527292784267e-01
1.665050020921297613e-01
1.679885123055269436e-01
1.685183917227739414e-01
1.638042527292784267e-01
1.701757389022029998e-01
1.641751302826277292e-01
1.653733500703717108e-01
1.674654798584960524e-01
1.695576096466202276e-01
1.641846399634824816e-01
1.638042527292784267e-01
1.645460078359768374e-01
1.638993495378294751e-01
1.669424474114650225e-01
1.668948990071895677e-01
1.638422914526987961e-01
1.648978660276161357e-01
1.644889497508464915e-01
1.643272851763094844e-01
1.643748335805844119e-01
1.662292213473318681e-01
1.620734908136481356e-01
1.638042527292784267e-01
1.652877629426755812e-01
1.638042527292784267e-01
1.639335843889077604e-01
1.617596713454297064e-01
1.629198524097528467e-01
1.625204458138386210e-01
1.631138498991975272e-01
1.636616075164517570e-01
1.623778006010118125e-01
1.604758644299897341e-01
1.585739282589676835e-01
1.603807676214388522e-01
1.629483814523186302e-01
1.635189623036251150e-01
1.628532846437672210e-01
1.609513484727451704e-01
1.638042527292784267e-01
1.612271292175433968e-01
1.568431663433375589e-01
1.633763170907984452e-01
1.633287686865226573e-01
1.614268325155006067e-01
1.572425729392521176e-01
1.603617482597283483e-01
1.545798622998211247e-01
1.632336718779717755e-01
1.638042527292784267e-01
1.616075164517479512e-01
1.575754117691812173e-01
1.562440564494654571e-01
1.582505991098936693e-01
1.630910266651451057e-01
1.636616075164517570e-01
1.608087032599186672e-01
1.604758644299897341e-01
1.565768952793945568e-01
1.552455399596789909e-01
1.572235535775415860e-01
1.602381224086120159e-01
1.606185096428165704e-01
1.582410894290387504e-01
1.569097341093233511e-01
1.555783787896077575e-01
1.555403400661874158e-01
1.508901061280385758e-01
1.588782380463305000e-01
1.585739282589675170e-01
1.572425729392521176e-01
1.559112176195366906e-01
1.521548936817680164e-01
1.524592034691315268e-01
1.602381224086120159e-01
1.589067670888966166e-01
1.575754117691808842e-01
1.545323138955455033e-01
1.526303777245234528e-01
1.507284415535014022e-01
1.491973829358286263e-01
1.561584693217694941e-01
1.573947278329340116e-01
1.550077979383012727e-01
1.531058617672792221e-01
1.512039255962568107e-01
1.500437445319331708e-01
1.575183536840500109e-01
1.520788162349269723e-01
1.554832819810567091e-01
1.535813458100346585e-01
1.516794096390125801e-01
1.497774734679905295e-01
1.484936665525505572e-01
1.505382479363984449e-01
1.526493970862332905e-01
1.540568298527900670e-01
1.521548936817680164e-01
1.490642474038572085e-01
1.483510213397238875e-01
1.489216021910305388e-01
1.483510213397238875e-01
1.545323138955455033e-01
1.526303777245234528e-01
1.454981170831909643e-01
1.477804404884174028e-01
1.483510213397238875e-01
1.497204153828598228e-01
1.483510213397238875e-01
1.531058617672788891e-01
1.476377952755909273e-01
1.493019894252347601e-01
1.483510213397238875e-01
1.483510213397238875e-01
1.483510213397238875e-01
1.535813458100346585e-01
1.516794096390125801e-01
1.497774734679903630e-01
1.484936665525505572e-01
1.483510213397238875e-01
1.483510213397238875e-01
1.483510213397238875e-01
1.462113431473241187e-01
1.490642474038572085e-01
1.483510213397238875e-01
1.483510213397238875e-01
1.483510213397238875e-01
1.483510213397238875e-01
1.389364372931648217e-01
1.483510213397240540e-01
1.477804404884177636e-01
1.483510213397238875e-01
1.483510213397238875e-01
1.483510213397238875e-01
1.378903723991029007e-01
1.420746319753507236e-01
1.472098596371109458e-01
1.483510213397238875e-01
1.483510213397238875e-01
1.340865000570591326e-01
1.388413404846134402e-01
1.443569553805778283e-01
1.466392787858039337e-01
1.483510213397238875e-01
1.307581117577689134e-01
1.376050819734495889e-01
1.357982426109775598e-01
1.399825021872269093e-01
1.441667617634760645e-01
1.483510213397238875e-01
1.483510213397238875e-01
1.305679181406669831e-01
1.347521777169163326e-01
1.389364372931641556e-01
1.454981170831909643e-01
1.452793944235259704e-01
1.483510213397238875e-01
1.305203697363925552e-01
1.337061128228535511e-01
1.378903723991029007e-01
1.420746319753507236e-01
1.462588915516000732e-01
1.483510213397238875e-01
1.483510213397238875e-01
1.326600479287924905e-01
1.368443075050403135e-01
1.410285670812894965e-01
1.452128266575373194e-01
1.483510213397238875e-01
1.281429495226137083e-01
1.316139830347297368e-01
1.357982426109790863e-01
1.399825021872269093e-01
1.374943892882980190e-01
1.483510213397238875e-01
1.269542394157259779e-01
1.305679181406669831e-01
1.347521777169163326e-01
1.389364372931641556e-01
1.329928867587212571e-01
1.221993989881699771e-01
1.257655293088365545e-01
1.295218532466058947e-01
1.337061128228535511e-01
1.378903723991029007e-01
1.299212598425191212e-01
1.221993989881699771e-01
1.245768192019471310e-01
1.284757883525431410e-01
1.326600479287924905e-01
1.368443075050403135e-01
1.221993989881699771e-01
1.221993989881699771e-01
1.222184183498803284e-01
1.274297234584803873e-01
1.316139830347297368e-01
1.357982426109790863e-01
1.399825021872269093e-01
1.360645136749235873e-01
1.221993989881699771e-01
1.263836585644193267e-01
1.305679181406669831e-01
1.347521777169163326e-01
1.221993989881699771e-01
1.221993989881699771e-01
1.221993989881699771e-01
1.253375936703565730e-01
1.295218532466058947e-01
1.221993989881699771e-01
1.221993989881699771e-01
1.221993989881699771e-01
1.221993989881699771e-01
1.242915287762938054e-01
1.223135151584313768e-01
1.223895926052722544e-01
1.221993989881699771e-01
1.221993989881699771e-01
1.221993989881699771e-01
1.222184183498803284e-01
1.274297234584803873e-01
1.316139830347297368e-01
1.221993989881699771e-01
1.221993989881699771e-01
