1.385154283117473684e+00
1.298413996818905014e+00
1.284059077482390121e+00
1.154497614178595644e+00
1.056396273574187861e+00
1.005180640763463140e+00
9.645535105657805364e-01
9.337423312883438298e-01
9.126562144967054202e-01
9.067248352647128140e-01
8.399491024767096192e-01
8.259850034083162651e-01
7.861540558963869829e-01
7.780213587820948851e-01
7.773233356055441190e-01
7.470120427175643840e-01
7.234719381958646389e-01
7.023821858668484186e-01
6.936059986366736041e-01
6.832956146330381175e-01
6.441717791411044614e-01
6.396273574187685274e-01
6.344448988866165928e-01
6.274483072029083397e-01
6.249488752556238147e-01
6.060895251079302382e-01
5.971370143149284937e-01
6.024539877300614243e-01
5.976823449216087658e-01
5.808225403317427427e-01
5.804135423767324831e-01
5.755510111338332235e-01
5.687798227675529006e-01
5.746875710065892928e-01
5.521926834810271245e-01
5.550756646216767898e-01
5.426039536468985069e-01
5.457850488525335386e-01
5.377105203362874120e-01
5.320154510338559462e-01
5.456941604180867156e-01
5.423767325607816714e-01
5.319700068166325346e-01
5.257441490570324838e-01
5.116109975005680433e-01
5.132324471710971725e-01
5.169279709157010849e-01
5.213815042035900849e-01
5.153374233128834581e-01
5.043744603499202839e-01
5.001136105430584733e-01
5.010224948875255935e-01
5.019313792319927137e-01
5.039309247898206001e-01
4.913883208361735644e-01
4.833446943876391622e-01
4.780731651897297541e-01
4.817995910020450023e-01
4.842535787321062823e-01
4.727107475573733564e-01
4.703476482617587884e-01
4.773915019313792474e-01
4.731197455123836160e-01
4.614860259032040890e-01
4.658941149738696219e-01
4.645762326743921866e-01
4.451261077027949820e-01
4.491251988184504773e-01
4.578050443081118637e-01
4.485798682117700942e-01
4.384458077709610935e-01
4.317200636219041265e-01
4.456714383094750875e-01
4.402181322426720889e-01
4.382185866848443689e-01
4.410361281526925525e-01
4.305294251306517883e-01
4.286298568507156959e-01
4.223549193365145338e-01
4.244035446489435315e-01
4.224494433083390010e-01
4.253578732106340632e-01
4.162235855487388947e-01
4.190756646216762804e-01
4.080890706657579470e-01
4.138150420359010817e-01
4.155873665076120771e-01
4.206771188366281167e-01
4.068166325835037567e-01
4.048170870256760367e-01
4.042717564189956536e-01
4.080890706657578360e-01
4.035446489434220130e-01
4.033174278573051774e-01
4.031356509884118644e-01
3.999091115655533657e-01
4.033174278573051774e-01
4.018632129061576741e-01
4.009997727789138544e-01
4.015451033855942931e-01
3.882753919563737832e-01
3.937741422403999714e-01
3.983840036355373870e-01
4.022267666439445777e-01
3.983185639627357943e-01
3.994092251760963941e-01
3.842308566234947653e-01
3.914110429447852924e-01
3.955464667121108557e-01
3.956373551465576233e-01
3.972697114292205733e-01
3.710520336287208565e-01
3.778686662122243689e-01
3.842308566234945433e-01
3.869120654396727144e-01
3.955010224948876663e-01
3.810497614178594006e-01
3.686889343331060664e-01
3.780504430811177929e-01
3.711429220631674575e-01
3.775051124744376319e-01
3.953646898432175427e-01
3.674164962508520982e-01
3.672347193819585631e-01
3.725062485798682488e-01
3.757055214723918346e-01
3.712338104976140585e-01
3.901840490797548466e-01
3.567825494205861814e-01
3.634628493524200699e-01
3.510565780504431022e-01
3.621904112701659351e-01
3.642808452624407001e-01
3.671165644171779929e-01
3.542376732560782449e-01
3.605998636673483637e-01
3.510565780504431022e-01
3.568734378550328934e-01
3.578277664167234251e-01
3.510565780504431022e-01
3.526471256532605625e-01
3.501476937059759265e-01
3.510565780504431022e-01
3.508748011815496781e-01
3.510565780504431022e-01
3.441490570324925446e-01
3.510565780504431022e-01
3.503294705748693505e-01
3.496023630992955988e-01
3.489661440581685037e-01
3.365362417632352110e-01
3.424221767780049608e-01
3.474664848897978664e-01
3.505112474437627190e-01
3.311065666893889259e-01
3.443762781186094357e-01
3.385594183140197000e-01
3.406952965235174879e-01
3.438763917291526306e-01
3.168825266984776623e-01
3.277891388320836596e-01
3.233356055441945487e-01
3.295160190865712990e-01
3.369688707112019621e-01
3.398773006134968577e-01
3.112474437627811286e-01
3.151556464439900229e-01
3.217905021586003333e-01
3.259259259259258412e-01
3.356055441945011153e-01
3.336059986366735064e-01
3.078845716882525618e-01
3.137014314928425196e-01
3.136487162008628204e-01
3.234719381958646722e-01
3.158373097023404186e-01
3.181095205635083856e-01
3.037037037037035869e-01
3.085207907293796015e-01
3.180640763462849185e-01
3.187911838218588922e-01
3.124289934105886068e-01
3.055214723926378828e-01
3.040672574414904905e-01
3.067939104748920176e-01
3.062485798682116345e-01
3.087934560327201261e-01
3.055287434673934488e-01
3.046125880481707626e-01
3.038854805725970665e-01
3.050670302204043782e-01
3.065212451715518815e-01
3.054305839581912818e-01
3.055214723926378828e-01
3.047943649170642422e-01
3.040672574414904905e-01
3.033401499659167389e-01
3.033401499659167389e-01
3.057032492615314179e-01
2.998409452397186592e-01
3.035219268348101629e-01
2.949329697795953775e-01
3.016587139286525665e-01
3.033401499659167389e-01
3.059759145648715539e-01
2.977959554646670282e-01
2.851624630765736690e-01
2.932515337423312052e-01
2.999772778913881721e-01
3.033401499659167389e-01
3.033401499659167389e-01
3.033401499659167389e-01
2.835719154737560421e-01
2.912065439672800182e-01
2.982958418541239998e-01
3.033401499659167389e-01
3.033401499659167389e-01
2.854351283799135275e-01
2.809815950920246941e-01
2.884344467166552461e-01
2.958872983412861868e-01
3.033401499659167389e-01
2.711201999545561070e-01
2.816178141331516227e-01
2.791183821858670977e-01
2.865712338104976498e-01
2.928879800045446902e-01
2.992047261985912865e-01
2.675301067939102606e-01
2.698023176550785607e-01
2.772551692797091127e-01
2.847080209043400534e-01
2.907975460122698141e-01
2.567598273119746644e-01
2.637582367643716563e-01
2.679391047489207422e-01
2.753919563735512943e-01
2.828448079981822905e-01
2.743921835946373511e-01
2.567598273119746644e-01
2.588084526244032180e-01
2.747102931152013428e-01
2.735287434673937534e-01
2.782549420586230560e-01
2.866166780277208948e-01
2.567598273119746644e-01
2.567598273119746644e-01
2.638491251988187569e-01
2.678027720972506187e-01
2.791183821858670977e-01
2.567598273119746644e-01
2.567598273119746644e-01
2.567598273119746644e-01
2.620768007271074840e-01
2.691660986139515210e-01
2.772551692797091127e-01
2.567598273119746644e-01
2.567598273119746644e-01
2.567598273119746644e-01
2.603044762553965996e-01
2.673937741422404146e-01
2.558509429675074887e-01
2.567598273119746644e-01
2.567598273119746644e-01
2.567598273119746644e-01
2.585321517836854932e-01
2.610770279481937073e-01
2.559418314019542007e-01
2.567598273119746644e-01
2.567598273119746644e-01
2.567598273119746644e-01
2.567598273119746644e-01
2.590774823903659874e-01
2.670756646216768670e-01
2.556691660986140646e-01
2.567598273119746644e-01
2.556237218813907086e-01
2.567598273119746644e-01
2.620768007271074840e-01
2.561236082708475692e-01
2.557600545330607766e-01
2.553965007952739286e-01
2.567598273119746644e-01
2.567598273119746644e-01
2.557600545330607766e-01
2.562144967052942812e-01
2.558509429675074887e-01
2.554873892297206406e-01
2.535332878891161656e-01
2.560781640536242132e-01
2.566689388775279523e-01
2.544876164508067529e-01
2.559418314019542007e-01
2.555782776641673526e-01
2.552147239263805045e-01
2.546693933197002879e-01
2.567598273119746644e-01
2.563962735741878163e-01
2.560327198364009127e-01
2.556691660986140646e-01
2.553056123608272165e-01
2.556237218813907086e-01
2.565326062258577733e-01
2.552601681436038050e-01
2.544876164508067529e-01
2.557600545330607766e-01
2.531242899341060726e-01
2.536696205407862892e-01
2.542149511474666723e-01
2.544876164508067529e-01
2.562144967052942812e-01
2.524426266757554549e-01
2.529879572824358935e-01
2.535332878891161656e-01
2.540786184957964933e-01
2.544876164508067529e-01
2.544876164508067529e-01
2.551692797091570930e-01
2.528516246307657700e-01
2.533969552374462086e-01
2.539422858441265363e-01
2.544876164508067529e-01
2.544876164508067529e-01
2.521699613724153743e-01
2.527152919790958130e-01
2.532606225857760296e-01
2.492615314701204232e-01
2.523062940240856089e-01
2.494887525562372865e-01
2.503976369007045455e-01
2.525789593274256339e-01
2.531242899341060726e-01
2.536696205407862892e-01
2.501249715973644649e-01
2.544876164508067529e-01
2.501704158145877099e-01
2.510793001590547746e-01
2.529879572824358935e-01
2.535332878891161656e-01
2.490797546012270269e-01
2.490343103840037542e-01
2.499431947284708466e-01
2.508520790729381056e-01
2.528516246307657700e-01
2.533969552374462086e-01
2.491706430356737390e-01
2.488070892978868909e-01
2.497159736423541776e-01
2.506248579868212145e-01
2.515337423312885012e-01
2.532606225857760296e-01
2.492615314701204232e-01
2.488979777323336029e-01
2.494887525562372865e-01
2.503976369007045455e-01
2.513065212451716102e-01
2.522154055896388969e-01
2.493524199045672463e-01
2.489888661667803149e-01
2.492615314701204232e-01
2.501704158145877099e-01
2.510793001590547746e-01
2.519881845035220613e-01
2.494433083390139583e-01
2.490797546012270269e-01
2.490343103840037542e-01
2.499431947284708466e-01
2.508520790729381056e-01
2.488070892978868909e-01
2.488070892978868909e-01
2.491706430356737390e-01
2.488070892978868909e-01
2.497159736423541776e-01
2.506248579868212145e-01
2.515337423312885012e-01
2.488070892978868909e-01
2.488070892978868909e-01
2.488979777323336029e-01
2.494887525562372865e-01
2.488070892978868909e-01
2.488070892978868909e-01
2.488070892978868909e-01
2.488070892978868909e-01
2.489888661667803149e-01
2.492615314701204232e-01
2.488070892978868909e-01
2.488070892978868909e-01
2.488070892978868909e-01
2.488070892978868909e-01
2.488070892978868909e-01
2.488070892978868909e-01
2.488070892978868909e-01
2.488070892978868909e-01
2.488070892978868909e-01
2.488070892978868909e-01
