9.205009673149374683e-01
8.960390998879950164e-01
8.337745647082782652e-01
7.824722533346910591e-01
7.189064250076365736e-01
6.804948579574380263e-01
6.506465736686691814e-01
6.377151002952856640e-01
6.361877609204765749e-01
6.183688015477041278e-01
5.938804602382649067e-01
5.742796049282151705e-01
5.403889624274513803e-01
5.432746156195908949e-01
5.493839731188270292e-01
5.377252825577844009e-01
5.203136136849608739e-01
4.809489868648812450e-01
4.693004785663374423e-01
4.848793401893901622e-01
4.923123918134609811e-01
4.531106811933612311e-01
4.298951226962630101e-01
4.276041136340494320e-01
4.106506465736686762e-01
4.164036248854495748e-01
4.192546583850931263e-01
4.115670501985539964e-01
3.612707463598410773e-01
3.661032481417370033e-01
3.592302209550964354e-01
3.663476224417067106e-01
3.667650952041543455e-01
3.549027593931372015e-01
3.145300885856838202e-01
3.242032379594746438e-01
3.227777212096527570e-01
3.145687811831787140e-01
3.065879238366766568e-01
2.920781997759903104e-01
2.906017717136747947e-01
3.047042052744119989e-01
2.872619896140921614e-01
2.809286223398838600e-01
2.803176865899604242e-01
2.821504938397312312e-01
2.825577843396802624e-01
2.846451481519194360e-01
2.813359128398330022e-01
2.763466042154566482e-01
2.723755218409531498e-01
2.583749109052031478e-01
2.794012829650749374e-01
2.778739435902657928e-01
2.725282557784340365e-01
2.720191426534976364e-01
2.489563180938805242e-01
2.502291009062214133e-01
2.560329905304958298e-01
2.772630078403421350e-01
2.702881580287139762e-01
2.354648202830669779e-01
2.392831687200895896e-01
2.430506058446188222e-01
2.501781895937277844e-01
2.581712656552286322e-01
2.077181549740353128e-01
2.272171876590979300e-01
2.298136645962734204e-01
2.401344058649831359e-01
2.412687099073414221e-01
1.909174218511354437e-01
2.013033295998370720e-01
2.072599531615925139e-01
2.234497505345688084e-01
2.273678851440790183e-01
1.924447612259444773e-01
1.902046634762246113e-01
1.974849811628145713e-01
2.019651766622546085e-01
2.156094084105488196e-01
2.166276346604214253e-01
1.901028408512372425e-01
1.822624987272173647e-01
1.878118317890235256e-01
1.890846146013645257e-01
1.878627431015172655e-01
1.869972507891255464e-01
1.829243457896345404e-01
1.801242236024845345e-01
1.799714896650037588e-01
1.850626209143672596e-01
1.833825476020772283e-01
1.811933611648506581e-01
1.802769575399654212e-01
1.797678444150290211e-01
1.769168109153854695e-01
1.783423276652073564e-01
1.779350371652581864e-01
1.795641991650545888e-01
1.755422054780573504e-01
1.761531412279810083e-01
1.764586091029426984e-01
1.766113430404236961e-01
1.729966398533756000e-01
1.736584869157927757e-01
1.741065064657364436e-01
1.754403828530702036e-01
1.741676000407292035e-01
1.692292027288464784e-01
1.695346706038081408e-01
1.680073312289991350e-01
1.688219122288973362e-01
1.680073312289991350e-01
1.686182669789227928e-01
1.682618877914673905e-01
1.692801140413398853e-01
1.670909276041136760e-01
1.680073312289991350e-01
1.646980959169128123e-01
1.680073312289991350e-01
1.680073312289991350e-01
1.690255574788719628e-01
1.613888606048263785e-01
1.644435393544446400e-01
1.634253131045719232e-01
1.644435393544446400e-01
1.668363710416455037e-01
1.661236126667348101e-01
1.672945728540881916e-01
1.597596986050301981e-01
1.629161999796356342e-01
1.642398941044701244e-01
1.655635882293046424e-01
1.607779248549030260e-01
1.586396497301702235e-01
1.593524081050811392e-01
1.586905610426634916e-01
1.579778026677526870e-01
1.596069646675490894e-01
1.558395275430201898e-01
1.580796252927401668e-01
1.589451176051318859e-01
1.570613990428673390e-01
1.535485184808064729e-01
1.539558089807555319e-01
1.527339374809082717e-01
1.547703899806537331e-01
1.569086651053864245e-01
1.540576316057429007e-01
1.536503411057937585e-01
1.532430506058446995e-01
1.521739130434782428e-01
1.542612768557174163e-01
1.531412279808574417e-01
1.490683229813664357e-01
1.537521637307810163e-01
1.493737908563283201e-01
1.516138886060481861e-01
1.527339374809082717e-01
1.527339374809082717e-01
1.478973627940128321e-01
1.537012524182872764e-01
1.488137664188982912e-01
1.510538641686181294e-01
1.527339374809082717e-01
1.456063537317991152e-01
1.467264026066592009e-01
1.507993076061500959e-01
1.482537419814682345e-01
1.504938397311883225e-01
1.527339374809082717e-01
1.414825374198145913e-01
1.484064759189491212e-01
1.495774361063027524e-01
1.467773139191527187e-01
1.496792587312901213e-01
1.362895835454637217e-01
1.401588432949799623e-01
1.408206903573973878e-01
1.426534976071681948e-01
1.461154668567356540e-01
1.484573872314428611e-01
1.513084207310864127e-01
1.381223907952346397e-01
1.422462071072192746e-01
1.428062315446493313e-01
1.361877609204764639e-01
1.366968740454127529e-01
1.458609102942673708e-01
1.366459627329192350e-01
1.384787699826900420e-01
1.403115772324610988e-01
1.433662559820792493e-01
1.361877609204764639e-01
1.361877609204764639e-01
1.361877609204764639e-01
1.380205681702474929e-01
1.398533754200182999e-01
1.423480297322066435e-01
1.356786477955401471e-01
1.361877609204764639e-01
1.361877609204764639e-01
1.375623663578045830e-01
1.384787699826902918e-01
1.339476631707564869e-01
1.341513084207310025e-01
1.358822930455146627e-01
1.360859382954892061e-01
1.369514306078810362e-01
1.381244272477343271e-01
1.341513084207310025e-01
1.338967518582627469e-01
1.346604215456674303e-01
1.360350269829954661e-01
1.366459627329192350e-01
1.351695346706037471e-01
1.343549536707055458e-01
1.335403726708073446e-01
1.335403726708074557e-01
1.329294369208837701e-01
1.361877609204764639e-01
1.353731799205782627e-01
1.345585989206800615e-01
1.330821708583645457e-01
1.324712351084409712e-01
1.359332043580081806e-01
1.361368496079827239e-01
1.355768251705528893e-01
1.347622441706546881e-01
1.339476631707564869e-01
1.326239690459219966e-01
1.326239690459219966e-01
1.304347826086956486e-01
1.357804704205274049e-01
1.349658894206292037e-01
1.341513084207310025e-01
1.327767029834027723e-01
1.328785256083900301e-01
1.318602993585173133e-01
1.333367274208329123e-01
1.351695346706037471e-01
1.335403726708074557e-01
1.329294369208837701e-01
1.331330821708583967e-01
1.317075654210365099e-01
1.310966296711128520e-01
1.343040423582118892e-01
1.345585989206800615e-01
1.330821708583645457e-01
1.316566541085428810e-01
1.308420731086446798e-01
1.300274921087464786e-01
1.310966296711128520e-01
1.338458405457693401e-01
1.332349047958456545e-01
1.326239690459219966e-01
1.310457183586192231e-01
1.302311373587210219e-01
1.299256694837592208e-01
1.301293147337337641e-01
1.333876387333264302e-01
1.320639446084919399e-01
1.312493636085937387e-01
1.304347826086955375e-01
1.298747581712657029e-01
1.300784034212402462e-01
1.302820486712147618e-01
1.322675898584664556e-01
1.314530088585683654e-01
1.306384278586701642e-01
1.298238468587719630e-01
1.300274921087464786e-01
1.302311373587210219e-01
1.324712351084409712e-01
1.316566541085428810e-01
1.308420731086446798e-01
1.300274921087464786e-01
1.298238468587719630e-01
1.298238468587719630e-01
1.298238468587719630e-01
1.318602993585174243e-01
1.310457183586192231e-01
1.302311373587210219e-01
1.299256694837592208e-01
1.301293147337337641e-01
1.298238468587719630e-01
1.298238468587719630e-01
1.312493636085937387e-01
1.304347826086955375e-01
1.298747581712657029e-01
1.300784034212402462e-01
1.298238468587719630e-01
1.298238468587719630e-01
1.314530088585683654e-01
1.298238468587719630e-01
1.298238468587719630e-01
1.298238468587719630e-01
1.298238468587719630e-01
1.298238468587719630e-01
1.298238468587719630e-01
1.239690459220040147e-01
1.296711129212909652e-01
1.298238468587719630e-01
1.298238468587719630e-01
1.298238468587719630e-01
1.298238468587719630e-01
1.213216576723346596e-01
1.270746359841156969e-01
1.298238468587719630e-01
1.298238468587719630e-01
1.298238468587719630e-01
1.298238468587719630e-01
1.298238468587719630e-01
1.250890947968640032e-01
1.298238468587719630e-01
1.298238468587719630e-01
1.298238468587719630e-01
1.201506974849812781e-01
1.293147337338356739e-01
1.245799816719274644e-01
1.298238468587719630e-01
1.298238468587719630e-01
1.298238468587719630e-01
1.099175236737605227e-01
1.270237246716221791e-01
1.219325934222584562e-01
1.282455961714693005e-01
1.298238468587719630e-01
1.298238468587719630e-01
1.298238468587719630e-01
1.148050096731492858e-01
1.213216576723346596e-01
1.266673454841666657e-01
1.298238468587719630e-01
1.298238468587719630e-01
1.298238468587719630e-01
1.196191833825473450e-01
1.187760920476529092e-01
1.250890947968640032e-01
1.298238468587719630e-01
1.298238468587719630e-01
1.298238468587719630e-01
1.108848386111393886e-01
1.171978413603502467e-01
1.235108441095613407e-01
1.298238468587719630e-01
1.298238468587719630e-01
1.298238468587719630e-01
1.099175236737605227e-01
1.156195906730475981e-01
1.219325934222584562e-01
1.282455961714693005e-01
1.298238468587719630e-01
1.017717136747785245e-01
1.082883616739638982e-01
1.140413399857449356e-01
1.203543427349555717e-01
1.266673454841666657e-01
1.298238468587719630e-01
1.298238468587719630e-01
1.061500865492311929e-01
1.124630892984422731e-01
1.187760920476529092e-01
1.250890947968640032e-01
1.298238468587719630e-01
9.825883311271768616e-02
1.045718358619285304e-01
1.108848386111393886e-01
1.171978413603502467e-01
1.235108441095613407e-01
1.298238468587719630e-01
9.953161592505878341e-02
1.029935851746258818e-01
1.093065879238367399e-01
1.156195906730475981e-01
1.219325934222584562e-01
1.278545972915182405e-01
9.724060686284530242e-02
1.014153344873232193e-01
1.077283372365338554e-01
1.140413399857449356e-01
1.203543427349555717e-01
1.266673454841666657e-01
9.352408105080936562e-02
9.983708380002033478e-02
1.061500865492311929e-01
1.124630892984422731e-01
1.187760920476529092e-01
1.250890947968640032e-01
9.199674167600033203e-02
9.825883311271768616e-02
1.045718358619285304e-01
1.108848386111393886e-01
1.171978413603502467e-01
