7.570828961175235516e-01
6.773347324239245015e-01
6.490031479538299619e-01
5.831584470094438588e-01
5.734522560335780783e-01
5.029275970619098146e-01
4.695697796432318771e-01
4.614375655823714784e-01
3.971668415529904794e-01
4.199895068205666271e-01
3.662119622245539885e-01
3.906086044071352958e-01
3.447009443861490663e-01
3.561699895068197730e-01
3.310598111227702200e-01
3.305351521511018520e-01
3.195173137460650681e-01
3.051311647429170715e-01
2.980062959076600348e-01
2.964323189926547086e-01
2.901364113326338479e-01
2.799055613850997548e-01
2.696747114375656063e-01
2.670514165792237105e-01
2.691500524658971272e-01
2.636411332633787352e-01
2.597061909758656695e-01
2.607555089192026831e-01
2.528436516264420120e-01
2.489506820566632361e-01
2.518363064008394825e-01
2.482056663168941413e-01
2.366211962224555043e-01
2.397691500524659347e-01
2.360965372507869975e-01
2.363588667366211538e-01
2.308499475341027618e-01
2.321615949632737375e-01
2.313746065057712686e-01
2.261280167890870330e-01
2.261280167890870330e-01
2.185204616998952243e-01
2.261280167890870330e-01
2.130115424973764715e-01
2.088142707240294160e-01
2.146694648478489065e-01
2.061909758656874925e-01
2.120041972717732204e-01
2.061909758656874925e-01
2.117838405036726324e-01
2.061909758656874925e-01
2.096012591815318848e-01
2.056663168940189856e-01
2.082896117523611035e-01
1.967471143756558405e-01
2.064533053515216487e-01
1.967471143756558405e-01
1.998950682056662709e-01
1.967471143756558405e-01
1.977964323189928264e-01
1.967471143756558405e-01
1.991080797481638021e-01
1.967471143756558405e-01
1.975341028331585036e-01
1.941028331584466748e-01
1.946484784889820352e-01
1.925498426023085907e-01
1.935991605456454101e-01
1.956977964323190211e-01
1.930745015739769033e-01
1.925498426023085907e-01
1.904512067156349797e-01
1.925498426023085907e-01
1.902308499475340309e-01
1.904512067156349797e-01
1.825813221406084597e-01
1.904512067156349797e-01
1.810073452256033277e-01
1.925498426023085907e-01
1.807450157397691715e-01
1.873032528856243828e-01
1.807450157397691715e-01
1.873032528856243828e-01
1.794333683105982236e-01
1.873032528856243828e-01
1.791710388247638730e-01
1.873032528856243828e-01
1.781217208814272479e-01
1.873032528856243828e-01
1.765477439664219494e-01
1.873032528856243828e-01
1.762854144805875989e-01
1.657922350472193218e-01
1.762854144805875989e-01
1.867785939139558760e-01
1.762854144805875989e-01
1.867785939139558760e-01
1.760230849947534426e-01
1.657922350472193218e-01
1.749737670514164567e-01
1.657922350472193218e-01
1.736621196222456753e-01
1.652675760755508150e-01
1.739244491080798316e-01
1.652675760755508150e-01
1.747114375655823004e-01
1.652675760755508150e-01
1.731374606505771685e-01
1.652675760755508150e-01
1.705141657922350507e-01
1.652675760755508150e-01
1.631689401888772040e-01
1.652675760755508150e-01
1.629066107030430477e-01
1.652675760755508150e-01
1.629066107030430477e-01
1.652675760755508150e-01
1.615949632738719055e-01
1.626442812172087249e-01
1.615949632738719055e-01
1.579223504721929683e-01
1.615949632738719055e-01
1.605456453305350861e-01
1.629066107030430477e-01
1.579223504721929683e-01
1.592339979013639439e-01
1.579223504721929683e-01
1.592339979013639439e-01
1.626442812172087249e-01
1.592339979013639439e-01
1.579223504721929683e-01
1.579223504721929683e-01
1.579223504721929683e-01
1.581322140608602267e-01
1.579223504721929683e-01
1.532004197271772394e-01
1.579223504721929683e-01
1.513641133263377847e-01
1.579223504721929683e-01
1.513641133263377847e-01
1.579223504721929683e-01
1.490031479538298231e-01
1.579223504721929683e-01
1.513641133263377847e-01
1.579223504721929683e-01
1.497901364113324862e-01
1.579223504721929683e-01
1.482161594963271600e-01
1.579223504721929683e-01
1.469045120671562121e-01
1.579223504721929683e-01
1.474291710388245247e-01
1.579223504721929683e-01
1.490031479538302117e-01
1.400839454354668723e-01
1.469045120671562121e-01
1.400839454354668723e-01
1.469045120671562121e-01
1.365582371458545496e-01
1.469045120671562121e-01
1.537250786988457463e-01
1.469045120671562121e-01
1.537250786988457463e-01
1.469045120671562121e-01
1.358866736621196225e-01
1.469045120671562121e-01
1.358866736621196225e-01
1.469045120671562121e-01
1.358866736621196225e-01
1.455928646379852365e-01
1.358866736621196225e-01
1.461175236096535490e-01
1.358866736621196225e-01
1.463798530954878996e-01
1.358866736621196225e-01
1.455928646379852365e-01
1.358866736621196225e-01
1.455928646379852365e-01
1.358866736621196225e-01
1.445435466946484449e-01
1.358866736621196225e-01
1.358866736621196225e-01
1.358866736621196225e-01
1.358866736621196225e-01
1.358866736621196225e-01
1.358866736621196225e-01
1.358866736621196225e-01
1.350996852046169594e-01
1.358866736621196225e-01
1.364113326337879351e-01
1.358866736621196225e-01
1.353620146904511157e-01
1.358866736621196225e-01
1.353620146904511157e-01
1.358866736621196225e-01
1.353620146904511157e-01
1.358866736621196225e-01
1.353620146904511157e-01
1.358866736621196225e-01
1.353620146904511157e-01
1.343126967471143240e-01
1.345750262329484803e-01
1.358866736621196225e-01
1.345750262329484803e-01
1.358866736621196225e-01
1.345750262329484803e-01
1.358866736621196225e-01
1.353620146904511157e-01
1.358866736621196225e-01
1.345750262329484803e-01
1.358866736621196225e-01
1.345750262329484803e-01
1.343126967471143240e-01
1.345750262329484803e-01
1.348373557187828031e-01
1.345750262329484803e-01
1.332633788037775047e-01
1.340503672612801678e-01
1.332633788037775047e-01
1.345750262329484803e-01
1.332633788037775047e-01
1.340503672612801678e-01
1.332633788037775047e-01
1.345750262329484803e-01
1.332633788037775047e-01
1.337880377754460115e-01
1.332633788037775047e-01
1.343126967471143240e-01
1.332633788037775047e-01
1.343126967471143240e-01
1.332633788037775047e-01
1.340503672612801678e-01
1.332633788037775047e-01
1.332633788037775047e-01
1.332633788037775047e-01
1.332633788037775047e-01
1.332633788037775047e-01
1.337880377754460115e-01
1.332633788037775047e-01
1.337880377754460115e-01
1.332633788037775047e-01
1.332633788037775047e-01
1.332633788037775047e-01
1.332633788037775047e-01
1.332633788037775047e-01
1.337880377754460115e-01
1.332633788037775047e-01
1.332633788037775047e-01
1.332633788037775047e-01
1.332633788037775047e-01
1.332633788037775047e-01
1.332633788037775047e-01
1.332633788037775047e-01
1.332633788037775047e-01
1.332633788037775047e-01
1.332633788037775047e-01
1.332633788037775047e-01
1.332633788037775047e-01
1.332633788037775047e-01
1.332633788037775047e-01
1.332633788037775047e-01
1.238195173137460470e-01
1.332633788037775047e-01
1.327387198321091921e-01
1.332633788037775047e-01
1.327387198321091921e-01
1.332633788037775047e-01
1.327387198321091921e-01
1.332633788037775047e-01
1.332633788037775047e-01
1.332633788037775047e-01
1.332633788037775047e-01
1.332633788037775047e-01
1.330010493179433484e-01
1.332633788037775047e-01
1.230325288562435782e-01
1.332633788037775047e-01
1.235571878279118907e-01
1.332633788037775047e-01
1.235571878279118907e-01
1.332633788037775047e-01
1.230325288562435782e-01
1.332633788037775047e-01
1.235571878279118907e-01
1.332633788037775047e-01
1.230325288562435782e-01
1.332633788037775047e-01
1.230325288562435782e-01
1.327387198321091921e-01
1.230325288562435782e-01
1.133263378803777699e-01
1.230325288562435782e-01
1.133263378803777699e-01
1.230325288562435782e-01
1.332633788037775047e-01
1.230325288562435782e-01
1.332633788037775047e-01
1.230325288562435782e-01
1.133263378803777699e-01
1.230325288562435782e-01
1.133263378803777699e-01
1.230325288562435782e-01
1.128016789087094573e-01
1.230325288562435782e-01
1.128016789087094573e-01
1.230325288562435782e-01
1.327387198321091921e-01
1.230325288562435782e-01
1.133263378803777699e-01
1.230325288562435782e-01
1.133263378803777699e-01
1.230325288562435782e-01
1.133263378803777699e-01
1.227701993704094219e-01
1.128016789087094573e-01
1.227701993704094219e-01
1.128016789087094573e-01
1.230325288562435782e-01
1.128016789087094573e-01
1.222455403987409289e-01
1.128016789087094573e-01
1.227701993704094219e-01
1.128016789087094573e-01
1.214585519412382658e-01
1.128016789087094573e-01
1.128016789087094573e-01
1.128016789087094573e-01
1.217208814270724221e-01
1.128016789087094573e-01
1.128016789087094573e-01
1.128016789087094573e-01
1.214585519412382658e-01
1.128016789087094573e-01
1.128016789087094573e-01
1.128016789087094573e-01
1.128016789087094573e-01
1.128016789087094573e-01
1.130640083945436136e-01
1.128016789087094573e-01
1.128016789087094573e-01
1.128016789087094573e-01
1.128016789087094573e-01
1.128016789087094573e-01
1.128016789087094573e-01
1.128016789087094573e-01
1.128016789087094573e-01
1.128016789087094573e-01
1.128016789087094573e-01
1.128016789087094573e-01
1.128016789087094573e-01
1.128016789087094573e-01
1.128016789087094573e-01
1.128016789087094573e-01
1.128016789087094573e-01
1.128016789087094573e-01
1.128016789087094573e-01
1.128016789087094573e-01
1.128016789087094573e-01
1.128016789087094573e-01
1.128016789087094573e-01
1.128016789087094573e-01
1.128016789087094573e-01
1.128016789087094573e-01
1.128016789087094573e-01
1.128016789087094573e-01
1.128016789087094573e-01
1.128016789087094573e-01
1.128016789087094573e-01
1.128016789087094573e-01
1.128016789087094573e-01
1.128016789087094573e-01
1.128016789087094573e-01
1.128016789087094573e-01
1.128016789087094573e-01
1.128016789087094573e-01
1.128016789087094573e-01
1.128016789087094573e-01
1.128016789087094573e-01
1.128016789087094573e-01
1.128016789087094573e-01
1.128016789087094573e-01
1.128016789087094573e-01
1.128016789087094573e-01
1.128016789087094573e-01
1.128016789087094573e-01
1.128016789087094573e-01
1.128016789087094573e-01
1.128016789087094573e-01
1.128016789087094573e-01
1.128016789087094573e-01
1.128016789087094573e-01
1.128016789087094573e-01
1.128016789087094573e-01
1.120146904512068081e-01
1.128016789087094573e-01
