8.139694133759414196e-01
7.364346039716959114e-01
7.076010043369094227e-01
6.512577037206114250e-01
6.523624743209311960e-01
5.921753024423648259e-01
6.067107966217757387e-01
5.515087879479568800e-01
5.505592330518145339e-01
5.101574982880621167e-01
5.131248573385071010e-01
4.876694818534581533e-01
4.587993608765122411e-01
4.622597580461080824e-01
4.511664003652128829e-01
4.356630906185801622e-01
4.391691394658753800e-01
4.152020086738186788e-01
4.177128509472722295e-01
4.072494864186258501e-01
4.177128509472722295e-01
3.978543711481396516e-01
3.930609449897284891e-01
3.701529331202918494e-01
3.930609449897284891e-01
3.679525222551929819e-01
3.779958913490069627e-01
3.526592102259756834e-01
3.524309518374801331e-01
3.549417941109335173e-01
3.524309518374801331e-01
3.447066879707826881e-01
3.446701666286235977e-01
3.369093814197671177e-01
3.318876968728600163e-01
3.268660123259529704e-01
3.318876968728600163e-01
3.229856197215247304e-01
3.026706231454005525e-01
3.102031499657613156e-01
3.026706231454005525e-01
3.090618580232821766e-01
2.857795023967129588e-01
2.992467473179639126e-01
2.939968043825610944e-01
2.990184889294680293e-01
2.771056836338735563e-01
2.851677699155446000e-01
2.771056836338735563e-01
2.814425930152932853e-01
2.725405158639581105e-01
2.805295594613101962e-01
2.725405158639581105e-01
2.745948413604198390e-01
2.698014152020086764e-01
2.720839990869662883e-01
2.698014152020086764e-01
2.677470897055467813e-01
2.698014152020086764e-01
2.682036064825382149e-01
2.602145628851859627e-01
2.663775393745720366e-01
2.679753480940424981e-01
2.631819219356311690e-01
2.583884957772197843e-01
2.622688883816480798e-01
2.583884957772197843e-01
2.608993380506733351e-01
2.583884957772197843e-01
2.570189454462450951e-01
2.583884957772197843e-01
2.551928783382789168e-01
2.583884957772197843e-01
2.535950696188084552e-01
2.519972608993379937e-01
2.543163661264550846e-01
2.519972608993379937e-01
2.524537776763296493e-01
2.519972608993379937e-01
2.506277105683633044e-01
2.519972608993379937e-01
2.497146770143802152e-01
2.519972608993379937e-01
2.465190595754393199e-01
2.519972608993379937e-01
2.465190595754393199e-01
2.519972608993379937e-01
2.449212508559688861e-01
2.488016434603971261e-01
2.440082173019857970e-01
2.488016434603971261e-01
2.442364756904815137e-01
2.360191737046335447e-01
2.424104085825155019e-01
2.360191737046335447e-01
2.424104085825153354e-01
2.360191737046335447e-01
2.419538918055240406e-01
2.360191737046335447e-01
2.408125998630449016e-01
2.360191737046335447e-01
2.419538918055238741e-01
2.360191737046335447e-01
2.401278246975575292e-01
2.360191737046335447e-01
2.360191737046335447e-01
2.360191737046335447e-01
2.340378908924902746e-01
2.360191737046335447e-01
2.344213649851631109e-01
2.351061401506504556e-01
2.339648482081716496e-01
2.351061401506504556e-01
2.232367039488701299e-01
2.319105227117097268e-01
2.246062542798448469e-01
2.319105227117097268e-01
2.200410865099292346e-01
2.319105227117097268e-01
2.321387811002054713e-01
2.319105227117097268e-01
2.221319333485503866e-01
2.319105227117097268e-01
2.232367039488701299e-01
2.319105227117097268e-01
2.321387811002054713e-01
2.319105227117097268e-01
2.218671536178954129e-01
2.319105227117097268e-01
2.182150194019628897e-01
2.319105227117097268e-01
2.195845697329376067e-01
2.319105227117097268e-01
2.161606939055009946e-01
2.319105227117097268e-01
2.161606939055009946e-01
2.319105227117097268e-01
2.161606939055009946e-01
2.058342844099475544e-01
2.163889522939967114e-01
2.319105227117097268e-01
2.161606939055009946e-01
2.319105227117097268e-01
2.161606939055009946e-01
2.319105227117097268e-01
2.161606939055009946e-01
2.004108650992922624e-01
2.161606939055009946e-01
2.314540059347180989e-01
2.130289888153389377e-01
2.004108650992922624e-01
2.079433919196530256e-01
2.004108650992922624e-01
2.104542341931065486e-01
2.004108650992922624e-01
2.088564254736361148e-01
2.004108650992922624e-01
2.063455832001824253e-01
2.004108650992922624e-01
2.088564254736361148e-01
2.004108650992922624e-01
2.050034238758271232e-01
2.004108650992922624e-01
2.004108650992922624e-01
2.004108650992922624e-01
2.047477744807121303e-01
2.004108650992922624e-01
2.004108650992922624e-01
2.004108650992922624e-01
1.965304724948639947e-01
2.004108650992922624e-01
2.047477744807121303e-01
2.004108650992922624e-01
1.963022141063682779e-01
2.004108650992922624e-01
1.963022141063682779e-01
2.004108650992922624e-01
2.004108650992922624e-01
2.004108650992922624e-01
1.963022141063682779e-01
2.004108650992922624e-01
1.892262040629992814e-01
2.004108650992922624e-01
1.963022141063682779e-01
1.862588450125541306e-01
1.892262040629992814e-01
1.885231682264301989e-01
1.892262040629992814e-01
1.803058662405822299e-01
1.892262040629992814e-01
1.921935631134442934e-01
1.892262040629992814e-01
1.862588450125541306e-01
1.892262040629992814e-01
1.862588450125541306e-01
1.892262040629992814e-01
1.862588450125541306e-01
1.892262040629992814e-01
1.780415430267061616e-01
1.892262040629992814e-01
1.862588450125541306e-01
1.892262040629992814e-01
1.780415430267061616e-01
1.810089020771511459e-01
1.780415430267061616e-01
1.810089020771511459e-01
1.780415430267061616e-01
1.810089020771511459e-01
1.780415430267061616e-01
1.780415430267061616e-01
1.780415430267061616e-01
1.810089020771511459e-01
1.780415430267061616e-01
1.810089020771511459e-01
1.780415430267061616e-01
1.780415430267061616e-01
1.780415430267061616e-01
1.780415430267061616e-01
1.780415430267061616e-01
1.780415430267061616e-01
1.780415430267061616e-01
1.780415430267061616e-01
1.780415430267061616e-01
1.810089020771511459e-01
1.780415430267061616e-01
1.780415430267061616e-01
1.780415430267061616e-01
1.780415430267061616e-01
1.780415430267061616e-01
1.691394658753708202e-01
1.780415430267061616e-01
1.648025564939511189e-01
1.780415430267061616e-01
1.780415430267061616e-01
1.780415430267061616e-01
1.706185802328226142e-01
1.780415430267061616e-01
1.616069390550102236e-01
1.780415430267061616e-01
1.689112074868751034e-01
1.780415430267061616e-01
1.780415430267061616e-01
1.780415430267061616e-01
1.648025564939511189e-01
1.780415430267061616e-01
1.606939055010271344e-01
1.780415430267061616e-01
1.648025564939511189e-01
1.780415430267061616e-01
1.648025564939511189e-01
1.780415430267061616e-01
1.648025564939511189e-01
1.780415430267061616e-01
1.616069390550102236e-01
1.780415430267061616e-01
1.606939055010271344e-01
1.780415430267061616e-01
1.648025564939511189e-01
1.780415430267061616e-01
1.606939055010271344e-01
1.433462679753481073e-01
1.606939055010271344e-01
1.433462679753481073e-01
1.606939055010271344e-01
1.698242410408581926e-01
1.606939055010271344e-01
1.698242410408581926e-01
1.606939055010271344e-01
1.698242410408581926e-01
1.606939055010271344e-01
1.698242410408581926e-01
1.565852545081031499e-01
1.698242410408581926e-01
1.606939055010271344e-01
1.433462679753481073e-01
1.574982880620862391e-01
1.433462679753481073e-01
1.556265692764208508e-01
1.433462679753481073e-01
1.606939055010271344e-01
1.433462679753481073e-01
1.606939055010271344e-01
1.433462679753481073e-01
1.513353115727001930e-01
1.433462679753481073e-01
1.554439625656241775e-01
1.433462679753481073e-01
1.533896370691622546e-01
1.433462679753481073e-01
1.574982880620862391e-01
1.433462679753481073e-01
1.565852545081031499e-01
1.433462679753481073e-01
1.433462679753481073e-01
1.433462679753481073e-01
1.513353115727001930e-01
1.433462679753481073e-01
1.433462679753481073e-01
1.433462679753481073e-01
1.433462679753481073e-01
1.433462679753481073e-01
1.433462679753481073e-01
1.433462679753481073e-01
1.433462679753481073e-01
1.433462679753481073e-01
1.513353115727001930e-01
1.433462679753481073e-01
1.433462679753481073e-01
1.433462679753481073e-01
1.433462679753481073e-01
1.433462679753481073e-01
1.433462679753481073e-01
1.433462679753481073e-01
1.433462679753481073e-01
1.433462679753481073e-01
1.433462679753481073e-01
1.433462679753481073e-01
1.433462679753481073e-01
1.433462679753481073e-01
1.433462679753481073e-01
1.433462679753481073e-01
1.433462679753481073e-01
1.433462679753481073e-01
1.433462679753481073e-01
1.433462679753481073e-01
1.433462679753481073e-01
1.433462679753481073e-01
1.433462679753481073e-01
1.433462679753481073e-01
1.433462679753481073e-01
1.433462679753481073e-01
1.433462679753481073e-01
1.433462679753481073e-01
1.433462679753481073e-01
1.433462679753481073e-01
1.433462679753481073e-01
1.433462679753481073e-01
1.433462679753481073e-01
1.433462679753481073e-01
1.410636840903903011e-01
1.433462679753481073e-01
1.298790230540971813e-01
1.433462679753481073e-01
1.401506505364072119e-01
1.433462679753481073e-01
1.433462679753481073e-01
1.433462679753481073e-01
1.339876740470213323e-01
1.433462679753481073e-01
1.298790230540971813e-01
1.433462679753481073e-01
1.339876740470213323e-01
1.433462679753481073e-01
1.339876740470213323e-01
1.433462679753481073e-01
1.319242182150184572e-01
1.433462679753481073e-01
1.266834056151562860e-01
1.433462679753481073e-01
1.307920566080804370e-01
1.433462679753481073e-01
1.307920566080804370e-01
1.433462679753481073e-01
1.266834056151562860e-01
1.433462679753481073e-01
1.266834056151562860e-01
1.433462679753481073e-01
1.266834056151562860e-01
1.433462679753481073e-01
1.266834056151562860e-01
1.433462679753481073e-01
1.266834056151562860e-01
1.433462679753481073e-01
1.266834056151562860e-01
1.433462679753481073e-01
1.266834056151562860e-01
1.433462679753481073e-01
1.266834056151562860e-01
1.369550330974663166e-01
1.266834056151562860e-01
1.100205432549646173e-01
1.266834056151562860e-01
1.100205432549646173e-01
1.266834056151562860e-01
1.164117781328464080e-01
1.266834056151562860e-01
1.164117781328464080e-01
1.266834056151562860e-01
1.100205432549646173e-01
1.266834056151562860e-01
1.433462679753481073e-01
1.266834056151562860e-01
1.100205432549646173e-01
1.266834056151562860e-01
1.369550330974663166e-01
