6.561811890531613622e-01
5.713494809688582921e-01
5.492293173954072572e-01
4.851085246932996253e-01
4.687008493236867746e-01
4.356715948411450934e-01
4.246618433469644405e-01
4.071469015413652359e-01
4.183705567788612023e-01
3.718653664674426151e-01
3.636363636363635909e-01
3.557722554262346404e-01
3.497955331865366668e-01
3.368983957219251479e-01
3.365838313935199388e-01
3.177099716892105019e-01
3.151934570619691622e-01
3.016671909405472252e-01
2.994652406417112056e-01
2.978924189996853822e-01
2.875117961623152030e-01
2.805913809374017687e-01
2.812205095942119648e-01
2.711544510852469947e-01
2.692670651148159622e-01
2.629757785467127795e-01
2.554262346649889270e-01
2.579427492922301557e-01
2.485058194400754650e-01
2.472475621264548507e-01
2.485058194400754650e-01
2.327776030198173973e-01
2.434727901855929244e-01
2.308902170493867256e-01
2.396980182447309704e-01
2.293173954073609022e-01
2.139037433155079326e-01
2.258571877949042683e-01
2.139037433155079326e-01
2.183076439131801660e-01
2.139037433155079326e-01
2.151620006291285470e-01
2.120163573450771499e-01
2.070336583831394184e-01
2.120163573450771499e-01
2.062409562755582459e-01
2.120163573450771499e-01
2.050959421201636879e-01
2.069833280905945816e-01
2.003774771940861066e-01
2.000629128656811195e-01
1.937716262975777426e-01
2.000629128656811195e-01
1.843346964454230796e-01
2.000629128656811195e-01
1.840201321170178705e-01
2.000629128656811195e-01
1.830764391318025763e-01
1.648317080843031968e-01
1.777288455489147156e-01
1.648317080843031968e-01
1.761560239068891143e-01
1.553947782321483950e-01
1.774142812205096176e-01
1.553947782321483950e-01
1.774142812205096176e-01
1.553947782321483950e-01
1.711229946524063517e-01
1.553947782321483950e-01
1.726958162944322861e-01
1.547656495753381156e-01
1.670210758100029169e-01
1.535073922617175013e-01
1.695501730103808613e-01
1.535073922617175013e-01
1.544510852469331286e-01
1.535073922617175013e-01
1.535073922617175013e-01
1.535073922617175013e-01
1.525636992765020961e-01
1.535073922617175013e-01
1.525636992765020961e-01
1.535073922617175013e-01
1.519345706196916779e-01
1.535073922617175013e-01
1.513054419628812597e-01
1.535073922617175013e-01
1.513054419628812597e-01
1.491034916640452401e-01
1.475306700220194445e-01
1.535073922617175013e-01
1.491034916640452401e-01
1.491034916640452401e-01
1.453287197231835359e-01
1.491034916640452401e-01
1.491034916640452401e-01
1.491034916640452401e-01
1.440704624095626996e-01
1.491034916640452401e-01
1.443850267379679086e-01
1.491034916640452401e-01
1.377791758414596557e-01
1.491034916640452401e-01
1.421830764391316948e-01
1.491034916640452401e-01
1.377791758414596557e-01
1.352626612142183438e-01
1.418685121107265967e-01
1.453287197231834249e-01
1.371500471846492375e-01
1.352626612142183438e-01
1.421830764391316948e-01
1.352626612142183438e-01
1.365209185278389303e-01
1.352626612142183438e-01
1.368354828562440284e-01
1.352626612142183438e-01
1.371500471846491265e-01
1.352626612142183438e-01
1.365209185278389303e-01
1.352626612142183438e-01
1.368354828562440284e-01
1.352626612142183438e-01
1.333752752437874223e-01
1.352626612142183438e-01
1.333752752437874223e-01
1.352626612142183438e-01
1.327461465869770041e-01
1.352626612142183438e-01
1.328468071720666499e-01
1.352626612142183438e-01
1.283422459893048817e-01
1.352626612142183438e-01
1.277131173324944635e-01
1.352626612142183438e-01
1.277131173324944635e-01
1.352626612142183438e-01
1.277131173324944635e-01
1.352626612142183438e-01
1.277131173324944635e-01
1.201635734507708053e-01
1.277131173324944635e-01
1.214218307643914196e-01
1.277131173324944635e-01
1.340044039005977294e-01
1.277131173324944635e-01
1.201635734507708053e-01
1.270839886756842674e-01
1.201635734507708053e-01
1.270839886756842674e-01
1.201635734507708053e-01
1.270839886756842674e-01
1.201635734507708053e-01
1.270839886756842674e-01
1.201635734507708053e-01
1.201635734507708053e-01
1.201635734507708053e-01
1.201635734507708053e-01
1.201635734507708053e-01
1.201635734507708053e-01
1.201635734507708053e-01
1.201635734507708053e-01
1.201635734507708053e-01
1.182761874803397867e-01
1.201635734507708053e-01
1.182761874803397867e-01
1.201635734507708053e-01
1.189053161371499689e-01
1.201635734507708053e-01
1.182761874803397867e-01
1.201635734507708053e-01
1.182761874803397867e-01
1.201635734507708053e-01
1.189053161371499689e-01
1.201635734507708053e-01
1.182761874803397867e-01
1.201635734507708053e-01
1.182761874803397867e-01
1.201635734507708053e-01
1.182761874803397867e-01
1.201635734507708053e-01
1.182761874803397867e-01
1.163888015099087542e-01
1.182761874803397867e-01
1.163888015099087542e-01
1.182761874803397867e-01
1.163888015099087542e-01
1.182761874803397867e-01
1.163888015099087542e-01
1.182761874803397867e-01
1.163888015099087542e-01
1.163888015099087542e-01
1.163888015099087542e-01
1.163888015099087542e-01
1.163888015099087542e-01
1.163888015099087542e-01
1.163888015099087542e-01
1.182761874803397867e-01
1.163888015099087542e-01
1.163888015099087542e-01
1.163888015099087542e-01
1.163888015099087542e-01
1.163888015099087542e-01
1.163888015099087542e-01
1.163888015099087542e-01
1.163888015099087542e-01
1.163888015099087542e-01
1.163888015099087542e-01
1.163888015099087542e-01
1.163888015099087542e-01
1.163888015099087542e-01
1.163888015099087542e-01
1.163888015099087542e-01
1.163888015099087542e-01
1.163888015099087542e-01
1.126140295690469251e-01
1.163888015099087542e-01
1.085246932997796787e-01
1.163888015099087542e-01
1.126140295690469251e-01
1.163888015099087542e-01
1.163888015099087542e-01
1.163888015099087542e-01
9.782950613400438755e-02
1.163888015099087542e-01
1.097829506134005012e-01
1.163888015099087542e-01
1.031770997168921372e-01
1.163888015099087542e-01
1.016042780748662167e-01
1.163888015099087542e-01
9.782950613400438755e-02
1.163888015099087542e-01
9.594212016357336892e-02
1.163888015099087542e-01
9.594212016357336892e-02
1.163888015099087542e-01
9.594212016357336892e-02
1.163888015099087542e-01
9.782950613400438755e-02
1.163888015099087542e-01
9.594212016357336892e-02
1.163888015099087542e-01
9.594212016357336892e-02
1.163888015099087542e-01
9.594212016357336892e-02
1.163888015099087542e-01
9.594212016357336892e-02
1.163888015099087542e-01
9.594212016357336892e-02
8.681975463982379015e-02
9.594212016357336892e-02
1.163888015099087542e-01
9.594212016357336892e-02
8.681975463982379015e-02
9.594212016357336892e-02
1.050644856873230587e-01
9.436929852154765652e-02
1.050644856873230587e-01
9.594212016357336892e-02
8.681975463982379015e-02
9.594212016357336892e-02
7.549543881723808081e-02
9.562755583516827085e-02
1.050644856873230587e-01
9.594212016357336892e-02
7.549543881723808081e-02
9.562755583516827085e-02
7.549543881723808081e-02
9.405473419314255845e-02
7.549543881723808081e-02
9.436929852154765652e-02
7.549543881723808081e-02
9.027996225228050731e-02
7.549543881723808081e-02
9.027996225228050731e-02
7.549543881723808081e-02
8.996539792387564516e-02
7.549543881723808081e-02
9.405473419314255845e-02
7.549543881723808081e-02
8.870714061025480879e-02
7.549543881723808081e-02
8.084303240012583047e-02
7.549543881723808081e-02
8.084303240012583047e-02
7.549543881723808081e-02
7.549543881723808081e-02
7.549543881723808081e-02
8.902170493866001788e-02
7.549543881723808081e-02
7.549543881723808081e-02
7.549543881723808081e-02
7.549543881723808081e-02
7.549543881723808081e-02
7.549543881723808081e-02
7.549543881723808081e-02
7.549543881723808081e-02
7.549543881723808081e-02
7.549543881723808081e-02
7.549543881723808081e-02
7.549543881723808081e-02
7.549543881723808081e-02
7.549543881723808081e-02
7.549543881723808081e-02
7.549543881723808081e-02
7.549543881723808081e-02
7.549543881723808081e-02
7.549543881723808081e-02
7.549543881723808081e-02
7.549543881723808081e-02
7.392261717521227127e-02
7.549543881723808081e-02
7.549543881723808081e-02
7.549543881723808081e-02
7.549543881723808081e-02
7.549543881723808081e-02
7.549543881723808081e-02
7.549543881723808081e-02
7.549543881723808081e-02
7.549543881723808081e-02
7.360805284680717320e-02
7.549543881723808081e-02
7.549543881723808081e-02
7.549543881723808081e-02
7.549543881723808081e-02
7.549543881723808081e-02
7.392261717521227127e-02
7.549543881723808081e-02
7.518087448883298274e-02
7.549543881723808081e-02
7.549543881723808081e-02
7.549543881723808081e-02
7.518087448883298274e-02
7.549543881723808081e-02
7.518087448883298274e-02
7.549543881723808081e-02
7.549543881723808081e-02
7.549543881723808081e-02
7.549543881723808081e-02
7.549543881723808081e-02
7.360805284680717320e-02
7.549543881723808081e-02
7.360805284680717320e-02
7.549543881723808081e-02
7.360805284680717320e-02
7.549543881723808081e-02
7.360805284680717320e-02
7.549543881723808081e-02
7.360805284680717320e-02
7.234979553318644785e-02
7.360805284680717320e-02
7.486631016042788467e-02
7.360805284680717320e-02
7.549543881723808081e-02
7.360805284680717320e-02
7.234979553318644785e-02
7.360805284680717320e-02
7.549543881723808081e-02
7.360805284680717320e-02
7.549543881723808081e-02
7.360805284680717320e-02
7.486631016042788467e-02
7.360805284680717320e-02
7.172066687637625171e-02
7.360805284680717320e-02
7.234979553318644785e-02
7.360805284680717320e-02
7.549543881723808081e-02
7.360805284680717320e-02
7.172066687637625171e-02
7.360805284680717320e-02
7.172066687637625171e-02
7.360805284680717320e-02
7.172066687637625171e-02
7.360805284680717320e-02
7.172066687637625171e-02
7.360805284680717320e-02
7.172066687637625171e-02
7.360805284680717320e-02
7.172066687637625171e-02
7.360805284680717320e-02
7.172066687637625171e-02
7.360805284680717320e-02
7.234979553318644785e-02
7.329348851840207513e-02
7.172066687637625171e-02
7.360805284680717320e-02
7.172066687637625171e-02
7.203523120478134978e-02
7.172066687637625171e-02
7.360805284680717320e-02
7.172066687637625171e-02
7.329348851840207513e-02
7.172066687637625171e-02
