6.776587981003883154e-01
6.395819614344708803e-01
6.587048241774420276e-01
6.308573819134021265e-01
6.046297228828859671e-01
5.907467519890921004e-01
5.678553444014908802e-01
5.532329813525053153e-01
5.537306610680282626e-01
5.901192293091829244e-01
5.554892740104897531e-01
5.294044732295727362e-01
5.136686835193949863e-01
5.125233384206572262e-01
5.042397291581127705e-01
5.282501413862826789e-01
4.977184514909476221e-01
4.742599493333540805e-01
4.752875370896893492e-01
4.566477893383123488e-01
4.498407951719493036e-01
4.395060389373932064e-01
4.393111195469441843e-01
4.296825974790634550e-01
4.372128696379737889e-01
4.288071646046221486e-01
4.188907568233409262e-01
4.195725098583039658e-01
3.954167602785891855e-01
3.960820892631645163e-01
3.957343952153334343e-01
3.989804693249872081e-01
3.872589654397694536e-01
3.825176829693441305e-01
3.754832311994981686e-01
3.805111598323508981e-01
3.818204355472231692e-01
3.793800695697983616e-01
3.726632527366962599e-01
3.659386887100145036e-01
3.684332850424934525e-01
3.627329000069727249e-01
3.633046428931120397e-01
3.684332850424934525e-01
3.653653963851595798e-01
3.613600973047511600e-01
3.590824223924884429e-01
3.583309446153132294e-01
3.564018934141109374e-01
3.543024039541676218e-01
3.528769203356085793e-01
3.525360438181269762e-01
3.565568372856934842e-01
3.566652979958009895e-01
3.490343123203619724e-01
3.488096437065673072e-01
3.455248336290180911e-01
3.463819831266126692e-01
3.473996544751666304e-01
3.484222840276110511e-01
3.442852826563578272e-01
3.381231648835213432e-01
3.324398236738743129e-01
3.277915075263986844e-01
3.399700958327846467e-01
3.483060761239243353e-01
3.373902803709358245e-01
3.339970095832785479e-01
3.281246368503011324e-01
3.194632744288382620e-01
3.280781536888262018e-01
3.238326916074653061e-01
3.237087365101993242e-01
3.241425793506304553e-01
3.215317751144649017e-01
3.181849874882825557e-01
3.210437019189800179e-01
3.232748936697683040e-01
3.129091486608973072e-01
3.195175047838921811e-01
3.129091486608978623e-01
3.127542047893151489e-01
3.102131252953618246e-01
3.078424840601493018e-01
3.073621580582435175e-01
3.105849905871601035e-01
3.105168152836635942e-01
3.041315783357480540e-01
2.945792886526855670e-01
3.060063991818978146e-01
3.068818320563378443e-01
3.012496223243133486e-01
2.959892778840865213e-01
3.026906003300307013e-01
2.977788796008651317e-01
2.999248522222827118e-01
3.064015060544318936e-01
2.944398391682613858e-01
2.887599067237900385e-01
2.937193501654029593e-01
2.918290349320959431e-01
2.901323995382673049e-01
2.901323995382673049e-01
2.912712369943989410e-01
2.886139495967586233e-01
2.877462639158965829e-01
2.804484075643601249e-01
2.879476909489546155e-01
2.881956011434859688e-01
2.908916245090216735e-01
2.805181323065725207e-01
2.863750106523915706e-01
2.833845939308489159e-01
2.833536051565320735e-01
2.829894870583134492e-01
2.847093640328792752e-01
2.726624780173383944e-01
2.721976464025908093e-01
2.756916307067767691e-01
2.786975418154776230e-01
2.791081430751711778e-01
2.604993840981106312e-01
2.643729808876739140e-01
2.700129378132772873e-01
2.742893886689549143e-01
2.665344478962498598e-01
2.731211118772218227e-01
2.607163055183260858e-01
2.632418906251213220e-01
2.604993840981106312e-01
2.630351955004299747e-01
2.626685983002657876e-01
2.618009126194038028e-01
2.609564685192789502e-01
2.623277217827842400e-01
2.663097792824553056e-01
2.604993840981106312e-01
2.621262947497269846e-01
2.620178340396193684e-01
2.578963270555245657e-01
2.614135529404477132e-01
2.602282323228411465e-01
2.604993840981106312e-01
2.493821613120650316e-01
2.526359826152977939e-01
2.570286413746621923e-01
2.604993840981106312e-01
2.602824626778950656e-01
2.545805282036589512e-01
2.463994917841018928e-01
2.440985752911024320e-01
2.421772712834787122e-01
2.570518829554001572e-01
2.393805344014134640e-01
2.405968437933361792e-01
2.453148846830237595e-01
2.496533130873341000e-01
2.385128487205503689e-01
2.536043818126900162e-01
2.373817584579993589e-01
2.395664670473124647e-01
2.442302775819463201e-01
2.333842065711697888e-01
2.348484261576244680e-01
2.466474019786329408e-01
2.353829825145838939e-01
2.385360903012889167e-01
2.426575972853839691e-01
2.333842065711697888e-01
2.333842065711697888e-01
2.333842065711697888e-01
2.333842065711697888e-01
2.367619829716686719e-01
2.329503637307387687e-01
2.327334423105232031e-01
2.325165208903076375e-01
2.333842065711696501e-01
2.308043911093213274e-01
2.359175388715441246e-01
2.330045940857926601e-01
2.327876726655770945e-01
2.230417031430360908e-01
2.333842065711697888e-01
2.282245756474728937e-01
2.341976618969782986e-01
2.320284476948227259e-01
2.146747340775812529e-01
2.194315109351640813e-01
2.143493519472571829e-01
2.244516923744372949e-01
2.320284476948227259e-01
2.321833915664051617e-01
2.222282478172304399e-01
2.086629118601798782e-01
2.302620875587825522e-01
2.219261072676427526e-01
2.320284476948227259e-01
1.860643481898680285e-01
1.968484416520111524e-01
1.991958413064881250e-01
2.092981817336680983e-01
2.194005221608480716e-01
2.295028625880281836e-01
2.320284476948227259e-01
1.855917693815417602e-01
1.960325072242579125e-01
2.067725966268717797e-01
2.168749370540535293e-01
2.257842096700485301e-01
1.767987046692351405e-01
1.830119539196933265e-01
1.933312157670888654e-01
2.036504776144845430e-01
2.143493519472571829e-01
2.226620906576591008e-01
2.320284476948227259e-01
1.858551739632336164e-01
1.907514003052404039e-01
2.010706621526361093e-01
2.070514955957211689e-01
2.187962410616758613e-01
1.675330611485991161e-01
1.778523229959946550e-01
1.881715848433901939e-01
1.984908466907876479e-01
2.034413033878490484e-01
1.678042129238684343e-01
1.675872915036530075e-01
1.752725075341462213e-01
1.852663872512183840e-01
1.959110312289372990e-01
2.002649540204058387e-01
1.678584432789223257e-01
1.676415218587068989e-01
1.726926920722977599e-01
1.802158368131158428e-01
1.843832071831984498e-01
1.970886046529647107e-01
1.675330611485991161e-01
1.675330611485991161e-01
1.699269439645501867e-01
1.804321384578448650e-01
1.812068578157574605e-01
1.939122552855237491e-01
1.675330611485991161e-01
1.675330611485991161e-01
1.675330611485991161e-01
1.696635393828583305e-01
1.780305084483164713e-01
1.675330611485991161e-01
1.675330611485991161e-01
1.675330611485991161e-01
1.669907575980604519e-01
1.669752632109019475e-01
1.745287769505497744e-01
1.675330611485991161e-01
1.675330611485991161e-01
1.675330611485991161e-01
1.663399933374138662e-01
1.671611958568009482e-01
1.705622138380379904e-01
1.675330611485991161e-01
1.675330611485991161e-01
1.675330611485991161e-01
1.675330611485991161e-01
1.673471285026999766e-01
1.685014603459911720e-01
1.658596673355078044e-01
1.657667010125583595e-01
1.675330611485991161e-01
1.651469255262283664e-01
1.675330611485991161e-01
1.667893305650029467e-01
1.660455999814068051e-01
1.660068640135111406e-01
1.621642559982650611e-01
1.645503916206358108e-01
1.669365272430065605e-01
1.669752632109019475e-01
1.662315326273059446e-01
1.675330611485991161e-01
1.652863750106524365e-01
1.639538577150431164e-01
1.663399933374138662e-01
1.671611958568009482e-01
1.664174652732049453e-01
1.656737346896088037e-01
1.609711881870794226e-01
1.633573238094501723e-01
1.657434594318209220e-01
1.673471285026999766e-01
1.666033979191039460e-01
1.658596673355078044e-01
1.579575298847995801e-01
1.627607899038576167e-01
1.651469255262283664e-01
1.675330611485991161e-01
1.667893305650029467e-01
1.559045235863311674e-01
1.575469286251057477e-01
1.616296996413051079e-01
1.645503916206358108e-01
1.669365272430069769e-01
1.648447849766427331e-01
1.554939223266376125e-01
1.571363273654119430e-01
1.614902501568807602e-01
1.607465195732846186e-01
1.526197135087815626e-01
1.534409160281687834e-01
1.664174652732049453e-01
1.567257261057186657e-01
1.583681311444931072e-01
1.603901486686450939e-01
1.613619566312103903e-01
1.556101302303257439e-01
1.546727198072498366e-01
1.563151248460248333e-01
1.579575298847993026e-01
1.595999349235741605e-01
1.607155307989685811e-01
1.526197135087815626e-01
1.542621185475565593e-01
1.559045235863308898e-01
1.575469286251057477e-01
1.575159398507890440e-01
1.489010605908009655e-01
1.482115603622585764e-01
1.538515172878626158e-01
1.521471347004552943e-01
1.571363273654119430e-01
1.587787324041869397e-01
1.490869932367001049e-01
1.483432626531039356e-01
1.499546789175627837e-01
1.550833210669437801e-01
1.567257261057186657e-01
1.583681311444931072e-01
1.492729258825989669e-01
1.485291952990030750e-01
1.512871962131711601e-01
1.509540668892692394e-01
1.533402025116403777e-01
1.557263381340116826e-01
1.494588585284981064e-01
1.487151279449019647e-01
1.479713973613059341e-01
1.503575329836771002e-01
1.527436686060474336e-01
1.551298042284185719e-01
1.496447911743972459e-01
1.489010605908009655e-01
1.481573300072047961e-01
1.497609990780841283e-01
1.521471347004552943e-01
1.571363273654119430e-01
1.498307238202961078e-01
1.490869932367001049e-01
1.483432626531039356e-01
1.491644651724911841e-01
1.480178805227808647e-01
1.507603870497911114e-01
1.500166564661952473e-01
1.492729258825989669e-01
1.485291952990030750e-01
1.485679312668989061e-01
1.479713973613059341e-01
1.509463196956902509e-01
1.479713973613059341e-01
1.494588585284981064e-01
1.487151279449019647e-01
1.479713973613059341e-01
1.479713973613059341e-01
1.493194090440737587e-01
1.479713973613059341e-01
1.496447911743972459e-01
1.489010605908009655e-01
1.481573300072047961e-01
1.479713973613059341e-01
1.479713973613059341e-01
1.505744544038922494e-01
1.498307238202961078e-01
1.490869932367001049e-01
1.480308958079935566e-01
1.479713973613059341e-01
1.479713973613059341e-01
1.479713973613059341e-01
1.479713973613059341e-01
1.492729258825989669e-01
1.485291952990030750e-01
1.479713973613059341e-01
1.479713973613059341e-01
1.479713973613059341e-01
1.479713973613059341e-01
1.479713973613059341e-01
