9.158043052837573361e-01
8.648700027956387482e-01
8.019837852949399659e-01
7.670651383841206039e-01
6.922806821358680196e-01
6.695129997204358752e-01
6.173217780262794108e-01
6.135197092535645824e-01
6.133005311713721763e-01
6.035940732457364399e-01
5.394173888733575506e-01
5.403969807100921230e-01
5.068381325132792492e-01
5.109958065417949946e-01
4.919765166340509532e-01
5.041095890410960401e-01
4.728319821079117191e-01
4.538440033547664898e-01
4.479686888454009752e-01
4.273972602739725679e-01
4.126362873916692431e-01
3.969807100922562171e-01
4.265585686329326776e-01
4.103438635728265393e-01
3.972155437517470578e-01
3.877551020408163129e-01
3.821638244338830259e-01
3.788828627341346289e-01
3.588481968129718647e-01
3.656136427173608539e-01
3.581772435001397970e-01
3.590047525859660360e-01
3.398937657254683109e-01
3.406206318143696898e-01
3.367067374895164056e-01
3.354766564159911146e-01
3.346379647749509467e-01
3.354766564159910036e-01
3.237349734414314839e-01
3.256360078277885650e-01
3.317305004193457640e-01
3.147889292703381359e-01
3.151244059267542252e-01
3.134470226446742780e-01
3.086944366787811034e-01
3.003634330444506229e-01
3.214984623986579249e-01
3.021526418786692481e-01
2.945485043332400910e-01
2.934302488118534780e-01
2.923075202683810270e-01
2.843164663125522518e-01
2.831132233715402680e-01
2.908582611126641071e-01
2.828627341347496604e-01
2.803466592116298783e-01
2.809616997483923573e-01
2.758177243500140041e-01
2.675426334917528348e-01
2.664243779703661663e-01
2.765445904389152720e-01
2.683813251327927252e-01
2.661448140900194437e-01
2.607212748112943679e-01
2.637964774951076508e-01
2.587643276488678090e-01
2.566396421582332055e-01
2.638523902711768510e-01
2.561364271736091269e-01
2.557450377411237263e-01
2.481409001956945692e-01
2.585965893206597088e-01
2.497623707017053996e-01
2.523902711769638318e-01
2.466312552418227777e-01
2.504892367906067507e-01
2.407045009784736511e-01
2.282359519150125304e-01
2.409281520827508127e-01
2.399217221135029610e-01
2.372379088621750787e-01
2.435001397819401836e-01
2.371819960861056287e-01
2.280928152082750127e-01
2.275649986021804905e-01
2.401453732177803724e-01
2.329214425496225760e-01
2.344422700587084074e-01
2.307520268381325623e-01
2.276209113782498294e-01
2.259435280961699100e-01
2.270058708414872395e-01
2.330444506569751550e-01
2.265585686329324999e-01
2.294660329885379324e-01
2.256639642158235481e-01
2.236511042773274560e-01
2.243220575901593572e-01
2.245457086944366576e-01
2.270617836175565507e-01
2.237763488957223712e-01
2.225328487559406765e-01
2.236511042773274560e-01
2.223091976516633761e-01
2.207995526977914735e-01
2.217500698909701251e-01
2.214145932345541745e-01
2.190662566396422428e-01
2.214145932345541745e-01
2.225328487559408153e-01
2.206318143695834844e-01
2.157226726306957776e-01
2.211909421302768741e-01
2.180598266703941412e-01
2.149287112105115194e-01
2.183013698630136279e-01
2.172211350293542509e-01
2.135308918087782670e-01
2.121621470506003804e-01
2.129158512720154273e-01
2.134749790327088170e-01
2.054794520547943704e-01
2.160469667318982712e-01
2.153760134190662590e-01
2.120212468549062257e-01
2.111825552138663353e-01
2.071568353368742621e-01
2.068772714565277615e-01
2.061504053676262715e-01
2.137545429130555674e-01
2.022924238188425483e-01
2.049203242941012304e-01
2.043052837573385294e-01
2.061504053676262715e-01
2.055510204081629211e-01
2.130276768241541885e-01
2.012859938495945578e-01
2.036902432205756897e-01
2.027397260273970381e-01
2.059826670394185322e-01
2.057031031590716708e-01
2.054794520547943704e-01
1.998322616717921052e-01
2.000559127760691558e-01
2.023483365949118873e-01
1.994408722393064548e-01
1.831143416270616109e-01
1.875873637126081461e-01
1.923846798993562313e-01
1.938495946323733898e-01
2.005591277606933176e-01
1.856304165501815040e-01
2.007268660889011958e-01
1.864691081912216442e-01
1.893765725468268268e-01
1.981548783897120747e-01
1.895443108750348160e-01
1.861336315348055548e-01
1.840648588202402625e-01
1.852390271176962422e-01
1.884819681297176253e-01
1.920603857981547091e-01
1.982107911657812749e-01
1.856304165501816428e-01
1.844562482527255520e-01
1.839530332681015012e-01
1.873077998322615345e-01
1.911657813810455075e-01
1.831143416270616109e-01
1.826670394185070101e-01
1.839530332681016123e-01
1.831143416270616109e-01
1.861895443108748938e-01
1.898238747553814276e-01
1.831143416270616109e-01
1.831143416270616109e-01
1.842325971484482516e-01
1.819960861056750812e-01
1.845076880067093306e-01
1.879787531450936855e-01
1.824993010902990209e-01
1.831143416270616109e-01
1.827788649706456603e-01
1.830025160749229607e-01
1.835057310595470115e-01
1.827788649706456603e-01
1.825552138663683599e-01
1.823315627620909207e-01
1.827229521945762103e-01
1.829466032988535107e-01
1.829466032988536217e-01
1.828347777467149715e-01
1.826111266424376711e-01
1.817165222253283308e-01
1.826670394185070101e-01
1.828906905227843105e-01
1.831143416270616109e-01
1.828906905227843105e-01
1.817165222253283308e-01
1.817165222253282197e-01
1.817165222253282197e-01
1.817165222253283308e-01
1.808778305842883294e-01
1.808778305842884682e-01
1.817165222253284695e-01
1.817165222253284695e-01
1.808778305842883294e-01
1.806541794800110290e-01
1.814369583449817191e-01
1.817165222253283308e-01
1.817165222253283308e-01
1.817165222253283308e-01
1.809337433603576684e-01
1.807100922560803680e-01
1.804864411518030398e-01
1.817724350013976697e-01
1.805982667039418288e-01
1.803187028235950784e-01
1.809896561364269796e-01
1.807660050321496792e-01
1.774671512440590959e-01
1.803187028235950784e-01
1.807056192339946687e-01
1.808219178082190182e-01
1.803187028235950784e-01
1.808219178082190182e-01
1.764048084987419052e-01
1.793122728543470878e-01
1.804864411518031786e-01
1.803187028235950784e-01
1.803187028235950784e-01
1.808778305842883294e-01
1.753424657534244646e-01
1.783058428850990973e-01
1.804305283757337286e-01
1.803187028235950784e-01
1.803187028235950784e-01
1.694157114900754491e-01
1.742801230081072739e-01
1.772994129158511067e-01
1.803746155996645284e-01
1.803187028235950784e-01
1.803187028235950784e-01
1.803187028235950784e-01
1.732177802627898333e-01
1.762929829466033660e-01
1.803187028235950784e-01
1.803187028235950784e-01
1.803187028235950784e-01
1.779144534526139465e-01
1.716522225328487306e-01
1.752865529773554032e-01
1.793122728543470878e-01
1.803187028235950784e-01
1.803187028235950784e-01
1.660609449259154158e-01
1.696952753704221994e-01
1.739446463516912122e-01
1.781940173329604471e-01
1.803187028235950784e-01
1.803187028235950784e-01
1.649426894045288861e-01
1.686329326251048977e-01
1.728823036063738827e-01
1.771316745876431453e-01
1.802068772714564282e-01
1.593514117975958211e-01
1.637126083310034841e-01
1.675705898797875681e-01
1.718199608610565809e-01
1.760693318423260656e-01
1.803187028235950784e-01
1.803187028235950784e-01
1.622588761532010038e-01
1.665082471344702664e-01
1.707576181157392514e-01
1.750069890970087638e-01
1.792563600782777489e-01
1.601341906625661504e-01
1.611965334078837020e-01
1.654459043891527148e-01
1.696952753704221994e-01
1.739446463516912122e-01
1.717081353089181806e-01
1.558848196812971376e-01
1.594632373497343603e-01
1.643835616438353853e-01
1.686329326251048977e-01
1.728823036063738827e-01
1.674028515515797177e-01
1.556611685770198372e-01
1.590718479172490707e-01
1.623147889292703427e-01
1.675705898797875681e-01
1.718199608610565809e-01
1.566116857701989884e-01
1.537601341906625063e-01
1.575622029633771681e-01
1.622588761532010038e-01
1.665082471344702664e-01
1.537601341906625063e-01
1.587922840369028199e-01
1.743919485602460628e-01
1.567794240984065890e-01
1.604137545429130118e-01
1.649986021805980863e-01
1.537601341906625063e-01
1.537601341906625063e-01
1.537601341906625063e-01
1.556611685770198372e-01
1.594632373497343603e-01
1.632653061224487445e-01
1.528096169974838547e-01
1.537601341906625063e-01
1.537601341906625063e-01
1.547106513838411856e-01
1.585127201565558197e-01
1.527537042214145435e-01
1.523064020128599150e-01
1.537601341906625063e-01
1.537601341906625063e-01
1.537601341906625063e-01
1.575622029633771681e-01
1.528655297735531937e-01
1.524182275649985652e-01
1.537601341906625063e-01
1.537601341906625063e-01
1.537601341906625063e-01
1.566116857701984888e-01
1.604137545429130118e-01
1.525300531171372431e-01
1.526418786692758933e-01
1.537601341906625063e-01
1.537601341906625063e-01
1.556611685770198372e-01
1.530891808778304941e-01
1.526418786692758933e-01
1.521945764607212648e-01
1.521386636846519536e-01
1.537601341906625063e-01
1.547106513838411856e-01
1.532010064299692553e-01
1.527537042214145435e-01
1.523064020128599150e-01
1.537601341906625063e-01
1.516354487000279028e-01
1.537601341906625063e-01
1.533128319821079055e-01
1.528655297735531937e-01
1.524182275649985652e-01
1.519709253564439644e-01
1.515236231478892526e-01
1.505171931786413730e-01
1.529214425496225049e-01
1.529773553256918439e-01
1.525300531171372431e-01
1.520827509085826146e-01
1.516354487000280138e-01
1.448140900195696579e-01
1.535364830863852059e-01
1.520827509085825036e-01
1.526418786692758933e-01
1.521945764607212648e-01
1.517472742521666640e-01
1.537601341906625063e-01
1.509644953871959738e-01
1.532010064299692553e-01
1.527537042214145435e-01
1.523064020128599150e-01
1.518590998043053142e-01
1.407883701425778344e-01
1.509644953871959738e-01
1.526418786692758933e-01
1.528655297735531937e-01
1.524182275649985652e-01
1.397819401733297329e-01
1.353089180877833086e-01
1.505171931786413730e-01
1.509644953871959738e-01
1.529773553256918439e-01
1.525300531171372431e-01
1.520827509085826146e-01
1.516354487000280138e-01
1.448140900195696579e-01
1.532010064299692553e-01
1.520827509085825036e-01
1.526418786692758933e-01
1.315202683813251894e-01
1.290466871680178429e-01
1.415711490075485246e-01
1.509644953871959738e-01
1.523623147889292540e-01
1.512440592675426132e-01
1.133911098686052749e-01
1.439753983785295177e-01
