1.484429635799897840e+00
1.422203711416539340e+00
1.313110278124854924e+00
1.182125966032671283e+00
1.065574529131380066e+00
1.003237539913924614e+00
9.803785459762135446e-01
9.653996020176777160e-01
9.470294784580497449e-01
8.615854505067331859e-01
8.454810495626821076e-01
7.813781294830854929e-01
7.813707251608124071e-01
7.912184737840712856e-01
7.787866166874912732e-01
7.775871164792446111e-01
7.006339950946365303e-01
6.479244759128141018e-01
6.598972650284601338e-01
6.779101300384098305e-01
6.926280716368177215e-01
6.247396917950852613e-01
5.995187190522466292e-01
5.793882178721828646e-01
5.923920588643620810e-01
5.705955851728444772e-01
5.805451432273588397e-01
5.513443472627144182e-01
5.357489934749410931e-01
5.222361053264843456e-01
5.306585219121662256e-01
5.222361053264843456e-01
5.040584941459576029e-01
5.210791799713081485e-01
4.984497200240640691e-01
4.910435466703687024e-01
4.819751029663565944e-01
4.777935119626080529e-01
4.687861539173491243e-01
4.935443565181173997e-01
4.881299458558933102e-01
4.671664584201025150e-01
4.558285899393769158e-01
4.620297098431207505e-01
4.553658197973065036e-01
4.493035309361838592e-01
4.812809477532508096e-01
4.449072145865148320e-01
4.303910407700493601e-01
4.242676662501734253e-01
4.356055347308991355e-01
4.363367115553700715e-01
4.203341200425746438e-01
4.251469295201072418e-01
4.167245129344252508e-01
4.130223517978618974e-01
4.204266740709889372e-01
4.083020963487435928e-01
4.027951316581053209e-01
3.990929705215418011e-01
4.033504558285898600e-01
4.013327780091626162e-01
4.013605442176871319e-01
4.008052200472023152e-01
3.973807209958811759e-01
3.876755055763799751e-01
3.936600490536348862e-01
3.944189920866305599e-01
3.878013790550232653e-01
3.896524596233049698e-01
3.878939330834374477e-01
3.887269193391641453e-01
3.816002591512794306e-01
3.703549446989679028e-01
3.735943356934609549e-01
3.791938544125132982e-01
3.831736776343189210e-01
3.833125086769401113e-01
3.727613494377339798e-01
3.800268406682399958e-01
3.717895321393863695e-01
3.748438150770511124e-01
3.795640705261696390e-01
3.737331667360820897e-01
3.728039242908045559e-01
3.625341292979776808e-01
3.535471331389695715e-01
3.481419778795871722e-01
3.430977833310193681e-01
3.733629506224258043e-01
3.723448563098707420e-01
3.637373316673606638e-01
3.508723217178026377e-01
3.445786477856448982e-01
3.452265259845434531e-01
3.715118700541439334e-01
3.725299643666989957e-01
3.648479800083296865e-01
3.532787264565688257e-01
3.436531075015038517e-01
3.343051506316811472e-01
3.688278032301355314e-01
3.717895321393863695e-01
3.614234809570084916e-01
3.538803276412603172e-01
3.438382155583319943e-01
3.281040307279374235e-01
3.209773705400525978e-01
3.141283724374102082e-01
3.651256420935718450e-01
3.426350131889487893e-01
3.401360544217685300e-01
3.293997871257344778e-01
3.188023508723217270e-01
3.168957378869913799e-01
3.678097089175806911e-01
3.345828127169234167e-01
3.338886575038179094e-01
3.298625572678051121e-01
3.200518302559119399e-01
3.106113193576749976e-01
2.915451895043730812e-01
3.384700819103151348e-01
3.221805729094356918e-01
3.182470267018371324e-01
3.140358184089961369e-01
3.107501504002960213e-01
2.938127632005180789e-01
2.937664861863111265e-01
3.326391781202275855e-01
3.239853764635104993e-01
3.019575177009578559e-01
3.065389421074550258e-01
2.955250127261788151e-01
2.930260539589985003e-01
3.309732056087736907e-01
3.193113980285989251e-01
2.998287750474341595e-01
2.928409459021705796e-01
2.900180480355407098e-01
2.905733722060251933e-01
2.915451895043730812e-01
3.100559951871904585e-01
3.046878615391734879e-01
2.909435883196817008e-01
2.995048359479846045e-01
2.915451895043730812e-01
2.876579203109814742e-01
2.915451895043730812e-01
3.063075570364200417e-01
2.912212504049237483e-01
2.834467120181404787e-01
2.908973113054745818e-01
2.807626451941320211e-01
2.807626451941320211e-01
2.844185293164883666e-01
2.788190105974362454e-01
2.818270165208940359e-01
2.883057985098801956e-01
2.793743347679208955e-01
2.760423897450137165e-01
2.839094821602110574e-01
2.840945902170392001e-01
2.802073210236473710e-01
2.788190105974362454e-01
2.783562404553658332e-01
2.765051598870841287e-01
2.746540793188023688e-01
2.788190105974362454e-01
2.699338238696838421e-01
2.684066824008515817e-01
2.788190105974362454e-01
2.769679300291544854e-01
2.710444722106529758e-01
2.788190105974362454e-01
2.661687259937984273e-01
2.702577629691332306e-01
2.568837058632978398e-01
2.764588828728769543e-01
2.720162895090009192e-01
2.681290203156092566e-01
2.704891480401682147e-01
2.630385487528345556e-01
2.592438335878569089e-01
2.772455921143968105e-01
2.710444722106528648e-01
2.691008376139572000e-01
2.601230968577906144e-01
2.613262992271739305e-01
2.553102873802583495e-01
2.765977139154982001e-01
2.723402286084501411e-01
2.579499282706269048e-01
2.594752186588921705e-01
2.534129297977694706e-01
2.639640890369754911e-01
2.545235781387386043e-01
2.545235781387386043e-01
2.536443148688046212e-01
2.527187745846639078e-01
2.532740987551484468e-01
2.538294229256329859e-01
2.525336665278358206e-01
2.502198158174834819e-01
2.468415937803692950e-01
2.490166134481003046e-01
2.531352677125272010e-01
2.536905918830116846e-01
2.514063584617521330e-01
2.545235781387386043e-01
2.443889120273959603e-01
2.492017215049285583e-01
2.529964366699061218e-01
2.535517608403906609e-01
2.485538433060301422e-01
2.545235781387386043e-01
2.323106113193577626e-01
2.410569670044886981e-01
2.486463973344439082e-01
2.443426350131887304e-01
2.465639316951273863e-01
2.267573696145125384e-01
2.311999629783888233e-01
2.356425563422649139e-01
2.267573696145125384e-01
2.395298255356565487e-01
2.398259984265819211e-01
2.277291869128604540e-01
2.300893146374194953e-01
2.345319080012957802e-01
2.404775787866152703e-01
2.330047665324633255e-01
2.325882734045999767e-01
2.287010042112083419e-01
2.289786662964505837e-01
2.334212596603268686e-01
2.267573696145125384e-01
2.267573696145125384e-01
2.277291869128604540e-01
2.267573696145125384e-01
2.275440788560320893e-01
2.323106113193577626e-01
2.267573696145125384e-01
2.267573696145125384e-01
2.267573696145125384e-01
2.267573696145125384e-01
2.267573696145125384e-01
2.267573696145125384e-01
2.267573696145125384e-01
2.267573696145125384e-01
2.267573696145125384e-01
2.267573696145125384e-01
2.277291869128604540e-01
2.300893146374194953e-01
2.267573696145125384e-01
2.267573696145125384e-01
2.267573696145125384e-01
2.267573696145125384e-01
2.237030866768478232e-01
2.261094914156140112e-01
2.267573696145125384e-01
2.267573696145125384e-01
2.267573696145125384e-01
2.160673793326855774e-01
2.221759452080154518e-01
2.264334305150631776e-01
2.267573696145125384e-01
2.267573696145125384e-01
2.267573696145125384e-01
2.145402378638530116e-01
2.206488037391828860e-01
2.267573696145125384e-01
2.254616132167152620e-01
2.267573696145125384e-01
2.160211023184788470e-01
2.267573696145125384e-01
2.191216622703505146e-01
2.252302281456801669e-01
2.257855523161646227e-01
2.070433615623121781e-01
2.196307094266278237e-01
2.114859549261882687e-01
2.175945208015179488e-01
2.237030866768478232e-01
2.261094914156140112e-01
2.024619371558148972e-01
2.006108565875329430e-01
2.219445601369801624e-01
2.160673793326855774e-01
2.212041279096675361e-01
2.264334305150631776e-01
2.001480864454627806e-01
2.094034892868712472e-01
2.042204636956825581e-01
2.145402378638530116e-01
2.206488037391828860e-01
2.267573696145125384e-01
2.254616132167152620e-01
1.982044518487669493e-01
2.030172613262995474e-01
2.130130963950206402e-01
2.191216622703505146e-01
2.249062890462308062e-01
1.955203850247585196e-01
2.047757878661670139e-01
2.018140589569161480e-01
2.066268684344487461e-01
2.156379286408437734e-01
2.230552084779490740e-01
1.932065343144060143e-01
1.957980471100005671e-01
2.006108565875329430e-01
2.054236660650655411e-01
2.160673793326855774e-01
2.212041279096675361e-01
1.908926836040538977e-01
1.899671433199131287e-01
1.994076542181499601e-01
2.042204636956825581e-01
2.090332731732147398e-01
1.979267897635251516e-01
1.885788328937017533e-01
1.933916423712343513e-01
1.982044518487669493e-01
1.988060530334585518e-01
2.078300708038317290e-01
2.110231847841178843e-01
1.885788328937017533e-01
1.921884400018513683e-01
1.970012494793835500e-01
2.018140589569161480e-01
2.033874774399556662e-01
1.824239900041649542e-01
1.830718682030634814e-01
1.909852376324679690e-01
1.957980471100005671e-01
2.006108565875329430e-01
2.018603359711232947e-01
1.827479291036143150e-01
1.843676246008607578e-01
1.888564949789439951e-01
1.945948447406173620e-01
1.856633809986580341e-01
1.843676246008607578e-01
1.830718682030634814e-01
1.817761118052664271e-01
1.804803554074691507e-01
1.933916423712343513e-01
1.982044518487669493e-01
1.846915637003101462e-01
2.049146189087880099e-01
1.821000509047155935e-01
1.808042945069185115e-01
1.921884400018513683e-01
1.911703456892961117e-01
1.972789115646257918e-01
1.837197464019622306e-01
1.824239900041649542e-01
1.811282336063676779e-01
1.835346383451338659e-01
1.840899625156183217e-01
1.804803554074691507e-01
1.840436855014113970e-01
1.827479291036143150e-01
1.814521727058170386e-01
1.820074968763015222e-01
1.804803554074691507e-01
1.804803554074691507e-01
1.804803554074691507e-01
1.830718682030634814e-01
1.817761118052664271e-01
1.804803554074691507e-01
1.804803554074691507e-01
1.804803554074691507e-01
1.804803554074691507e-01
1.833958073025128699e-01
1.821000509047155935e-01
1.808042945069185115e-01
1.804803554074691507e-01
1.853394418992086734e-01
1.804803554074691507e-01
1.837197464019622306e-01
1.824239900041649542e-01
1.811282336063676779e-01
1.804803554074691507e-01
1.804803554074691507e-01
1.804803554074691507e-01
1.804803554074691507e-01
1.827479291036143150e-01
1.814521727058170386e-01
1.804803554074691507e-01
1.804803554074691507e-01
1.804803554074691507e-01
1.804803554074691507e-01
1.804803554074691507e-01
