1.157785260833563479e+00
1.077880209770907927e+00
9.993375655534086910e-01
8.361667126690588425e-01
7.791333149323764751e-01
7.298967706320728110e-01
7.162572453767596103e-01
6.782555892906430017e-01
6.212531051614685884e-01
6.014154016008832482e-01
5.768699972398564357e-01
5.589290643113441481e-01
5.436378691691967635e-01
5.281810654154016627e-01
5.289804029809549446e-01
5.379519735026221383e-01
5.213911123378416335e-01
4.627104609439691707e-01
4.596279326524979614e-01
4.674027049406569434e-01
4.737598675131106107e-01
4.899254761247585077e-01
4.342257797405464914e-01
3.949919955837703500e-01
4.075760419541815116e-01
4.238476400772839270e-01
4.176097157052164333e-01
3.361302787744964160e-01
3.591432514490752181e-01
3.527772564173332626e-01
3.678719293403257540e-01
3.491029533535743301e-01
3.268561965222192001e-01
3.237891250345015237e-01
3.215699696384211048e-01
3.256417333701353001e-01
3.150207010764557447e-01
3.098537123930444337e-01
3.067071487717362155e-01
2.963842119790228713e-01
2.957769804029808935e-01
2.984156776152360191e-01
2.982611095776980803e-01
2.915263593706871603e-01
2.839083632348881059e-01
2.820469224399668184e-01
2.939552856748550713e-01
2.829147115650012534e-01
2.796025393320451524e-01
2.767319900634832575e-01
2.741175821142697311e-01
2.586254485233230871e-01
2.576317968534362346e-01
2.687187413745512066e-01
2.719845431962460425e-01
2.725343637869170332e-01
2.558653049958596881e-01
2.589014628760695214e-01
2.530499585978470689e-01
2.539817830527186793e-01
2.528291471156499104e-01
2.489649461772011352e-01
2.560861164780568466e-01
2.549820590670713871e-01
2.511730609991719154e-01
2.528843499861991306e-01
2.492409605299474584e-01
2.476952801545678484e-01
2.545404361026772921e-01
2.511730609991719154e-01
2.478056858956665109e-01
2.511730609991719154e-01
2.491857576593981827e-01
2.471984543196245054e-01
2.452111509798509392e-01
2.499033949765387397e-01
2.445487165332596580e-01
2.511178581286225286e-01
2.479712945073140606e-01
2.426718189345844767e-01
2.444935136627103822e-01
2.431686447695279585e-01
2.394148495721776237e-01
2.406293127242615237e-01
2.426718189345844767e-01
2.387524151255864813e-01
2.418768975986749503e-01
2.428374275462323872e-01
2.329561137179133046e-01
2.390836323488820525e-01
2.386420093844879575e-01
2.376483577146012438e-01
2.373723433618548095e-01
2.349323764835769546e-01
2.293127242616614936e-01
2.342809826110958393e-01
2.373723433618548095e-01
2.371515318796577343e-01
2.162296439414848059e-01
2.215291195142146119e-01
2.286502898150703511e-01
2.307479988959425521e-01
2.365995031741650045e-01
2.370411261385592105e-01
2.149047750483023822e-01
2.183825558929064214e-01
2.246756831355229411e-01
2.287054926856195991e-01
2.337996135799061126e-01
2.359370687275737233e-01
2.110957769804029105e-01
2.172232956113717695e-01
2.171680927408224104e-01
2.244548716533258936e-01
2.312448247308860616e-01
2.346121998343914383e-01
2.094948937344741635e-01
2.160640353298371452e-01
2.168920783880761982e-01
2.214739166436654749e-01
2.205398840739717370e-01
2.056306927960253050e-01
2.081700248412916288e-01
2.050234612199835493e-01
2.116478056858957790e-01
2.177201214463152790e-01
2.034225779740545803e-01
2.048026497377862520e-01
2.066795473364614333e-01
2.028705492685619338e-01
2.067899530775601791e-01
2.141871377311621027e-01
2.035329837151531041e-01
2.016560861164781726e-01
2.041954181617443576e-01
2.013248688931823516e-01
2.048026497377865018e-01
2.121446315208390110e-01
1.993927684239580334e-01
2.017112889870273096e-01
2.022633176925200671e-01
1.984543196246204566e-01
2.028705492685619338e-01
1.969086392492409854e-01
1.997791885178028803e-01
2.004416229643941616e-01
2.028705492685619338e-01
1.950869445211151909e-01
1.978470880485785621e-01
1.964118134142976146e-01
1.965443003036157488e-01
1.904499033949766662e-01
2.002760143527464731e-01
1.939276842395805667e-01
1.896770632072868612e-01
1.907811206182722374e-01
1.956941760971570854e-01
1.985647253657190914e-01
1.906707148771737137e-01
1.902290919127796187e-01
1.897874689483853849e-01
1.910019321004691739e-01
1.876897598675131562e-01
1.904499033949766662e-01
1.904499033949766662e-01
1.903394976538781425e-01
1.898978746894839087e-01
1.894562517250898137e-01
1.863648909743307325e-01
1.904499033949766662e-01
1.904499033949766662e-01
1.904499033949766662e-01
1.872481369031190612e-01
1.895666574661882264e-01
1.845983991167541027e-01
1.904499033949766662e-01
1.893458459839912900e-01
1.902290919127796187e-01
1.863096881037813457e-01
1.861992823626829607e-01
1.837703560585151608e-01
1.802373723433618735e-01
1.891250345017942425e-01
1.900082804305825712e-01
1.892354402428926274e-01
1.868065139387248552e-01
1.843775876345570552e-01
1.795197350262214553e-01
1.779740546508419841e-01
1.897874689483853849e-01
1.885730057963016237e-01
1.832735302235716790e-01
1.849848192105990607e-01
1.799061551200664133e-01
1.792437206734750210e-01
1.790229091912779735e-01
1.904499033949766662e-01
1.773668230747997288e-01
1.855920507866409552e-01
1.802925752139112603e-01
1.787468948385316503e-01
1.769252001104057448e-01
1.712105989511452653e-01
1.803389456251724976e-01
1.733370135247033206e-01
1.806789953077561073e-01
1.791333149323764973e-01
1.733922163952527074e-01
1.709632900910847964e-01
1.780844603919406466e-01
1.749930996411813156e-01
1.810654154016010653e-01
1.781396632624893950e-01
1.739994479712946018e-01
1.719017388904223731e-01
1.699696384211979439e-01
1.766491857576593105e-01
1.717361302787746014e-01
1.719569417609716488e-01
1.746066795473366073e-01
1.721777532431686963e-01
1.697488269390008964e-01
1.706320728677892251e-01
1.715153187965775539e-01
1.697488269390008964e-01
1.752139111233785018e-01
1.727849848192105908e-01
1.703560585150427908e-01
1.704112613855920388e-01
1.712945073143803676e-01
1.782500690035883073e-01
1.758211426994203963e-01
1.733922163952527074e-01
1.709632900910847964e-01
1.701904499033949913e-01
1.700248412917472196e-01
1.697488269390008964e-01
1.697488269390008964e-01
1.697488269390008964e-01
1.714049130554788913e-01
1.697488269390008964e-01
1.697488269390008964e-01
1.697488269390008964e-01
1.697488269390008964e-01
1.693072039746066626e-01
1.721777532431686963e-01
1.697488269390008964e-01
1.697488269390008964e-01
1.697488269390008964e-01
1.697488269390008964e-01
1.692520011040574146e-01
1.725089704664642676e-01
1.696936240684516484e-01
1.697488269390008964e-01
1.697488269390008964e-01
1.697488269390008964e-01
1.697488269390008964e-01
1.694176097157051863e-01
1.708528843499862726e-01
1.697488269390008964e-01
1.697488269390008964e-01
1.697488269390008964e-01
1.691415953629588909e-01
1.693624068451559384e-01
1.701904499033948803e-01
1.684791609163677484e-01
1.697488269390008964e-01
1.697488269390008964e-01
1.690863924924096151e-01
1.693072039746066626e-01
1.695280154568038489e-01
1.697488269390008964e-01
1.646701628484680269e-01
1.697488269390008964e-01
1.690311896218603671e-01
1.692520011040574146e-01
1.694728125862545731e-01
1.683687551752690859e-01
1.685343637869168854e-01
1.697488269390008964e-01
1.689759867513110914e-01
1.691967982335081389e-01
1.694176097157051863e-01
1.683687551752690859e-01
1.672094948937345726e-01
1.610819762627657137e-01
1.689207838807618434e-01
1.691415953629588909e-01
1.683687551752690859e-01
1.683687551752690859e-01
1.671542920231851859e-01
1.686447695280154091e-01
1.688655810102125676e-01
1.690863924924096151e-01
1.683687551752690859e-01
1.683687551752690859e-01
1.683687551752690859e-01
1.635109025669332639e-01
1.586530499585979137e-01
1.616892078388074694e-01
1.683687551752690859e-01
1.683687551752690859e-01
1.683687551752690859e-01
1.647253657190171638e-01
1.598675131106818137e-01
1.635109025669336247e-01
1.691967982335081389e-01
1.683687551752690859e-01
1.683687551752690859e-01
1.659398288711012859e-01
1.610819762627657137e-01
1.562241236544301137e-01
1.683687551752690859e-01
1.683687551752690859e-01
1.683687551752690859e-01
1.671542920231851859e-01
1.622964394148493639e-01
1.569417609715705320e-01
1.518630968810376347e-01
1.683687551752690859e-01
1.683687551752690859e-01
1.683687551752690859e-01
1.635109025669332639e-01
1.582114269942036799e-01
1.610267733922161881e-01
1.480540988131381630e-01
1.683687551752690859e-01
1.683687551752690859e-01
1.647253657190171638e-01
1.598675131106818137e-01
1.629036709908916192e-01
1.493237648357713387e-01
1.683687551752690859e-01
1.683687551752690859e-01
1.659398288711012859e-01
1.610819762627657137e-01
1.556720949489373562e-01
1.505934308584044867e-01
1.505382279878553498e-01
1.683687551752690859e-01
1.671542920231851859e-01
1.620204250621030406e-01
1.569417609715705320e-01
1.518630968810376347e-01
1.683687551752690859e-01
1.417057686999722566e-01
1.683687551752690859e-01
1.632900910847362164e-01
1.582114269942036799e-01
1.531327629036708105e-01
1.480540988131381630e-01
1.683687551752690859e-01
1.677615235992273302e-01
1.645597571073693643e-01
1.594810930168368557e-01
1.544024289263042082e-01
1.493237648357713387e-01
1.442451007452386913e-01
1.683687551752690859e-01
1.649461772012144611e-01
1.607507590394700037e-01
1.556720949489373562e-01
1.505934308584044867e-01
1.455147667678718393e-01
1.376759591498758484e-01
1.670990891526359379e-01
1.534639801269663817e-01
1.569417609715705320e-01
1.518630968810376347e-01
1.467844327905050150e-01
1.351366271046095247e-01
1.366271046094396091e-01
1.632900910847362164e-01
1.582114269942036799e-01
1.531327629036708105e-01
1.315484405189069617e-01
1.333149323764836192e-01
1.365719017388903334e-01
1.632348882141869406e-01
1.563897322660777744e-01
1.544024289263042082e-01
1.300027601435273794e-01
1.326524979298922269e-01
1.353022357162571854e-01
1.366271046094396091e-01
1.607507590394700037e-01
1.556720949489373562e-01
1.505934308584044867e-01
1.329837151531879091e-01
1.346398012696660429e-01
1.366271046094396091e-01
1.366271046094396091e-01
1.529671542920231497e-01
1.518630968810376347e-01
1.322660778360473799e-01
