1.013543307086614220e+00
8.903937007874016540e-01
9.203149606299213525e-01
7.813039370078739276e-01
8.522834645669291609e-01
6.995275590551180978e-01
6.948031496062992973e-01
6.365858267716533181e-01
6.733858267716534840e-01
5.933858267716534129e-01
6.003149606299212904e-01
5.518110236220471476e-01
5.713385826771654186e-01
5.148472440944877881e-01
5.108661417322833964e-01
4.749606299212599247e-01
4.390551181102361755e-01
4.633574803149606569e-01
4.258267716535431568e-01
4.306015748031496448e-01
3.987401574803148274e-01
3.987401574803147164e-01
3.974803149606298547e-01
3.795275590551182576e-01
3.722834645669292342e-01
3.647244094488188426e-01
3.722834645669292342e-01
3.577952755905512983e-01
3.451968503937006827e-01
3.392125984251968540e-01
3.376377952755904022e-01
3.256692913385828003e-01
3.288188976377952044e-01
3.177952755905512627e-01
3.212598425196849239e-01
3.045669291338582996e-01
3.212598425196849239e-01
2.988976377952754504e-01
2.985826771653544709e-01
2.913385826771654474e-01
2.985826771653544709e-01
2.793700787401574015e-01
2.374803149606300179e-01
2.733858267716532953e-01
2.374803149606300179e-01
2.683464566929132378e-01
2.374803149606300179e-01
2.629921259842520342e-01
2.374803149606300179e-01
2.488188976377952444e-01
2.292913385826770845e-01
2.384251968503937058e-01
2.255118110236219442e-01
2.346456692913384545e-01
2.255118110236219442e-01
2.283968503937007788e-01
2.255118110236219442e-01
2.277165354330708824e-01
2.255118110236219442e-01
2.248818897637795411e-01
2.242519685039369159e-01
2.094488188976378618e-01
2.242519685039369159e-01
2.079748031496063410e-01
2.185826771653542611e-01
2.018897637795276645e-01
2.185826771653542611e-01
2.019905511811023457e-01
2.185826771653542611e-01
2.000000000000000389e-01
2.185826771653542611e-01
1.987401574803150384e-01
2.185826771653542611e-01
1.826771653543306229e-01
2.091338582677164382e-01
1.971653543307088363e-01
1.757480314960630507e-01
1.817322834645667962e-01
1.757480314960630507e-01
1.811023622047244208e-01
1.757480314960630507e-01
1.811023622047241988e-01
1.757480314960630507e-01
1.757480314960629397e-01
1.757480314960630507e-01
1.757480314960630507e-01
1.757480314960630507e-01
1.612598425196849483e-01
1.757480314960630507e-01
1.612598425196849483e-01
1.448818897637794700e-01
1.606299212598423509e-01
1.436220472440944418e-01
1.591055118110235311e-01
1.436220472440944418e-01
1.596850393700787463e-01
1.436220472440944418e-01
1.593700787401575447e-01
1.436220472440944418e-01
1.537007874015750009e-01
1.436220472440944418e-01
1.436220472440944418e-01
1.436220472440944418e-01
1.530708661417324867e-01
1.436220472440944418e-01
1.433070866141732402e-01
1.436220472440944418e-01
1.429921259842519554e-01
1.329133858267717294e-01
1.426771653543307539e-01
1.329133858267717294e-01
1.414173228346457256e-01
1.436220472440944418e-01
1.426771653543307539e-01
1.316535433070867289e-01
1.370078740157479602e-01
1.316535433070867289e-01
1.370078740157479602e-01
1.316535433070867289e-01
1.322834645669292153e-01
1.316535433070867289e-01
1.341732283464566189e-01
1.316535433070867289e-01
1.288188976377953876e-01
1.316535433070867289e-01
1.288188976377953876e-01
1.316535433070867289e-01
1.244094488188974973e-01
1.316535433070867289e-01
1.225196850393700937e-01
1.316535433070867289e-01
1.225196850393700937e-01
1.316535433070867289e-01
1.231496062992124968e-01
1.316535433070867289e-01
1.231496062992124968e-01
1.316535433070867289e-01
1.231496062992124968e-01
1.316535433070867289e-01
1.177952755905510157e-01
1.108661417322834575e-01
1.177952755905510157e-01
1.247244094488189209e-01
1.218897637795274824e-01
1.039370078740156633e-01
1.193700787401572316e-01
1.108661417322834575e-01
1.177952755905510157e-01
1.039370078740156633e-01
1.177952755905510157e-01
1.039370078740156633e-01
1.177952755905510157e-01
1.039370078740156633e-01
1.159055118110238342e-01
1.039370078740156633e-01
1.143307086614171741e-01
1.039370078740156633e-01
1.159055118110238342e-01
1.039370078740156633e-01
1.135244094488186140e-01
1.039370078740156633e-01
1.133858267716535834e-01
1.039370078740156633e-01
1.048818897637794761e-01
1.039370078740156633e-01
1.048818897637794761e-01
1.039370078740156633e-01
1.039370078740156633e-01
1.039370078740156633e-01
1.039370078740156633e-01
1.039370078740156633e-01
1.039370078740156633e-01
1.039370078740156633e-01
1.033070866141731492e-01
1.039370078740156633e-01
1.033070866141731492e-01
1.039370078740156633e-01
1.026771653543306489e-01
1.039370078740156633e-01
1.039370078740156633e-01
1.039370078740156633e-01
1.020472440944881348e-01
1.039370078740156633e-01
1.026771653543306489e-01
1.026771653543306489e-01
1.020472440944881348e-01
1.014173228346456346e-01
1.020472440944881348e-01
1.014173228346456346e-01
1.020472440944881348e-01
1.039370078740156633e-01
1.020472440944881348e-01
1.001574803149606202e-01
1.020472440944881348e-01
1.001574803149606202e-01
1.001574803149606202e-01
1.001574803149606202e-01
1.014173228346456346e-01
1.001574803149606202e-01
1.001574803149606202e-01
1.001574803149606202e-01
1.001574803149606202e-01
1.001574803149606202e-01
1.014173228346456346e-01
1.001574803149606202e-01
1.005228346456693289e-01
1.001574803149606202e-01
1.001574803149606202e-01
1.001574803149606202e-01
1.001574803149606202e-01
1.001574803149606202e-01
1.001574803149606202e-01
1.001574803149606202e-01
1.001574803149606202e-01
1.001574803149606202e-01
1.001574803149606202e-01
1.001574803149606202e-01
1.001574803149606202e-01
1.001574803149606202e-01
1.001574803149606202e-01
1.001574803149606202e-01
1.001574803149606202e-01
1.001574803149606202e-01
1.001574803149606202e-01
1.001574803149606202e-01
1.001574803149606202e-01
1.001574803149606202e-01
9.989291338582681479e-02
1.001574803149606202e-01
1.001574803149606202e-01
1.001574803149606202e-01
9.574803149606296582e-02
1.001574803149606202e-01
9.858267716535418224e-02
1.001574803149606202e-01
9.637795275590557709e-02
1.001574803149606202e-01
9.322834645669293707e-02
1.001574803149606202e-01
9.448818897637772940e-02
1.001574803149606202e-01
9.574803149606296582e-02
1.001574803149606202e-01
9.322834645669293707e-02
1.001574803149606202e-01
9.322834645669293707e-02
1.001574803149606202e-01
9.322834645669293707e-02
9.511811023622034067e-02
9.342992125984229956e-02
1.001574803149606202e-01
9.322834645669293707e-02
1.001574803149606202e-01
9.322834645669293707e-02
1.001574803149606202e-01
9.322834645669293707e-02
8.629921259842514292e-02
9.322834645669293707e-02
9.511811023622034067e-02
9.322834645669293707e-02
8.629921259842514292e-02
9.322834645669293707e-02
8.629921259842514292e-02
9.322834645669293707e-02
8.629921259842514292e-02
9.070866141732268628e-02
9.511811023622034067e-02
8.881889763779539371e-02
8.629921259842514292e-02
9.322834645669293707e-02
8.629921259842514292e-02
9.322834645669293707e-02
8.629921259842514292e-02
9.322834645669293707e-02
8.629921259842514292e-02
9.070866141732268628e-02
8.629921259842514292e-02
8.881889763779539371e-02
8.629921259842514292e-02
8.629921259842514292e-02
8.629921259842514292e-02
8.629921259842514292e-02
8.629921259842514292e-02
8.629921259842514292e-02
8.629921259842514292e-02
8.629921259842514292e-02
8.629921259842514292e-02
8.629921259842514292e-02
8.629921259842514292e-02
8.629921259842514292e-02
8.629921259842514292e-02
8.629921259842514292e-02
8.629921259842514292e-02
8.629921259842514292e-02
8.629921259842514292e-02
8.629921259842514292e-02
8.629921259842514292e-02
8.629921259842514292e-02
8.629921259842514292e-02
8.629921259842514292e-02
8.629921259842514292e-02
8.629921259842514292e-02
8.629921259842514292e-02
8.629921259842514292e-02
8.629921259842514292e-02
8.629921259842514292e-02
8.629921259842514292e-02
8.629921259842514292e-02
8.629921259842514292e-02
8.629921259842514292e-02
8.629921259842514292e-02
8.629921259842514292e-02
8.629921259842514292e-02
8.566929133858264267e-02
8.629921259842514292e-02
8.629921259842514292e-02
8.629921259842514292e-02
8.629921259842514292e-02
8.629921259842514292e-02
8.629921259842514292e-02
8.629921259842514292e-02
8.629921259842514292e-02
8.629921259842514292e-02
8.629921259842514292e-02
8.629921259842514292e-02
8.314960629921250290e-02
8.629921259842514292e-02
8.251968503937000265e-02
8.629921259842514292e-02
8.440944881889773932e-02
8.629921259842514292e-02
8.629921259842514292e-02
8.629921259842514292e-02
8.629921259842514292e-02
8.629921259842514292e-02
8.629921259842514292e-02
8.629921259842514292e-02
8.629921259842514292e-02
8.629921259842514292e-02
7.999999999999997391e-02
8.629921259842514292e-02
8.125984251968498828e-02
8.629921259842514292e-02
7.999999999999997391e-02
8.629921259842514292e-02
7.559055118110231952e-02
8.629921259842514292e-02
7.999999999999997391e-02
8.629921259842514292e-02
8.062992125984247416e-02
8.629921259842514292e-02
8.125984251968498828e-02
8.629921259842514292e-02
7.559055118110231952e-02
8.629921259842514292e-02
7.559055118110231952e-02
7.622047244094481977e-02
7.999999999999997391e-02
8.629921259842514292e-02
8.125984251968498828e-02
8.629921259842514292e-02
7.937007874015734876e-02
8.629921259842514292e-02
7.559055118110231952e-02
8.629921259842514292e-02
7.559055118110231952e-02
8.629921259842514292e-02
7.559055118110231952e-02
7.622047244094481977e-02
7.559055118110231952e-02
7.496062992125980540e-02
7.559055118110231952e-02
7.622047244094481977e-02
7.559055118110231952e-02
7.622047244094481977e-02
7.559055118110231952e-02
7.622047244094481977e-02
7.559055118110231952e-02
8.629921259842514292e-02
7.559055118110231952e-02
7.496062992125980540e-02
7.559055118110231952e-02
7.622047244094481977e-02
7.559055118110231952e-02
6.488188976377948225e-02
7.559055118110231952e-02
6.488188976377948225e-02
7.559055118110231952e-02
7.496062992125980540e-02
6.992125984251965076e-02
6.488188976377948225e-02
7.559055118110231952e-02
6.488188976377948225e-02
7.559055118110231952e-02
6.488188976377948225e-02
