1.872180677118399084e+00
1.615622294892757216e+00
1.516738001346542131e+00
1.407415600654034149e+00
1.245599692218908983e+00
1.186978214869673698e+00
1.155152928729440642e+00
1.125592719053572610e+00
1.079021592767144266e+00
1.026793786669231379e+00
9.799677791670665661e-01
9.399586419159370321e-01
9.377765220736750118e-01
8.983132153505816175e-01
8.806386457632010556e-01
8.826139751851492798e-01
8.709303164374336825e-01
8.498124458978550955e-01
8.189381552370874617e-01
8.124014138693853582e-01
8.198999711455224881e-01
8.139367125132249692e-01
7.904203135519861645e-01
7.529347407906122891e-01
7.540155814177166294e-01
7.628558718861208066e-01
7.526510050976242816e-01
7.682552659420988084e-01
7.262191016639413244e-01
7.037607002019812263e-01
6.928921804366643400e-01
6.848129268058092967e-01
6.948194190631911127e-01
6.982783495239009985e-01
6.669928825622765123e-01
6.461202750793495486e-01
6.271039722997017174e-01
6.203712609406559775e-01
6.147446378763102848e-01
5.986342214100222048e-01
5.800711743772241080e-01
6.124362796960662880e-01
5.980403000865626151e-01
5.722804655188995504e-01
5.580455900740597386e-01
5.406944310858899927e-01
5.746850052899873385e-01
5.674232951813020787e-01
5.636625949793209189e-01
5.525560257766661820e-01
5.330864672501682833e-01
5.225064922573818826e-01
5.179402712320860802e-01
5.148612580552083262e-01
5.335673752043859075e-01
5.314513802058286052e-01
5.232278541887083190e-01
5.053861690872367696e-01
4.999038184091564863e-01
5.007910935846877631e-01
4.927863806867365803e-01
4.979801865922861559e-01
4.861498509185342431e-01
4.775415985380399575e-01
4.906222948927576044e-01
4.881696643262479762e-01
4.741752428585168655e-01
4.721554294508031879e-01
4.656631720688660381e-01
4.663749158411060747e-01
4.584976435510242920e-01
4.893238434163700856e-01
4.712417043377896131e-01
4.465711262864288100e-01
4.473405790131769200e-01
4.312109262287194822e-01
4.334182937385784862e-01
4.173319226700009099e-01
4.153602000577090725e-01
4.393575069731653904e-01
4.167548331249398830e-01
4.157449264210830164e-01
4.148865057228044995e-01
4.066257093392323663e-01
4.100221217658938655e-01
4.060786765413100796e-01
4.140617485813213872e-01
3.895955564105030855e-01
4.056939501779359691e-01
3.956910647302107065e-01
3.919928825622778779e-01
3.921804366644224826e-01
3.873713571222469065e-01
3.952402135231316005e-01
3.778974704241607196e-01
3.870828123497161988e-01
3.835240934885064124e-01
3.862171780321246861e-01
3.413965566990478928e-01
3.564008848706358701e-01
3.704914879292104390e-01
3.702991247475235226e-01
3.790997403097050023e-01
3.200947388669803106e-01
3.369722035202462607e-01
3.400500144272386449e-01
3.464941810137541212e-01
3.595748773684718791e-01
3.095604501298451217e-01
3.170000961815906404e-01
3.111474463787632927e-01
3.236510531884201902e-01
3.382706549966335019e-01
3.049437337693564620e-01
3.079253630855053325e-01
3.089833605847839837e-01
3.085024526305664705e-01
3.089833605847839837e-01
2.991728383187455820e-01
3.021544676348946190e-01
3.047513705876694901e-01
2.861402327594498307e-01
2.968163893430798006e-01
2.901798595748772969e-01
2.971049341156102863e-01
2.985957487736847216e-01
2.856593248052324285e-01
2.859478695777628032e-01
2.842646917380012850e-01
2.817639703760699277e-01
2.806097912859478183e-01
2.842166009425795559e-01
2.813311532172743101e-01
2.815235163989612821e-01
2.822929691257092810e-01
2.851303260555929087e-01
2.770029816293161362e-01
2.752717129941328889e-01
2.724343560642493722e-01
2.811868808310089007e-01
2.802731557179956590e-01
2.791670674232952787e-01
2.758968933346155894e-01
2.732038087909975377e-01
2.710878137924402353e-01
2.673848225449648175e-01
2.657016447052035213e-01
2.788304318553428973e-01
2.705107242473789309e-01
2.732038087909974267e-01
2.704626334519572572e-01
2.681061844762911428e-01
2.653169183418295218e-01
2.763778012888332136e-01
2.765701644705201856e-01
2.669039145907473043e-01
2.707511782244876875e-01
2.682504568625564412e-01
2.656535539097815701e-01
2.645955564105029190e-01
2.647879195921899464e-01
2.657016447052034103e-01
2.644993748196594052e-01
2.641627392517070239e-01
2.636818312974897327e-01
2.638741944791765381e-01
2.644993748196594052e-01
2.641627392517072459e-01
2.639222852745983783e-01
2.641146484562854058e-01
2.668077329999037905e-01
2.632971049341155112e-01
2.619505626623063743e-01
2.586803885736269071e-01
2.632971049341155112e-01
2.597864768683272874e-01
2.623352890256805403e-01
2.627200153890545398e-01
2.634413773203808651e-01
2.592574781186880450e-01
2.632971049341155112e-01
2.558430316437431684e-01
2.526209483504855413e-01
2.625757430027891859e-01
2.616620178897757776e-01
2.598345676637490165e-01
2.493988650572273591e-01
2.614215639126669100e-01
2.531018563047032766e-01
2.496874098297585109e-01
2.624314706165238875e-01
2.601712032317013978e-01
2.493459651822635126e-01
2.482446859671059713e-01
2.480523227854188606e-01
2.478599596037318609e-01
2.632971049341155112e-01
2.598345676637490165e-01
2.473309608540926186e-01
2.488698663075887552e-01
2.475714148312013752e-01
2.471866884678273479e-01
2.440631913051835855e-01
2.351158988169663733e-01
2.468500528998749943e-01
2.463210541502356132e-01
2.481485043762622633e-01
2.470905068769837509e-01
2.344907184764835895e-01
2.340098105222659930e-01
2.442531499471001233e-01
2.390112532461287354e-01
2.411272482446859822e-01
2.332884485909397232e-01
2.351158988169664843e-01
2.338174473405789933e-01
2.363662594979321074e-01
2.435317880157738535e-01
2.376166201788977306e-01
2.332403577955179663e-01
2.332403577955179663e-01
2.332403577955179663e-01
2.322785418870828567e-01
2.334808117726268339e-01
2.332403577955179663e-01
2.319419063191305863e-01
2.332403577955179663e-01
2.330960854092526124e-01
2.325189958641915855e-01
2.332403577955179663e-01
2.332403577955179663e-01
2.317976339328652324e-01
2.323747234779264537e-01
2.325670866596134534e-01
2.327594498413004531e-01
2.292187650283725175e-01
2.332403577955179663e-01
2.284312782533423347e-01
2.322304510916610998e-01
2.328075406367220990e-01
2.301144560931039362e-01
2.320380879099741001e-01
2.287679138212946883e-01
2.283831874579205778e-01
2.305472732518996926e-01
2.294087236702893606e-01
2.296335481388863398e-01
2.292488217755122015e-01
2.288640954121380910e-01
2.284793690487642026e-01
2.302106376839473389e-01
2.279503702991248215e-01
2.242954698470714381e-01
2.293450033663558263e-01
2.289602770029817158e-01
2.269885543906897118e-01
2.260267384822545744e-01
2.279022795037030646e-01
2.292488217755123125e-01
2.239107434836973276e-01
2.281908242762335781e-01
2.272290083677985517e-01
2.262671924593634420e-01
2.253053765509283046e-01
2.237664710974321680e-01
2.236221987111668141e-01
2.236221987111668141e-01
2.274694623449073083e-01
2.265076464364721986e-01
2.255458305280370612e-01
2.238145618928539249e-01
2.236221987111668141e-01
2.236221987111668141e-01
2.238626526882755707e-01
2.236221987111668141e-01
2.232855631432144605e-01
2.238626526882754597e-01
2.236702895065885710e-01
2.236221987111668141e-01
2.279503702991248215e-01
2.242954698470712160e-01
2.216985668942965670e-01
2.229970183706838360e-01
2.235777147254014441e-01
2.194863903048955844e-01
2.208738097528126221e-01
2.207367509858613186e-01
2.215062037126095673e-01
2.230931999615273498e-01
2.237664710974321680e-01
2.236221987111668141e-01
2.204962970087526730e-01
2.205443878041743189e-01
2.201596614408003194e-01
2.213138405309225398e-01
2.188131191689910715e-01
2.188131191689910715e-01
2.195825718957392925e-01
2.203520246224873191e-01
2.211214773492355401e-01
2.224199288256229201e-01
2.191377320380865357e-01
2.188876599018936830e-01
2.215579013176876833e-01
2.198230258728479658e-01
2.196162354525341143e-01
2.188131191689910715e-01
2.188131191689910715e-01
2.188131191689910715e-01
2.193902087140520984e-01
2.196787534865826952e-01
2.183322112147734473e-01
2.188539963450988612e-01
2.188131191689910715e-01
2.188131191689910715e-01
2.189573915552563144e-01
2.197749350774263200e-01
2.190054823506780712e-01
2.188131191689910715e-01
2.188131191689910715e-01
2.188131191689910715e-01
2.188131191689910715e-01
2.186207559873040718e-01
2.188131191689910715e-01
2.188131191689910715e-01
2.188131191689910715e-01
2.188131191689910715e-01
2.187169375781475855e-01
2.188131191689910715e-01
2.184764836010387179e-01
2.182841204193517182e-01
2.188131191689910715e-01
2.188131191689910715e-01
2.186207559873040718e-01
2.187169375781475855e-01
2.176108492834470942e-01
2.183322112147734473e-01
2.181398480330864476e-01
2.179474848513994478e-01
2.185245743964605580e-01
2.187650283735693146e-01
2.185726651918823149e-01
2.183803020101952042e-01
2.188131191689910715e-01
2.172261229200731780e-01
2.184283928056170720e-01
2.188131191689910715e-01
2.186207559873040718e-01
2.183322112147734473e-01
2.169856689429644214e-01
2.156391266711552013e-01
2.173703953063383376e-01
2.160623256708658901e-01
2.186688467827258286e-01
2.167452149658554705e-01
2.169375781475424703e-01
2.171299413292296920e-01
2.173451476387420200e-01
2.157833990574204441e-01
2.178729441184956706e-01
2.157833990574203331e-01
2.176108492834472052e-01
2.170818505338079352e-01
2.172742137154949349e-01
2.174665768971818236e-01
2.176108492834470942e-01
2.166490333750120678e-01
2.152063095123593339e-01
2.170337597383861783e-01
2.155910358757334444e-01
2.153986726940463337e-01
2.152063095123593339e-01
2.155910358757333334e-01
2.159757622391073328e-01
2.158314898528422010e-01
2.152063095123593339e-01
2.154467634894680905e-01
2.152544003077810630e-01
2.154948542848898196e-01
2.158795806482638469e-01
2.158795806482639579e-01
2.166490333750120678e-01
2.154948542848899307e-01
2.153024911032028199e-01
2.153986726940463337e-01
2.157833990574203331e-01
2.161681254207943326e-01
2.152063095123593339e-01
2.152063095123593339e-01
2.128498605366933027e-01
2.153024911032028199e-01
2.156872174665768471e-01
2.152063095123593339e-01
2.152063095123593339e-01
2.152063095123593339e-01
