1.350097717356831373e+00
1.275309009711734332e+00
1.226302469506184822e+00
1.144676546977190679e+00
1.075394940983858350e+00
1.057233227330001579e+00
1.021032803888122453e+00
1.019812622682427561e+00
1.010063173414021964e+00
9.764192588909936799e-01
9.569482183725777080e-01
9.046687895905300980e-01
8.878063310561190580e-01
8.836563434850812637e-01
8.665193763232560409e-01
8.320118632299875472e-01
8.382027720871217946e-01
8.181449988428208808e-01
8.120398069653620432e-01
7.926677695584718464e-01
7.933091468589015260e-01
7.925874098900230758e-01
7.693214643888809379e-01
7.576780984545231634e-01
7.483092325758811114e-01
7.276342970779082764e-01
7.457602238927498739e-01
7.521836400572592396e-01
7.323776604407566948e-01
7.274028612327817500e-01
7.000747880647677501e-01
6.943193214643890165e-01
6.950618448008366590e-01
6.615807925391939959e-01
6.556916074505201308e-01
6.608864850038145278e-01
6.657080651106171976e-01
6.469831909002852210e-01
6.419344607973395123e-01
6.423645457428661665e-01
6.355314024155048758e-01
6.388057910391469196e-01
6.318198571955118137e-01
6.275425799096543411e-01
6.177882019149161241e-01
6.179559929026327003e-01
6.364485740980431183e-01
6.201794913554423694e-01
6.021448531239544932e-01
5.981073690887427352e-01
5.967701842057894224e-01
6.008760275322939659e-01
5.975502087208456325e-01
5.933500767166968171e-01
5.963073125155362586e-01
5.789239090371410823e-01
5.605461885944986733e-01
5.827640297266482028e-01
5.720922657569238456e-01
5.861888516496220891e-01
5.785038958367263451e-01
5.624319621473818920e-01
5.535431113549285076e-01
5.580775395798156513e-01
5.558403264102589336e-01
5.483400906885647075e-01
5.514173302589507886e-01
5.329802508078826939e-01
5.294602830374629532e-01
5.309566872101697532e-01
5.442192468906170699e-01
5.444206817928564091e-01
5.378569040741280061e-01
5.225649948998397631e-01
5.067930706393628526e-01
5.143623085296967767e-01
5.107017649126116554e-01
4.986928160599329307e-01
4.982813745574863895e-01
4.956584349793852207e-01
4.758608127683999767e-01
4.960013028980916339e-01
4.992585481257983959e-01
4.949726991419731159e-01
4.818665729494355787e-01
4.872324558771851666e-01
4.725780667392400769e-01
4.690004542999924309e-01
4.718762589681391173e-01
4.582344016526228581e-01
4.761921088948506409e-01
4.609430582104009355e-01
4.525192220326917925e-01
4.645676006960218762e-01
4.555428884907811171e-01
4.576343827948878284e-01
4.427282000291439257e-01
4.489255376597556801e-01
4.454025697950508844e-01
4.525942243899090944e-01
4.406452774230048552e-01
4.444639688675932065e-01
4.387517893419516368e-01
4.321078662472248588e-01
4.256619493755518513e-01
4.349365265765499089e-01
4.221989833966205974e-01
4.229792222041265370e-01
4.369423039009798226e-01
4.357079793936381451e-01
4.272734285934698395e-01
4.340707850818161795e-01
4.102556080333954469e-01
4.089899968284719800e-01
3.981210838054905499e-01
4.300249436410856219e-01
4.127701156322053366e-01
4.079871081662567733e-01
4.108243401935485206e-01
4.115786496147018636e-01
3.974439196660465301e-01
3.863692858918423845e-01
3.870893085211250528e-01
4.017983422336124932e-01
3.976753555111730010e-01
3.845949444125387751e-01
3.945981159407869754e-01
3.878436179422780627e-01
3.794090671421103678e-01
3.828206029332351656e-01
3.836091991462590167e-01
3.870121632394156186e-01
3.863692858918423845e-01
3.851263896865331215e-01
3.800862312815546651e-01
3.775357225512777082e-01
3.814405595604434818e-01
3.842006463060269050e-01
3.814405595604434818e-01
3.814405595604434818e-01
3.805833897636783369e-01
3.761689653103384434e-01
3.719516899102545127e-01
3.793833520482074451e-01
3.703033523910719826e-01
3.756484489512505465e-01
3.814405595604434818e-01
3.693373220301205406e-01
3.716688238773218078e-01
3.554511713225265157e-01
3.593170071059377246e-01
3.568933595055844843e-01
3.513196129021197711e-01
3.723202729228632379e-01
3.709745163419423397e-01
3.655572032263872950e-01
3.613399278263033643e-01
3.558356119763765868e-01
3.518424864781463102e-01
3.511396072447992567e-01
3.507967393260931210e-01
3.498656386343536040e-01
3.449508413121555872e-01
3.470766224081328066e-01
3.571997977079281461e-01
3.500424299049399446e-01
3.507967393260931210e-01
3.438365205763612154e-01
3.382392018034848236e-01
3.465451771341386822e-01
3.477452148496096851e-01
3.507967393260931210e-01
3.396535319681475151e-01
3.343562226241397206e-01
3.438879507641671718e-01
3.439308092540054318e-01
3.375106074762350139e-01
3.375106074762350139e-01
3.363277131566992928e-01
3.347505207306516462e-01
3.389420810368326542e-01
3.431679281348840593e-01
3.375106074762350139e-01
3.370477357859819056e-01
3.367305829611786927e-01
3.319561471931974372e-01
3.318104283277475419e-01
3.232815888499352974e-01
3.262480392240899030e-01
3.203072096551608516e-01
3.143670229635789348e-01
3.328818905737034872e-01
3.291789170516784546e-01
3.226987133881349390e-01
3.199214832466162339e-01
3.213615285051815151e-01
3.375106074762350139e-01
3.289817679984228249e-01
3.301046604321852818e-01
3.233930209235143516e-01
3.131498418521731497e-01
3.135955701464903655e-01
3.095068702159209373e-01
3.296675038358347631e-01
3.102011777513007940e-01
3.183357191226011129e-01
3.134669946769757520e-01
3.141355871184518533e-01
3.140584418367436403e-01
3.090439985256681066e-01
3.099697419061743231e-01
3.108954852866805396e-01
3.024866495804154343e-01
3.132869890196549045e-01
3.088125626805413582e-01
3.082896891045144860e-01
3.097383060610476857e-01
3.085811268354148318e-01
3.085811268354148318e-01
3.085811268354148318e-01
3.085811268354148318e-01
3.085811268354148318e-01
3.095068702159210483e-01
3.085811268354148318e-01
3.085811268354148318e-01
3.046467174682638279e-01
3.014237590324271299e-01
3.077325287366176054e-01
2.927149138972940934e-01
3.049210118032281147e-01
3.085811268354148318e-01
3.000951458474407918e-01
3.000469300463735611e-01
3.068839306378203791e-01
3.075353796833613651e-01
2.938978082168298145e-01
2.906234195931873820e-01
2.992465477486435099e-01
3.026409401438330815e-01
3.031809571157949024e-01
3.080582532593878486e-01
2.901519762049667994e-01
2.902976950704166392e-01
2.846060876198968081e-01
2.971293383506340979e-01
2.941035289680534182e-01
2.873661743654800094e-01
2.886690724565629251e-01
2.899719705476459519e-01
2.836974876353259845e-01
2.840146404601292529e-01
2.815374197474773132e-01
2.873661743654800094e-01
2.768401292612054920e-01
2.896462460248750426e-01
2.827888876507547167e-01
2.855661177922736993e-01
2.878461894516690101e-01
2.873661743654800094e-01
2.880176234110216060e-01
2.880347668069567213e-01
2.821374386052132865e-01
2.855146876044675763e-01
2.779544499969998639e-01
2.741143293074924658e-01
2.751429330636110393e-01
2.879233347333773896e-01
2.826603121812398256e-01
2.739958255830889367e-01
2.784773235730264029e-01
2.763858292689198581e-01
2.742943349648131468e-01
2.844175102646083197e-01
2.814688461637361305e-01
2.789059084714096137e-01
2.737543179928512149e-01
2.739943255359453267e-01
2.742343330790396050e-01
2.742943349648131468e-01
2.742943349648131468e-01
2.661340784996099607e-01
2.704799293692086160e-01
2.739343236501717849e-01
2.732299443696789565e-01
2.625853955410031859e-01
2.742943349648131468e-01
2.655512030378098798e-01
2.800459443011065752e-01
2.702142067322114705e-01
2.730085802696655684e-01
2.742943349648131468e-01
2.626368257288088093e-01
2.649683275760097989e-01
2.672998294232105665e-01
2.672226841415016318e-01
2.719628331176123792e-01
2.597224484198074612e-01
2.620539502670082843e-01
2.643854521142095515e-01
2.667169539614104856e-01
2.690484558086113087e-01
2.695831154693436038e-01
2.597224484198074612e-01
2.614710748052082034e-01
2.638025766524094706e-01
2.661340784996099607e-01
2.647797502207217546e-01
2.685855841183577564e-01
2.597224484198074612e-01
2.604596144450251893e-01
2.632197011906088902e-01
2.655512030378101573e-01
2.597224484198074612e-01
2.597224484198074612e-01
2.597224484198074612e-01
2.603053238816080417e-01
2.626368257288085317e-01
2.597224484198074612e-01
2.597224484198074612e-01
2.597224484198074612e-01
2.597224484198074612e-01
2.597224484198074612e-01
2.588652786230423164e-01
2.580081088262774491e-01
2.571509390295122488e-01
2.597224484198074612e-01
2.578795333567626691e-01
2.593538654071989025e-01
2.590795710722336720e-01
2.623025295080704811e-01
2.597224484198074612e-01
2.597224484198074612e-01
2.597224484198074612e-01
2.589852823945897331e-01
2.592938635214250276e-01
2.584366937246598828e-01
2.575795239278946824e-01
2.526679409924311726e-01
2.569452182782885341e-01
2.586166993819805637e-01
2.543651371900259583e-01
2.586509861738512384e-01
2.577938163770860380e-01
2.525136504290136918e-01
2.531308126826842808e-01
2.582481163693718385e-01
2.597224484198074612e-01
2.588652786230423164e-01
2.580081088262774491e-01
2.523593598655958781e-01
2.529765221192664670e-01
2.535936843729373891e-01
2.547832217583971270e-01
2.543651371900259583e-01
2.582224012754684717e-01
2.522050693021780643e-01
2.528222315558489863e-01
2.534393938095197418e-01
2.570995088417069030e-01
2.543651371900259583e-01
2.508593127212572216e-01
2.520507787387604171e-01
2.526679409924311726e-01
2.466848958110120504e-01
2.539022654997728501e-01
2.455191448874109450e-01
2.512793259216718478e-01
2.518964881753427698e-01
2.488698216229666971e-01
2.531308126826842808e-01
2.495306995362720492e-01
2.451505618748017756e-01
2.466248939252378702e-01
2.480992259756734930e-01
2.523593598655958781e-01
2.451505618748017756e-01
2.462220241207580262e-01
2.453648543239928537e-01
2.462563109126287009e-01
2.477306429630647677e-01
2.522050693021780643e-01
2.472934863667142491e-01
2.464363165699493818e-01
2.455791467731842093e-01
2.470534788236198320e-01
2.473620599504555984e-01
2.451505618748017756e-01
2.451505618748017756e-01
2.466506090191404599e-01
2.451666338084908803e-01
2.455191448874109450e-01
2.469934769378465955e-01
2.451505618748017756e-01
2.451505618748017756e-01
2.451505618748017756e-01
