1.894603983325597207e+00
1.510936776285316530e+00
1.544233441408059182e+00
1.311110467809169844e+00
1.232978230662343799e+00
1.157735062528948422e+00
1.149606299212598381e+00
1.086417322834645205e+00
1.087540528022232778e+00
1.000463177396942793e+00
9.634089856415005704e-01
9.231183418249189199e-01
9.180176007410837391e-01
8.710166743862900463e-01
8.716998610467809883e-01
8.217403890690128110e-01
8.517832329782305534e-01
7.776748494673459966e-01
8.151922186197314568e-01
7.695808244557666988e-01
7.383047707271885862e-01
7.269974525243164676e-01
6.822603056970819591e-01
6.996352477999073782e-01
6.772811486799442671e-01
6.639647985178322998e-01
6.628068550254747615e-01
6.387216303844371890e-01
6.331635016211208944e-01
6.317739694302916265e-01
6.129342288096339963e-01
6.083835108846689099e-01
5.988883742473367633e-01
5.924154701250577970e-01
5.919407132931912008e-01
5.752952755905508253e-01
5.775822139879575046e-01
5.722556739231126066e-01
5.669291338582678197e-01
5.611394163964797954e-01
5.576655859194070697e-01
5.544233441408058516e-01
5.576655859194070697e-01
5.534969893469198210e-01
5.517021769337647763e-01
5.504863362667902216e-01
5.493283927744325723e-01
5.224930523390455273e-01
5.442334414080592930e-01
5.078740157480314821e-01
5.409911996294580749e-01
5.081056044465029897e-01
5.363594256600276999e-01
5.090319592403891313e-01
5.363594256600276999e-01
4.955998147290411882e-01
4.705187586845569481e-01
4.685328855951828575e-01
4.691987031032885391e-01
4.671665122742003073e-01
4.566929133858269041e-01
4.661880500231591062e-01
4.673459935155164224e-01
4.722383047707268688e-01
4.673459935155164224e-01
4.543770264011117166e-01
4.483557202408524067e-01
4.434923575729504130e-01
4.520611394163965291e-01
4.439555349698936504e-01
4.437239462714220317e-01
4.430291801760074533e-01
4.315308012968920859e-01
4.400185270958777428e-01
4.437239462714220317e-01
4.131542380731821340e-01
4.168596572487262564e-01
4.196387216303844037e-01
4.168596572487262564e-01
4.126910606762390077e-01
4.168596572487262564e-01
4.111104678091709319e-01
4.168596572487262564e-01
4.007816118573412911e-01
3.825845298749420142e-01
3.897637795275590289e-01
3.825845298749420142e-01
3.839740620657711712e-01
3.825845298749420142e-01
3.849004168596572018e-01
3.719314497452523294e-01
3.758684576192682925e-01
3.635942566002778320e-01
3.707735062528947911e-01
3.635942566002778320e-01
3.624363131079201272e-01
3.529411764705880916e-01
3.511347846225102431e-01
3.529411764705880916e-01
3.402037980546548934e-01
3.529411764705880916e-01
3.367299675775823342e-01
3.251505326540064522e-01
3.367299675775823342e-01
3.205187586845762993e-01
3.367299675775823342e-01
3.212135247799902116e-01
3.365041685965725615e-01
3.205187586845762993e-01
3.295565076424269990e-01
3.205187586845762993e-01
3.206287633163500961e-01
3.205187586845762993e-01
3.147290412227883860e-01
3.205187586845762993e-01
3.159043538675311846e-01
3.043075497915702088e-01
3.165817508105605027e-01
3.043075497915702088e-01
3.084761463640574575e-01
3.043075497915702088e-01
3.018179712830013628e-01
3.121815655396017464e-01
2.952755905511812440e-01
3.121815655396017464e-01
2.913385826771655029e-01
3.043075497915702088e-01
3.017600741083835136e-01
3.043075497915702088e-01
2.820750347383047529e-01
3.043075497915702088e-01
2.832329782306624577e-01
3.043075497915702088e-01
2.804886521537743871e-01
2.621584066697545401e-01
2.805233904585456295e-01
2.621584066697545401e-01
2.832329782306624577e-01
2.880963408985641183e-01
2.636174154701241279e-01
2.621584066697545401e-01
2.709587772116721638e-01
2.621584066697545401e-01
2.596746178786467074e-01
2.621584066697545401e-01
2.621584066697545401e-01
2.621584066697545401e-01
2.621584066697545401e-01
2.621584066697545401e-01
2.568318666049095866e-01
2.621584066697545401e-01
2.568318666049095866e-01
2.621584066697545401e-01
2.568318666049095866e-01
2.515053265400648552e-01
2.554423344140805963e-01
2.515053265400648552e-01
2.534101435849922535e-01
2.515053265400648552e-01
2.515053265400648552e-01
2.515053265400648552e-01
2.554423344140805963e-01
2.515053265400648552e-01
2.506021306160258755e-01
2.515053265400648552e-01
2.484946734599350893e-01
2.515053265400648552e-01
2.515053265400648552e-01
2.515053265400648552e-01
2.445576655859192927e-01
2.376100046317739245e-01
2.424733672996759182e-01
2.348309402501158050e-01
2.445576655859192927e-01
2.348309402501158050e-01
2.431681333950903301e-01
2.487262621584067079e-01
2.431681333950903301e-01
2.515053265400648552e-01
2.417786012042611732e-01
2.487262621584067079e-01
2.424733672996759182e-01
2.348309402501158050e-01
2.417786012042611732e-01
2.348309402501158050e-01
2.348309402501158050e-01
2.348309402501158050e-01
2.410838351088467890e-01
2.348309402501158050e-01
2.348309402501158050e-01
2.348309402501158050e-01
2.327466419638720974e-01
2.348309402501158050e-01
2.327813802686423406e-01
2.348309402501158050e-01
2.341361741547012265e-01
2.348309402501158050e-01
2.320518758684575189e-01
2.334414080592868423e-01
2.327466419638720974e-01
2.292728114867993994e-01
2.299675775822138113e-01
2.334414080592868423e-01
2.320518758684575189e-01
2.306623436776283897e-01
2.313571097730431347e-01
2.292728114867993994e-01
2.264937471051411411e-01
2.306623436776283897e-01
2.299675775822138113e-01
2.292728114867993994e-01
2.285780453913848487e-01
2.292728114867993994e-01
2.292728114867993994e-01
2.292728114867993994e-01
2.264937471051411411e-01
2.292728114867993994e-01
2.292728114867993994e-01
2.292728114867993994e-01
2.211845761926818088e-01
2.292728114867993994e-01
2.225567392311255110e-01
2.292728114867993994e-01
2.246410375173692187e-01
2.292728114867993994e-01
2.190829087540528131e-01
2.292728114867993994e-01
2.190829087540528131e-01
2.292728114867993994e-01
2.225567392311255110e-01
2.223251505326538646e-01
2.169986104678091055e-01
2.158406669754515950e-01
2.190829087540528131e-01
2.088930060213060602e-01
2.190829087540528131e-01
2.223251505326538646e-01
2.190829087540528131e-01
2.158406669754515950e-01
2.174617878647522040e-01
2.292728114867993994e-01
2.190829087540528131e-01
2.088930060213060602e-01
2.156090782769799763e-01
2.088930060213060602e-01
2.102999073645205053e-01
2.088930060213060602e-01
2.153774895785084964e-01
2.088930060213060602e-01
2.174617878647522040e-01
2.088930060213060602e-01
2.153774895785084964e-01
2.088930060213060602e-01
2.073124131542373461e-01
2.088930060213060602e-01
2.139879573876793672e-01
2.088930060213060602e-01
2.088930060213060602e-01
2.088930060213060602e-01
2.088930060213060602e-01
2.088930060213060602e-01
2.088930060213060602e-01
2.088930060213060602e-01
2.068087077350623526e-01
2.088930060213060602e-01
2.088930060213060602e-01
2.088930060213060602e-01
2.088930060213060602e-01
2.088930060213060602e-01
2.072718851320054512e-01
2.088930060213060602e-01
2.068087077350623526e-01
2.056507642427048421e-01
2.051875868457617436e-01
2.088930060213060602e-01
2.051875868457617436e-01
2.047244094488188115e-01
2.051875868457617436e-01
2.088930060213060602e-01
2.051875868457617436e-01
2.047244094488188115e-01
2.036069939786930294e-01
2.014821676702175934e-01
2.051875868457617436e-01
2.014821676702175934e-01
2.051875868457617436e-01
2.014821676702175934e-01
2.031032885595182025e-01
2.047244094488188115e-01
2.035664659564611345e-01
2.014821676702175934e-01
2.014821676702175934e-01
2.014821676702175934e-01
2.035664659564611345e-01
2.014821676702175934e-01
2.014821676702175934e-01
2.014821676702175934e-01
2.014821676702175934e-01
2.014821676702175934e-01
2.031032885595182025e-01
2.014821676702175934e-01
2.014821676702175934e-01
2.014821676702175934e-01
1.938397406206576468e-01
2.014821676702175934e-01
2.031032885595182025e-01
2.014821676702175934e-01
2.014821676702175934e-01
2.014821676702175934e-01
1.959240389069011878e-01
2.014821676702175934e-01
1.938397406206576468e-01
2.014821676702175934e-01
2.014821676702175934e-01
2.014821676702175934e-01
1.928496989346895063e-01
2.014821676702175934e-01
1.917554423344139392e-01
2.014821676702175934e-01
1.872626215840665076e-01
2.014821676702175934e-01
1.871236683649837584e-01
2.014821676702175934e-01
1.855025474756829829e-01
2.014821676702175934e-01
1.938397406206576468e-01
2.014821676702175934e-01
1.938397406206576468e-01
2.014821676702175934e-01
1.834182491894394418e-01
2.014821676702175934e-01
1.834182491894394418e-01
1.806391848077813223e-01
1.910606762389993607e-01
2.014821676702175934e-01
1.852072718851295596e-01
1.806391848077813223e-01
1.834182491894394418e-01
1.806391848077813223e-01
1.750810560444649167e-01
1.653543307086614289e-01
1.834182491894394418e-01
1.653543307086614289e-01
1.757758221398794951e-01
1.806391848077813223e-01
1.679018063918480685e-01
1.653543307086614289e-01
1.729967577582213756e-01
1.653543307086614289e-01
1.834182491894394418e-01
1.653543307086614289e-01
1.834182491894394418e-01
1.653543307086614289e-01
1.757758221398794951e-01
1.653543307086614289e-01
1.653543307086614289e-01
1.653543307086614289e-01
1.653543307086614289e-01
1.653543307086614289e-01
1.757758221398794951e-01
1.653543307086614289e-01
1.757758221398794951e-01
1.653543307086614289e-01
1.653543307086614289e-01
1.653543307086614289e-01
1.653543307086614289e-01
1.653543307086614289e-01
1.653543307086614289e-01
1.653543307086614289e-01
1.653543307086614289e-01
1.653543307086614289e-01
1.653543307086614289e-01
1.653543307086614289e-01
1.653543307086614289e-01
1.653543307086614289e-01
1.653543307086614289e-01
1.653543307086614289e-01
1.653543307086614289e-01
1.653543307086614289e-01
1.653543307086614289e-01
1.653543307086614289e-01
1.653543307086614289e-01
1.653543307086614289e-01
1.653543307086614289e-01
1.653543307086614289e-01
1.653543307086614289e-01
1.653543307086614289e-01
1.574803149606300301e-01
1.653543307086614289e-01
1.611857341361741802e-01
1.653543307086614289e-01
1.653543307086614289e-01
1.653543307086614289e-01
1.535433070866142335e-01
1.653543307086614289e-01
