1.073209015510556030e+00
9.854628931495045263e-01
9.407235566566135576e-01
9.373772080999570600e-01
9.237125700129253936e-01
8.435806225764757027e-01
8.510703899181391030e-01
8.008194205084013806e-01
7.878918031021111545e-01
7.484637548470486346e-01
7.053363313227055675e-01
6.990669431279620261e-01
6.790930633347693757e-01
6.817912537699268860e-01
6.615909090909091184e-01
6.494792115467469262e-01
6.430862236105125973e-01
6.169442050840153735e-01
6.167600172339509079e-01
5.968313765618266098e-01
5.929548147350280907e-01
6.023804394657474859e-01
5.824728026712624462e-01
5.720271434726411641e-01
5.643518418785007373e-01
5.573572813442482232e-01
5.557949159844894904e-01
5.521900581645842188e-01
5.483950883239983032e-01
5.404782421370100121e-01
5.343165661352864415e-01
5.326906505816458859e-01
5.349849202929772840e-01
5.337685803532963291e-01
5.383239982766048204e-01
5.161245152951312587e-01
5.134101680310209082e-01
5.036681387333045157e-01
5.064627315812150199e-01
4.974151766479970038e-01
4.922810749676864162e-01
4.941835415769065820e-01
4.836530590262817508e-01
4.829400043084878247e-01
4.733940112020679214e-01
4.792648642826369265e-01
4.785114174924601782e-01
4.751077121930201708e-01
4.705838000861699011e-01
4.608762386902182095e-01
4.578522188711763863e-01
4.471671693235675926e-01
4.552170400689357632e-01
4.381621607065905866e-01
4.351572598018096372e-01
4.345433003015943818e-01
4.331645842309350680e-01
4.301718009478679994e-01
4.258401551055581158e-01
4.103317535545029093e-01
4.087139164153383852e-01
4.152305040930633351e-01
4.069366652305042020e-01
4.072813442481690305e-01
4.147767664799658638e-01
4.049870745368376324e-01
3.959217470917706927e-01
4.038022404136148436e-01
3.990866006031882351e-01
3.981581214993538120e-01
3.862020680741057865e-01
3.853403705299440762e-01
3.868052563550195000e-01
3.864498061180526856e-01
3.881301163291688838e-01
3.836816027574321830e-01
3.819514756570441261e-01
3.817780590262821461e-01
3.781236535975872615e-01
3.791175678586816700e-01
3.702148858250752794e-01
3.775312365359758116e-01
3.769603619129686667e-01
3.797177940542869612e-01
3.716070659198622006e-01
3.735243429556224792e-01
3.692373976734165675e-01
3.659198621283929476e-01
3.511867190866007626e-01
3.548578199052139226e-01
3.742998707453678020e-01
3.520573028866867404e-01
3.443774235243428627e-01
3.422045993106413442e-01
3.470594571305473108e-01
3.364218009478672222e-01
3.538345540715207571e-01
3.368914261094355100e-01
3.221887117621717866e-01
3.288264756570446479e-01
3.275277358897028535e-01
3.276604911675999876e-01
3.073327768203354404e-01
3.126130978026715468e-01
3.199065596725551019e-01
3.182249030590261207e-01
3.210361912968551223e-01
3.193246445497632813e-01
3.075398535114175491e-01
3.084877208099955914e-01
3.079707022834986541e-01
3.088108573890567810e-01
3.151012494614390258e-01
2.985585415769066442e-01
2.932968009478659210e-01
3.035006462731578147e-01
2.949159844894440052e-01
3.054502369668245509e-01
2.961115898319688355e-01
2.929987074536837821e-01
2.898211977595863686e-01
3.056333476949591454e-01
2.870960792761740876e-01
2.957022834984919246e-01
2.933541576906505965e-01
2.927725118483412436e-01
2.880762602326583655e-01
2.871391641533823091e-01
2.870853080568721016e-01
2.832292115467471283e-01
2.856635071090048439e-01
2.806441189142614423e-01
2.843601895734598206e-01
2.856204222317966779e-01
2.840155105557950477e-01
2.850064627315813115e-01
2.843601895734598206e-01
2.783175355450239197e-01
2.811719086600603656e-01
2.843601895734598206e-01
2.828091339939677873e-01
2.829599310641965904e-01
2.740198190435157999e-01
2.755277897457994452e-01
2.799655320982337159e-01
2.742137009909522138e-01
2.843601895734598206e-01
2.832399827660491698e-01
2.690009694097355575e-01
2.702175786299010340e-01
2.749353726841878842e-01
2.734274019819046830e-01
2.761094355881087425e-01
2.672985781990520060e-01
2.628608358466179018e-01
2.697064842740192203e-01
2.636255924170616272e-01
2.653059026281776034e-01
2.638194743644979856e-01
2.647878069797489631e-01
2.640903705299439963e-01
2.663722533390781022e-01
2.636600603188281600e-01
2.685386148211976742e-01
2.644657475226195320e-01
2.622606096510127771e-01
2.636255924170616272e-01
2.636255924170616272e-01
2.490629039207235274e-01
2.621607065919862034e-01
2.628931495045239153e-01
2.590478242137009279e-01
2.564627315812148534e-01
2.494829814735030349e-01
2.483412322274874129e-01
2.590478242137009279e-01
2.329922447221006720e-01
2.629187311503662916e-01
2.571090047393363998e-01
2.494288560965100265e-01
2.458961654459286550e-01
2.377746660922016309e-01
2.389996230073232752e-01
2.590478242137009279e-01
2.538630978026700236e-01
2.507755277897455448e-01
2.452606635071087615e-01
2.397457992244720060e-01
2.342309349418354170e-01
2.580461008186126781e-01
2.570120637656185814e-01
2.450990952175774173e-01
2.466393795777676035e-01
2.394980611805254400e-01
2.329383886255921854e-01
2.287591555364066609e-01
2.245799224472209421e-01
2.478888410168032519e-01
2.414799655320983840e-01
2.381624299870739869e-01
2.351680310211113345e-01
2.296423955191723709e-01
2.255924170616110391e-01
2.177832830676431353e-01
2.185695820766910547e-01
2.299655320982337270e-01
2.350280051701853223e-01
2.245045239121059855e-01
2.189896596294694242e-01
2.169000430848772309e-01
2.182356742783282955e-01
2.318504954760875203e-01
2.222549547608775322e-01
2.305364067212408441e-01
2.162322274881515183e-01
2.165661352865144718e-01
2.179017664799655363e-01
2.192373976734165730e-01
2.162322274881515183e-01
2.162322274881515183e-01
2.216178371391640811e-01
2.162322274881515183e-01
2.142072382593709634e-01
2.183541576906504744e-01
2.162322274881515183e-01
2.162322274881515183e-01
2.162322274881515183e-01
2.161999138302455326e-01
2.147134855665659148e-01
2.162322274881515183e-01
2.162322274881515183e-01
2.162322274881515183e-01
2.154243860404998212e-01
2.161676001723393248e-01
2.145519172770353200e-01
2.105773373545883898e-01
2.162322274881515183e-01
2.044700560103402953e-01
2.154243860404998212e-01
2.161352865144333391e-01
2.153920723825932249e-01
2.120314519603614389e-01
2.081538130116326601e-01
2.049224472210252335e-01
2.127208099956911513e-01
2.161029728565273256e-01
2.162322274881515183e-01
2.121930202498923945e-01
2.089616544592843850e-01
2.057302886686769583e-01
2.024989228780695316e-01
2.055148642826363781e-01
2.154243860404998212e-01
2.137117621714776095e-01
2.095489551917277260e-01
2.061826798793624793e-01
2.028220594571308599e-01
2.073782852218860051e-01
1.988582507539845556e-01
2.073982119775934219e-01
2.105773373545883898e-01
2.070228349849201899e-01
2.036622145626885705e-01
1.997522619560534174e-01
1.969409737182251374e-01
1.944205084015512286e-01
2.083692373976728518e-01
1.944205084015512286e-01
2.045023696682462810e-01
2.003985351141747695e-01
1.977811288237828480e-01
1.944205084015512286e-01
1.945497630331754213e-01
2.087031451960358053e-01
1.964013356311928860e-01
2.005277897457989622e-01
1.978134424816888615e-01
1.950990952175785664e-01
1.944205084015512286e-01
1.946270465316646270e-01
1.977980934941814817e-01
1.928048255062474181e-01
1.984920292977161993e-01
1.957776820336060986e-01
1.944205084015512286e-01
1.915445928479103943e-01
1.944205084015512286e-01
1.926432572167170454e-01
1.919862128392933465e-01
1.964562688496339915e-01
1.944205084015512286e-01
1.944205084015512286e-01
1.918354157690651540e-01
1.903813011632917163e-01
1.931279620853081913e-01
1.903813011632917163e-01
1.903813011632917163e-01
1.944205084015512286e-01
1.916738474795347535e-01
1.963916415338210486e-01
1.905428694528222833e-01
1.903813011632917163e-01
1.903813011632917163e-01
1.891533821628608447e-01
1.875161568289528680e-01
1.921585523481258995e-01
1.903813011632917163e-01
1.903813011632917163e-01
1.903813011632917163e-01
1.895626884963380054e-01
1.879254631624300009e-01
1.903813011632917163e-01
1.926432572167170454e-01
1.884963377854375344e-01
1.903813011632917163e-01
1.899719948298145833e-01
1.903813011632917163e-01
1.903813011632917163e-01
1.829599310641967513e-01
1.903813011632917163e-01
1.903813011632917163e-01
1.903813011632917163e-01
1.880978026712619988e-01
1.858143041792332251e-01
1.903813011632917163e-01
1.903813011632917163e-01
1.890348987505386658e-01
1.901120206807413449e-01
1.886686772942697266e-01
1.903813011632917163e-01
1.841016803102112354e-01
1.842336277466575800e-01
1.845756139595005618e-01
1.898427401981905849e-01
1.892395519172772322e-01
1.869560534252477091e-01
1.846725549332179916e-01
1.823890564411890514e-01
1.782205945713053463e-01
1.895734597156397971e-01
1.894113528651435729e-01
1.875269280482552425e-01
1.852434295562255251e-01
1.829599310641960019e-01
1.882270573028867744e-01
1.797802671262390128e-01
1.761094355881085705e-01
1.880978026712619988e-01
1.858143041792332251e-01
1.819689788884100989e-01
1.788237828522190598e-01
1.890348987505386658e-01
1.901120206807413449e-01
1.886686772942697266e-01
1.723933649289103864e-01
1.866113744075829639e-01
1.815489013356311465e-01
1.779190004308487671e-01
1.705191727703574411e-01
1.761094355881085705e-01
1.803532959931062885e-01
1.765402843601889538e-01
1.816889271865575195e-01
1.733735458853939149e-01
1.743644980611803730e-01
1.761094355881085705e-01
1.715316673847478990e-01
1.718009478672986590e-01
1.797285652735887695e-01
1.739444205084014206e-01
1.716609220163717031e-01
1.695457238259369392e-01
1.704545454545456085e-01
1.779620853080569609e-01
1.718871176217142971e-01
1.745152951314091483e-01
1.722317966393794308e-01
1.699482981473497134e-01
1.701852649719948485e-01
1.712623869021975276e-01
1.723395088323998181e-01
1.734166307626024695e-01
1.728026712623869643e-01
1.705191727703574411e-01
1.699159844894440885e-01
1.693774235243429571e-01
1.693774235243429571e-01
1.693774235243429571e-01
1.733735458853939149e-01
1.710900473933649468e-01
1.696467040068937171e-01
1.707238259370960076e-01
1.718009478672986590e-01
1.709069366652296029e-01
1.693774235243429571e-01
