2.194108696583943807e+00
2.065347606189189555e+00
1.991466289486091057e+00
1.837832711842611655e+00
1.646396425356821291e+00
1.596987913077021481e+00
1.486048604860485733e+00
1.460561056105610378e+00
1.411351849470659614e+00
1.374737473747374761e+00
1.343748660580343923e+00
1.298304830483047789e+00
1.247252582401097154e+00
1.213195962453388121e+00
1.233937679482233873e+00
1.177215935879301956e+00
1.134600960096008970e+00
1.142771419999142779e+00
1.089646821825039691e+00
1.092889288928893032e+00
1.077259868844027357e+00
1.076893403626076884e+00
1.020630277313445466e+00
1.030131584587030025e+00
9.981569585529982414e-01
9.756118468989757320e-01
9.911812609832407750e-01
1.001628734302001611e+00
9.687218721872185023e-01
9.217811066820954524e-01
9.265880159444511710e-01
9.260211735459259463e-01
9.271784321289272546e-01
9.279070764219278233e-01
9.012108353692512841e-01
8.899747117568900245e-01
8.765162230508765084e-01
8.770734216278770479e-01
8.790879087908791689e-01
8.707727915648708628e-01
8.681153829668680766e-01
8.568428271398561558e-01
8.152243795808152838e-01
8.259825982598260063e-01
8.138345977454883862e-01
8.414405726286908749e-01
8.368694012258369730e-01
7.902361664737901359e-01
7.829925849727816800e-01
7.706056319917707897e-01
7.672195791007673238e-01
7.447173288757447107e-01
7.342162787707342542e-01
7.560756075607558691e-01
7.262869144057262361e-01
7.146757532896145237e-01
7.230776649093481057e-01
7.093137885217094540e-01
7.165359393082162409e-01
6.983412626976983617e-01
7.050737216578800703e-01
6.787107282156786825e-01
6.938022373665938547e-01
6.852706699241352117e-01
6.825682568256825622e-01
6.829968711156829686e-01
6.671381423856671544e-01
6.660666066606661939e-01
6.678667866786679452e-01
6.536357207149268156e-01
6.573228751446573703e-01
6.547083279756547025e-01
6.550512194076550943e-01
6.357635763576359178e-01
6.162187647336162533e-01
6.144614461446146203e-01
6.167759633106167927e-01
6.453848956324202968e-01
6.034889203206034169e-01
6.068749732116068829e-01
5.931282413955678567e-01
6.094895203806094397e-01
5.712335519266211747e-01
5.778149243495779297e-01
5.580558055805581175e-01
5.688365265097936607e-01
5.569842698555571570e-01
5.632848999185634531e-01
5.700570057005700519e-01
5.680200162873416669e-01
5.525695426685526268e-01
5.492692126355492865e-01
5.472975869015473949e-01
5.416398782735416528e-01
5.507693626505508755e-01
5.241266983841238458e-01
5.507693626505508755e-01
5.343105739145342925e-01
5.358107239295357704e-01
5.377823496635378842e-01
5.243667223865243754e-01
5.124083836955124482e-01
5.070935664995069869e-01
5.145610989670393876e-01
5.270669924135270579e-01
5.049504950495049549e-01
5.096223908105096401e-01
5.127341305559123263e-01
5.077364879345078741e-01
5.019073335905018807e-01
4.941922763704942323e-01
5.036217907505035063e-01
5.053791093395053613e-01
4.894164416441645904e-01
5.020359178775020137e-01
5.001500150015001367e-01
4.905490549054905003e-01
4.891346277484894256e-01
4.754950495049504733e-01
4.720329175774718999e-01
4.665037932364664575e-01
4.982641121254983152e-01
4.934636320774933860e-01
4.812909862414814222e-01
4.715185804294714789e-01
4.701470147014700784e-01
4.682611118254680904e-01
4.550597916934550069e-01
4.915873730230163607e-01
4.804176846256051903e-01
4.727615618704726907e-01
4.701898761304700858e-01
4.605889160344606714e-01
4.535596416784535845e-01
4.503878959324503772e-01
4.478162101924478833e-01
4.734044833054734114e-01
4.651750889374652309e-01
4.538596716814538579e-01
4.504307573614506066e-01
4.495735287814496273e-01
4.451159401654452008e-01
4.488448844884488365e-01
4.479876559084480792e-01
4.457588616004458659e-01
4.457588616004458659e-01
4.457588616004458659e-01
4.445587415884446059e-01
4.433586215764434568e-01
4.401011529724401794e-01
4.457588616004458659e-01
4.457588616004458659e-01
4.457588616004458659e-01
4.402297372594403124e-01
4.436586515794438412e-01
4.339719686254340791e-01
4.386867258154387161e-01
4.368201105824868202e-01
4.387724486734387863e-01
4.405297672624405858e-01
4.339719686254340791e-01
4.410441044104411179e-01
4.391582015344392409e-01
4.296343920106284187e-01
4.307573614504308090e-01
4.339719686254340791e-01
4.339719686254340791e-01
4.339719686254340791e-01
4.339719686254340791e-01
4.253996828254255624e-01
4.296858257254296820e-01
4.339719686254340791e-01
4.339719686254340791e-01
4.339719686254340791e-01
4.139128198534139380e-01
4.200848656294201566e-01
4.286142900004288325e-01
4.288253825382534745e-01
4.293429342934293458e-01
4.061977626334062896e-01
4.123698084094123417e-01
4.043975826154044828e-01
4.162273370194163880e-01
4.290664780763782105e-01
4.308859457374309421e-01
4.007543611504006953e-01
4.024688183104025985e-01
4.169988427414170751e-01
3.887960224593888792e-01
4.222097209720966360e-01
3.953966825253954487e-01
3.953966825253952821e-01
4.029402940294029012e-01
3.784235566413784446e-01
4.103124598174103244e-01
4.195705284814195135e-01
3.953966825253953377e-01
3.960824653893960656e-01
3.953966825253953377e-01
3.770091294843770924e-01
3.768805451973769594e-01
3.669581243838662132e-01
3.939822553683939854e-01
3.953966825253953377e-01
3.845956024173844967e-01
3.784235566413785556e-01
3.722515108653721705e-01
3.660794650893661184e-01
3.599074193133598443e-01
3.911105396253911626e-01
3.649222065063649212e-01
3.741802751703741658e-01
3.737945223093736558e-01
3.577214864343578049e-01
3.572071492863572728e-01
3.568213964253568182e-01
3.568213964253568182e-01
3.471893617933220488e-01
3.583644078693584145e-01
3.515815867301012587e-01
3.547640478333548009e-01
3.568213964253568182e-01
3.271184261283272554e-01
3.451202263083452126e-01
3.384338433843386840e-01
3.483776949123482680e-01
3.465346534653467314e-01
3.230037289443230542e-01
3.257039989713255146e-01
3.313617075993313121e-01
3.520209163773520000e-01
3.218089666109418268e-01
3.214607175003214579e-01
3.245467403883244839e-01
3.243667223865230320e-01
3.299472804423299599e-01
3.356049890703355909e-01
3.341905619133342387e-01
3.313188461703311938e-01
3.241609875273241403e-01
3.222750846513222633e-01
3.203891817753206084e-01
3.214607175003214579e-01
3.217275298958429119e-01
3.214607175003214579e-01
3.214607175003214579e-01
3.214607175003214579e-01
3.247181861043247353e-01
3.166602374523166397e-01
3.214607175003214579e-01
3.214607175003214579e-01
3.182461103253182988e-01
3.214607175003214579e-01
3.196605374823196510e-01
3.172602974583171309e-01
3.124598174103123127e-01
3.203891817753206084e-01
3.176031888903176337e-01
3.201748746303201276e-01
3.202605974883201978e-01
3.178603574643178997e-01
3.058162959153059024e-01
3.130598774163130260e-01
3.064292143500061960e-01
3.109596673953108903e-01
3.068449702113068556e-01
3.126741245553127935e-01
3.058045090223304174e-01
3.059448802023059244e-01
3.163173460203163034e-01
3.062877716343062606e-01
3.053876816253053295e-01
3.112168359693113229e-01
2.968153958252967572e-01
3.059020187733058060e-01
3.060734644893059464e-01
3.011229694398005474e-01
3.053876816253053295e-01
3.055162659123053515e-01
2.978869315502978288e-01
3.058591573443056877e-01
2.963867815352961843e-01
2.939865415112938862e-01
2.946723243752945032e-01
3.032446101753032419e-01
3.056448501993055955e-01
2.903861814752902726e-01
2.969868415412969531e-01
2.950580772362951243e-01
2.921863614932920794e-01
2.910291029102909377e-01
2.968153958252965907e-01
2.903861814752902726e-01
2.903861814752902726e-01
2.951866615232951463e-01
2.864429300072863782e-01
2.903861814752902726e-01
2.903861814752902726e-01
2.903861814752902726e-01
2.774848913462777400e-01
2.761133256182761730e-01
2.933864815052931729e-01
2.894003686082893267e-01
2.903861814752902726e-01
2.903861814752902726e-01
2.752560970382750272e-01
2.890735502121616896e-01
2.903861814752902726e-01
2.915863014872915326e-01
2.903861814752902726e-01
2.641121254982641275e-01
2.667588187390144139e-01
2.819424799622821110e-01
2.834854914062834852e-01
2.856285628562855727e-01
2.892717843212891382e-01
2.903861814752902726e-01
2.903861814752902726e-01
2.713557069992714732e-01
2.776991984912776656e-01
2.903861814752902726e-01
2.903861814752902726e-01
2.596545368822598121e-01
2.634263426342633441e-01
2.697698341262699251e-01
2.761133256182761730e-01
2.824568171102825875e-01
2.888003086022887800e-01
2.903861814752902726e-01
2.618404697612618515e-01
2.681839612532680439e-01
2.745274527452744584e-01
2.759847413312757625e-01
2.872144357292872874e-01
2.903861814752902726e-01
2.602545968882603589e-01
2.665980883802665513e-01
2.507393596502507371e-01
2.737270155586964404e-01
2.856285628562855727e-01
2.512108353692510399e-01
2.530967382452531389e-01
2.645836012172644858e-01
2.640692640692640092e-01
2.776991984912776656e-01
2.507393596502507371e-01
2.903861814752902726e-01
2.526252625262526141e-01
2.634263426342633441e-01
2.507393596502507371e-01
2.687840212592688127e-01
2.507393596502507371e-01
2.507393596502507371e-01
2.521537868072520894e-01
2.429385795722428243e-01
2.469782692554971792e-01
2.745274527452744584e-01
2.507393596502507371e-01
2.507393596502507371e-01
2.512536967982512137e-01
2.440529767262440142e-01
2.395953881102396710e-01
2.507393596502507371e-01
2.306802108782307903e-01
2.507393596502507371e-01
2.512108353692510399e-01
2.451673738802450098e-01
2.407097852642406666e-01
2.362521966482361291e-01
2.317946080322317859e-01
2.297372594402295742e-01
2.235759290214729134e-01
2.462817710342461996e-01
2.418241824182418565e-01
2.373665938022373190e-01
2.329090051862329480e-01
2.507393596502507371e-01
2.499249924992499039e-01
2.473961681882471952e-01
2.429385795722428243e-01
2.384809909562384811e-01
2.258797308302259443e-01
2.246796108182246843e-01
2.491106253482490984e-01
2.480819510522481730e-01
2.427671338562426839e-01
2.395953881102396710e-01
2.322125069649821627e-01
2.306802108782307903e-01
2.238405983455478698e-01
2.494106553512494551e-01
2.228794308002229052e-01
2.407097852642406666e-01
2.362521966482361291e-01
2.252796708242252310e-01
