1.588356517259144729e+00
1.394178258629572120e+00
1.369912416280268053e+00
1.241943585780525217e+00
1.283874291602266959e+00
1.149413961875321855e+00
1.173106646058732716e+00
1.066988665636269928e+00
1.054611025244719169e+00
1.010059247810406902e+00
9.819680577022155132e-01
9.278915507470374413e-01
8.892323544564658677e-01
8.452022153529108461e-01
8.268933539412676170e-01
8.119783616692424211e-01
8.086295723853641482e-01
7.720311695002575192e-01
7.640391550747037686e-01
7.527241112828437775e-01
7.228232869654818149e-01
7.259144770736734031e-01
7.552807831014940465e-01
7.132921174652240293e-01
7.058217413704275245e-01
6.893353941267387208e-01
7.006697578567748774e-01
6.700218959299329979e-01
6.805770221535291098e-01
6.474948480164844922e-01
6.424523441524987444e-01
6.267452344152498744e-01
6.177228232869653723e-01
6.146316331787738951e-01
6.048428645028335326e-01
5.963549716640906828e-01
6.007212776919114150e-01
5.741885625965997830e-01
6.002060793405462613e-01
5.759981968057702462e-01
5.605358062854198797e-01
5.566718186501803389e-01
5.533230293663061738e-01
5.533230293663059518e-01
5.497166409067492099e-01
5.358062854198867297e-01
5.218959299330241386e-01
5.337454920144256709e-01
5.218959299330241386e-01
5.185471406491499735e-01
5.131375579598145276e-01
5.139103554868625912e-01
5.131375579598145276e-01
5.136527563111797923e-01
5.090159711488924099e-01
5.000000000000000000e-01
4.909840288511076456e-01
4.938176197836166570e-01
4.822256568778980346e-01
4.907264296754249577e-01
4.873776403915506816e-01
4.860896445131374644e-01
4.786192684183411261e-01
4.793920659453890232e-01
4.786192684183411261e-01
4.696032972694486607e-01
4.786192684183411261e-01
4.678001030396701787e-01
4.611025244719217375e-01
4.678001030396701787e-01
4.611025244719217375e-01
4.636913961875320789e-01
4.570839773312709853e-01
4.536321483771252883e-01
4.611025244719217375e-01
4.549201442555384500e-01
4.518289541473466953e-01
4.500257599175682133e-01
4.518289541473466953e-01
4.464193714580113048e-01
4.518289541473466953e-01
4.464193714580113048e-01
4.518289541473466953e-01
4.482547655847500812e-01
4.446161772282328228e-01
4.430705821741371397e-01
4.410097887686758589e-01
4.386913961875320567e-01
4.410097887686758589e-01
4.332818134981968328e-01
4.286450283359092284e-01
4.333204533745486642e-01
4.410097887686758589e-01
4.330242143225142004e-01
4.410097887686758589e-01
4.235381246780002829e-01
4.255538382277176401e-01
4.113858835651723611e-01
4.255538382277176401e-01
4.098402885110766780e-01
4.255538382277176401e-01
4.100978876867593659e-01
4.255538382277176401e-01
4.111282843894897843e-01
4.255538382277176401e-01
3.998196805770216078e-01
4.250386398763523754e-01
3.913317877382786469e-01
3.941267387944357714e-01
4.003284389489952244e-01
3.941267387944357714e-01
4.049459041731066078e-01
3.750643997939205332e-01
3.910355486862441277e-01
3.941267387944357714e-01
3.784131890777949758e-01
3.941267387944357714e-01
3.755795981452859644e-01
3.750643997939205332e-01
3.784131890777949758e-01
3.750643997939205332e-01
3.717284904688304414e-01
3.626996393611540137e-01
3.727460072127769530e-01
3.626996393611540137e-01
3.626996393611540137e-01
3.626996393611540137e-01
3.616692426584234843e-01
3.626996393611540137e-01
3.598660484286450023e-01
3.626996393611540137e-01
3.541988665636269795e-01
3.626996393611540137e-01
3.570324574961359909e-01
3.570324574961359909e-01
3.513652756311179681e-01
3.570324574961359909e-01
3.541988665636269795e-01
3.513652756311179681e-01
3.541988665636269795e-01
3.513652756311179681e-01
3.513652756311179681e-01
3.513652756311179681e-01
3.433797011849561431e-01
3.513652756311179681e-01
3.456980937660998343e-01
3.513652756311179681e-01
3.428645028335908229e-01
3.513652756311179681e-01
3.456980937660998343e-01
3.431221020092735663e-01
3.387429160226687053e-01
3.431221020092735663e-01
3.387557959814527231e-01
3.343637300360637887e-01
3.405461102524471872e-01
3.343637300360637887e-01
3.364245234415250696e-01
3.431221020092735663e-01
3.364245234415250696e-01
3.343637300360637887e-01
3.364245234415250696e-01
3.343637300360637887e-01
3.214837712519321156e-01
3.343637300360637887e-01
3.238021638330757512e-01
3.343637300360637887e-01
3.217413704276146924e-01
3.343637300360637887e-01
3.173621844410097759e-01
3.049974240082430899e-01
3.173621844410097759e-01
3.297269448737763509e-01
3.173621844410097759e-01
3.003606388459555965e-01
3.150437918598659737e-01
3.003606388459555965e-01
3.153013910355487170e-01
3.049974240082430899e-01
3.150437918598659737e-01
3.003606388459555965e-01
3.003606388459555965e-01
3.003606388459555965e-01
3.129829984544049148e-01
3.003606388459555965e-01
3.150437918598659737e-01
3.003606388459555965e-01
3.003606388459555965e-01
3.003606388459555965e-01
3.057702215352910424e-01
3.003606388459555965e-01
2.980422462648119608e-01
3.003606388459555965e-01
2.977846470891293840e-01
3.003606388459555965e-01
2.980422462648119608e-01
3.003606388459555965e-01
2.931478619268418906e-01
2.963420917053065096e-01
2.957238536836683251e-01
3.003606388459555965e-01
2.982998454404945377e-01
2.962390520350334788e-01
2.946934569809375737e-01
2.962390520350334788e-01
2.957238536836683251e-01
2.962390520350334788e-01
2.946934569809375737e-01
2.962390520350334788e-01
2.900566718186503024e-01
2.910870685213808318e-01
2.931478619268418906e-01
2.910870685213808318e-01
2.921174652241111946e-01
2.910870685213808318e-01
2.910870685213808318e-01
2.910870685213808318e-01
2.936630602782072663e-01
2.910870685213808318e-01
2.910870685213808318e-01
2.910870685213808318e-01
2.885110767645542307e-01
2.910870685213808318e-01
2.910870685213808318e-01
2.910870685213808318e-01
2.874806800618238678e-01
2.910870685213808318e-01
2.864502833590931719e-01
2.910870685213808318e-01
2.864502833590931719e-01
2.910870685213808318e-01
2.864502833590931719e-01
2.910870685213808318e-01
2.864502833590931719e-01
2.910870685213808318e-01
2.864502833590931719e-01
2.838742916022669593e-01
2.828438948995362634e-01
2.910870685213808318e-01
2.828438948995362634e-01
2.818134981968057340e-01
2.864502833590931719e-01
2.818134981968057340e-01
2.828438948995362634e-01
2.818134981968057340e-01
2.864502833590931719e-01
2.818134981968057340e-01
2.818134981968057340e-01
2.818134981968057340e-01
2.818134981968057340e-01
2.818134981968057340e-01
2.818134981968057340e-01
2.818134981968057340e-01
2.818134981968057340e-01
2.818134981968057340e-01
2.818134981968057340e-01
2.818134981968057340e-01
2.767130345182894913e-01
2.818134981968057340e-01
2.818134981968057340e-01
2.818134981968057340e-01
2.671303451828953568e-01
2.818134981968057340e-01
2.671303451828953568e-01
2.818134981968057340e-01
2.609479649665120138e-01
2.818134981968057340e-01
2.671303451828951903e-01
2.818134981968057340e-01
2.645543534260689222e-01
2.818134981968057340e-01
2.756311179804223355e-01
2.531813498196697210e-01
2.609479649665120138e-01
2.818134981968057340e-01
2.609479649665120138e-01
2.818134981968057340e-01
2.609479649665120138e-01
2.524471921689849796e-01
2.655847501287996182e-01
2.694487377640391590e-01
2.609479649665120138e-01
2.400824317362184601e-01
2.609479649665120138e-01
2.400824317362184601e-01
2.609479649665120138e-01
2.400824317362184601e-01
2.462648119526016366e-01
2.400824317362184601e-01
2.609479649665120138e-01
2.400824317362184601e-01
2.402369912416278674e-01
2.400824317362184601e-01
2.547655847501288373e-01
2.400824317362184601e-01
2.357032457496137379e-01
2.400824317362184601e-01
2.400824317362184601e-01
2.400824317362184601e-01
2.400824317362184601e-01
2.400824317362184601e-01
2.400824317362184601e-01
2.400824317362184601e-01
2.400824317362184601e-01
2.400824317362184601e-01
2.400824317362184601e-01
2.400824317362184601e-01
2.400824317362184601e-01
2.400824317362184601e-01
2.375064399793920256e-01
2.400824317362184601e-01
2.400824317362184601e-01
2.400824317362184601e-01
2.400824317362184601e-01
2.400824317362184601e-01
2.375064399793920256e-01
2.400824317362184601e-01
2.375064399793920256e-01
2.400824317362184601e-01
2.313240597630086826e-01
2.019577537351881225e-01
2.326249356002061675e-01
2.400824317362184601e-01
2.239180834621318783e-01
2.400824317362184601e-01
2.122617207624934166e-01
2.400824317362184601e-01
2.184441009788767873e-01
2.400824317362184601e-01
2.122617207624934166e-01
2.400824317362184601e-01
2.122617207624934166e-01
2.400824317362184601e-01
2.122617207624934166e-01
2.019577537351881225e-01
2.184441009788767873e-01
2.019577537351881225e-01
2.122617207624934166e-01
1.844410097887687616e-01
2.122617207624934166e-01
2.400824317362184601e-01
2.122617207624934166e-01
2.019577537351881225e-01
2.122617207624934166e-01
2.225656877897990993e-01
2.004765584750119456e-01
1.844410097887687616e-01
2.122617207624934166e-01
1.844410097887687616e-01
1.916537867078826618e-01
1.844410097887687616e-01
1.844410097887687616e-01
1.844410097887687616e-01
2.024729520865533039e-01
1.844410097887687616e-01
2.122617207624934166e-01
1.844410097887687616e-01
2.029881504379184853e-01
1.844410097887687616e-01
1.844410097887687616e-01
1.844410097887687616e-01
1.844410097887687616e-01
1.844410097887687616e-01
1.844410097887687616e-01
1.844410097887687616e-01
1.844410097887687616e-01
1.844410097887687616e-01
1.844410097887687616e-01
1.844410097887687616e-01
1.844410097887687616e-01
1.844410097887687616e-01
1.839258114374034137e-01
1.844410097887687616e-01
1.844410097887687616e-01
1.844410097887687616e-01
1.844410097887687616e-01
1.844410097887687616e-01
1.844410097887687616e-01
1.844410097887687616e-01
1.844410097887687616e-01
1.844410097887687616e-01
1.844410097887687616e-01
1.844410097887687616e-01
1.839258114374034137e-01
1.844410097887687616e-01
1.839258114374034137e-01
1.844410097887687616e-01
1.751674394641938304e-01
1.844410097887687616e-01
1.746522411128284546e-01
1.844410097887687616e-01
1.839258114374034137e-01
1.844410097887687616e-01
1.839258114374034137e-01
1.844410097887687616e-01
