2.171877228540329607e+00
1.956813234245392552e+00
1.769913298052020689e+00
1.634601020906053970e+00
1.534358931051307495e+00
1.437606500769432305e+00
1.352517546822805228e+00
1.318845475359381680e+00
1.331837630897420910e+00
1.253090868145479098e+00
1.160609728634163007e+00
1.133186953421160492e+00
1.101300529219682023e+00
1.083217918402582081e+00
1.026359644184213549e+00
1.015320159141237522e+00
9.603085238148858505e-01
9.524452951994897276e-01
9.515463724055098771e-01
9.095156326239526301e-01
9.192283151296776200e-01
9.298877754006683594e-01
9.030599031640581531e-01
8.625492624704419464e-01
8.423957512292157279e-01
8.443118267462373927e-01
8.284399279360431523e-01
8.501679615658896960e-01
8.452980144878579072e-01
8.141162781968991347e-01
7.913523251886049881e-01
7.821941973501482792e-01
7.891753931614309270e-01
7.720226701197311359e-01
7.749164883834397388e-01
7.567578726119431609e-01
7.414705551176670184e-01
7.345268926171977242e-01
7.231693127650786757e-01
7.203017678189393980e-01
7.104014187591486396e-01
7.148219044401905586e-01
6.977817813309311612e-01
6.971437150471042621e-01
6.884500619299623869e-01
6.905453590061179092e-01
7.028112449799197581e-01
6.764140674848891921e-01
6.450850129489922313e-01
6.728596629508689642e-01
6.466989453139661004e-01
6.598356040986376181e-01
6.565702060578763044e-01
6.375408174755093915e-01
6.363397515294825224e-01
6.119430995008069418e-01
6.119853244754719368e-01
6.039860376083775462e-01
5.826202004278794311e-01
6.222947866231279823e-01
6.165221634200352963e-01
5.757609878767406819e-01
5.785009195661150461e-01
5.736591224711932169e-01
5.291446158465638039e-01
5.257290845625492981e-01
5.592463311188679009e-01
5.409891904064855206e-01
5.549300003753330213e-01
5.316218143602445823e-01
5.184100889539465795e-01
5.113913598318509113e-01
5.091393611830500321e-01
5.083136283451563653e-01
5.084637615884096684e-01
5.020080321285140812e-01
5.005301580152385910e-01
5.020080321285140812e-01
5.012573659122471215e-01
4.973539015876589642e-01
4.926247044251773066e-01
4.961903689524453376e-01
4.926247044251773066e-01
4.926247044251773066e-01
4.949705363510114031e-01
4.886461734789625533e-01
4.725443831400368278e-01
4.747213151672108888e-01
4.735953158428104492e-01
4.812389745899483540e-01
4.897449611530231839e-01
4.813647111811731327e-01
4.679662575535787350e-01
4.726194497616634238e-01
4.726194497616633683e-01
4.500431633074351567e-01
4.485230642194947825e-01
4.558420598280973346e-01
4.579439252336448551e-01
4.474721315167209945e-01
4.564425928011109912e-01
4.485230642194947825e-01
4.460833990166272467e-01
4.472844649626542823e-01
4.422550013136658520e-01
4.458957324625605900e-01
4.430807341515594633e-01
4.424914611717898349e-01
4.424051345569193772e-01
4.433810006380662916e-01
4.424802011785459732e-01
4.370754044214240075e-01
4.348140224449189573e-01
4.377134707052510731e-01
4.326089404346357137e-01
4.420673347595992508e-01
4.290057425965545512e-01
4.287054761100477229e-01
4.299065420560748696e-01
4.293060090830612685e-01
4.240513455691927169e-01
4.260030777314867123e-01
4.141425515144691039e-01
4.260030777314867123e-01
4.201478812446045596e-01
4.179512442292527830e-01
4.214990804338850650e-01
4.253650114476597022e-01
4.076492887437600521e-01
4.062774462335322356e-01
4.121908193521751085e-01
4.057350898922792992e-01
4.125661524603086994e-01
4.239012123259393583e-01
4.031828247569718693e-01
4.007806928649175759e-01
4.034830912434785866e-01
3.845663025935517898e-01
3.995861952482827051e-01
4.030326915137184551e-01
4.030326915137183996e-01
4.027324250272116268e-01
3.913222985399542053e-01
3.859175017828322951e-01
3.793116390796831272e-01
4.028825582704650965e-01
3.697031115114663979e-01
3.980782944863566764e-01
3.926734977292346551e-01
3.853169688098185275e-01
3.781105731336559805e-01
3.727057763765339593e-01
3.677138460383588270e-01
3.948879630672220142e-01
3.865931013774723812e-01
3.745449086063880051e-01
3.715797770521336862e-01
3.724055098900274086e-01
3.686521788086924434e-01
3.662500469166383721e-01
3.659497804301315993e-01
3.809631047554702943e-01
3.651991142138647506e-01
3.697819314641744293e-01
3.677513793491722360e-01
3.654243140787448163e-01
3.587903013924834128e-01
3.553325451338060215e-01
3.588935179972225220e-01
3.618211162406635983e-01
3.603948504297562194e-01
3.471831250234582722e-01
3.486844574559921361e-01
3.543895206996208747e-01
3.498855234020192828e-01
3.534511879292872583e-01
3.471831250234582722e-01
3.471831250234582722e-01
3.483091243478587118e-01
3.487595240776188432e-01
3.483410276620473311e-01
3.473051082835998393e-01
3.517959689224181563e-01
3.459069924558044740e-01
3.468077919153248478e-01
3.485343242127387775e-01
3.419284615095897761e-01
3.506737229290995406e-01
3.471831250234582722e-01
3.452689261719775193e-01
3.474083248883383379e-01
3.334834665765866180e-01
3.403520624554292051e-01
3.424539278609765591e-01
3.331456667792667692e-01
3.305934016439589507e-01
3.340464662387869765e-01
3.434297939421234735e-01
3.348346657658671233e-01
3.408775288068160436e-01
3.262770709004242931e-01
3.207221409000489132e-01
3.345343992793605170e-01
3.227114063731561511e-01
3.291296025222384958e-01
3.324700671846264055e-01
3.201591412378486656e-01
3.333708666441466684e-01
3.191457418458883422e-01
3.208722741433021053e-01
3.219232068460760599e-01
3.207221409000487466e-01
3.245505386030101969e-01
3.246340502195698696e-01
3.196712081972751252e-01
3.187328754269415088e-01
3.180948091431145541e-01
3.180948091431145541e-01
3.263896708328642426e-01
3.253387381300904546e-01
3.150921442780468262e-01
3.180948091431145541e-01
3.164433434673273315e-01
3.147918777915401090e-01
3.180948091431145541e-01
3.180948091431145541e-01
3.143414780617799775e-01
3.173441429268477054e-01
3.168562098862741649e-01
3.180948091431145541e-01
3.069098825207371428e-01
3.096498142101113960e-01
3.135908118455129623e-01
3.161430769808206143e-01
3.172690763052210539e-01
3.180948091431145541e-01
3.076417820815964821e-01
3.180948091431145541e-01
3.112637465750853760e-01
3.158428104943138415e-01
3.173066096160342964e-01
3.042074841421764653e-01
3.023683519123222530e-01
3.090868145479114815e-01
3.050707502908830970e-01
3.040198175881094755e-01
3.180948091431145541e-01
3.006793529257217323e-01
3.020305521150022376e-01
3.033817513042825764e-01
2.927222910332920591e-01
2.994126036857700512e-01
2.993281537364412270e-01
3.003415531284015505e-01
2.990654205607477523e-01
3.030439515069623946e-01
2.931351574522389480e-01
3.043951506962428999e-01
2.993281537364412270e-01
2.905078256953045890e-01
2.892316931276507908e-01
2.993281537364410605e-01
2.935480238711857814e-01
2.918965581953985589e-01
2.918214915737716852e-01
2.890064932627707250e-01
2.953871561010396607e-01
2.922343579927186852e-01
3.010171527230417476e-01
2.923094246143452257e-01
2.897571594790375737e-01
2.890064932627707250e-01
2.890064932627707250e-01
2.890064932627707250e-01
2.890064932627707250e-01
2.906954922493714122e-01
2.890581015651389474e-01
2.891941598168375482e-01
2.890064932627707250e-01
2.890064932627707250e-01
2.890064932627707250e-01
2.867544946139698459e-01
2.876552940734902197e-01
2.893818263709041494e-01
2.853282288030626335e-01
2.847276958300491434e-01
2.890064932627707250e-01
2.865292947490897801e-01
2.875023458319257985e-01
2.895694929249709726e-01
2.843523627219157190e-01
2.882745937019103311e-01
2.854032954246893405e-01
2.863040948842097144e-01
2.872048943437300883e-01
2.875051608302368611e-01
2.833764966407686381e-01
2.842772961002890675e-01
2.851780955598092748e-01
2.860788950193296487e-01
2.869796944788500781e-01
2.871298277221034367e-01
2.833764966407686381e-01
2.829260969110085622e-01
2.849528956949292091e-01
2.858536951544495830e-01
2.867544946139698459e-01
2.854370754044208702e-01
2.833764966407686381e-01
2.838268963705287695e-01
2.847276958300491434e-01
2.796231655594340615e-01
2.833764966407686381e-01
2.833764966407686381e-01
2.833764966407686381e-01
2.832451300529217342e-01
2.826258304245017894e-01
2.820252974514881328e-01
2.833764966407686381e-01
2.833764966407686381e-01
2.833764966407686381e-01
2.833764966407686381e-01
2.818751642082347741e-01
2.803738317757009102e-01
2.788724993431670462e-01
2.833764966407686381e-01
2.826258304245016229e-01
2.832263633975152795e-01
2.822504973163681985e-01
2.823255639379949056e-01
2.833764966407686381e-01
2.777465000187666067e-01
2.824756971812482642e-01
2.830762301542619208e-01
2.826258304245017894e-01
2.811244979919677589e-01
2.833764966407686381e-01
2.781218331269001975e-01
2.766205006943662781e-01
2.833764966407686381e-01
2.739931689374319745e-01
2.814998311001013498e-01
2.796231655594338950e-01
2.766955673159929852e-01
2.821754306947415469e-01
2.827759636677551480e-01
2.796231655594338950e-01
2.818751642082347741e-01
2.778215666403932582e-01
2.788724993431670462e-01
2.760199677213526215e-01
2.751191682618322476e-01
2.832263633975152795e-01
2.739931689374319745e-01
2.807491648838343345e-01
2.771459670457529501e-01
2.762451675862326872e-01
2.753443681267124798e-01
2.709905040723640801e-01
2.739931689374319745e-01
2.728671696130315349e-01
2.717411702886310954e-01
2.764703674511129194e-01
2.755695679915925456e-01
2.746687685320723382e-01
2.714315204744200405e-01
2.814998311001013498e-01
2.715910370453776812e-01
2.766955673159929852e-01
2.727921029914048279e-01
2.748939683969523484e-01
2.702398378560972314e-01
2.751191682618322476e-01
2.714409038021243226e-01
2.769207671808730509e-01
2.726419697481514692e-01
2.721165033967645197e-01
2.706151709642306558e-01
2.706902375858573073e-01
2.712907705588709639e-01
2.718913035318844540e-01
2.702398378560972314e-01
2.724918365048981106e-01
2.702398378560972314e-01
2.705401043426039487e-01
2.711406373156176053e-01
2.717411702886310954e-01
2.702398378560972314e-01
2.702398378560972314e-01
2.713658371804976710e-01
2.703899710993505900e-01
2.702398378560972314e-01
2.702398378560972314e-01
2.702398378560972314e-01
2.702398378560972314e-01
