1.445346658338538370e+00
1.317020612117426159e+00
1.302935665209244087e+00
1.162133041848843806e+00
1.186133666458463409e+00
1.061219550281074175e+00
1.124921923797626233e+00
9.947142410993127237e-01
1.021236727045596426e+00
9.260149906308553502e-01
9.600249843847594722e-01
8.732120549656461339e-01
9.038101186758275007e-01
8.005074953154267536e-01
7.788881948782009346e-01
7.476967520299807601e-01
7.520299812617113888e-01
7.205184259837593697e-01
7.133041848844472455e-01
6.908182386008745457e-01
6.808244846970643582e-01
6.727748282323536833e-01
6.589631480324796842e-01
6.430356027482821979e-01
6.664584634603373248e-01
6.084088069956274936e-01
6.289818863210492328e-01
5.983838226108678660e-01
6.164896939412866095e-01
5.871330418488445169e-01
6.108682073703933790e-01
5.477826358525919037e-01
5.502810743285446726e-01
5.247267332916919491e-01
5.496564647095564249e-01
4.981261711430356454e-01
5.452841973766394679e-01
4.865708931917550606e-01
5.196752029981260845e-01
4.725171767645222065e-01
4.184884447220487691e-01
4.693941286695815229e-01
4.234853216739536963e-01
4.540911930043720623e-01
4.172392254840723846e-01
4.294191130543409951e-01
4.172392254840723846e-01
4.134915677701436754e-01
3.835103060587133905e-01
3.985009369144283942e-01
3.835103060587133905e-01
3.938241723922545900e-01
3.810118675827607326e-01
3.838226108682075144e-01
3.810118675827607326e-01
3.760149906308558609e-01
3.797626483447843482e-01
3.778888194878198825e-01
3.785134291068081303e-01
3.703935040599625750e-01
3.785134291068081303e-01
3.704091193004373506e-01
3.697688944409744383e-01
3.710181136789507117e-01
3.672704559650218914e-01
3.597751405371643618e-01
3.697688944409744383e-01
3.598141786383509677e-01
3.585259212991879774e-01
3.544737663960025320e-01
3.585259212991879774e-01
3.550905683947533920e-01
3.585259212991879774e-01
3.541536539662711314e-01
3.529044347282948024e-01
3.469706433479075036e-01
3.541536539662710203e-01
3.419737663960024654e-01
3.485321673953778454e-01
3.388507183010618373e-01
3.485321673953778454e-01
3.404122423485320681e-01
3.485321673953778454e-01
3.372891942535913845e-01
3.322923173016864573e-01
3.310430980637101839e-01
3.322923173016864573e-01
3.238678950655837219e-01
3.322923173016864573e-01
3.207370393504058170e-01
3.322923173016864573e-01
3.211039975015614334e-01
3.091817613991254543e-01
3.176139912554652445e-01
3.091817613991254543e-01
3.154278575890068770e-01
3.154278575890068770e-01
3.194956277326668759e-01
3.091817613991254543e-01
3.085571517801373731e-01
3.091817613991254543e-01
3.032792004996869295e-01
2.998126171143035701e-01
3.032479700187382665e-01
3.091817613991254543e-01
2.963772642098686516e-01
3.004372267332915958e-01
2.963850718301060394e-01
2.910680824484697116e-01
2.932542161149281346e-01
2.910680824484697116e-01
2.910680824484697116e-01
2.910680824484697116e-01
2.910680824484697116e-01
2.848219862585882889e-01
2.863835103060587417e-01
2.848219862585882889e-01
2.792004996876951139e-01
2.910680824484697116e-01
2.798251093066833062e-01
2.710805746408493366e-01
2.776389756402248277e-01
2.773266708307307593e-01
2.779512804497188405e-01
2.710805746408493366e-01
2.686055590256086756e-01
2.710805746408493366e-01
2.685821361648968453e-01
2.710805746408493366e-01
2.654590880699561617e-01
2.599469081823857497e-01
2.707682698313553238e-01
2.642098688319798883e-01
2.654590880699561617e-01
2.667083073079323796e-01
2.654590880699561617e-01
2.599469081823857497e-01
2.632729544034976832e-01
2.598376014990629312e-01
2.629606495940036703e-01
2.598376014990629312e-01
2.607979387882572442e-01
2.598376014990629312e-01
2.607745159275451918e-01
2.598376014990629312e-01
2.585883822610867133e-01
2.542161149281697563e-01
2.582760774515927005e-01
2.598376014990629312e-01
2.592129918800748500e-01
2.542161149281697563e-01
2.570268582136162605e-01
2.567145534041222477e-01
2.570268582136162605e-01
2.542161149281697563e-01
2.570268582136162605e-01
2.542161149281697563e-01
2.548407245471580040e-01
2.542941911305421354e-01
2.557776389756400426e-01
2.542161149281697563e-01
2.548407245471580040e-01
2.542161149281697563e-01
2.529668956901934274e-01
2.542161149281697563e-01
2.542161149281698673e-01
2.542161149281697563e-01
2.539038101186756879e-01
2.542161149281697563e-01
2.526545908806994145e-01
2.542161149281697563e-01
2.529668956901934274e-01
2.523422860712055127e-01
2.501795752654585314e-01
2.510930668332290727e-01
2.514053716427231966e-01
2.542161149281697563e-01
2.501561524047469232e-01
2.492192379762648291e-01
2.492348532167394937e-01
2.492192379762648291e-01
2.514053716427231966e-01
2.510930668332290727e-01
2.498438475952528270e-01
2.492192379762648291e-01
2.492192379762648291e-01
2.492192379762648291e-01
2.498438475952528270e-01
2.492192379762648291e-01
2.482823235477824853e-01
2.492192379762648291e-01
2.492192379762648291e-01
2.492192379762648291e-01
2.492192379762648291e-01
2.492192379762648291e-01
2.473454091193004745e-01
2.492192379762648291e-01
2.473454091193004745e-01
2.454715802623360088e-01
2.473454091193004745e-01
2.492192379762648291e-01
2.473454091193004745e-01
2.454871955028105623e-01
2.473454091193004745e-01
2.454715802623360088e-01
2.470331043098062396e-01
2.454715802623360088e-01
2.464084946908181306e-01
2.485946283572765814e-01
2.464084946908181306e-01
2.454715802623360088e-01
2.464084946908181306e-01
2.454715802623360088e-01
2.470331043098062396e-01
2.454715802623360088e-01
2.457838850718302159e-01
2.454715802623360088e-01
2.464084946908181306e-01
2.454715802623360088e-01
2.367270455965020115e-01
2.454715802623360088e-01
2.354778263585258768e-01
2.454715802623360088e-01
2.357901311680198619e-01
2.454715802623360088e-01
2.348532167395376291e-01
2.454715802623360088e-01
2.354778263585258768e-01
2.254840724547157449e-01
2.348532167395376291e-01
2.454715802623360088e-01
2.348532167395376291e-01
2.254840724547157449e-01
2.348532167395376291e-01
2.454715802623360088e-01
2.304809494066206998e-01
2.242348532167393882e-01
2.348532167395376291e-01
2.242348532167393882e-01
2.348532167395376291e-01
2.254840724547157449e-01
2.348532167395376291e-01
2.242348532167393882e-01
2.317692067457832183e-01
2.242348532167393882e-01
2.298563397876325909e-01
2.442223610243596521e-01
2.348532167395376291e-01
2.242348532167393882e-01
2.342286071205495201e-01
2.242348532167393882e-01
2.248594628357275249e-01
2.242348532167393882e-01
2.249843847595233981e-01
2.242348532167393882e-01
2.242348532167393882e-01
2.242348532167393882e-01
2.136164896939411473e-01
2.242348532167393882e-01
2.217988757026856939e-01
2.242348532167393882e-01
2.186133666458463243e-01
2.242348532167393882e-01
2.242348532167393882e-01
2.242348532167393882e-01
2.179887570268581043e-01
2.242348532167393882e-01
2.179887570268581043e-01
2.242348532167393882e-01
2.136164896939411473e-01
2.242348532167393882e-01
2.192379762648343222e-01
2.242348532167393882e-01
2.136164896939411473e-01
2.157089319175481690e-01
2.136164896939411473e-01
2.242348532167393882e-01
2.179887570268581043e-01
2.154903185509055019e-01
2.136164896939411473e-01
2.029981261711429064e-01
2.136164896939411473e-01
2.117426608369767926e-01
2.136164896939411473e-01
2.029981261711429064e-01
2.114459712679573333e-01
2.154903185509055019e-01
2.136164896939411473e-01
2.117426608369767926e-01
2.073703935040598356e-01
2.029981261711429064e-01
2.092442223610242180e-01
2.117426608369767926e-01
2.136164896939411473e-01
2.029981261711429064e-01
2.073703935040598356e-01
2.029981261711429064e-01
2.029981261711429064e-01
2.029981261711429064e-01
2.083073079325419852e-01
2.029981261711429064e-01
2.029981261711429064e-01
2.029981261711429064e-01
2.029981261711429064e-01
2.029981261711429064e-01
2.029981261711429064e-01
2.029981261711429064e-01
2.029981261711429064e-01
2.029981261711429064e-01
2.029981261711429064e-01
2.029981261711429064e-01
2.029981261711429064e-01
2.029981261711429064e-01
2.029981261711429064e-01
2.029981261711429064e-01
1.980012492192379514e-01
2.029981261711429064e-01
2.020612117426607846e-01
2.029981261711429064e-01
2.029981261711429064e-01
2.029981261711429064e-01
2.029981261711429064e-01
2.029981261711429064e-01
2.029981261711429064e-01
2.029981261711429064e-01
1.980012492192379514e-01
2.029981261711429064e-01
1.980012492192379514e-01
2.029981261711429064e-01
1.983916302311043989e-01
1.930043722673329964e-01
1.980012492192379514e-01
2.029981261711429064e-01
1.970643347907558296e-01
2.029981261711429064e-01
1.970643347907558296e-01
1.911305434103686418e-01
2.020612117426607846e-01
1.930043722673329964e-01
1.970643347907558296e-01
1.911305434103686418e-01
1.961274203622735968e-01
2.011242973141785517e-01
1.970643347907558296e-01
1.911305434103686418e-01
1.970643347907558296e-01
1.911305434103686418e-01
1.961508432229856491e-01
1.911305434103686418e-01
1.920674578388508746e-01
1.911305434103686418e-01
1.920674578388508746e-01
1.930043722673329964e-01
1.970643347907558296e-01
1.911305434103686418e-01
1.911305434103686418e-01
1.911305434103686418e-01
1.930043722673328854e-01
1.911305434103686418e-01
1.911617738913175268e-01
1.911305434103686418e-01
1.911305434103686418e-01
1.911305434103686418e-01
1.911305434103686418e-01
1.911305434103686418e-01
1.911305434103686418e-01
1.911305434103686418e-01
1.911305434103686418e-01
1.911305434103686418e-01
1.911305434103686418e-01
1.911305434103686418e-01
1.911305434103686418e-01
1.911305434103686418e-01
1.839475327920050973e-01
1.911305434103686418e-01
1.911305434103686418e-01
1.911305434103686418e-01
1.911305434103686418e-01
1.911305434103686418e-01
1.911305434103686418e-01
1.911305434103686418e-01
1.911305434103686418e-01
1.911305434103686418e-01
1.830106183635229755e-01
1.911305434103686418e-01
1.839475327920050973e-01
1.911305434103686418e-01
1.911305434103686418e-01
1.911305434103686418e-01
1.808244846970644137e-01
1.911305434103686418e-01
1.911305434103686418e-01
1.911305434103686418e-01
1.911305434103686418e-01
1.911305434103686418e-01
