1.134376483777367328e+00
1.078938604589818384e+00
1.061833289369559452e+00
1.007076299129516794e+00
9.607992614085992811e-01
9.022817198628330093e-01
8.941588630968083651e-01
8.809700606700079373e-01
8.818781324188869064e-01
8.661303086256925132e-01
8.350385782115532507e-01
8.063835399630705503e-01
7.866802954365600398e-01
7.845027697177524573e-01
7.815807174887893227e-01
7.823282115536798198e-01
7.496702716961225477e-01
7.064494856238459075e-01
6.946663149564757944e-01
6.989158533368503567e-01
6.946623582168293121e-01
6.703376417831706791e-01
6.543787918754945254e-01
6.367713004484303330e-01
6.119664996043260308e-01
5.991506198892104784e-01
5.778867713004482987e-01
5.544925481403321088e-01
5.977601556317591047e-01
5.805987865998414321e-01
5.410531522025848750e-01
5.538264969664996595e-01
5.422711685571087736e-01
5.291529279873381508e-01
5.228844632023214034e-01
5.180559219203375587e-01
5.118702189395941682e-01
5.107600237404378296e-01
5.154576628857820975e-01
5.064451991558949207e-01
5.108018992350301657e-01
5.043524136111844358e-01
5.037193352677393765e-01
4.751384858876290807e-01
4.865866525982589508e-01
4.947757847533637010e-01
5.028356634133472891e-01
4.961092060142443527e-01
4.539303613822211481e-01
4.522375362701140378e-01
4.657745317858082990e-01
4.741014903719342755e-01
4.441440253231338509e-01
4.273634924821944070e-01
4.348720654180955325e-01
4.415325771564234114e-01
4.331310999736217027e-01
4.281713268266950090e-01
4.258375098918493196e-01
4.227644420997094810e-01
4.206805592192034426e-01
4.142046953310471458e-01
4.114026642046954563e-01
4.163545238723291297e-01
4.142970192561328813e-01
3.994724347137956766e-01
3.893431812186758378e-01
3.952255341598522875e-01
3.932471643365864633e-01
3.996834608282774370e-01
4.003165391717224408e-01
4.035874439461881735e-01
3.834740174096544219e-01
3.731864943286725134e-01
3.807834344500132251e-01
3.803877604853601047e-01
3.851886045898179622e-01
3.761804273278817057e-01
3.765101556317594911e-01
3.681241756792401065e-01
3.453838037457138133e-01
3.432471643365860858e-01
3.296155367976781880e-01
3.757979424953837300e-01
3.755869163809020805e-01
3.585993141651274141e-01
3.467422843576891123e-01
3.338828805064624761e-01
3.238591400685835731e-01
3.736349248219468788e-01
3.700211026114474944e-01
3.613162753890793444e-01
3.347137958322342066e-01
3.363888156159328680e-01
3.223292007385909486e-01
3.136243735162224655e-01
3.003824848324981311e-01
3.377594961751501090e-01
3.202001450804513039e-01
3.172513848588758290e-01
3.004088630968081430e-01
2.997889738855183950e-01
3.019915589554204582e-01
2.941704035874438961e-01
2.987206541809550031e-01
3.124109733579532588e-01
2.985360063307836431e-01
2.955285544711142021e-01
2.958322342389872461e-01
2.933262991295174094e-01
2.854293062516468082e-01
2.974149300975996724e-01
2.966895278290689886e-01
2.772223687681352744e-01
2.950557240833556194e-01
2.940259825903453472e-01
2.895014508045370971e-01
2.828277499340543510e-01
2.770772883144285159e-01
2.797457794777088447e-01
2.736481139541015462e-01
2.598259034555526203e-01
2.600896860986546266e-01
2.666578739118963259e-01
2.698760221577420904e-01
2.662358216829333046e-01
2.622658929042469000e-01
2.598654708520179435e-01
2.418886837246108645e-01
2.497230282247427935e-01
2.540358744394620172e-01
2.538248483249799792e-01
2.514376154049065559e-01
2.541545766288578756e-01
2.418227380638353907e-01
2.417996570825623748e-01
2.474281192297548559e-01
2.503033500395674404e-01
2.416908467422843043e-01
2.488495779477718495e-01
2.403719335267735513e-01
2.380638353996306633e-01
2.381034027960960142e-01
2.345819045106828371e-01
2.308150883671848952e-01
2.407939857557372110e-01
2.360854655763650889e-01
2.265892904246893658e-01
2.358876285940383899e-01
2.329464521234505814e-01
2.360854655763650889e-01
2.260617251384857140e-01
2.186758111316275954e-01
2.209970983909261555e-01
2.291611711949352315e-01
2.281060406225271231e-01
2.240833553152202506e-01
2.212608810340279675e-01
2.207992614085987626e-01
2.183988393563704722e-01
2.150224215246635817e-01
2.179504088630969116e-01
2.241361118438406630e-01
2.148361250329728633e-01
2.201266156686891851e-01
2.069424294381431439e-01
2.137298865734641451e-01
2.199169084674233443e-01
2.125692429438145181e-01
2.143629649169086215e-01
2.149960432603536531e-01
2.179504088630969116e-01
2.074782379319442260e-01
2.064231073595357568e-01
2.121208124505410964e-01
2.113030862569246493e-01
2.067396465312583420e-01
2.067396465312583420e-01
2.048008441044579797e-01
2.064626747560012188e-01
2.101163940912687544e-01
2.104985491954630694e-01
2.067396465312583420e-01
2.061593247164338338e-01
2.066605117383277790e-01
2.038116591928250121e-01
2.067396465312583420e-01
1.999076760749143589e-01
1.959255473489842914e-01
2.058691638090213993e-01
2.040754418359278788e-01
2.001450804537056871e-01
2.023476655236083332e-01
1.969137430757055551e-01
2.019256132946450621e-01
1.953310472170929901e-01
2.067396465312583420e-01
1.945396992877868325e-01
1.948430493273544395e-01
1.907676074914271547e-01
1.963202321287258467e-01
1.955288841994196614e-01
1.877736744922181011e-01
1.945396992877868325e-01
1.928119229754682029e-01
1.973094170403586756e-01
1.937813241888680926e-01
1.902136639409122976e-01
1.926404642574522652e-01
1.956343972566597922e-01
1.891338037457118426e-01
1.901872856766023967e-01
1.951200211026115627e-01
1.862701134265364322e-01
1.872856766024794395e-01
1.871933526773936762e-01
1.872856766024794395e-01
1.872856766024794395e-01
1.893168029543656761e-01
1.872856766024794395e-01
1.892376681614347522e-01
1.872856766024794395e-01
1.851226589290423385e-01
1.806383539963071772e-01
1.872856766024794395e-01
1.859799525191242198e-01
1.865602743339487557e-01
1.871405961487732639e-01
1.847929306251646919e-01
1.814692693220784636e-01
1.849775784753364127e-01
1.858348720654179609e-01
1.864151938802426078e-01
1.869955156950672270e-01
1.856238459509359506e-01
1.812846214719070759e-01
1.862964916908465829e-01
1.856897916117117853e-01
1.747296227908204658e-01
1.868504352413609682e-01
1.837114217884462108e-01
1.816802954365599743e-01
1.774861514112368865e-01
1.747428119229753052e-01
1.695331047217090992e-01
1.836586652598257985e-01
1.836586652598257985e-01
1.809153257715640783e-01
1.781719862833021084e-01
1.736876813505668360e-01
1.704738195726701322e-01
1.659192825112107694e-01
1.836586652598257985e-01
1.775652862041674496e-01
1.741417172250056267e-01
1.745185966763388163e-01
1.711949353732525603e-01
1.707992614085987182e-01
1.645476127670796040e-01
1.795964125560531033e-01
1.676734370878390501e-01
1.768003165391715537e-01
1.720258506990238467e-01
1.656818781324189693e-01
1.653785280928515844e-01
1.628857821155368368e-01
1.628857821155368368e-01
1.628857821155368368e-01
1.551173832761807703e-01
1.639804800844104071e-01
1.630476787127408400e-01
1.628857821155368368e-01
1.628857821155368368e-01
1.770113426536528423e-01
1.649696649960433747e-01
1.654444737536270582e-01
1.630176734370878122e-01
1.629121603798470985e-01
1.628857821155368368e-01
1.628857821155368368e-01
1.532979424953836711e-01
1.548404115009237580e-01
1.630440517013980739e-01
1.612767079926144820e-01
1.628857821155368368e-01
1.628857821155368368e-01
1.508177261936166358e-01
1.540358744394619284e-01
1.572540226853073597e-01
1.623714059614876914e-01
1.437219730941709517e-01
1.628857821155368368e-01
1.500131891321553890e-01
1.532313373780008203e-01
1.564494856238461129e-01
1.589593774729611553e-01
1.628857821155368368e-01
1.459905038248482667e-01
1.492086520706942809e-01
1.479688736481145628e-01
1.556449485623850049e-01
1.571485096280668958e-01
1.427723555790029741e-01
1.451859667633871587e-01
1.484041150092330341e-01
1.516222632550778826e-01
1.528620416776582946e-01
1.568715378528091620e-01
1.427723555790029741e-01
1.443814297019253290e-01
1.395278290688471701e-01
1.446847797414921311e-01
1.239382748615140278e-01
1.427723555790029741e-01
1.427723555790029741e-01
1.422316011606435393e-01
1.400685834872068269e-01
1.337246109206012556e-01
1.527433394882612150e-01
1.427723555790029741e-01
1.427723555790029741e-01
1.427723555790029741e-01
1.373911896597196369e-01
1.433790556581375220e-01
1.427723555790029741e-01
1.287259298338176428e-01
1.427723555790029741e-01
1.427723555790029741e-01
1.387364811395408737e-01
1.427723555790029741e-01
1.396069638617778441e-01
1.225929833816927772e-01
1.210102875230813918e-01
1.427723555790029741e-01
1.400817726193621104e-01
1.347006067000788010e-01
1.417831706673682302e-01
1.239382748615140278e-01
1.427723555790029741e-01
1.125824320759695324e-01
1.412424162490099888e-01
1.360458981799002876e-01
1.274993405433918203e-01
1.229095225534149044e-01
1.183197045634395012e-01
1.170535478765481058e-01
1.041941440253231349e-01
1.373911896597196369e-01
1.286467950408866079e-01
1.240569770509096920e-01
1.194671590609342887e-01
1.417831706673702286e-01
1.055394355051425120e-01
1.091400685834871681e-01
1.333553152202575642e-01
1.252044315484042436e-01
1.206146135584273138e-01
1.172513848588767893e-01
1.130968082300177480e-01
1.045898179899761582e-01
1.309417040358741846e-01
1.263518860458972826e-01
1.239382748615140278e-01
1.171722500659449356e-01
1.125824320759695324e-01
1.044120944341863089e-01
1.091400685834871681e-01
1.059746768662622740e-01
1.212120812450530605e-01
1.151806911105247438e-01
1.131495647586380493e-01
1.041941440253231349e-01
1.332366130308620111e-01
1.057768398839355889e-01
1.065681878132419824e-01
1.194671590609342887e-01
1.148773410709571230e-01
1.102875230809801932e-01
1.047876549723028572e-01
1.055790029016092507e-01
1.231733051965182429e-01
1.191638090213658352e-01
1.122658929042473080e-01
1.068847269849639847e-01
1.045898179899761582e-01
1.041941440253231349e-01
1.061725138485889591e-01
1.041941440253231349e-01
1.136111843840666713e-01
1.082300184647852215e-01
1.043919810076498339e-01
1.041941440253231349e-01
1.041941440253231349e-01
1.067660247955686675e-01
1.118174624109731646e-01
