1.938860583603520205e+00
1.548402037980546320e+00
1.425196850393700698e+00
1.277229041222788020e+00
1.295970356646595878e+00
1.165134321445113308e+00
1.149606299212598381e+00
1.094522927281148528e+00
1.011116257526633033e+00
9.710803612783693861e-01
9.379342288096340630e-01
9.201076887447894315e-01
9.152385363594257583e-01
8.663733209819359793e-01
8.716998610467809883e-01
8.522869383974055468e-01
8.638258452987493952e-01
7.951018990273267528e-01
8.244557665585917627e-01
7.480372857804540310e-01
7.878647522000926662e-01
7.211961556276050844e-01
6.817971283001389438e-01
7.014821676702178710e-01
6.817971283001389438e-01
6.644395553496988960e-01
6.489115331171838585e-01
6.408175081056043387e-01
6.489115331171838585e-01
6.262332098193605923e-01
6.129342288096339963e-01
6.111625752663270017e-01
5.988883742473367633e-01
5.903716998610462063e-01
5.988883742473367633e-01
5.822197776748492259e-01
5.683186660490967546e-01
5.669291338582675976e-01
5.669291338582678197e-01
5.604562297359888534e-01
5.599814729041222572e-01
5.611394163964797954e-01
5.576655859194070697e-01
5.467809170912459882e-01
5.516442797591477598e-01
5.444650301065308007e-01
5.516442797591477598e-01
5.396190365910140674e-01
5.442334414080592930e-01
5.412227883279295826e-01
5.442334414080592930e-01
5.078740157480314821e-01
5.363594256600276999e-01
4.981472904122278278e-01
5.363594256600276999e-01
4.983904585456232494e-01
4.705187586845569481e-01
4.861625752663261690e-01
5.220009263547938927e-01
4.712251042149122604e-01
4.585456229735989653e-01
4.675775822139880966e-01
4.691987031032885391e-01
4.606299212598425341e-01
4.566929133858269041e-01
4.472267253358033212e-01
4.483557202408524067e-01
4.492820750347382708e-01
4.438397406206576745e-01
4.430291801760074533e-01
4.437239462714220317e-01
4.365446966188051836e-01
4.437239462714220317e-01
4.344603983325615038e-01
4.437239462714220317e-01
4.159333024548402258e-01
4.312181565539601191e-01
4.152790643816580141e-01
4.168596572487262564e-01
4.025011579434922826e-01
4.168596572487262564e-01
4.059749884205651194e-01
4.034275127373783132e-01
4.038906901343213840e-01
4.168596572487262564e-01
3.821213524779990545e-01
3.825845298749420142e-01
3.844372394627142420e-01
3.825845298749420142e-01
3.730893932376098121e-01
3.719314497452523294e-01
3.728578045391383600e-01
3.635942566002778320e-01
3.601204261232051063e-01
3.719314497452523294e-01
3.545622973598888672e-01
3.529411764705880916e-01
3.510884668828160304e-01
3.529411764705880916e-01
3.506252894858731262e-01
3.251505326540064522e-01
3.420565076424271211e-01
3.529411764705880916e-01
3.420565076424271211e-01
3.529411764705880916e-01
3.436776285317277302e-01
3.483094025011579387e-01
3.263084761463639905e-01
3.205187586845762993e-01
3.330592867068082885e-01
3.205187586845762993e-01
3.221398795738769083e-01
3.205187586845762993e-01
3.235873089393228597e-01
3.121815655396017464e-01
3.124131542380732540e-01
3.205187586845762993e-01
3.126447429365447062e-01
3.126447429365447062e-01
3.084761463640574575e-01
3.043075497915702088e-01
3.047707271885131131e-01
3.043075497915702088e-01
2.978867531264465796e-01
3.043075497915702088e-01
2.952755905511812440e-01
3.043075497915702088e-01
2.832329782306624577e-01
3.043075497915702088e-01
2.832561371005092310e-01
3.043075497915702088e-01
2.874015748031497064e-01
3.043075497915702088e-01
2.805581287633162058e-01
2.621584066697545401e-01
2.756079203334877992e-01
2.880963408985641183e-01
2.779064381658175042e-01
2.621584066697545401e-01
2.702640111162575853e-01
2.621584066697545401e-01
2.696039833256132501e-01
2.515053265400648552e-01
2.621584066697545401e-01
2.621584066697545401e-01
2.568318666049095866e-01
2.621584066697545401e-01
2.779064381658175042e-01
2.621584066697545401e-01
2.568318666049095866e-01
2.621584066697545401e-01
2.552107457156089776e-01
2.621584066697545401e-01
2.568318666049095866e-01
2.621584066697545401e-01
2.568318666049095866e-01
2.515053265400648552e-01
2.568318666049095866e-01
2.515053265400648552e-01
2.568318666049095866e-01
2.515053265400648552e-01
2.515053265400648552e-01
2.515053265400648552e-01
2.501157943492358648e-01
2.515053265400648552e-01
2.484946734599350893e-01
2.515053265400648552e-01
2.464103751736913817e-01
2.515053265400648552e-01
2.431681333950903301e-01
2.515053265400648552e-01
2.464103751736913817e-01
2.487262621584067079e-01
2.431681333950903301e-01
2.348309402501158050e-01
2.417786012042611732e-01
2.376100046317739245e-01
2.369152385363595126e-01
2.348309402501158050e-01
2.431681333950903301e-01
2.348309402501158050e-01
2.348309402501158050e-01
2.348309402501158050e-01
2.424733672996759182e-01
2.348309402501158050e-01
2.348309402501158050e-01
2.348309402501158050e-01
2.341361741547012265e-01
2.348309402501158050e-01
2.327466419638720974e-01
2.348309402501158050e-01
2.327466419638720974e-01
2.348309402501158050e-01
2.348309402501158050e-01
2.348309402501158050e-01
2.348309402501158050e-01
2.348309402501158050e-01
2.327466419638720974e-01
2.334414080592868423e-01
2.320518758684575189e-01
2.292728114867993994e-01
2.299675775822138113e-01
2.348309402501158050e-01
2.320518758684575189e-01
2.292728114867993994e-01
2.313571097730431347e-01
2.292728114867993994e-01
2.292728114867993994e-01
2.306623436776283897e-01
2.299675775822138113e-01
2.292728114867993994e-01
2.292728114867993994e-01
2.292728114867993994e-01
2.292728114867993994e-01
2.292728114867993994e-01
2.292728114867993994e-01
2.292728114867993994e-01
2.230199166280686096e-01
2.292728114867993994e-01
2.218619731357109326e-01
2.292728114867993994e-01
2.292728114867993994e-01
2.292728114867993994e-01
2.246410375173692187e-01
2.292728114867993994e-01
2.225567392311255110e-01
2.292728114867993994e-01
2.230199166280686096e-01
2.292728114867993994e-01
2.195634553033811998e-01
2.292728114867993994e-01
2.190829087540528131e-01
2.161764705882305015e-01
2.190829087540528131e-01
2.158406669754515950e-01
2.211672070402965207e-01
2.223251505326538646e-01
2.190829087540528131e-01
2.158406669754515950e-01
2.190829087540528131e-01
2.088930060213060602e-01
2.174617878647522040e-01
2.292728114867993994e-01
2.153774895785084964e-01
2.088930060213060602e-01
2.190829087540528131e-01
2.088930060213060602e-01
2.161069939786937899e-01
2.088930060213060602e-01
2.139879573876793672e-01
2.088930060213060602e-01
2.123668364983789247e-01
2.088930060213060602e-01
2.088930060213060602e-01
2.088930060213060602e-01
2.088930060213060602e-01
2.088930060213060602e-01
2.088930060213060602e-01
2.088930060213060602e-01
2.088930060213060602e-01
2.088930060213060602e-01
2.088930060213060602e-01
2.088930060213060602e-01
2.088930060213060602e-01
2.088930060213060602e-01
2.088930060213060602e-01
2.088930060213060602e-01
2.068087077350623526e-01
2.088930060213060602e-01
2.051875868457617436e-01
2.056507642427048421e-01
2.072718851320054512e-01
2.088930060213060602e-01
2.052281148679936384e-01
2.014821676702175934e-01
2.051875868457617436e-01
2.088930060213060602e-01
2.051875868457617436e-01
2.088930060213060602e-01
2.051875868457617436e-01
2.088930060213060602e-01
2.056507642427048421e-01
2.088930060213060602e-01
2.035664659564611345e-01
2.047244094488188115e-01
2.031032885595182025e-01
2.014821676702175934e-01
2.014821676702175934e-01
2.014821676702175934e-01
2.035664659564611345e-01
2.014821676702175934e-01
2.014821676702175934e-01
2.014821676702175934e-01
2.014821676702175934e-01
2.014821676702175934e-01
2.014821676702175934e-01
2.014821676702175934e-01
2.014821676702175934e-01
2.014821676702175934e-01
2.014821676702175934e-01
2.014821676702175934e-01
2.014821676702175934e-01
2.014821676702175934e-01
2.014821676702175934e-01
2.014821676702175934e-01
2.014821676702175934e-01
2.014821676702175934e-01
2.014821676702175934e-01
2.014821676702175934e-01
1.910606762389993607e-01
2.014821676702175934e-01
2.014821676702175934e-01
2.014821676702175934e-01
1.938397406206574802e-01
2.014821676702175934e-01
2.014821676702175934e-01
2.014821676702175934e-01
1.959240389069011878e-01
2.014821676702175934e-01
1.855025474756829829e-01
1.806391848077813223e-01
2.014821676702175934e-01
2.014821676702175934e-01
1.926817971283001363e-01
2.014821676702175934e-01
1.861973135710977001e-01
1.861973135710977001e-01
1.960629921259839370e-01
1.861973135710977001e-01
1.850393700787402174e-01
1.806391848077813223e-01
1.855025474756829829e-01
1.861973135710977001e-01
1.850393700787402174e-01
2.014821676702175934e-01
1.834182491894394418e-01
2.014821676702175934e-01
1.834182491894394418e-01
1.653543307086614289e-01
1.755442334414080152e-01
1.653543307086614289e-01
1.755442334414080152e-01
1.653543307086614289e-01
1.834182491894394418e-01
1.653543307086614289e-01
1.834182491894394418e-01
1.653543307086614289e-01
1.834182491894394418e-01
1.653543307086614289e-01
1.679018063918480685e-01
1.653543307086614289e-01
1.729967577582213756e-01
1.653543307086614289e-01
1.653543307086614289e-01
1.653543307086614289e-01
1.834182491894394418e-01
1.653543307086614289e-01
1.653543307086614289e-01
1.653543307086614289e-01
1.653543307086614289e-01
1.653543307086614289e-01
1.757758221398794951e-01
1.653543307086614289e-01
1.653543307086614289e-01
1.653543307086614289e-01
1.653543307086614289e-01
1.653543307086614289e-01
1.679018063918480685e-01
1.653543307086614289e-01
1.653543307086614289e-01
1.653543307086614289e-01
1.653543307086614289e-01
1.653543307086614289e-01
1.653543307086614289e-01
1.653543307086614289e-01
1.653543307086614289e-01
1.653543307086614289e-01
1.653543307086614289e-01
1.653543307086614289e-01
1.653543307086614289e-01
1.653543307086614289e-01
1.611857341361741802e-01
1.653543307086614289e-01
1.653543307086614289e-01
1.653543307086614289e-01
1.633221398795737245e-01
1.653543307086614289e-01
1.653543307086614289e-01
1.653543307086614289e-01
1.653543307086614289e-01
1.653543307086614289e-01
1.536764705882351645e-01
1.653543307086614289e-01
1.535433070866142335e-01
1.653543307086614289e-01
