2.240119369079764944e+00
2.077563113454202082e+00
1.997510822510822015e+00
1.820496335347820516e+00
1.640924092409240753e+00
1.575624705327674624e+00
1.525234666323775023e+00
1.434194848056233207e+00
1.422676910548197116e+00
1.384520594916634151e+00
1.334833483348334626e+00
1.269812695555269544e+00
1.247443315760146776e+00
1.217564613604217527e+00
1.196963267755346338e+00
1.188907462174788821e+00
1.135415327247010220e+00
1.122311516865972081e+00
1.095549912134070381e+00
1.086665809438086772e+00
1.064892203506064838e+00
1.072607260726072598e+00
1.025546483219750726e+00
1.016631305987741651e+00
9.967425313959966671e-01
1.002100210021002136e+00
9.877416313059875774e-01
9.665605846298909176e-01
9.594959495949594297e-01
9.448426985555699043e-01
9.433371908619433421e-01
9.219493377909220300e-01
9.148107667909647356e-01
9.128198534139126963e-01
9.046922549397788949e-01
8.809813124169557641e-01
8.771752175217519820e-01
8.693476490506181209e-01
8.679867986798680546e-01
8.700012858428699536e-01
8.651686597231149634e-01
8.570142728558569623e-01
8.448416270198449984e-01
8.106810681068107316e-01
8.083226179760829577e-01
8.294972354378294943e-01
8.368694012258369730e-01
7.777506322060775412e-01
7.754918348977755116e-01
7.807637906647809656e-01
7.544950923663795717e-01
7.496731816038741947e-01
7.366593802237366706e-01
7.340137585187088698e-01
7.262869144057262361e-01
7.182300372894413476e-01
7.376451930907376164e-01
7.091423428057090916e-01
7.208006514937208564e-01
7.163430628777163189e-01
6.912605546268907331e-01
7.001414427157000020e-01
6.691526295486691644e-01
6.788618147529035252e-01
7.055419827697055890e-01
6.787235866443789289e-01
6.729244353006729185e-01
6.582658265826583088e-01
6.578800737216579098e-01
6.619947709056620555e-01
6.661094680896660902e-01
6.729244353006729185e-01
6.526509793836526852e-01
6.258197248296258897e-01
6.201020102010185164e-01
6.286485791436287052e-01
6.332776134756332720e-01
6.517080279456518577e-01
6.019459088766019317e-01
5.985416398782725800e-01
6.191762033346192018e-01
5.852728129955853120e-01
5.775577557755776636e-01
5.779863700655779590e-01
5.573035875016070229e-01
5.775577557755776636e-01
5.740056148471989195e-01
5.679567956795680272e-01
5.555269812695555753e-01
5.733144743045733849e-01
5.518408983755518360e-01
5.522855857014271619e-01
5.474518880459464665e-01
5.380395182375380392e-01
5.400529338648126787e-01
5.253096738245253139e-01
5.421970768505423033e-01
5.355535553555355044e-01
5.301637306587800857e-01
5.143371480005144436e-01
5.112511251125112510e-01
5.175517551755175472e-01
5.085508550855085685e-01
5.071792893575072236e-01
5.081651022245081695e-01
5.095366679525096254e-01
5.045111654022540471e-01
5.029360078865031669e-01
5.047876216193046828e-01
5.017819639106766427e-01
4.992777849213488328e-01
5.046933264755047999e-01
4.915777292014916200e-01
4.695469546954695317e-01
5.020359178775020137e-01
5.002785992885003807e-01
5.031985341391281841e-01
4.809480948094809194e-01
4.884488448844885311e-01
4.683896961124682790e-01
5.011786892975010899e-01
4.500450045004500965e-01
4.929492949294929094e-01
4.852342377094852055e-01
4.715185804294714789e-01
4.701470147014700784e-01
4.588315974454589274e-01
4.565160087437304948e-01
4.509450945094509722e-01
4.814924349577811014e-01
4.789336076464789094e-01
4.693326475504693285e-01
4.605889160344606714e-01
4.504736187904504474e-01
4.473875959024475324e-01
4.500600060005999214e-01
4.579743688654578926e-01
4.481591016244482195e-01
4.488448844884488365e-01
4.457588616004458659e-01
4.457588616004459769e-01
4.500450045004500965e-01
4.446016030174448352e-01
4.450205734859201123e-01
4.531738888174533519e-01
4.435729287214436600e-01
4.457588616004458659e-01
4.471304273284472663e-01
4.433586215764434568e-01
4.457588616004458659e-01
4.382152500964383024e-01
4.457588616004458659e-01
4.457588616004458659e-01
4.384295572414383946e-01
4.424585315674425812e-01
4.405726286914407042e-01
4.457588616004458659e-01
4.368008229394368391e-01
4.349149200634350176e-01
4.343148600574343599e-01
4.429300072864429949e-01
4.410441044104411179e-01
4.391582015344392409e-01
4.295572414384295490e-01
4.340694783764085796e-01
4.339719686254340791e-01
4.339719686254340791e-01
4.339719686254340791e-01
4.339719686254340791e-01
4.253996828254255624e-01
4.296858257254296820e-01
4.339719686254340791e-01
4.339719686254340791e-01
4.339719686254340791e-01
4.159701684454159554e-01
4.200848656294201566e-01
4.262569114054264308e-01
4.314860057434315443e-01
4.293429342934293458e-01
4.231708885174231827e-01
4.339719686254340791e-01
4.185418541854186159e-01
4.247138999614248900e-01
4.280570914234282376e-01
4.308859457374309421e-01
4.247138999614247790e-01
4.108267969654109675e-01
4.005829154344005549e-01
4.132698984184132729e-01
4.231708885174231272e-01
3.953966825253954487e-01
3.953966825253952821e-01
3.953966825253953377e-01
3.953966825253954487e-01
3.840812652693841311e-01
3.953966825253953377e-01
4.339719686254340791e-01
3.929964425013928175e-01
3.953966825253953377e-01
3.770091294843770924e-01
3.768805451973769594e-01
3.668938322403670349e-01
3.939822553683939854e-01
3.935965025073935863e-01
3.845956024173844967e-01
3.718228965753718751e-01
3.722515108653721705e-01
3.575929021473576164e-01
3.599074193133598443e-01
3.911405426256912010e-01
3.825382538253823683e-01
3.645364536453645776e-01
3.582358235823581705e-01
3.577214864343578049e-01
3.552783849813552774e-01
3.919249067763919681e-01
3.641078393553640602e-01
3.727658480133727581e-01
3.629077193433630222e-01
3.578500707213577714e-01
3.573357335733572948e-01
3.568213964253568182e-01
3.332904719043335295e-01
3.327761347563328864e-01
3.485920020573489153e-01
3.483776949123482680e-01
3.574643178603574278e-01
3.230037289443230542e-01
3.257039989713255146e-01
3.305902018773306250e-01
3.370194162273369431e-01
3.426771248553427407e-01
3.214607175003214579e-01
3.214607175003214579e-01
3.273755947023272994e-01
3.214607175003214579e-01
3.259611675453259472e-01
3.412626976983413885e-01
3.313188461703311938e-01
3.214607175003214579e-01
3.222900861514723103e-01
3.214607175003214579e-01
3.341905619133342387e-01
3.214607175003214579e-01
3.276756247053276838e-01
3.214607175003214579e-01
3.214607175003214579e-01
3.190604774763189377e-01
3.327761347563328864e-01
3.142599974283141195e-01
3.214607175003214579e-01
3.182461103253182988e-01
3.208177960653207927e-01
3.196605374823196510e-01
3.172602974583171309e-01
3.058591573443056877e-01
3.124598174103123127e-01
3.062020487763061904e-01
3.201748746303201276e-01
3.202605974883201978e-01
3.178603574643178997e-01
3.058162959153059024e-01
3.130598774163130260e-01
3.061591873473062386e-01
3.147743345763149292e-01
2.924435300672922899e-01
3.126741245553127935e-01
3.057734344863057840e-01
2.975869015472974444e-01
3.061163259183061203e-01
3.080022287943079418e-01
3.053876816253053295e-01
3.190604774763189377e-01
3.057305730573056657e-01
3.059020187733058060e-01
3.060734644893059464e-01
3.062449102053061423e-01
2.925292529252924156e-01
3.064163559213064492e-01
3.056877116283055473e-01
3.058591573443056877e-01
2.963867815352961843e-01
2.939865415112938862e-01
2.915863014872915326e-01
3.028159958853028910e-01
2.989584672752989003e-01
2.993870815652994177e-01
2.903861814752902726e-01
2.945866015172945995e-01
2.921863614932920794e-01
2.910291029102909377e-01
3.000300030002999163e-01
2.903861814752902726e-01
2.903861814752902726e-01
2.951866615232951463e-01
2.864429300072863782e-01
2.903861814752902726e-01
2.903861814752902726e-01
2.903861814752902726e-01
2.903861814752902726e-01
2.957867215292956931e-01
2.933864815052931729e-01
2.894003686082893267e-01
2.903861814752902726e-01
2.903861814752902726e-01
2.903861814752902726e-01
2.903861814752902726e-01
2.808709442372807064e-01
2.884145557412885474e-01
2.916720243452916028e-01
2.903861814752902726e-01
2.667588187390144139e-01
2.729415798722729658e-01
2.792850713642791582e-01
2.875476833397608289e-01
2.903861814752902726e-01
2.903861814752902726e-01
2.664941494149398737e-01
2.797136856542799532e-01
2.776991984912776656e-01
2.831854614032833228e-01
2.903861814752902726e-01
2.859285928592857351e-01
2.634263426342633441e-01
2.699627105567674046e-01
2.761133256182761730e-01
2.824568171102825875e-01
2.888003086022887800e-01
2.582497535467714878e-01
2.663409198062663408e-01
2.560766790964807971e-01
2.745274527452744584e-01
2.808709442372807064e-01
2.855857014272856209e-01
2.903861814752902726e-01
2.602545968882603589e-01
2.730273027302728694e-01
2.729415798722729658e-01
2.507393596502507371e-01
2.507393596502507371e-01
2.512108353692510399e-01
2.507393596502507371e-01
2.627030560198874154e-01
2.615833011872618075e-01
2.507393596502507371e-01
2.507393596502507371e-01
2.507393596502507371e-01
2.526252625262526141e-01
2.503214607175003326e-01
2.697698341262699251e-01
2.687840212592688127e-01
2.824568171102825875e-01
2.507393596502507371e-01
2.521537868072520894e-01
2.429385795722428243e-01
2.384809909562384811e-01
2.507393596502507371e-01
2.507393596502507371e-01
2.507393596502507371e-01
2.485105653422485517e-01
2.535682139642536082e-01
2.432386095752432087e-01
2.549826411212549604e-01
2.306802108782307903e-01
2.507393596502507371e-01
2.496249624962495473e-01
2.451673738802450098e-01
2.419527667052418507e-01
2.362521966482361291e-01
2.383277613475630330e-01
2.507393596502507371e-01
2.228794308002229052e-01
2.454245424542452481e-01
2.418241824182418565e-01
2.373665938022373190e-01
2.329090051862329480e-01
2.284514165702284105e-01
2.239938279542240673e-01
2.228794308002229052e-01
2.429385795722428243e-01
2.384809909562384811e-01
2.400240024002400496e-01
2.331661737602331863e-01
2.507393596502507371e-01
2.228794308002229052e-01
2.440529767262440142e-01
2.228794308002229052e-01
2.351377994942351335e-01
2.306802108782307903e-01
2.237795208092237809e-01
2.235319960567480058e-01
2.400240024002400496e-01
2.388292400668637905e-01
2.362521966482361291e-01
2.317946080322317859e-01
