2.346930006930005863e+00
2.179521829521829712e+00
2.096193116193115991e+00
1.836235851235851202e+00
1.617090552090551636e+00
1.562751212751212426e+00
1.506641256641256366e+00
1.456189651189650380e+00
1.405832755832755687e+00
1.370478170478170332e+00
1.261585816585816477e+00
1.241458766458765517e+00
1.180872025872025333e+00
1.159536844536844358e+00
1.150103950103950057e+00
1.125955185955185955e+00
1.107877107877107692e+00
1.087040887040887194e+00
1.076745206745206795e+00
1.051744051744051722e+00
1.052440517440517365e+00
1.098406098406098375e+00
1.006434511434511458e+00
9.733425733425733473e-01
9.698313698313697495e-01
9.391787941787936855e-01
9.462000462000453860e-01
9.333795333795332771e-01
9.487318087318085125e-01
8.677812427812421348e-01
8.527616077616075874e-01
8.459343959343958996e-01
8.293093093093091284e-01
8.182028182028183716e-01
8.283252483252484533e-01
8.050358050358051853e-01
7.891141141141140292e-01
7.650311850311846129e-01
7.724185724185724800e-01
7.685377685377684509e-01
7.770385770385771496e-01
7.489027489027489937e-01
7.443843843843843677e-01
7.228459228459228614e-01
7.150843150843150253e-01
7.108801108801109381e-01
7.449757449757450356e-01
7.200739200739202373e-01
7.095518595518596205e-01
6.868202818202816529e-01
6.612612612612613905e-01
6.634326634326634942e-01
6.780780780780780725e-01
6.762762762762761781e-01
6.018953568953560040e-01
6.068965118965120586e-01
6.008431508431506529e-01
6.364056364056364101e-01
6.171402171402171621e-01
5.905289905289904384e-01
5.689789789789787555e-01
5.764206514206513532e-01
5.787479787479790083e-01
5.588565488565486739e-01
5.633171633171633053e-01
5.289073689073681139e-01
5.433529683529682019e-01
5.401536151536128205e-01
5.084315084315085276e-01
5.149214599214598787e-01
5.220605220605220032e-01
5.220605220605220032e-01
5.131901131901130952e-01
5.102333102333102000e-01
4.941094941094941739e-01
4.876414876414876254e-01
4.814044814044813325e-01
4.635955185955184521e-01
4.627396627396627715e-01
4.769692769692767675e-01
4.842226842226841632e-01
4.763340263340262726e-01
4.664818664818665139e-01
4.538230538230539346e-01
4.585816585816585578e-01
4.619161469161468525e-01
4.576114576114577170e-01
4.440286440286440039e-01
4.582744282744273812e-01
4.526218526218526716e-01
4.512404712404714524e-01
4.451374451374451868e-01
4.442596442596443151e-01
4.440748440748440995e-01
4.360360360360361343e-01
4.408408408408409640e-01
4.319704319704320006e-01
4.372834372834373817e-01
4.238854238854238843e-01
4.351120351120352225e-01
4.365442365442366301e-01
4.171864171864172466e-01
4.280896280896282491e-01
4.318318318318318805e-01
4.191730191730191901e-01
4.216216216216218116e-01
4.160314160314160792e-01
4.168168168168168153e-01
4.242088242088243866e-01
4.159390159390159991e-01
4.176484176484176469e-01
4.139524139524139446e-01
4.069623469623463996e-01
4.126634326634325278e-01
4.134904134904135442e-01
4.134904134904135442e-01
4.144144144144144559e-01
4.134904134904135997e-01
3.996234696234675643e-01
4.008778008778009494e-01
4.075768075768076426e-01
4.123354123354123768e-01
4.125202125202125369e-01
3.798567798567800136e-01
3.936705936705937048e-01
3.987063987063987347e-01
3.954723954723955437e-01
4.087780087780087945e-01
4.070686070686070912e-01
3.745899745899745059e-01
3.729729729729729382e-01
3.781473781473782547e-01
3.835273735273733164e-01
3.715869715869716261e-01
3.749133749133748972e-01
3.648417648417647818e-01
3.555093555093556401e-01
3.513051513051513863e-01
3.793485793485793511e-01
3.695541695541695870e-01
3.750531300531300682e-01
3.665973665973666362e-01
3.595749595749596073e-01
3.484869484869486111e-01
3.422499422499414856e-01
3.329637329637330501e-01
3.753753753753754085e-01
3.333333333333332593e-01
3.401801801801801473e-01
3.290829290829291875e-01
3.298221298221299391e-01
3.294063294063294678e-01
3.268653268653268773e-01
2.932316932316933467e-01
2.965580965580967288e-01
3.283899283899284760e-01
3.160083160083160259e-01
3.217833217833219739e-01
2.860244860244860465e-01
2.845345345345342003e-01
3.224301224301224233e-01
2.923423423423426870e-01
3.024959574959544817e-01
2.951848001847940939e-01
2.875490875490875897e-01
2.849156849156849192e-01
2.829752829752830157e-01
2.829752829752830157e-01
2.802032802032801140e-01
2.947562947562947233e-01
2.881034881034880146e-01
2.829752829752830157e-01
2.827904827904828555e-01
2.790482790482790021e-01
2.799722799722800248e-01
2.808962808962808810e-01
2.772002772002771787e-01
2.772002772002771787e-01
2.777546777546777701e-01
2.784938784938785217e-01
2.772002772002771787e-01
2.806652806652807364e-01
2.708246708246708767e-01
2.772002772002771787e-01
2.771078771078770986e-01
2.769230769230768274e-01
2.790482790482788911e-01
2.772002772002771787e-01
2.689616539616536683e-01
2.740124740124740277e-01
2.765072765072765226e-01
2.769692769692769230e-01
2.767844767844767073e-01
2.668514668514669341e-01
2.679140679140679659e-01
2.714252714252711751e-01
2.760452760452759002e-01
2.760452760452759002e-01
2.621575421575398912e-01
2.766458766458765872e-01
2.668976668976669742e-01
2.709632709632706637e-01
2.748902748902746773e-01
2.760452760452759002e-01
2.585354585354586177e-01
2.618156618156617377e-01
2.617232617232618241e-01
2.699468699468700050e-01
2.737352737352736765e-01
2.509124509124510127e-01
2.558558558558557960e-01
2.601062601062599788e-01
2.643566643566643837e-01
2.494802494802495219e-01
2.496188496188496420e-01
2.505428505428505814e-01
2.513282513282514841e-01
2.544698544698543730e-01
2.621910371910372572e-01
2.494802494802495219e-01
2.494802494802495219e-01
2.494802494802495219e-01
2.469392469392469314e-01
2.486024486024485391e-01
2.574266574266576013e-01
2.494802494802495219e-01
2.494802494802495219e-01
2.493878493878493308e-01
2.468653268653270005e-01
2.416724416724416458e-01
2.398244398244399056e-01
2.353892353892354239e-01
2.486486486486485792e-01
2.492030492030492539e-01
2.477246477246478340e-01
2.415800415800415657e-01
2.413952413952414888e-01
2.494802494802495219e-01
2.485343035343032803e-01
2.290632940632939540e-01
2.463386463386462999e-01
2.450912450912450802e-01
2.393624393624392832e-01
2.364056364056363324e-01
2.444444444444444087e-01
2.460152460152459086e-01
2.460152460152459086e-01
2.430584430584428746e-01
2.401016401016401458e-01
2.371448371448370007e-01
2.319704319704318785e-01
2.284592284592283362e-01
2.267498267498266051e-01
2.249029799029795273e-01
2.408408408408407031e-01
2.363594363594362924e-01
2.328482328482327501e-01
2.305913605913607056e-01
2.259182259182258845e-01
2.440748440748439774e-01
2.355024255024249502e-01
2.363132363132362523e-01
2.337260337260336496e-01
2.302148302148302184e-01
2.267036267036265651e-01
2.240702240702240333e-01
2.240702240702240333e-01
2.240702240702240333e-01
2.346038346038344380e-01
2.310926310926310068e-01
2.266574266574266361e-01
2.240702240702240333e-01
2.246246246246245137e-01
2.382536382536381836e-01
2.335412335412335727e-01
2.304920304920303475e-01
2.284592284592283362e-01
2.247170247170245938e-01
2.240702240702240333e-01
2.240702240702240333e-01
2.353430353430353006e-01
2.328482328482327501e-01
2.265095865095863303e-01
2.235158235158235251e-01
2.240702240702240333e-01
2.205128205128205621e-01
2.206052206052206421e-01
2.215292215292214706e-01
2.285978285978286784e-01
2.258720258720258445e-01
2.185262185262186740e-01
2.194502194502195025e-01
2.203742203742203309e-01
2.215315315315313782e-01
2.218526218526218341e-01
2.230538230538229305e-01
2.240702240702240333e-01
2.197736197736198938e-01
2.201432201432202140e-01
2.210672210672210425e-01
2.219912219912220652e-01
2.226842226842228045e-01
2.182952182952183628e-01
2.187110187110188342e-01
2.199122199122199028e-01
2.201894201894201708e-01
2.212982212982213537e-01
2.182952182952183628e-01
2.235158235158235251e-01
2.185724185724186308e-01
2.196812196812198137e-01
2.206052206052206421e-01
2.182952182952183628e-01
2.224532224532224933e-01
2.182952182952183628e-01
2.184338184338185940e-01
2.189882189882189911e-01
2.188034188034188310e-01
2.182952182952183628e-01
2.182952182952183628e-01
2.182952182952183628e-01
2.182952182952183628e-01
2.179256179256179315e-01
2.175560175560176113e-01
2.182952182952183628e-01
2.182952182952183628e-01
2.182952182952183628e-01
2.182490182490182395e-01
2.180180180180181226e-01
2.176484176484176913e-01
2.166481866481866081e-01
2.178447678447677505e-01
2.182952182952183628e-01
2.182952182952183628e-01
2.185724185724186308e-01
2.177408177408177714e-01
2.173712173712174511e-01
2.170016170016170198e-01
2.163086163086163083e-01
2.181566181566181595e-01
2.182028182028182828e-01
2.178332178332178515e-01
2.174636174636175312e-01
2.165477015477016154e-01
2.163548163548164316e-01
2.181104181104182027e-01
2.159852159852160003e-01
2.178794178794180025e-01
2.175560175560176113e-01
2.165858165858165485e-01
2.164010164010163884e-01
2.180642180642180794e-01
2.182490182490182395e-01
2.159852159852160003e-01
2.168168168168169430e-01
2.166320166320167828e-01
2.164472164472165117e-01
2.162624162624163515e-01
2.160776160776160804e-01
2.159852159852160003e-01
2.159852159852160003e-01
2.166782166782167396e-01
2.164934164934164684e-01
2.163086163086163083e-01
2.151074151074151286e-01
2.151074151074151286e-01
2.150612150612151996e-01
2.152460152460153597e-01
2.154308154308155199e-01
2.156156156156156800e-01
2.161700161700161882e-01
2.148302148302148884e-01
2.150150150150150485e-01
2.151998151998152087e-01
2.160314160314160403e-01
2.148302148302148884e-01
2.152922152922153998e-01
2.148302148302148884e-01
2.149688149688151195e-01
2.151536151536152797e-01
2.148302148302148884e-01
2.148302148302148884e-01
2.153846153846154798e-01
2.150150150150150485e-01
2.149226149226149685e-01
2.148302148302148884e-01
2.152922152922152887e-01
2.158466158466158802e-01
2.154770154770155599e-01
2.151074151074151286e-01
2.148764148764150117e-01
2.150612150612151996e-01
2.148302148302148884e-01
2.154308154308155199e-01
2.148302148302148884e-01
