1.838532749831681246e+00
1.638705876695200514e+00
1.527462248725593552e+00
1.414840819467154009e+00
1.295508319707607381e+00
1.195076704818697433e+00
1.169598201404250970e+00
1.109935558334134598e+00
1.054438780417427779e+00
1.036356641338847862e+00
9.631780802154465970e-01
9.558526498028270257e-01
9.283483216312395925e-01
8.975353467346347536e-01
8.882430027892661561e-01
8.806867365586226182e-01
8.666081561989033011e-01
8.464508992978743152e-01
8.305761277291525690e-01
8.125420794459939922e-01
8.173030681927477836e-01
8.139367125132249692e-01
8.084206982783493922e-01
7.666634606136384367e-01
7.574516687506006596e-01
7.581513898239877758e-01
7.560113494277191926e-01
7.736847167452149954e-01
7.272614696547076152e-01
7.296816389343079301e-01
6.758199480619411226e-01
6.886601904395498464e-01
6.963547177070307237e-01
6.480306819274789243e-01
6.986630758872751645e-01
6.436472059247858590e-01
6.232567086659612787e-01
6.163316341252284003e-01
6.032990285659323160e-01
5.941617774357988990e-01
6.356641338847746070e-01
6.122258824660959942e-01
5.901702414157928844e-01
5.746850052899873385e-01
5.572304510916609166e-01
5.729537366548040911e-01
5.746850052899873385e-01
5.606424930268344431e-01
5.559776858709243319e-01
5.510724247379051866e-01
5.300375108204283814e-01
5.268346638453399455e-01
5.205828604405116078e-01
5.497258824660957721e-01
5.278445705491968676e-01
5.187554102144849022e-01
5.189177166490333004e-01
5.037510820428969804e-01
5.003847263633740550e-01
4.951909204578244794e-01
4.927863806867365803e-01
4.936520150043282040e-01
4.885880542464173248e-01
4.818697701259979649e-01
4.893418774646531300e-01
4.887467538713090032e-01
4.835529479657593721e-01
4.743195152447822194e-01
4.652880638645762734e-01
4.735500625180340539e-01
4.701356160430893438e-01
4.748966047898430798e-01
4.693180725209193382e-01
4.465711262864288100e-01
4.473405790131769200e-01
4.447436760604019379e-01
4.417199672982592418e-01
4.077630566509569676e-01
4.170914686928923198e-01
4.341300375108204102e-01
4.210060594402219580e-01
4.186303741463884842e-01
4.135327498316822559e-01
4.014619601808214755e-01
4.062710397229969961e-01
4.192555544868711292e-01
3.983961719726814010e-01
4.068481292680581340e-01
3.852072713282677086e-01
3.922285274598442117e-01
4.049725882466094773e-01
3.996345099547947144e-01
3.934307973453882168e-01
3.812686351832244025e-01
3.772302106376816400e-01
3.875156295085119829e-01
3.835240934885064124e-01
3.835240934885064124e-01
3.447208329325767151e-01
3.820332788304319216e-01
3.605366932769067945e-01
3.657304991824566476e-01
3.796768298547660292e-01
3.832355487159759266e-01
3.369722035202462607e-01
3.358348562085217148e-01
3.517841685101471549e-01
3.535659324805228154e-01
3.113879003558718273e-01
3.157160719438300567e-01
3.159565259209390353e-01
3.255746850052902985e-01
3.100413580840626349e-01
3.032605559295949993e-01
3.079253630855053325e-01
2.945140425122574901e-01
3.012888333173029953e-01
2.945320765605438096e-01
2.991728383187455820e-01
3.005193805905548299e-01
2.865249591228238302e-01
2.885447725305376743e-01
2.893142252572857842e-01
2.901498028277378349e-01
2.939790324131959509e-01
2.870058670770414544e-01
2.856593248052324285e-01
2.859959603731844768e-01
2.872463210541502110e-01
2.846975088967970691e-01
2.866211407136675104e-01
2.782052515148600302e-01
2.855631432143889148e-01
2.815235163989612821e-01
2.848898720784840966e-01
2.842166009425795559e-01
2.784457054919688979e-01
2.780237087621427183e-01
2.724343560642493722e-01
2.685870924305088780e-01
2.802731557179956590e-01
2.779647975377512736e-01
2.774357987881120313e-01
2.751274406078675350e-01
2.703183610656921254e-01
2.678176397037608791e-01
2.801288833317301941e-01
2.788304318553428973e-01
2.713282677695489920e-01
2.651702414157928178e-01
2.708954506107531524e-01
2.683466384534001214e-01
2.651726459555639459e-01
2.646436472059247591e-01
2.717129941329229359e-01
2.663749158411078954e-01
2.707511782244876875e-01
2.688756372030394748e-01
2.656054631143598965e-01
2.645955564105029190e-01
2.638898239876886764e-01
2.644993748196594052e-01
2.644993748196594052e-01
2.677418967009712603e-01
2.662306434548425416e-01
2.638898239876885654e-01
2.647398287967682728e-01
2.644993748196594052e-01
2.639222852745983783e-01
2.635988746753867296e-01
2.632971049341155112e-01
2.632971049341155112e-01
2.609887467538711814e-01
2.640665576608637877e-01
2.616139270943540485e-01
2.597660382802720047e-01
2.613734731172452919e-01
2.627200153890545398e-01
2.609887467538711814e-01
2.592574781186880450e-01
2.569491199384437707e-01
2.601712032317012868e-01
2.526209483504855413e-01
2.621429258439935128e-01
2.621429258439932908e-01
2.595532365105317485e-01
2.570453015292871735e-01
2.488698663075886441e-01
2.489179571030104010e-01
2.492618062902759446e-01
2.624314706165239985e-01
2.601712032317013978e-01
2.488698663075886441e-01
2.482446859671059713e-01
2.480523227854188606e-01
2.472828700586708617e-01
2.476675964220447501e-01
2.367028950658844610e-01
2.486775031258990631e-01
2.482927767625277282e-01
2.475714148312013752e-01
2.471866884678273479e-01
2.473790516495142644e-01
2.458581802443013387e-01
2.372884005001441865e-01
2.451668750601135038e-01
2.481485043762622633e-01
2.470905068769837509e-01
2.344907184764835895e-01
2.343945368856399925e-01
2.367028950658844610e-01
2.438203327883042559e-01
2.382898913148023545e-01
2.378005674713833673e-01
2.351158988169664843e-01
2.338655381360008334e-01
2.361258055208234619e-01
2.384341637010675141e-01
2.332403577955179663e-01
2.382418005193805977e-01
2.332403577955179663e-01
2.332403577955179663e-01
2.332403577955179663e-01
2.332403577955179663e-01
2.369433490429933287e-01
2.332403577955179663e-01
2.332403577955179663e-01
2.330960854092526124e-01
2.325189958641915855e-01
2.332403577955179663e-01
2.332403577955179663e-01
2.317976339328652324e-01
2.323747234779264537e-01
2.323747234779264537e-01
2.327594498413004531e-01
2.317976339328652324e-01
2.310762720015390737e-01
2.298740021159950686e-01
2.322304510916610998e-01
2.328075406367220990e-01
2.295373665480429370e-01
2.291526401846688266e-01
2.309319996152737198e-01
2.283831874579205778e-01
2.320861787053959402e-01
2.296804366644218387e-01
2.296335481388863398e-01
2.292488217755122015e-01
2.288640954121380910e-01
2.267481004135809552e-01
2.302106376839473389e-01
2.315571799557565869e-01
2.296335481388863398e-01
2.293450033663558263e-01
2.289602770029817158e-01
2.285755506396075776e-01
2.260267384822545744e-01
2.266519188227374415e-01
2.241031066653843273e-01
2.294411849571993123e-01
2.290564585938250908e-01
2.272290083677985517e-01
2.262671924593634420e-01
2.253053765509283046e-01
2.243435606424931950e-01
2.237664710974321680e-01
2.281908242762335781e-01
2.274694623449073083e-01
2.235741079157450573e-01
2.255458305280370612e-01
2.238145618928539249e-01
2.236221987111668141e-01
2.236221987111668141e-01
2.239492161200346554e-01
2.236221987111668141e-01
2.254977397326153044e-01
2.238626526882754597e-01
2.236702895065885710e-01
2.236221987111668141e-01
2.236221987111668141e-01
2.236221987111668141e-01
2.260267384822545744e-01
2.193649610464556698e-01
2.237183803020103279e-01
2.236221987111668141e-01
2.236221987111668141e-01
2.236221987111668141e-01
2.234779263249014603e-01
2.222756564393575662e-01
2.237664710974321680e-01
2.236221987111668141e-01
2.214581129171876994e-01
2.252572857555063535e-01
2.241992882562279243e-01
2.220832932576705665e-01
2.228527459844187875e-01
2.236221987111668141e-01
2.195825718957392925e-01
2.203520246224873191e-01
2.211214773492355401e-01
2.210252957583920541e-01
2.188131191689910715e-01
2.233336539386363007e-01
2.192459363277868278e-01
2.201596614408003194e-01
2.209291141675483183e-01
2.207367509858613186e-01
2.188131191689910715e-01
2.188131191689910715e-01
2.191016639415215850e-01
2.199672982591133197e-01
2.188131191689910715e-01
2.188131191689910715e-01
2.188131191689910715e-01
2.188131191689910715e-01
2.190054823506780712e-01
2.195344811003175634e-01
2.205443878041743189e-01
2.188131191689910715e-01
2.180436664422430726e-01
2.188131191689910715e-01
2.188131191689910715e-01
2.186207559873040718e-01
2.188131191689910715e-01
2.188131191689910715e-01
2.188131191689910715e-01
2.183322112147735583e-01
2.187169375781475855e-01
2.186688467827258286e-01
2.184764836010387179e-01
2.182841204193517182e-01
2.171299413292296920e-01
2.188131191689910715e-01
2.186207559873040718e-01
2.187265557372317648e-01
2.185245743964604748e-01
2.188131191689910715e-01
2.181398480330864476e-01
2.181566798114839556e-01
2.184764836010387179e-01
2.183322112147735583e-01
2.166490333750120678e-01
2.183803020101952042e-01
2.170337597383861783e-01
2.179955756468212047e-01
2.183803020101952042e-01
2.188131191689910715e-01
2.186207559873040718e-01
2.184283928056169610e-01
2.169856689429644214e-01
2.171780321246514212e-01
2.183322112147735583e-01
2.187169375781475855e-01
2.176108492834470942e-01
2.180917572376646907e-01
2.162643070116378463e-01
2.171299413292296920e-01
2.173223045109166918e-01
2.164085793979033112e-01
2.157833990574203331e-01
2.178681350389533589e-01
2.168894873521207134e-01
2.170818505338079352e-01
2.155429450803116875e-01
2.153505818986245768e-01
2.154948542848898196e-01
2.156872174665768471e-01
2.176108492834470942e-01
2.164566701933250681e-01
2.172261229200731780e-01
2.153986726940463337e-01
2.176108492834470942e-01
2.155910358757333334e-01
2.159757622391073328e-01
2.158314898528422010e-01
2.156391266711552013e-01
2.154467634894680905e-01
2.152544003077810630e-01
2.154948542848898196e-01
2.158795806482638469e-01
2.162643070116378463e-01
2.171299413292296920e-01
2.154948542848899307e-01
2.153024911032028199e-01
2.153986726940463337e-01
2.157833990574203331e-01
2.152063095123593339e-01
2.152063095123593339e-01
2.152063095123593339e-01
2.153505818986245768e-01
2.153024911032028199e-01
2.156872174665768471e-01
2.160719438299508466e-01
2.152063095123593339e-01
2.152063095123593339e-01
