1.374575058073254086e+00
1.278984125215364198e+00
1.221955975759238644e+00
1.145436642294472396e+00
1.088223558454694428e+00
1.047384774950069986e+00
1.033250687878762175e+00
1.017008820277208070e+00
9.933944352536778766e-01
9.902711228067170302e-01
9.652681227124281227e-01
9.145262422533279034e-01
8.920581075405227267e-01
8.804301706625068391e-01
8.643310218321148541e-01
8.590611419216032107e-01
8.306457488663929745e-01
8.155456314341310575e-01
8.080921114663605076e-01
7.957364374308908417e-01
7.893342362188527916e-01
7.978107883390620492e-01
7.780530245236279008e-01
7.602067493549797828e-01
7.470506930217806207e-01
7.504648003222958996e-01
7.481088691358873666e-01
7.519627045421426459e-01
7.333205472171981931e-01
7.242032606739070566e-01
7.022792144895985134e-01
7.004823723031289306e-01
6.950532731028690181e-01
6.890175119789478941e-01
6.600340296409292762e-01
6.600704593572933598e-01
6.610536331141835253e-01
6.512696827614583572e-01
6.503186528719471227e-01
6.442891062290528881e-01
6.373057438948083187e-01
6.286483289474811276e-01
6.225281365985788629e-01
6.359685590118545617e-01
6.162622253842264808e-01
6.170165348053793242e-01
6.295912157239227369e-01
6.079305349596703101e-01
5.986473860607048891e-01
5.995559860452757128e-01
5.867841560734766704e-01
6.026760841055003315e-01
5.963591712882405638e-01
5.893642371617393572e-01
5.852412504392995318e-01
5.801496618465151744e-01
5.695893299503699270e-01
5.736180279951653693e-01
5.691007431662137295e-01
5.761406787070437741e-01
5.707893676658407633e-01
5.605461885944990064e-01
5.611804942441048771e-01
5.444228247173483748e-01
5.601308898279662163e-01
5.482286586149852647e-01
5.436599435982274464e-01
5.453382820602933334e-01
5.429193488938225398e-01
5.277508721702682815e-01
5.202763515424769780e-01
5.443028209458011801e-01
5.347710928057738400e-01
5.240736137421462271e-01
5.060901914060150775e-01
5.179705647891791331e-01
5.158908565697779558e-01
4.970116917960274439e-01
4.977156424916213684e-01
4.885782124581058983e-01
4.874276762983977829e-01
4.914154444853976456e-01
4.958641557306088243e-01
4.961898802533795116e-01
4.796036446859759383e-01
4.753025809382582789e-01
4.695147561780514955e-01
4.727351431044968799e-01
4.744263391135151164e-01
4.565372054550282388e-01
4.661171493961231427e-01
4.583286903302675741e-01
4.659403581255411875e-01
4.470740508987426365e-01
4.517113394992413600e-01
4.522599281691710438e-01
4.427282000291439257e-01
4.502627225427090485e-01
4.467641840172106860e-01
4.413910151461903908e-01
4.427282000291439257e-01
4.471854829723222458e-01
4.434396509604587866e-01
4.371493104068985280e-01
4.385623548168657848e-01
4.395170276780128726e-01
4.386470003342964330e-01
4.243142641625826106e-01
4.384337793473510603e-01
4.332564737748902384e-01
4.258590984288076475e-01
4.181274268619870060e-01
4.102328930337812984e-01
4.089899968284719800e-01
4.358108397692500025e-01
4.295020700650588052e-01
4.241276154393423536e-01
4.119583758346676006e-01
4.071470817654264107e-01
4.025955101446044293e-01
3.938532353873961944e-01
3.863692858918423845e-01
4.142015891928020888e-01
4.157873533168184310e-01
4.011640365840065114e-01
4.025183648628957722e-01
3.946838329204634399e-01
3.878436179422780627e-01
3.863692858918423845e-01
3.857006934503657281e-01
3.855892613767862298e-01
3.861549934426508623e-01
3.952152781944573978e-01
3.851506047332916571e-01
3.800926600550305068e-01
3.826234538799792029e-01
3.814405595604434818e-01
3.823148727531437974e-01
3.753632257013793661e-01
3.793319218604016552e-01
3.791347728071451373e-01
3.761689653103384434e-01
3.719516899102545127e-01
3.757575238078903479e-01
3.596410172891151280e-01
3.659857881247695621e-01
3.814405595604434818e-01
3.707087937049445836e-01
3.700916314512739946e-01
3.645028843763656878e-01
3.600198863392838899e-01
3.560683335761978818e-01
3.536939732391584656e-01
3.755003728688615650e-01
3.644943126783985465e-01
3.553740260408185803e-01
3.613399278263033643e-01
3.571912260099605052e-01
3.518424864781463102e-01
3.515339053513111822e-01
3.663029409495723310e-01
3.445393998097084354e-01
3.589484240933286663e-01
3.559226147107481530e-01
3.516710525187933811e-01
3.498709959455870711e-01
3.462837403461231922e-01
3.456108620556649913e-01
3.472651997634208509e-01
3.447389060799054827e-01
3.521862115666493098e-01
3.507967393260931210e-01
3.374257476663553024e-01
3.447108337690611979e-01
3.438879507641671718e-01
3.439308092540054318e-01
3.427393432365022363e-01
3.471794827837453301e-01
3.368420150347583575e-01
3.347505207306516462e-01
3.331733283046039995e-01
3.375106074762350139e-01
3.408878564754904139e-01
3.513796147878933684e-01
3.356762641111575296e-01
3.351448188371635717e-01
3.300960887342174743e-01
3.424050470157634085e-01
3.192271757112366548e-01
3.368162999408552682e-01
3.360619905197024249e-01
3.302675226935697927e-01
3.291789170516784546e-01
3.242474049184405072e-01
3.199214832466162339e-01
3.177528436608005880e-01
3.143670229635789348e-01
3.297187197311916007e-01
3.219872624568202446e-01
3.233930209235143516e-01
3.206157907819958686e-01
3.178385606404772190e-01
3.132612739257523149e-01
3.108697701927776724e-01
3.102941806742497977e-01
3.157899248262089342e-01
3.213100983173757252e-01
3.141355871184518533e-01
3.087354173988324790e-01
3.090439985256681066e-01
3.131584135501402910e-01
3.108954852866805396e-01
3.085811268354148318e-01
3.113041409872876475e-01
3.085811268354148318e-01
3.088125626805414692e-01
3.097383060610476857e-01
3.085811268354148318e-01
3.014066156364917370e-01
3.085811268354148318e-01
3.088897079622501818e-01
3.085811268354148318e-01
3.095068702159210483e-01
3.085811268354148318e-01
3.067508550268729928e-01
3.009437439462386288e-01
3.043381363414282004e-01
3.071496532748175246e-01
3.070125061073348260e-01
3.085811268354148318e-01
3.085811268354148318e-01
3.000951458474407918e-01
3.034895382426309740e-01
3.057181797142202173e-01
3.075353796833613651e-01
2.893205215021043553e-01
2.958671558248975320e-01
2.928349176688410660e-01
3.026409401438330815e-01
3.054586715582486844e-01
2.879233347333775561e-01
2.889947969793337790e-01
2.902976950704166392e-01
2.916005931614993885e-01
3.017923420450358551e-01
2.873661743654800094e-01
3.085811268354148318e-01
2.886690724565629251e-01
2.899719705476459519e-01
2.912748686387288122e-01
2.956635779981656165e-01
2.937520893513798081e-01
2.873661743654800094e-01
2.768401292612054920e-01
2.896462460248750426e-01
2.816145650291866365e-01
2.796034303935265863e-01
2.774315764209729362e-01
2.753400821168663914e-01
2.851032461020199804e-01
2.829431782141722529e-01
2.821374386052132865e-01
2.800459443011065752e-01
2.779544499969998639e-01
2.758629556928932081e-01
2.869461611650649391e-01
2.847518064853465369e-01
2.826603121812398256e-01
2.805688178771331143e-01
2.738143198786246457e-01
2.763858292689198581e-01
2.742943349648131468e-01
2.742943349648131468e-01
2.742943349648131468e-01
2.785201820628644409e-01
2.742943349648131468e-01
2.739943255359453267e-01
2.742343330790396050e-01
2.742943349648131468e-01
2.697427633439908878e-01
2.742943349648131468e-01
2.705602890376542224e-01
2.739343236501717849e-01
2.734371651680482795e-01
2.742943349648131468e-01
2.632197011906088902e-01
2.703234958812991695e-01
2.678827048850107029e-01
2.702142067322114705e-01
2.682770029915222953e-01
2.600910314324166306e-01
2.668798162227962179e-01
2.667604553285966018e-01
2.672998294232105665e-01
2.696313312704113896e-01
2.667169539614103746e-01
2.597224484198074612e-01
2.620539502670082843e-01
2.643854521142095515e-01
2.667169539614104856e-01
2.690484558086113087e-01
2.695370425927674507e-01
2.737114595030135100e-01
2.640168691016005487e-01
2.638025766524094706e-01
2.609739163230844206e-01
2.684655803468112278e-01
2.685855841183577564e-01
2.597224484198074612e-01
2.608881993434076230e-01
2.632197011906088902e-01
2.655512030378101573e-01
2.597224484198074612e-01
2.597224484198074612e-01
2.597224484198074612e-01
2.603053238816080417e-01
2.615653634828522534e-01
2.577938163770860380e-01
2.597224484198074612e-01
2.597224484198074612e-01
2.597224484198074612e-01
2.597224484198074612e-01
2.611967804702435836e-01
2.580081088262774491e-01
2.597224484198074612e-01
2.597224484198074612e-01
2.578795333567626691e-01
2.597224484198074612e-01
2.590795710722336720e-01
2.582224012754684717e-01
2.573652314787036044e-01
2.560366182937179880e-01
2.597224484198074612e-01
2.589852823945897331e-01
2.592938635214250276e-01
2.584366937246598828e-01
2.520507787387604171e-01
2.556680352811088186e-01
2.569452182782885341e-01
2.586166993819805637e-01
2.600910314324166306e-01
2.586509861738512384e-01
2.577938163770860380e-01
2.569366465803208932e-01
2.531308126826842808e-01
2.582481163693718385e-01
2.543651371900259583e-01
2.588652786230423164e-01
2.548537239741821003e-01
2.558638985796709009e-01
2.562937692327473815e-01
2.535936843729373891e-01
2.542108466266084776e-01
2.543651371900259583e-01
2.557318944309683317e-01
2.573652314787036044e-01
2.528222315558489863e-01
2.534393938095197418e-01
2.532165296623610229e-01
2.543651371900259583e-01
2.514336164850894950e-01
2.520507787387604171e-01
2.526679409924311726e-01
2.532851032461020946e-01
2.457934392223755926e-01
2.461020203492114977e-01
2.543051353042520835e-01
2.518964881753427698e-01
2.477220712650966827e-01
2.531308126826842808e-01
2.460077316715666429e-01
2.451505618748017756e-01
2.466248939252378702e-01
2.480992259756734930e-01
2.495735580261095876e-01
2.510478900765450438e-01
2.462220241207580262e-01
2.453648543239928537e-01
2.462563109126287009e-01
2.477306429630647677e-01
2.451505618748017756e-01
2.528222315558489863e-01
2.464363165699493818e-01
2.455791467731842093e-01
2.458877279000195037e-01
2.451505618748017756e-01
2.451505618748017756e-01
2.451505618748017756e-01
2.466506090191404599e-01
2.451505618748017756e-01
2.455191448874109450e-01
2.469934769378465955e-01
2.451505618748017756e-01
2.451505618748017756e-01
2.451505618748017756e-01
