1.131892970192561076e+00
1.066021498285412816e+00
1.057758836718543982e+00
9.967089817989973621e-01
9.466113822210497908e-01
9.241901872856763678e-01
9.045898179899762859e-01
8.745271696122396410e-01
8.774726325507770097e-01
8.458698232656292060e-01
8.192970192561329634e-01
7.991954629385386033e-01
7.924429570034285941e-01
7.810933790556582323e-01
7.824202057504617835e-01
7.780552624637299131e-01
7.602875230809813534e-01
7.022441308361905277e-01
6.906604457926661667e-01
6.803481930888939377e-01
6.315747823793194105e-01
6.706673700870482424e-01
6.431034027960961241e-01
6.415256528620415510e-01
6.060670007913478985e-01
6.094084674228434917e-01
5.736283302558687902e-01
5.483160775520972141e-01
6.040309285149029206e-01
5.804009496175148719e-01
5.527301503561062868e-01
5.659456607755206647e-01
5.567264573991029808e-01
5.281587971511471080e-01
5.210498549195461404e-01
5.213400158269585472e-01
5.117482194671589824e-01
5.122922711685571340e-01
5.111998812978103546e-01
5.062252703772088802e-01
5.106090081772618472e-01
5.096940121340014507e-01
5.012925349512001860e-01
4.868629649169087248e-01
4.841334740174098039e-01
4.911105249274600459e-01
5.028356634133472891e-01
4.546689527829071431e-01
4.498855842785545178e-01
4.630836190978638300e-01
4.715457662885782497e-01
4.750725402268536901e-01
4.434054339224480779e-01
4.378000527565283906e-01
4.398575573727247501e-01
4.439349775784763308e-01
4.418359271959904633e-01
4.263650751780534431e-01
4.218807702453179487e-01
4.158071748878919838e-01
4.036533896069637861e-01
4.094566077552097005e-01
4.180954893168028486e-01
4.112767079926139546e-01
4.101365075178054487e-01
4.011342653653388046e-01
3.893431812186758378e-01
3.916644684779741481e-01
4.007537589026647362e-01
3.939329992086520460e-01
4.000593510946978126e-01
4.006198892112897147e-01
3.864663017673437007e-01
3.720950936428379929e-01
3.609585201793709119e-01
3.496280664732144827e-01
3.840015826958585454e-01
3.765892904246900263e-01
3.687028488525441738e-01
3.585729359008177353e-01
3.755879055658138399e-01
3.429833816934840240e-01
3.795172777631229954e-01
3.750448430493274476e-01
3.701002374043789178e-01
3.507385914006841965e-01
3.474676866262197961e-01
3.364943286731731376e-01
3.326299129517279463e-01
3.131627538907935659e-01
3.699947243471372604e-01
3.492482194671588935e-01
3.334740174096544885e-01
3.146135584278558772e-01
3.071663149564752282e-01
3.114356370350820358e-01
3.003824848324981311e-01
3.531944078079666260e-01
3.258111316275378311e-01
3.216460036929554844e-01
3.089821287259296723e-01
3.109387364811396770e-01
3.001978369823267712e-01
2.995120021102612995e-01
2.989053020311264741e-01
2.977974149300976481e-01
2.941835927195982636e-01
2.974149300975996724e-01
3.027697177525718319e-01
2.933262991295174094e-01
2.895014508045368751e-01
2.964257451859668158e-01
2.935900817726192491e-01
2.808942231601156969e-01
2.956376945396997913e-01
2.937879187549456983e-01
2.865998417304141399e-01
2.834476391453442101e-01
2.707728831442889894e-01
2.709153257715643526e-01
2.626747560010551652e-01
2.957662885782116335e-01
2.873780005275646809e-01
2.789897124769187275e-01
2.545238723292005401e-01
2.662358216829333046e-01
2.622658929042469000e-01
2.603139013452913653e-01
2.598259034555526203e-01
2.472302822474281569e-01
2.472893036138221201e-01
2.538495779477707992e-01
2.548799788973857838e-01
2.416908467422843043e-01
2.416908467422844153e-01
2.416908467422843043e-01
2.334476391453445265e-01
2.503033500395674404e-01
2.447569902400420494e-01
2.410182010023740329e-01
2.416908467422841933e-01
2.380638353996306633e-01
2.307702453178579471e-01
2.416908467422843043e-01
2.390662094434184703e-01
2.255605381165919909e-01
2.235557900290161271e-01
2.350369295700341643e-01
2.320759694012133889e-01
2.360854655763650889e-01
2.280664732260616889e-01
2.238195726721181888e-01
2.360854655763650889e-01
2.207992614085995675e-01
2.325771564231074728e-01
2.305724083355316090e-01
2.240833553152202506e-01
2.238723292007387122e-01
2.185043524136111581e-01
2.183988393563704722e-01
2.192957003429175655e-01
2.261936164600366894e-01
2.164297019256134491e-01
2.179504088630969116e-01
2.187813241888685312e-01
2.181746241097336225e-01
2.137298865734641451e-01
2.179504088630969116e-01
2.149300975995778185e-01
2.143629649169086215e-01
2.190582959641257654e-01
2.179504088630969116e-01
2.161082168293321781e-01
2.121208124505407355e-01
2.121208124505410964e-01
2.113030862569246493e-01
2.067396465312583420e-01
2.067396465312583420e-01
2.072935900817727273e-01
2.033724610920601417e-01
2.032577156423108766e-01
2.105644948562384322e-01
2.067396465312583420e-01
2.067396465312583420e-01
2.066605117383277790e-01
2.038116591928250121e-01
2.018596676338696994e-01
1.999076760749143589e-01
2.047085201793722442e-01
1.981798997625957570e-01
2.062516486415197081e-01
1.945396992877868325e-01
1.977050910050117127e-01
2.003956739646530205e-01
1.984436824056977078e-01
1.953310472170929901e-01
1.945396992877868325e-01
1.971643365866526387e-01
1.990240042205222160e-01
1.909126879451310821e-01
1.963202321287258467e-01
1.948034819308890053e-01
1.945924558164071061e-01
1.945396992877868325e-01
1.893781324188858750e-01
1.933790556581375386e-01
1.901872856766023967e-01
1.948562384595092789e-01
1.882616723819569848e-01
1.878659984173040587e-01
1.890266420469532416e-01
1.901872856766023967e-01
1.872856766024794395e-01
1.872856766024794395e-01
1.887496702716960906e-01
1.867449221841198936e-01
1.872856766024794395e-01
1.875758375098918740e-01
1.872856766024794395e-01
1.861250329728302844e-01
1.872856766024794395e-01
1.872856766024794395e-01
1.872856766024794395e-01
1.871405961487732639e-01
1.872856766024794395e-01
1.859799525191242198e-01
1.865602743339487557e-01
1.868240569770508175e-01
1.872856766024794395e-01
1.872856766024794395e-01
1.761144816671064428e-01
1.858348720654179609e-01
1.864151938802426078e-01
1.869955156950672270e-01
1.856238459509359506e-01
1.823001846478499444e-01
1.768003165391715537e-01
1.856897916117117853e-01
1.862701134265364322e-01
1.844368240569767836e-01
1.864547612767074591e-01
1.816802954365599743e-01
1.774861514112368865e-01
1.728567660247953275e-01
1.861250329728302844e-01
1.836586652598257985e-01
1.872856766024794395e-01
1.809153257715640783e-01
1.781719862833021084e-01
1.736876813505668360e-01
1.703640200474806077e-01
1.694803481930885758e-01
1.836586652598257985e-01
1.770251912424155305e-01
1.681805592192025800e-01
1.761144816671064428e-01
1.711949353732525603e-01
1.678712740701658601e-01
1.655236085465571494e-01
1.796109206014237514e-01
1.637562648377738073e-01
1.628857821155368368e-01
1.652070693748350361e-01
1.687021893959378127e-01
1.653785280928515844e-01
1.816275389079388680e-01
1.628857821155368368e-01
1.629154576628853990e-01
1.700019783698212272e-01
1.695331047217090992e-01
1.629912951727777726e-01
1.628857821155368368e-01
1.628857821155368368e-01
1.662490108150871393e-01
1.736876813505668360e-01
1.556449485623850049e-01
1.620284885254550666e-01
1.629121603798470985e-01
1.628857821155368368e-01
1.494196781851754585e-01
1.516222632550778826e-01
1.631495647586387876e-01
1.630440517013980739e-01
1.629385386441572492e-01
1.628857821155368368e-01
1.475995779477713432e-01
1.508177261936166358e-01
1.540358744394619284e-01
1.606700079134793513e-01
1.629649169084673999e-01
1.437292271168562063e-01
1.489712476919024808e-01
1.500131891321553890e-01
1.532313373780008203e-01
1.537061461355845038e-01
1.596676338696915443e-01
1.628857821155368368e-01
1.459905038248482667e-01
1.492086520706942809e-01
1.524268003165395735e-01
1.538644157214459907e-01
1.588630968082302974e-01
1.436032709047737610e-01
1.411500923239250582e-01
1.484041150092330341e-01
1.516222632550778826e-01
1.447243471379592306e-01
1.427723555790029741e-01
1.427723555790029741e-01
1.416908467422844931e-01
1.395278290688471701e-01
1.373648113954097361e-01
1.427723555790029741e-01
1.558691638090220766e-01
1.421788446320232657e-01
1.422316011606435393e-01
1.361118438406755116e-01
1.306647322606167283e-01
1.427723555790029741e-01
1.427723555790029741e-01
1.419810076496969276e-01
1.427723555790029741e-01
1.373911896597196369e-01
1.492086520706936981e-01
1.266288578211548776e-01
1.287259298338176428e-01
1.200211026114476054e-01
1.427723555790029741e-01
1.387364811395408737e-01
1.333553152202575642e-01
1.279741493009761144e-01
1.206146135584273138e-01
1.415853336850435296e-01
1.427723555790029741e-01
1.400817726193621104e-01
1.347006067000788010e-01
1.293194407807954638e-01
1.239382748615140278e-01
1.427723555790029741e-01
1.150751780532842800e-01
1.414270640991817374e-01
1.360458981799002876e-01
1.274993405433918203e-01
1.252835663413333911e-01
1.183197045634395012e-01
1.419810076496969276e-01
1.378264310208389409e-01
1.357306779213925674e-01
1.305328409390664468e-01
1.240569770509096920e-01
1.194671590609342887e-01
1.148773410709571230e-01
1.425745185966766360e-01
1.338301239778423024e-01
1.297942495383796468e-01
1.252044315484042436e-01
1.206146135584273138e-01
1.160247955684519106e-01
1.111448166710626712e-01
1.351622263255083667e-01
1.347006067000788010e-01
1.263518860458972826e-01
1.217620680559218654e-01
1.161566868900019422e-01
1.082300184647852215e-01
1.091400685834871681e-01
1.051833289369558805e-01
1.274993405433918203e-01
1.229095225534149044e-01
1.171590609337903321e-01
1.095753099446045847e-01
1.041941440253231349e-01
1.049854919546295423e-01
1.271696122395148676e-01
1.218412028488519566e-01
1.163017673437093946e-01
1.109206014244258354e-01
1.055394355051425120e-01
1.047876549723028572e-01
1.055790029016092507e-01
1.063703508309152973e-01
1.176849775784746532e-01
1.122658929042473080e-01
1.068847269849639847e-01
1.045898179899761582e-01
1.053811659192825656e-01
1.245054075441825309e-01
1.217620680559218654e-01
1.043464785017123447e-01
1.082300184647852215e-01
1.043919810076498339e-01
1.051833289369558805e-01
1.041941440253231349e-01
1.050250593510949904e-01
1.118174624109731646e-01
