2.363294063294063108e+00
2.180699930699929734e+00
2.076285516285516053e+00
1.844414414414414338e+00
1.710211365211363521e+00
1.575883575883576082e+00
1.495045045045045207e+00
1.452971817971817847e+00
1.426060291060290863e+00
1.302085932085931930e+00
1.257012012012011848e+00
1.241637791637791199e+00
1.197380457380457397e+00
1.166090321090321069e+00
1.126283206283206217e+00
1.119302379302379080e+00
1.114356664356664250e+00
1.090367290367290520e+00
1.073333333333333250e+00
1.037144837144837073e+00
1.062156387156387050e+00
1.094941094941095150e+00
1.016770616770616975e+00
9.793104643104644236e-01
9.384153384153385291e-01
9.424347424347424562e-01
9.413259413259412733e-01
9.388346038346040423e-01
9.242319242319241290e-01
8.734326634326614602e-01
8.742515592515592848e-01
8.577558327558321150e-01
8.434280434280426730e-01
8.148764148764150450e-01
8.140448140448141023e-01
8.071367521367517339e-01
7.801224301224300994e-01
7.637445137445136867e-01
7.775929775929775190e-01
7.584661584661587241e-01
7.600727650727647777e-01
7.588357588357588224e-01
7.406364056364058701e-01
7.156387156387156168e-01
6.994686994686996062e-01
7.092169092169091638e-01
7.230307230307231325e-01
7.112035112035113293e-01
6.794640794640794956e-01
6.729498729498729626e-01
6.691175791175792975e-01
6.659967659967658271e-01
6.809886809886811498e-01
6.398244398244399278e-01
6.311388311388310690e-01
6.196812196812196971e-01
6.228112728112722429e-01
6.181104181104181139e-01
6.081312081312080231e-01
5.908985908985907587e-01
5.619427119427117256e-01
5.906675906675907806e-01
5.706340956340946180e-01
5.749133749133749083e-01
5.609713559713558340e-01
5.310695310695311422e-01
5.276045276045276955e-01
5.317163317163318137e-01
5.122661122661121835e-01
4.958881958881954932e-01
4.994121044121043185e-01
5.220605220605220032e-01
5.161469161469162126e-01
5.057981057981056905e-01
4.941094941094941739e-01
4.822360822360822752e-01
4.848694848694849457e-01
4.782293832293828539e-01
4.875952875952876964e-01
4.653268653268651800e-01
4.782628782628783326e-01
4.747170247170247603e-01
4.568260568260569254e-01
4.604319704319704276e-01
4.602448602448602766e-01
4.587202587202587889e-01
4.777084777084777412e-01
4.530838530838530720e-01
4.506352506352506726e-01
4.475744975744969656e-01
4.455070455070456181e-01
4.536844536844537035e-01
4.429198429198430986e-01
4.440748440748440995e-01
4.403418803418801541e-01
4.370986370986371106e-01
4.319704319704320006e-01
4.338184338184338795e-01
4.402402402402402770e-01
4.290136290136291608e-01
4.257334257334257632e-01
4.326634326634327676e-01
4.317394317394318004e-01
4.332178332178333591e-01
4.215754215754217715e-01
4.222684222684223720e-01
4.146973896973891738e-01
4.165396165396165196e-01
4.147851697851677732e-01
4.148764148764149673e-01
4.143682143682144159e-01
4.134904134904135442e-01
4.140448140448140246e-01
4.103707553707547917e-01
4.143716793716790692e-01
4.135366135366136398e-01
4.169554169554169354e-01
4.127512127512128481e-01
4.128898128898129127e-01
4.054054054054054279e-01
4.007854007854007028e-01
4.134904134904135442e-01
4.062832062832062996e-01
3.875721875721876986e-01
3.936705936705937048e-01
3.991302841302840076e-01
4.019404019404020922e-01
4.087318087318088655e-01
4.070686070686070912e-01
3.857322707322707322e-01
3.658766458766425367e-01
3.716793716793717062e-01
3.904365904365906248e-01
4.021829521829523024e-01
3.748209748209748171e-01
3.648417648417647818e-01
3.726033726033725069e-01
3.753753753753754085e-01
3.476553476553477795e-01
3.753753753753754085e-01
3.750531300531300682e-01
3.354123354123353384e-01
3.422499422499422073e-01
3.484869484869486111e-01
3.303880803880804296e-01
3.386925386925387360e-01
3.314853314853314914e-01
3.335181335181336415e-01
3.405809655809651226e-01
3.290829290829291875e-01
3.298221298221299391e-01
3.201663201663202396e-01
2.852852852852852950e-01
2.887964887964887817e-01
3.281589281589282758e-01
3.256641256641257254e-01
3.270963270963270775e-01
2.935088935088935314e-01
3.277893277893279000e-01
2.868560868560871002e-01
2.946176946176948253e-01
3.160083160083159148e-01
2.900808500808467194e-01
3.193347193347191859e-01
2.875490875490875897e-01
2.829290829290829756e-01
2.878262878262877189e-01
2.829752829752830157e-01
2.829752829752830157e-01
2.943866943866944030e-01
2.881034881034880146e-01
2.829752829752830157e-01
2.857010857010857663e-01
2.829752829752830157e-01
2.799722799722800248e-01
2.819126819126818728e-01
2.818202818202819038e-01
2.778932778932778902e-01
2.778932778932778902e-01
2.829752829752830157e-01
2.792330792330791622e-01
2.808962808962807700e-01
2.772002772002771787e-01
2.772002772002771787e-01
2.765072765072763561e-01
2.769230769230768274e-01
2.790482790482788911e-01
2.648648648648649351e-01
2.689397089397089213e-01
2.740124740124740277e-01
2.760452760452759002e-01
2.665742665742665829e-01
2.669253869253844225e-01
2.668514668514669341e-01
2.679140679140679659e-01
2.729498729498729404e-01
2.760452760452759002e-01
2.760452760452759002e-01
2.768306768306767474e-01
2.656040656040657977e-01
2.668976668976669742e-01
2.497112497112497220e-01
2.746142296142293771e-01
2.533610533610533566e-01
2.569184569184568279e-01
2.618156618156617377e-01
2.656560406560406484e-01
2.688380688380687111e-01
2.724601524601520386e-01
2.760452760452759002e-01
2.558558558558557960e-01
2.580272580272578442e-01
2.628320628320627295e-01
2.679602679602677839e-01
2.496188496188496420e-01
2.505428505428505814e-01
2.547932547932549308e-01
2.552494802494797432e-01
2.589281589281580698e-01
2.642180642180641525e-01
2.496650496650496820e-01
2.494802494802495219e-01
2.508200508200509882e-01
2.457576807576804523e-01
2.495437745437736055e-01
2.494802494802495219e-01
2.487872487872487826e-01
2.493878493878493308e-01
2.510510510510512439e-01
2.441672441672442795e-01
2.404712404712406604e-01
2.480942480942480710e-01
2.486486486486485792e-01
2.492030492030492539e-01
2.477246477246478340e-01
2.450912450912451912e-01
2.407022407022407773e-01
2.479556479556478399e-01
2.485100485100485423e-01
2.490644490644490505e-01
2.485100485100485423e-01
2.430122430122431398e-01
2.393624393624392832e-01
2.364056364056363324e-01
2.465234465234464600e-01
2.480018480018479909e-01
2.460152460152459086e-01
2.430584430584428746e-01
2.401016401016401458e-01
2.354966504966502783e-01
2.460152460152459086e-01
2.300762300762300983e-01
2.460152460152459086e-01
2.244860244860245047e-01
2.401940401940400038e-01
2.378840378840379743e-01
2.328482328482327501e-01
2.293370293370293189e-01
2.258258258258256934e-01
2.427812427812427176e-01
2.251386001385999591e-01
2.372372372372371918e-01
2.337260337260336496e-01
2.302148302148302184e-01
2.267036267036265651e-01
2.240702240702240333e-01
2.247632247632247449e-01
2.372834372834372318e-01
2.346038346038344380e-01
2.292446292446291556e-01
2.266574266574266361e-01
2.240702240702240333e-01
2.240702240702240333e-01
2.240702240702240333e-01
2.227304227304229278e-01
2.319704319704318785e-01
2.273331023331017497e-01
2.247170247170245938e-01
2.240702240702240333e-01
2.240702240702240333e-01
2.321252021252022124e-01
2.291522291522290755e-01
2.279510279510278958e-01
2.253638253638252931e-01
2.240702240702240333e-01
2.240702240702240333e-01
2.272522522522521793e-01
2.215292215292214706e-01
2.269346269346269873e-01
2.260106260106258536e-01
2.186648186648187109e-01
2.201432201432202140e-01
2.203742203742203309e-01
2.212982212982213537e-01
2.222222222222221821e-01
2.230538230538229305e-01
2.182952182952183628e-01
2.240702240702240333e-01
2.204666204666206053e-01
2.204666204666206053e-01
2.215754215754215939e-01
2.182952182952183628e-01
2.182952182952183628e-01
2.189882189882191021e-01
2.199122199122199028e-01
2.201894201894201708e-01
2.212982212982213537e-01
2.182952182952183628e-01
2.182028182028182828e-01
2.181104181104182027e-01
2.182952182952183628e-01
2.206052206052206421e-01
2.182952182952183628e-01
2.182952182952183628e-01
2.182952182952183628e-01
2.184338184338185940e-01
2.187629937629938792e-01
2.195426195426194715e-01
2.207438207438208733e-01
2.179256179256180426e-01
2.182952182952183628e-01
2.182952182952183628e-01
2.179256179256179315e-01
2.175560175560176113e-01
2.182952182952183628e-01
2.182952182952183628e-01
2.182952182952183628e-01
2.182952182952183628e-01
2.180180180180181226e-01
2.176484176484176913e-01
2.172788172788173711e-01
2.178332178332179625e-01
2.180180180180181226e-01
2.182952182952183628e-01
2.181104181104182027e-01
2.159852159852160003e-01
2.173712173712174511e-01
2.164934164934164684e-01
2.166735966735967023e-01
2.181566181566181595e-01
2.159852159852160003e-01
2.159852159852160003e-01
2.159852159852160003e-01
2.165396165396166195e-01
2.163548163548164316e-01
2.161700161700161882e-01
2.182952182952183628e-01
2.178794178794180025e-01
2.175560175560176113e-01
2.165858165858165485e-01
2.164010164010163884e-01
2.180642180642180794e-01
2.160314160314159571e-01
2.159852159852160003e-01
2.151536151536152797e-01
2.172788172788173711e-01
2.164472164472165117e-01
2.162624162624163515e-01
2.160776160776160804e-01
2.181104181104182027e-01
2.151074151074151286e-01
2.166782166782167396e-01
2.164934164934164684e-01
2.154770154770155599e-01
2.151074151074151286e-01
2.174174174174174912e-01
2.169092169092170508e-01
2.152460152460153597e-01
2.165396165396166195e-01
2.163548163548164316e-01
2.151998151998152087e-01
2.148302148302148884e-01
2.150150150150150485e-01
2.167706167706168197e-01
2.148302148302148884e-01
2.156618156618157200e-01
2.152922152922153998e-01
2.149226149226149685e-01
2.149688149688151195e-01
2.151536151536152797e-01
2.153384153384154398e-01
2.157542157542158001e-01
2.153846153846154798e-01
2.148302148302148884e-01
2.149226149226149685e-01
2.148302148302148884e-01
2.148302148302148884e-01
2.148302148302148884e-01
2.148302148302148884e-01
2.148302148302148884e-01
2.148302148302148884e-01
2.150612150612151996e-01
2.148302148302148884e-01
2.148302148302148884e-01
2.148302148302148884e-01
