1.147647241662823170e+00
1.135822537950949895e+00
1.099351775723424574e+00
1.090192161148655581e+00
9.913537509776002565e-01
9.500674293621031996e-01
8.975900896384386707e-01
8.381058615918346444e-01
8.497275252170775062e-01
8.379013175045595396e-01
8.335279343052518497e-01
7.988988208634967281e-01
7.374215412998575969e-01
7.024735797220609257e-01
6.783065454107929382e-01
6.652272544969618506e-01
6.529894519421663990e-01
6.380973389215315317e-01
6.306876290933850493e-01
6.350439669520923092e-01
6.199046964926706593e-01
6.168909298734635005e-01
5.887758938777146733e-01
5.824262538352017460e-01
5.830719714440412149e-01
5.668899272063689931e-01
5.623458399342250447e-01
5.608017326087394450e-01
5.554174103114286609e-01
5.436696612990555844e-01
5.263272805663058440e-01
5.308884131790564398e-01
5.348236308580824883e-01
5.277633505123631164e-01
5.132422243166822051e-01
4.877621974452038267e-01
5.055998957226223167e-01
4.891812220506548403e-01
4.541079270860492456e-01
4.826438325947020047e-01
4.890709286702630831e-01
4.769912968496198280e-01
4.558425411594844712e-01
4.418553351916093552e-01
4.280498626346070368e-01
4.740208955822489689e-01
4.684209998596265412e-01
4.554515009926401459e-01
4.451440832614755871e-01
4.299937834640140122e-01
4.137505765335793284e-01
3.976139029819317217e-01
3.849341749052479500e-01
4.476467403292755942e-01
4.413209136302564395e-01
4.176702528726404240e-01
4.081907874947358628e-01
3.899560330479061032e-01
3.861972847775081985e-01
3.770136061924724280e-01
3.715683718691719650e-01
3.923611807407689778e-01
3.984498766719472562e-01
3.781458680089038182e-01
3.717789319590107944e-01
3.632031202999979058e-01
3.450954539073936012e-01
3.490284155854573855e-01
3.522469769587102673e-01
3.530190306214530671e-01
3.583462008943785748e-01
3.627148214249904523e-01
3.379890508753284895e-01
3.426013195098964736e-01
3.352056470210763028e-01
3.407363587141796768e-01
3.423694527442993629e-01
3.322136884111738797e-01
3.341611185754104763e-01
3.261345178173941650e-01
3.226823350111288624e-01
3.190988028154898015e-01
3.272078729420255794e-01
3.273279423265887944e-01
3.310806745944210872e-01
3.171235486393812475e-01
3.227084043555862314e-01
3.130527202358273087e-01
3.222672308340183700e-01
3.177264022299327029e-01
3.075079712034011203e-01
3.076683979385165246e-01
3.038103856257643454e-01
3.081195981310284604e-01
2.953055126636852656e-01
2.944943549842576891e-01
3.073174644554514945e-01
2.965387931898851304e-01
3.017727154230253617e-01
2.950548458900676962e-01
2.888784165881244648e-01
2.867126556640665069e-01
2.840856678765514287e-01
2.914166683377782952e-01
2.946638057232238705e-01
2.902019371528264946e-01
2.877742294503376486e-01
2.848476948683496546e-01
2.828022539956283610e-01
2.838049210900996377e-01
2.830228407564120419e-01
2.837046543806525101e-01
2.837848677482102122e-01
2.765907313453785377e-01
2.805808450478275984e-01
2.836545210259289185e-01
2.831030541239695775e-01
2.657769667315057482e-01
2.707501955200836696e-01
2.750015040006418832e-01
2.748009705817475168e-01
2.569334429582690316e-01
2.587582970702069773e-01
2.647943529789240080e-01
2.664312070106478747e-01
2.568732829326007550e-01
2.549281087693264780e-01
2.556089197264718726e-01
2.576152565825095553e-01
2.625483786873081815e-01
2.550935488399135309e-01
2.707702488619730952e-01
2.552289088976677500e-01
2.546273086409850950e-01
2.562315759921391933e-01
2.596606974552311820e-01
2.640523793290153742e-01
2.537650149397396859e-01
2.547075220085426306e-01
2.542462951450860098e-01
2.542663484869753798e-01
2.577355766338461640e-01
2.514789339643451194e-01
2.537048549140713538e-01
2.501955200834218296e-01
2.529227745803837579e-01
2.529227745803837579e-01
2.525217077425951362e-01
2.516393606994604681e-01
2.489682555597899916e-01
2.512583472035613830e-01
2.476587723344098324e-01
2.518699741311890561e-01
2.524414943750376006e-01
2.517997874345758724e-01
2.364188742053862646e-01
2.399883690617041210e-01
2.435578639180218108e-01
2.468466119878881815e-01
2.304931116770617405e-01
2.407403693825581614e-01
2.348421801993300084e-01
2.390959953476247957e-01
2.402089558224878296e-01
2.458138648805821280e-01
2.489121062024986786e-01
2.278560972186019773e-01
2.298213247237657630e-01
2.362785008121606189e-01
2.226823350111296895e-01
2.232338019130888640e-01
2.225920949726273024e-01
2.268032967694067203e-01
2.286281508813443053e-01
2.326791766097825731e-01
2.285920548659441665e-01
2.346065534321301604e-01
2.224557322477792032e-01
2.228427617462452603e-01
2.274349770389235692e-01
2.225920949726273024e-01
2.211883610403673761e-01
2.217498546132714021e-01
2.218902280064976029e-01
2.224517215794012959e-01
2.221709747929492551e-01
2.218902280064974364e-01
2.200653738945596571e-01
2.190827601419777504e-01
2.205030380812958157e-01
2.209772996169813153e-01
2.222411614895622722e-01
2.203461206810116702e-01
2.199951871979466400e-01
2.185914532656869080e-01
2.182505464535665629e-01
2.190827601419777504e-01
2.178895862995568478e-01
2.185212665690738909e-01
2.182405197826218779e-01
2.179597729961698371e-01
2.176790262097178241e-01
2.188722000521387268e-01
2.177492129063310078e-01
2.173280927266529883e-01
2.183107064792348673e-01
2.180299596927828543e-01
2.164858523672970880e-01
2.170473459402011418e-01
2.173782260813762468e-01
2.173280927266529883e-01
2.166262257605231223e-01
2.169771592435881247e-01
2.163454789740710815e-01
2.169069725469751353e-01
2.173280927266529883e-01
2.148214249904743522e-01
2.184510798724608738e-01
2.156436120079412155e-01
2.162051055808450750e-01
2.167665991537491288e-01
2.121956905368279356e-01
2.173280927266529883e-01
2.137485711993904469e-01
2.145908115587464859e-01
2.120640904806786742e-01
2.120640904806786742e-01
2.162953456193478230e-01
2.123147572542964379e-01
2.135380111095514233e-01
2.153628652214892025e-01
2.152224918282631960e-01
2.160647321876192350e-01
2.122044638739046807e-01
2.109210499929811966e-01
2.130243948904082529e-01
2.141696913790684664e-01
2.120640904806786742e-01
2.088355024364811352e-01
2.122746505705176701e-01
2.124150239637438708e-01
2.081536888122403062e-01
2.087989050875312946e-01
2.120640904806786742e-01
2.049251007680431280e-01
2.084945956243609844e-01
2.120640904806786742e-01
2.089357691459282074e-01
2.058074478111774075e-01
2.026791264764269684e-01
2.001824854111935725e-01
2.076022219102816591e-01
2.107004632321980431e-01
2.097178494796157755e-01
2.065895281448653364e-01
2.034612068101150639e-01
1.914091483345698730e-01
2.067098481962023337e-01
1.897547476286923773e-01
2.104999298133031771e-01
2.073716084785529046e-01
1.943670162632604448e-01
1.912988549541781158e-01
2.058174744821224533e-01
2.079732087352356984e-01
2.112820101469907452e-01
2.081536888122403062e-01
1.907754627308637929e-01
1.911885615737863586e-01
2.049251007680431280e-01
2.066095814867549008e-01
2.120640904806786742e-01
1.870675998155093278e-01
1.906370946718271842e-01
1.910782681933944072e-01
1.906471213427722300e-01
1.741131409549399323e-01
1.918302685142479203e-01
1.907173080393848863e-01
1.905268012914352327e-01
1.843704253313815933e-01
1.888774139210304126e-01
1.890228006497285951e-01
1.897547476286923773e-01
1.719874867146612973e-01
1.904165079110434755e-01
1.830368780957346841e-01
1.788056229570657019e-01
1.756773016223154293e-01
1.725489802875649903e-01
1.710951130005819720e-01
1.702027392865021194e-01
1.756773016223149020e-01
1.702027392865021194e-01
1.764593819560028309e-01
1.733310606212525584e-01
1.702027392865021194e-01
1.702027392865021194e-01
1.834981049591911106e-01
1.709848196201889658e-01
1.772414622896903991e-01
1.741131409549399323e-01
1.705135660857878543e-01
1.702027392865021194e-01
1.702027392865021194e-01
1.702027392865021194e-01
1.733110072793629941e-01
1.720677000822186387e-01
1.708243928850742832e-01
1.702027392865021194e-01
1.702027392865021194e-01
1.702027392865021194e-01
1.702027392865021194e-01
1.669039645456919241e-01
1.708344195560189682e-01
1.702027392865021194e-01
1.702027392865021194e-01
1.702027392865021194e-01
1.645476968736838408e-01
1.664327110112900909e-01
1.683177251488963688e-01
1.702027392865021194e-01
1.638759099203890846e-01
1.621914292016764514e-01
1.640764433392827015e-01
1.650590570918642475e-01
1.678464716144947022e-01
1.705135660857878543e-01
1.598351615296690342e-01
1.702027392865021194e-01
1.702027392865021194e-01
1.654902039424873128e-01
1.673752180800928691e-01
1.586287023482462755e-01
1.686385786191271496e-01
1.612489221328736733e-01
1.631339362704799234e-01
1.650189504080854797e-01
1.669039645456919241e-01
1.684881785549560973e-01
1.581105741271783549e-01
1.607776685984718124e-01
1.626626827360780903e-01
1.645476968736845347e-01
1.584214009264644230e-01
1.584214009264644230e-01
1.584214009264644230e-01
1.571780937293197344e-01
1.559347865321757121e-01
1.584214009264644230e-01
1.650590570918642475e-01
1.584214009264644230e-01
1.584214009264644230e-01
1.574889205286061633e-01
1.544408125614132321e-01
1.584214009264644230e-01
1.584214009264644230e-01
1.584214009264644230e-01
1.584214009264644230e-01
1.577997473278922591e-01
1.565564401307479037e-01
1.506005975895876869e-01
1.560751599254015520e-01
1.584214009264644230e-01
1.584214009264644230e-01
1.576393205927765218e-01
1.548619327410912516e-01
1.513826779232756159e-01
1.576393205927752728e-01
1.451260352537749043e-01
1.451260352537738219e-01
1.584214009264644230e-01
1.552930795917134565e-01
1.521647582569637114e-01
1.490364369222127450e-01
1.459081155874629998e-01
1.427797942527120056e-01
1.584214009264644230e-01
1.560751599254015520e-01
1.529468385906505579e-01
1.498185172559008405e-01
1.466901959211498463e-01
1.435618745863999346e-01
1.417971805001297658e-01
1.388693925842741650e-01
1.528866785649826143e-01
1.506005975895876869e-01
1.474722762548377752e-01
1.443439549200869754e-01
1.581206007981230399e-01
1.388693925842741650e-01
1.388693925842741650e-01
1.513826779232756159e-01
1.464295024765868425e-01
1.443239015781979384e-01
