1.076668461869882520e+00
9.941902735889702747e-01
9.309047824213699807e-01
9.418276066350705911e-01
8.950667815596715648e-01
8.540876777251186214e-01
8.191000646273159935e-01
7.989460361912968933e-01
7.680256355019390302e-01
7.424730719517447231e-01
7.190117406290390534e-01
7.071844032744507569e-01
6.787044915984489224e-01
6.736861805256355584e-01
6.640348987505388934e-01
6.513251292546315963e-01
6.402655105557951698e-01
6.167842524773804458e-01
6.106694312796208113e-01
5.968548039638088554e-01
5.968338000861695969e-01
5.846079276174064310e-01
5.761094355881084539e-01
5.687850064627316682e-01
5.601424493752689138e-01
5.633175355450237287e-01
5.543408013787161082e-01
5.533665445928478421e-01
5.522296423955193045e-01
5.356346940973713000e-01
5.371714778112882671e-01
5.372684187850064186e-01
5.353080568720379739e-01
5.349609543300303249e-01
5.295691512279190327e-01
5.181344248168890942e-01
5.074092524773801127e-01
5.095196036191296241e-01
4.980504093063335969e-01
5.224041361482120172e-01
4.924816889271866893e-01
4.922985781990522058e-01
4.863851788022404699e-01
4.794592847910381650e-01
4.763639056441188457e-01
4.724555687203790266e-01
4.830891856958208774e-01
4.772188711762171409e-01
4.677401981904353301e-01
4.570317212408446794e-01
4.571628608358464518e-01
4.498115036622148954e-01
4.511904890133562884e-01
4.373869021973289528e-01
4.323470486859110062e-01
4.370314519603621939e-01
4.335954330030160064e-01
4.303748384317105935e-01
4.263994506678157048e-01
4.253834554071520002e-01
4.163076260232659864e-01
4.154459284791038320e-01
4.152366975441618702e-01
4.128099418354157502e-01
4.098341232227488695e-01
4.046747091770789284e-01
4.063981042654029596e-01
3.946410491167599566e-01
3.950686665230509487e-01
3.845002154243861159e-01
4.020357604480825908e-01
3.853403705299440762e-01
3.848879793192589438e-01
3.902951314088755064e-01
3.828629900904781946e-01
3.818397242567858063e-01
3.844302024989226241e-01
3.818935803532957918e-01
3.794054286945280907e-01
3.736320551486428387e-01
3.669969840585953214e-01
3.644980611805256898e-01
3.718440327445067806e-01
3.772619560534253291e-01
3.743785006462729825e-01
3.725549332184401874e-01
3.575506247307194130e-01
3.555197113313227075e-01
3.486535975872469550e-01
3.578306764325724920e-01
3.756785868160272268e-01
3.515725980180955945e-01
3.330999569151227857e-01
3.444205084015508622e-01
3.470594571305473108e-01
3.519711331322706860e-01
3.336923739767335140e-01
3.476389487289959779e-01
3.390133563119340776e-01
3.325937096079278343e-01
3.233089185695821044e-01
3.276604911675999876e-01
3.327229642395519993e-01
3.359435588108574122e-01
3.210900473933651633e-01
3.193020249892285500e-01
3.144118914261093134e-01
3.265725980180957388e-01
3.073244291253769411e-01
3.079276174062902660e-01
3.057195174493755330e-01
3.091878500646273453e-01
2.953791469194313457e-01
2.985566566135287592e-01
2.932249030590259875e-01
3.027682033606198808e-01
3.060453468332609006e-01
2.992137009909522916e-01
2.961115898319688355e-01
2.923201206376562777e-01
2.929125376992676166e-01
2.870529943989660882e-01
3.015833692373974251e-01
2.873222748815166816e-01
2.875915553640668310e-01
2.927725118483412436e-01
2.880762602326583655e-01
2.869560534252478812e-01
2.870853080568721016e-01
2.870529943989660882e-01
2.856635071090048439e-01
2.875915553640670530e-01
2.843601895734598206e-01
2.847479534683327596e-01
2.846515510555794881e-01
2.826798793623437889e-01
2.815596725549331381e-01
2.804394657475226538e-01
2.843601895734598206e-01
2.843601895734598206e-01
2.828091339939677873e-01
2.829599310641965904e-01
2.740222425678587870e-01
2.755277897457994452e-01
2.799655320982337159e-01
2.785221887117620976e-01
2.843601895734598206e-01
2.777251184834120257e-01
2.737289961223612345e-01
2.738582507539854549e-01
2.721779405428696452e-01
2.750969409737182847e-01
2.646488582507537379e-01
2.655967255493321688e-01
2.682249030590262984e-01
2.710254200775527589e-01
2.636255924170616272e-01
2.724472210254200166e-01
2.638194743644979856e-01
2.647242567858683060e-01
2.636255924170616272e-01
2.663722533390781022e-01
2.656290392072381823e-01
2.623438173201205759e-01
2.630972641102969911e-01
2.622468763464027575e-01
2.573217363205492769e-01
2.620422231796632473e-01
2.655751831107283634e-01
2.636255924170616272e-01
2.628931495045239153e-01
2.590478242137009279e-01
2.581107281344248716e-01
2.542438604049983009e-01
2.447005601034030475e-01
2.619775958638518309e-01
2.627100387763895428e-01
2.590478242137009279e-01
2.571090047393363998e-01
2.506785868160275044e-01
2.438986428263679729e-01
2.439142610943560996e-01
2.358143041792324646e-01
2.583800086169756316e-01
2.566566135286510453e-01
2.507755277897455448e-01
2.470917707884531522e-01
2.423093494183539143e-01
2.413937957776819965e-01
2.580461008186126781e-01
2.570120637656185814e-01
2.421370099095203621e-01
2.382168246445494630e-01
2.371176217147777099e-01
2.356096510124942867e-01
2.286299009047822739e-01
2.245799224472209421e-01
2.399719948298149608e-01
2.367298578199057146e-01
2.381624299870739869e-01
2.339831968978884624e-01
2.275218117190864198e-01
2.176109435588103880e-01
2.501685695820766164e-01
2.375053856096510374e-01
2.407690650581646719e-01
2.209177078845323827e-01
2.245045239121059855e-01
2.189896596294694242e-01
2.169000430848772309e-01
2.182356742783282955e-01
2.307733735458850355e-01
2.205514864282636101e-01
2.220163722533390338e-01
2.234812580784142910e-01
2.165661352865144718e-01
2.172554933218441842e-01
2.162322274881515183e-01
2.162322274881515183e-01
2.216501507970702889e-01
2.162322274881515183e-01
2.162322274881515183e-01
2.175678586816025828e-01
2.183541576906504744e-01
2.177186557518313303e-01
2.162322274881515183e-01
2.160706591986211456e-01
2.161999138302455326e-01
2.140025850926325635e-01
2.162322274881515183e-01
2.162322274881515183e-01
2.159090909090907728e-01
2.160383455407151321e-01
2.158444635932787736e-01
2.161568289530375331e-01
2.106096510124945698e-01
2.157475226195605666e-01
2.041506893580347093e-01
2.160060318828089521e-01
2.161352865144333391e-01
2.146165445928475135e-01
2.113851788022400868e-01
2.081538130116326601e-01
2.121343171046947418e-01
2.121714778112880062e-01
2.154566996984058069e-01
2.154243860404998212e-01
2.121930202498923945e-01
2.156828953037483732e-01
2.059823352003407326e-01
2.154243860404998212e-01
2.055148642826363781e-01
1.952606635071089392e-01
2.112882378285221019e-01
2.097694959069366649e-01
2.002585092632487573e-01
2.028220594571308599e-01
1.994614390348984634e-01
2.151012494614390480e-01
1.944851357173634221e-01
2.071520896165441883e-01
2.013140887548468538e-01
2.036622145626885705e-01
1.997522619560534174e-01
1.964562688496339915e-01
2.136363636363626528e-01
1.945820766910816291e-01
1.990413614821191501e-01
1.955622576475653240e-01
2.003985351141747695e-01
1.971348556656613293e-01
1.944205084015512286e-01
1.944205084015512286e-01
2.041361482119769533e-01
1.964013356311928860e-01
2.005277897457989622e-01
1.978134424816888615e-01
1.950990952175785664e-01
1.909629470056010414e-01
1.940844463593279501e-01
1.976411029728566693e-01
1.928048255062474181e-01
1.934510986643689645e-01
1.952391210685049394e-01
1.944851357173634221e-01
1.915946790176648040e-01
1.920050624730721134e-01
1.926432572167170454e-01
1.932895303748385640e-01
1.939358035329600827e-01
1.905751831107282968e-01
1.930202498922879983e-01
1.918354157690651540e-01
1.929017664799656251e-01
1.931279620853081913e-01
1.926971133132272251e-01
1.903813011632917163e-01
1.910275743214132349e-01
1.916738474795347535e-01
1.923201206376562999e-01
1.903813011632917163e-01
1.922662645411462867e-01
1.903813011632917163e-01
1.908660060318828622e-01
1.915122791900045751e-01
1.921585523481258995e-01
1.903813011632917163e-01
1.903813011632917163e-01
1.903813011632917163e-01
1.907044377423524895e-01
1.879254631624300009e-01
1.903813011632917163e-01
1.903813011632917163e-01
1.932895303748387583e-01
1.903813011632917163e-01
1.899719948298145833e-01
1.911891426109436076e-01
1.903813011632917163e-01
1.903813011632917163e-01
1.903813011632917163e-01
1.903813011632917163e-01
1.903813011632917163e-01
1.880978026712619988e-01
1.858143041792332251e-01
1.903813011632917163e-01
1.888087031451964881e-01
1.890685588108574622e-01
1.901120206807413449e-01
1.886686772942697266e-01
1.863851788022400091e-01
1.841016803102112354e-01
1.903813011632917163e-01
1.903813011632917163e-01
1.783929340801373442e-01
1.892395519172772322e-01
1.869560534252477091e-01
1.846725549332179916e-01
1.823890564411890514e-01
1.884963377854375344e-01
1.898965962947005703e-01
1.898104265402841828e-01
1.854803963808706602e-01
1.823890564411890514e-01
1.797285652735887695e-01
1.785221887117620920e-01
1.893041792330894257e-01
1.903813011632917163e-01
1.864605773373539943e-01
1.792546316242999982e-01
1.800301594140455153e-01
1.788237828522190598e-01
1.890348987505386658e-01
1.764110297285649553e-01
1.886686772942697266e-01
1.826691081430417973e-01
1.803317535545024830e-01
1.791253769926754169e-01
1.779190004308487671e-01
1.767126238690218953e-01
1.699159844894440885e-01
1.772414907367504400e-01
1.720702283498494189e-01
1.794269711331321904e-01
1.733735458853939149e-01
1.770142180094786688e-01
1.829383886255920022e-01
1.707238259370960076e-01
1.809349418354156136e-01
1.797285652735887695e-01
1.739444205084014206e-01
1.716609220163717031e-01
1.693774235243429571e-01
1.704545454545456085e-01
1.715316673847478990e-01
1.726087893149505781e-01
1.746230073244293413e-01
1.722317966393794308e-01
1.699482981473497134e-01
1.706723933649289537e-01
1.712623869021975276e-01
1.723395088323998181e-01
1.693774235243429571e-01
1.693774235243429571e-01
1.705191727703574411e-01
1.699159844894440885e-01
1.693774235243429571e-01
1.693774235243429571e-01
1.693774235243429571e-01
1.733735458853939149e-01
1.693774235243429571e-01
1.696467040068937171e-01
1.707238259370960076e-01
1.693774235243429571e-01
1.693774235243429571e-01
1.693774235243429571e-01
