1.501561524047470231e+00
1.322610868207370061e+00
1.307932542161148959e+00
1.162742036227357723e+00
1.171767645221736487e+00
1.074960961898812961e+00
1.076202373516552013e+00
9.918800749531540006e-01
1.009993753903810187e+00
9.025687070580885596e-01
9.525296689569019426e-01
8.697688944409743828e-01
9.038101186758275007e-01
8.266708307307932824e-01
7.607745159275451918e-01
7.910836976889442651e-01
7.432854465958774748e-01
7.073703935040598356e-01
7.133041848844472455e-01
6.926998750780763991e-01
6.764522173641475122e-01
6.630231105559023508e-01
6.664584634603373248e-01
6.546064959400372807e-01
6.508432229856340179e-01
6.336664584634602582e-01
6.233603997501560023e-01
6.105559025608993107e-01
6.221111805121797289e-01
5.671767645221733600e-01
5.815115552779512864e-01
5.552779512804495443e-01
5.509212991879981480e-01
5.349781386633355451e-01
5.459088069956277156e-01
5.160134291068075862e-01
5.452841973766394679e-01
4.890771392879449397e-01
5.334166146158649813e-01
4.837601499063085564e-01
4.234853216739536963e-01
4.665833853841350187e-01
4.234853216739536963e-01
4.500312304809494512e-01
4.222361024359773674e-01
4.169269206745782608e-01
3.835103060587133905e-01
4.500312304809492292e-01
3.922548407245471935e-01
3.960024984384760138e-01
3.835103060587133905e-01
3.972595252966892865e-01
3.810118675827607326e-01
3.869456589631481425e-01
3.797938788257336773e-01
3.791536539662707095e-01
3.797626483447843482e-01
3.766396002498438866e-01
3.785134291068081303e-01
3.747735790131170308e-01
3.785134291068081303e-01
3.710181136789507117e-01
3.760149906308556389e-01
3.691442848219862460e-01
3.697688944409744383e-01
3.660290443472830058e-01
3.697688944409744383e-01
3.603997501561523320e-01
3.610243597751405797e-01
3.585493441598998077e-01
3.610243597751405797e-01
3.544659587757651442e-01
3.585259212991879774e-01
3.519675202998126529e-01
3.585259212991879774e-01
3.491567770143659821e-01
3.585259212991879774e-01
3.423016864459711983e-01
3.485321673953778454e-01
3.410368519675203158e-01
3.485321673953778454e-01
3.413491567770143287e-01
3.322923173016864573e-01
3.335415365396626752e-01
3.322923173016864573e-01
3.241723922548407910e-01
3.322923173016864573e-01
3.272954403497813636e-01
3.322923173016864573e-01
3.210493441599000519e-01
3.322923173016864573e-01
3.238600874453466671e-01
3.322923173016864573e-01
3.154512804497184852e-01
3.091817613991254543e-01
3.132417239225482875e-01
3.091817613991254543e-01
3.076202373516552235e-01
3.154278575890068770e-01
3.045128044971890935e-01
3.091817613991254543e-01
3.060587133041847707e-01
2.910680824484697116e-01
2.995159275452839998e-01
2.910680824484697116e-01
2.951280449718924892e-01
2.910680824484697116e-01
2.954715802623354981e-01
2.910680824484697116e-01
2.910680824484697116e-01
2.910680824484697116e-01
2.910680824484697116e-01
2.773266708307307593e-01
2.832995003123045530e-01
2.848219862585882889e-01
2.854465958775764811e-01
2.848219862585882889e-01
2.823235477826357975e-01
2.773266708307307593e-01
2.810743285446595796e-01
2.710805746408493366e-01
2.738913179262961184e-01
2.710805746408493366e-01
2.776389756402248277e-01
2.710805746408493366e-01
2.779512804497188405e-01
2.710805746408493366e-01
2.707682698313553238e-01
2.710805746408493366e-01
2.738913179262961184e-01
2.710805746408493366e-01
2.657713928794501190e-01
2.598376014990629312e-01
2.692067457838850930e-01
2.667083073079323796e-01
2.638975640224856534e-01
2.642098688319798883e-01
2.626483447845094354e-01
2.598376014990629312e-01
2.642098688319798883e-01
2.598376014990629312e-01
2.642098688319798883e-01
2.598376014990629312e-01
2.598454091193002635e-01
2.598376014990629312e-01
2.570268582136162605e-01
2.598376014990629312e-01
2.598376014990629312e-01
2.573391630231104954e-01
2.570268582136162605e-01
2.598376014990629312e-01
2.570268582136162605e-01
2.567145534041222477e-01
2.557776389756400426e-01
2.598376014990629312e-01
2.570268582136162605e-01
2.542161149281697563e-01
2.560899437851342220e-01
2.542161149281697563e-01
2.532792004996876623e-01
2.542161149281697563e-01
2.545284197376638802e-01
2.542161149281697563e-01
2.542161149281697563e-01
2.542161149281697563e-01
2.548407245471580040e-01
2.542161149281697563e-01
2.501561524047468121e-01
2.542161149281697563e-01
2.529668956901934274e-01
2.523422860712055127e-01
2.517176764522172094e-01
2.542161149281697563e-01
2.526545908806994145e-01
2.510930668332290727e-01
2.510930668332291837e-01
2.492192379762648291e-01
2.517176764522172094e-01
2.542161149281697563e-01
2.514053716427231966e-01
2.492192379762648291e-01
2.501561524047469232e-01
2.492192379762648291e-01
2.492192379762648291e-01
2.492660836976882677e-01
2.507807620237351709e-01
2.492192379762648291e-01
2.492192379762649401e-01
2.492192379762648291e-01
2.492192379762648291e-01
2.492192379762648291e-01
2.492192379762648291e-01
2.460961898813242288e-01
2.476577139287944596e-01
2.492192379762648291e-01
2.476577139287944596e-01
2.460961898813242288e-01
2.489069331667708163e-01
2.492192379762648291e-01
2.489069331667708163e-01
2.492192379762648291e-01
2.476577139287944596e-01
2.485946283572765814e-01
2.473454091193004745e-01
2.485946283572765814e-01
2.467207995003123377e-01
2.454715802623360088e-01
2.470331043098062396e-01
2.454715802623360088e-01
2.464084946908181306e-01
2.454715802623360088e-01
2.467207995003123377e-01
2.454715802623360088e-01
2.367270455965020115e-01
2.454715802623360088e-01
2.454715802623360088e-01
2.454715802623360088e-01
2.454715802623360088e-01
2.454715802623360088e-01
2.367270455965020115e-01
2.454715802623360088e-01
2.354778263585258768e-01
2.454715802623360088e-01
2.354778263585258768e-01
2.454715802623360088e-01
2.348532167395376291e-01
2.454715802623360088e-01
2.348532167395376291e-01
2.454715802623360088e-01
2.454715802623360088e-01
2.454715802623360088e-01
2.348532167395376291e-01
2.442223610243596521e-01
2.348532167395376291e-01
2.454715802623360088e-01
2.348532167395376291e-01
2.454715802623360088e-01
2.314178638351029327e-01
2.242348532167393882e-01
2.298563397876325909e-01
2.242348532167393882e-01
2.342286071205495201e-01
2.242348532167393882e-01
2.298563397876325909e-01
2.242348532167393882e-01
2.348532167395376291e-01
2.242348532167393882e-01
2.298563397876325909e-01
2.242348532167393882e-01
2.302311055590245958e-01
2.242348532167393882e-01
2.298563397876325909e-01
2.242348532167393882e-01
2.342286071205495201e-01
2.242348532167393882e-01
2.242348532167393882e-01
2.242348532167393882e-01
2.186133666458463243e-01
2.242348532167393882e-01
2.242348532167393882e-01
2.242348532167393882e-01
2.242504684572139417e-01
2.242348532167393882e-01
2.242348532167393882e-01
2.242348532167393882e-01
2.198625858838224589e-01
2.242348532167393882e-01
2.186133666458463243e-01
2.242348532167393882e-01
2.179887570268581043e-01
2.242348532167393882e-01
2.198625858838224589e-01
2.242348532167393882e-01
2.202763897564020690e-01
2.157089319175481690e-01
2.136164896939411473e-01
2.242348532167393882e-01
2.155683947532782974e-01
2.029981261711429064e-01
2.136164896939411473e-01
2.029981261711429064e-01
2.136164896939411473e-01
2.117426608369767926e-01
2.126795752654589144e-01
2.029981261711429064e-01
2.136164896939411473e-01
2.117426608369767926e-01
2.126795752654589144e-01
2.029981261711429064e-01
2.073703935040598356e-01
2.029981261711429064e-01
2.136164896939411473e-01
2.029981261711429064e-01
2.089319175515302052e-01
2.029981261711429064e-01
2.092442223610242180e-01
2.029981261711429064e-01
2.083229231730166497e-01
2.029981261711429064e-01
2.075031230480946787e-01
2.029981261711429064e-01
2.029981261711429064e-01
2.032167395377855734e-01
2.092442223610242180e-01
2.029981261711429064e-01
2.029981261711429064e-01
2.029981261711429064e-01
2.029981261711429064e-01
2.029981261711429064e-01
2.029981261711429064e-01
2.029981261711429064e-01
2.020612117426607846e-01
2.029981261711429064e-01
2.029981261711429064e-01
2.029981261711429064e-01
2.029981261711429064e-01
2.029981261711429064e-01
2.020612117426607846e-01
2.029981261711429064e-01
2.020612117426607846e-01
2.029981261711429064e-01
1.980012492192379514e-01
2.029981261711429064e-01
1.970643347907558296e-01
2.029981261711429064e-01
1.970643347907558296e-01
1.930043722673329964e-01
2.029981261711429064e-01
1.911305434103686418e-01
1.970643347907558296e-01
2.029981261711429064e-01
1.970643347907558296e-01
1.930043722673329964e-01
1.970643347907558296e-01
2.011242973141785517e-01
1.970643347907558296e-01
2.011242973141785517e-01
1.970643347907558296e-01
2.029981261711429064e-01
1.970643347907558296e-01
2.011242973141785517e-01
1.970643347907558296e-01
1.930043722673329964e-01
1.961274203622735968e-01
1.930043722673329964e-01
1.961274203622735968e-01
1.911305434103686418e-01
1.970643347907558296e-01
2.011242973141785517e-01
1.970643347907558296e-01
1.911305434103686418e-01
1.961274203622735968e-01
1.911305434103686418e-01
1.911305434103686418e-01
1.911305434103686418e-01
1.939412866958151183e-01
1.911305434103686418e-01
1.911305434103686418e-01
1.911305434103686418e-01
1.911539662710806942e-01
1.911305434103686418e-01
1.930824484697052368e-01
1.911305434103686418e-01
1.930043722673328854e-01
1.911305434103686418e-01
1.911305434103686418e-01
1.911305434103686418e-01
1.930043722673328854e-01
1.911305434103686418e-01
1.911305434103686418e-01
1.911305434103686418e-01
1.911305434103686418e-01
1.911305434103686418e-01
1.911305434103686418e-01
1.911305434103686418e-01
1.911305434103686418e-01
1.911305434103686418e-01
1.839475327920050973e-01
1.911305434103686418e-01
1.911305434103686418e-01
1.911305434103686418e-01
1.911305434103686418e-01
1.911305434103686418e-01
1.880074953154279305e-01
1.911305434103686418e-01
1.830106183635229755e-01
1.911305434103686418e-01
1.911305434103686418e-01
1.911305434103686418e-01
1.830106183635229755e-01
1.911305434103686418e-01
1.911305434103686418e-01
1.911305434103686418e-01
1.911305434103686418e-01
1.911305434103686418e-01
