1.569822046465624954e+00
1.373461443400889381e+00
1.399901136925358447e+00
1.199264705882352233e+00
1.195748887790410109e+00
1.064026198714780103e+00
1.049431537320810959e+00
1.001025704399406857e+00
9.752842313395945206e-01
8.888840830449824537e-01
8.566485417696491078e-01
8.514705882352940902e-01
8.294611962432032470e-01
7.901631240731585848e-01
7.913989125061787755e-01
7.523727137913985841e-01
7.553138902619871420e-01
7.123084527928817966e-01
7.488877904102817507e-01
6.747528423133958286e-01
6.510133465150766963e-01
6.571984676223430188e-01
6.366782006920415071e-01
6.362518536826495819e-01
6.356895699456253102e-01
5.993697478991597549e-01
6.050420168067226490e-01
5.934688581314874201e-01
5.813148788927335886e-01
5.756673257538306165e-01
5.714285714285715079e-01
5.580882352941177738e-01
5.714285714285715079e-01
5.514087988136430196e-01
5.477014335145823365e-01
5.405400395452297779e-01
5.333662876915472584e-01
5.274345032130499655e-01
5.274345032130498545e-01
5.099233811171520747e-01
5.254572417202174606e-01
5.123578843302025732e-01
4.972812654473554028e-01
4.990113692535838030e-01
4.972812654473554028e-01
4.891250617894216113e-01
4.972812654473554028e-01
4.837061295106275249e-01
4.834404349975284787e-01
4.753027681660896286e-01
4.718610973801243835e-01
4.747899159663865887e-01
4.715768660405337820e-01
4.710887296094909416e-01
4.676223430548688831e-01
4.634577360355901510e-01
4.592189817103311533e-01
4.582303509639149564e-01
4.592189817103311533e-01
4.584775086505189501e-01
4.582303509639149564e-01
4.322787938704893973e-01
4.542758279782500019e-01
4.303015323776568368e-01
4.542758279782500019e-01
4.296218487394956043e-01
4.542758279782500019e-01
4.164607019278298017e-01
4.117647058823528661e-01
4.093302026693025342e-01
4.142362827483934140e-01
3.974295600593177880e-01
4.142362827483934140e-01
3.967189817103307092e-01
3.816114681166583589e-01
3.922454275827977899e-01
3.840830449826989068e-01
3.892733564013840519e-01
3.816114681166583589e-01
3.865546218487395103e-01
3.806228373702421619e-01
3.781512605042016140e-01
3.806228373702421619e-01
3.786455758774097680e-01
3.776569451309935710e-01
3.752224419179431281e-01
3.776569451309935710e-01
3.749382105783488628e-01
3.776569451309935710e-01
3.717498764211562556e-01
3.727137913989124751e-01
3.695254572417202010e-01
3.727137913989124751e-01
3.650519031141867266e-01
3.682649530400394777e-01
3.484923381117153163e-01
3.682649530400394777e-01
3.502224419179436610e-01
3.682649530400394777e-01
3.438519525457241488e-01
3.682649530400394777e-01
3.462679189322787621e-01
3.564013840830450031e-01
3.393660405338604358e-01
3.242708848245181574e-01
3.361468116658428706e-01
3.242708848245181574e-01
3.341571922886802382e-01
3.242708848245181574e-01
3.285343549184371881e-01
3.242708848245181574e-01
3.176099851705388999e-01
3.242708848245181574e-01
3.213173504695996385e-01
3.119130004943154733e-01
3.242708848245181574e-01
3.069698467622343219e-01
3.156203657933762674e-01
3.069698467622343219e-01
3.131487889273356640e-01
3.119130004943154733e-01
3.069698467622343219e-01
3.069698467622343219e-01
3.131487889273356640e-01
3.069698467622343219e-01
3.062778052397422957e-01
3.069698467622343219e-01
3.030153237765695895e-01
2.990608007909046351e-01
2.970958971824024797e-01
2.990608007909046351e-01
2.975778546712804506e-01
2.881858625803261353e-01
3.030153237765695895e-01
2.960949085516558776e-01
2.968363816114682474e-01
2.881858625803261353e-01
2.879387048937223081e-01
2.881858625803261353e-01
2.869500741473061112e-01
2.881858625803261353e-01
2.881858625803261353e-01
2.881858625803261353e-01
2.807711319822046026e-01
2.807711319822046026e-01
2.876915472071181479e-01
2.837370242214531935e-01
2.812654473554126455e-01
2.837370242214531935e-01
2.812654473554126455e-01
2.837370242214531935e-01
2.786393969352434219e-01
2.763222936233316607e-01
2.785467128027682149e-01
2.763222936233316607e-01
2.785467128027682149e-01
2.763222936233316607e-01
2.775580820563518514e-01
2.763222936233316607e-01
2.728620860108750823e-01
2.763222936233316607e-01
2.763222936233316607e-01
2.763222936233316607e-01
2.726149283242709220e-01
2.763222936233316607e-01
2.755993573900146765e-01
2.763222936233316607e-01
2.753336628769154637e-01
2.763222936233316607e-01
2.726211072664360135e-01
2.763222936233316607e-01
2.716262975778547251e-01
2.669303015323777339e-01
2.716262975778547251e-01
2.669303015323777339e-01
2.706376668314385281e-01
2.743450321304992667e-01
2.669303015323777339e-01
2.669303015323777339e-01
2.669303015323777339e-01
2.669303015323777339e-01
2.669303015323777339e-01
2.669303015323777339e-01
2.669303015323777339e-01
2.669303015323777339e-01
2.639644092931291985e-01
2.669303015323777339e-01
2.669303015323777339e-01
2.669303015323777339e-01
2.590397923875432662e-01
2.669303015323777339e-01
2.607513593672764474e-01
2.649530400395453955e-01
2.597627286208602504e-01
2.649530400395453955e-01
2.582797825012358439e-01
2.650024715768660721e-01
2.597627286208602504e-01
2.649530400395453955e-01
2.597627286208602504e-01
2.525951557093427113e-01
2.582797825012358439e-01
2.525951557093427113e-01
2.582921403855659159e-01
2.525951557093427113e-01
2.592807711319821129e-01
2.529041028175932904e-01
2.592684132476520409e-01
2.525951557093427113e-01
2.582797825012358439e-01
2.525951557093427113e-01
2.525951557093427113e-01
2.525951557093427113e-01
2.525951557093427113e-01
2.525951557093427113e-01
2.496292634700939539e-01
2.525951557093427113e-01
2.543252595155710560e-01
2.525951557093427113e-01
2.506673257538309940e-01
2.525951557093427113e-01
2.491349480968857721e-01
2.525951557093427113e-01
2.481463173504697417e-01
2.525951557093427113e-01
2.481463173504697417e-01
2.525951557093427113e-01
2.481463173504697417e-01
2.525951557093427113e-01
2.481524962926348887e-01
2.516065249629265144e-01
2.481463173504697417e-01
2.436974789915967998e-01
2.441917943648048150e-01
2.446861097380129968e-01
2.481463173504697417e-01
2.436974789915967998e-01
2.474048442906575662e-01
2.436974789915967998e-01
2.481463173504697417e-01
2.436974789915967998e-01
2.469105289174495510e-01
2.436974789915967998e-01
2.436974789915967998e-01
2.436974789915967998e-01
2.436974789915967998e-01
2.436974789915967998e-01
2.436974789915967998e-01
2.436974789915967998e-01
2.436974789915967998e-01
2.436974789915967998e-01
2.436974789915967998e-01
2.436974789915967998e-01
2.469105289174495510e-01
2.436974789915967998e-01
2.436974789915967998e-01
2.436974789915967998e-01
2.436974789915967998e-01
2.436974789915967998e-01
2.402372713791400272e-01
2.436974789915967998e-01
2.390014829461198365e-01
2.436974789915967998e-01
2.397429560059320119e-01
2.436974789915967998e-01
2.394957983193278517e-01
2.436974789915967998e-01
2.390014829461198365e-01
2.343054869006427066e-01
2.429745427582798156e-01
2.436974789915967998e-01
2.390014829461198365e-01
2.357884330202670853e-01
2.390014829461198365e-01
2.422145328719724211e-01
2.390014829461198365e-01
2.422145328719724211e-01
2.382600098863076610e-01
2.422145328719724211e-01
2.350469599604548820e-01
2.343054869006427066e-01
2.382600098863076610e-01
2.357884330202670853e-01
2.343054869006427066e-01
2.343054869006427066e-01
2.343054869006427066e-01
2.343054869006427066e-01
2.343054869006427066e-01
2.357884330202670853e-01
2.382600098863076610e-01
2.343054869006427066e-01
2.350469599604548820e-01
2.343054869006427066e-01
2.343054869006427066e-01
2.343054869006427066e-01
2.343054869006427066e-01
2.343054869006427066e-01
2.224419179436482319e-01
2.343054869006427066e-01
2.231833910034604074e-01
2.343054869006427066e-01
2.343054869006427066e-01
2.343054869006427066e-01
2.343054869006427066e-01
2.343054869006427066e-01
2.301038062283737584e-01
2.343054869006427066e-01
2.343054869006427066e-01
2.343054869006427066e-01
2.340583292140387128e-01
2.343054869006427066e-01
2.340583292140387128e-01
2.343054869006427066e-01
2.301038062283737584e-01
2.343054869006427066e-01
2.189817103311914592e-01
2.343054869006427066e-01
2.301038062283737584e-01
2.343054869006427066e-01
2.182587740978744750e-01
2.343054869006427066e-01
2.182402372713792560e-01
2.105783489866535629e-01
2.301038062283737584e-01
2.105783489866535629e-01
2.182402372713792560e-01
2.259021255561048103e-01
2.140385565991103078e-01
2.105783489866535629e-01
2.182402372713792560e-01
2.343054869006427066e-01
2.105783489866535629e-01
2.343054869006427066e-01
2.153361344537807753e-01
2.021749876421156666e-01
2.182402372713792560e-01
2.021749876421156666e-01
2.182402372713792560e-01
2.023850716757260582e-01
2.182402372713792560e-01
2.105783489866535629e-01
2.140385565991103078e-01
2.021749876421156666e-01
2.140385565991103078e-01
2.021749876421156666e-01
2.063766683143846148e-01
2.259021255561048103e-01
2.140385565991103078e-01
2.021749876421156666e-01
2.063766683143846148e-01
2.021749876421156666e-01
2.140385565991103078e-01
2.021749876421156666e-01
2.021749876421156666e-01
2.021749876421156666e-01
2.021749876421156666e-01
2.021749876421156666e-01
2.021749876421156666e-01
2.021749876421156666e-01
2.021749876421156666e-01
2.021749876421156666e-01
2.021749876421156666e-01
2.021749876421156666e-01
2.021749876421156666e-01
2.021749876421156666e-01
2.021749876421156666e-01
2.021749876421156666e-01
2.021749876421156666e-01
2.021749876421156666e-01
2.021749876421156666e-01
2.021749876421156666e-01
1.977261492832426970e-01
2.021749876421156666e-01
2.021749876421156666e-01
2.021749876421156666e-01
2.021749876421156666e-01
2.021749876421156666e-01
2.021749876421156666e-01
2.021749876421156666e-01
1.977261492832426970e-01
2.021749876421156666e-01
1.942659416707859521e-01
2.021749876421156666e-01
2.021749876421156666e-01
2.021749876421156666e-01
1.945130993573899458e-01
2.021749876421156666e-01
2.021749876421156666e-01
2.021749876421156666e-01
1.977261492832426970e-01
1.868512110726644193e-01
1.900642609985170040e-01
2.021749876421156666e-01
1.900642609985170040e-01
2.021749876421156666e-01
