1.560535806285419769e+00
1.387184441009788216e+00
1.360638845955693066e+00
1.232116177228232301e+00
1.282328696548171054e+00
1.144796496651210305e+00
1.173621844410097870e+00
1.070891293147861356e+00
1.060793405461102790e+00
9.724562081401338931e-01
9.819680577022155132e-01
8.954211746522412474e-01
8.804739824832560346e-01
8.722308088614115773e-01
8.438948995363214634e-01
8.106903657908292038e-01
7.923750643997939935e-01
7.887944358578050652e-01
7.604327666151468046e-01
7.659067490984019511e-01
7.552807831014940465e-01
7.261978361669240156e-01
7.150953116950025112e-01
7.158745492014425560e-01
7.037609479649664657e-01
6.844410097887686506e-01
6.805770221535291098e-01
6.721148892323544066e-01
6.986089644513138186e-01
6.563626996393612245e-01
6.424523441524987444e-01
6.303451828954147462e-01
6.177228232869653723e-01
6.182444616177228403e-01
6.017516743946419444e-01
5.904688304997417481e-01
6.017516743946419444e-01
5.855229263266357176e-01
6.012364760432767907e-01
5.690494590417309873e-01
5.605358062854198797e-01
5.528657908294685175e-01
5.569294178258629158e-01
5.477395672333837950e-01
5.225914477073572151e-01
5.414734672849047525e-01
5.218959299330241386e-01
5.355486862442041529e-01
5.218959299330241386e-01
5.159840288511077233e-01
5.177743431221019099e-01
5.239567233384851974e-01
5.090159711488924099e-01
5.118753219989690129e-01
4.914348274085456048e-01
5.090159711488924099e-01
5.090159711488924099e-01
4.912738279237501837e-01
4.909840288511076456e-01
4.920144255538381750e-01
4.909840288511076456e-01
4.811952601751674496e-01
4.873776403915506816e-01
4.796496651210717110e-01
4.786192684183411261e-01
4.796496651210717110e-01
4.611025244719217375e-01
4.696032972694486607e-01
4.611025244719217375e-01
4.690880989180835070e-01
4.611025244719217375e-01
4.611025244719216265e-01
4.611025244719217375e-01
4.575347758887166605e-01
4.611025244719217375e-01
4.520865533230292721e-01
4.518289541473466953e-01
4.520865533230292721e-01
4.518289541473466953e-01
4.474497681607418342e-01
4.518289541473466953e-01
4.482225656877897868e-01
4.518289541473466953e-01
4.446161772282328228e-01
4.446161772282328228e-01
4.474497681607418342e-01
4.410097887686758589e-01
4.348274085522925159e-01
4.410097887686758589e-01
4.376609994848016938e-01
4.410097887686758589e-01
4.379185986604842706e-01
4.379185986604842706e-01
4.317362184441009276e-01
4.410097887686758589e-01
4.193714580113344081e-01
4.255538382277176401e-01
4.116434827408550490e-01
4.250386398763523754e-01
4.152498712004120685e-01
4.255538382277176401e-01
4.098402885110766780e-01
3.946419371458010361e-01
4.067490984028850898e-01
3.946419371458010361e-01
3.974755280783100475e-01
3.946419371458010361e-01
3.943843379701183482e-01
3.941267387944357714e-01
3.912931478619267600e-01
3.941267387944357714e-01
3.851494075218953594e-01
3.750643997939205332e-01
3.912931478619267600e-01
3.941267387944357714e-01
3.845955692941781523e-01
3.750643997939205332e-01
3.789283874291602405e-01
3.626996393611540137e-01
3.660484286450283453e-01
3.626996393611540137e-01
3.727460072127769530e-01
3.626996393611540137e-01
3.693972179289026214e-01
3.626996393611540137e-01
3.714580113343637913e-01
3.626996393611540137e-01
3.598660484286450023e-01
3.626996393611540137e-01
3.565172591447706152e-01
3.571741370427593543e-01
3.598660484286450023e-01
3.570324574961359909e-01
3.598660484286450023e-01
3.570324574961359909e-01
3.542697063369397159e-01
3.513652756311179681e-01
3.541988665636269795e-01
3.513652756311179681e-01
3.513652756311179681e-01
3.513652756311179681e-01
3.513652756311179681e-01
3.513652756311179681e-01
3.457302936630597401e-01
3.513652756311179681e-01
3.475012879958784828e-01
3.513652756311179681e-01
3.431671818650180450e-01
3.431221020092735663e-01
3.428645028335908229e-01
3.431221020092735663e-01
3.433797011849561431e-01
3.431221020092735663e-01
3.364245234415250696e-01
3.431221020092735663e-01
3.364245234415250696e-01
3.343637300360637887e-01
3.364245234415250696e-01
3.343637300360637887e-01
3.367336424523434957e-01
3.343637300360637887e-01
3.270479134466767190e-01
3.343637300360637887e-01
3.320453374549201531e-01
3.343637300360637887e-01
3.320904173106639101e-01
3.343637300360637887e-01
3.212261720762493167e-01
3.343637300360637887e-01
3.173621844410097759e-01
3.343637300360637887e-01
3.196805770221534115e-01
3.343637300360637887e-01
3.238021638330757512e-01
3.297269448737763509e-01
3.153013910355487170e-01
3.003606388459555965e-01
3.150437918598659737e-01
3.003606388459555965e-01
3.150437918598659737e-01
3.003606388459555965e-01
3.057702215352910424e-01
3.003606388459555965e-01
3.003606388459555965e-01
3.003606388459555965e-01
3.003606388459555965e-01
3.003606388459555965e-01
3.129829984544049148e-01
3.003606388459555965e-01
2.980422462648119608e-01
3.003606388459555965e-01
3.003606388459555965e-01
3.003606388459555965e-01
2.980422462648119608e-01
3.003606388459555965e-01
2.957238536836683251e-01
3.003606388459555965e-01
2.957238536836683251e-01
2.952086553323029494e-01
2.957238536836683251e-01
2.952086553323029494e-01
2.964966512107160557e-01
2.962390520350334788e-01
2.936630602782072663e-01
2.910870685213808318e-01
2.952086553323029494e-01
2.952086553323029494e-01
2.957238536836683251e-01
2.910870685213808318e-01
2.918663060278208765e-01
2.910870685213808318e-01
2.936630602782072663e-01
2.910870685213808318e-01
2.921432251416793968e-01
2.910870685213808318e-01
2.921174652241111946e-01
2.910870685213808318e-01
2.900566718186501358e-01
2.910870685213808318e-01
2.910870685213808318e-01
2.910870685213808318e-01
2.910870685213808318e-01
2.910870685213808318e-01
2.910870685213808318e-01
2.910870685213808318e-01
2.900566718186501358e-01
2.910870685213808318e-01
2.864502833590931719e-01
2.890262751159196064e-01
2.874806800618238678e-01
2.838742916022669593e-01
2.854198866563626424e-01
2.910870685213808318e-01
2.890262751159196064e-01
2.818134981968057340e-01
2.864502833590931719e-01
2.838742916022669593e-01
2.828438948995362634e-01
2.838742916022669593e-01
2.854198866563626424e-01
2.818134981968057340e-01
2.828438948995362634e-01
2.890262751159196064e-01
2.854198866563626424e-01
2.890262751159196064e-01
2.818134981968057340e-01
2.818134981968057340e-01
2.864502833590931719e-01
2.838742916022669593e-01
2.818134981968057340e-01
2.818134981968057340e-01
2.818134981968057340e-01
2.818134981968057340e-01
2.818134981968057340e-01
2.818134981968057340e-01
2.818134981968057340e-01
2.818134981968057340e-01
2.707367336424522652e-01
2.818134981968057340e-01
2.756311179804223355e-01
2.818134981968057340e-01
2.818134981968057340e-01
2.818134981968057340e-01
2.818134981968057340e-01
2.818134981968057340e-01
2.655847501287996182e-01
2.818134981968057340e-01
2.671303451828953568e-01
2.818134981968057340e-01
2.645543534260689222e-01
2.818134981968057340e-01
2.671303451828953568e-01
2.818134981968057340e-01
2.609479649665120138e-01
2.524471921689849796e-01
2.645543534260689222e-01
2.818134981968057340e-01
2.619783616692427097e-01
2.400824317362184601e-01
2.585265327150951808e-01
2.408165893869032015e-01
2.609737248840802160e-01
2.818134981968057340e-01
2.609479649665120138e-01
2.694487377640391590e-01
2.462648119526016366e-01
2.400824317362184601e-01
2.609479649665120138e-01
2.400824317362184601e-01
2.547655847501288373e-01
2.524471921689849796e-01
2.462648119526016366e-01
2.400824317362184601e-01
2.462648119526016366e-01
2.400824317362184601e-01
2.400824317362184601e-01
2.400824317362184601e-01
2.400824317362184601e-01
2.400824317362184601e-01
2.400824317362184601e-01
2.400824317362184601e-01
2.400824317362184601e-01
2.400824317362184601e-01
2.400824317362184601e-01
2.400824317362184601e-01
2.400824317362184601e-01
2.400824317362184601e-01
2.210200927357031941e-01
2.400824317362184601e-01
2.369912416280266776e-01
2.400824317362184601e-01
2.400824317362184601e-01
2.400824317362184601e-01
2.357032457496137379e-01
2.400824317362184601e-01
2.400824317362184601e-01
2.400824317362184601e-01
2.313240597630086826e-01
2.400824317362184601e-01
2.239180834621318783e-01
2.400824317362184601e-01
2.313240597630086826e-01
2.400824317362184601e-01
2.210200927357031941e-01
2.019577537351881225e-01
2.313240597630086826e-01
2.400824317362184601e-01
2.313240597630086826e-01
2.400824317362184601e-01
2.313240597630086826e-01
2.400824317362184601e-01
2.184441009788767873e-01
2.225656877897990993e-01
2.194744976816073168e-01
1.853941267387805847e-01
2.122617207624934166e-01
2.019577537351881225e-01
2.117594023699124473e-01
1.844410097887687616e-01
2.122617207624934166e-01
2.019577537351881225e-01
2.122617207624934166e-01
2.225656877897990993e-01
1.942297784647089021e-01
1.844410097887687616e-01
1.933797011849535952e-01
1.844410097887687616e-01
2.029881504379184853e-01
1.844410097887687616e-01
1.931993817619783727e-01
2.400824317362184601e-01
2.117465224111282629e-01
1.844410097887687616e-01
2.122617207624934166e-01
1.844410097887687616e-01
2.122617207624934166e-01
1.844410097887687616e-01
1.844410097887687616e-01
1.844410097887687616e-01
1.926841834106131912e-01
1.844410097887687616e-01
1.926841834106131912e-01
1.844410097887687616e-01
1.926970633693973756e-01
1.844410097887687616e-01
1.844410097887687616e-01
1.844410097887687616e-01
1.844410097887687616e-01
1.844410097887687616e-01
1.926841834106131912e-01
1.844410097887687616e-01
1.844410097887687616e-01
1.844410097887687616e-01
1.942297784647089021e-01
1.844410097887687616e-01
1.844410097887687616e-01
1.844410097887687616e-01
1.844410097887687616e-01
1.844410097887687616e-01
1.844410097887687616e-01
1.844410097887687616e-01
1.844410097887687616e-01
1.844410097887687616e-01
1.844410097887687616e-01
1.844410097887687616e-01
1.844410097887687616e-01
1.844410097887687616e-01
1.844410097887687616e-01
1.844410097887687616e-01
1.839258114374034137e-01
1.844410097887687616e-01
1.751674394641938304e-01
1.844410097887687616e-01
1.844410097887687616e-01
1.844410097887687616e-01
