9.241062342745316460e-01
8.574224210232038734e-01
8.195135588481965438e-01
7.802627900475259670e-01
6.957495107632092335e-01
6.624702264467429158e-01
6.227229521945762958e-01
6.002504892367905853e-01
6.281889851831141680e-01
6.124484204640757712e-01
5.463774112384678361e-01
5.353648308638523368e-01
5.070774391948558169e-01
4.924797316186750318e-01
4.917528655297736528e-01
4.933743360357842334e-01
4.815879228403689427e-01
4.589208834218619359e-01
4.532848755940732111e-01
4.254291305563323577e-01
4.348493150684930031e-01
4.403131115459882894e-01
4.275090858261113569e-01
4.131395023762929331e-01
3.995526977914453104e-01
3.912216941571147744e-01
3.860777187587361992e-01
3.823315627620911261e-01
3.626502655856863599e-01
3.713726586525022966e-01
3.626010623427451951e-01
3.497344143136705275e-01
3.481129438076600580e-01
3.354766564159910036e-01
3.355884819681296261e-01
3.379368185630414190e-01
3.377131674587642851e-01
3.321218898518312201e-01
3.225608051439755042e-01
3.280961699748392579e-01
3.224489795918366042e-01
3.170254403131115284e-01
3.076880067095332794e-01
3.048923679060664971e-01
3.161308358960021603e-01
2.951635448700026809e-01
3.047246295778585079e-01
2.982387475538159638e-01
2.948839809896560693e-01
2.919765166340508866e-01
2.953871959742799813e-01
2.921442549622588758e-01
3.032708974000558055e-01
2.914822476935979290e-01
2.853228962818002423e-01
2.787811014816885535e-01
2.833771316745874458e-01
2.751467710371818809e-01
2.649706457925635750e-01
2.669835057310595561e-01
2.737489516354486008e-01
2.694995806541794492e-01
2.648029074643554748e-01
2.630136986301369606e-01
2.636287391668997726e-01
2.586525020967289090e-01
2.602739726027397671e-01
2.616158792284035695e-01
2.562482527257478049e-01
2.571428571428570065e-01
2.554699468828625641e-01
2.585965893206597088e-01
2.534526139222811336e-01
2.585965893206597088e-01
2.520100642996921381e-01
2.444506569751187242e-01
2.448979591836734360e-01
2.325814928711208152e-01
2.447861336315347858e-01
2.399217221135029610e-01
2.445691920603852432e-01
2.409840648588201517e-01
2.371819960861056287e-01
2.300251607492311834e-01
2.417109309477216417e-01
2.401453732177803724e-01
2.379088621750069799e-01
2.332121889851832552e-01
2.307520268381325623e-01
2.258317025440313985e-01
2.264467430807939885e-01
2.264467430807939885e-01
2.327089740005592045e-01
2.272854347218341009e-01
2.247134470226447578e-01
2.265585686329327497e-01
2.236511042773274560e-01
2.220855465473860757e-01
2.236511042773274560e-01
2.270617836175565507e-01
2.234274531730501556e-01
2.198266703941847977e-01
2.241543192619515068e-01
2.220273972602740398e-01
2.201285993849595446e-01
2.217500698909701251e-01
2.211350293542074241e-01
2.223091976516633761e-01
2.214145932345541745e-01
2.225328487559408153e-01
2.170533967011461507e-01
2.183393905507407529e-01
2.201285993849592948e-01
2.178361755661168409e-01
2.197931227285434830e-01
2.202024042493709588e-01
2.169415711490075005e-01
2.155437517472742204e-01
2.115180318702822859e-01
2.129158512720154273e-01
2.134749790327088170e-01
2.054794520547943704e-01
2.162706178361754605e-01
2.140341067934021790e-01
2.120212468549062257e-01
2.111825552138661966e-01
2.107911657813810458e-01
2.058149287112104320e-01
2.160469667318981601e-01
2.054794520547943704e-01
2.036902432205758284e-01
2.049203242941012304e-01
2.064299692479731607e-01
2.061504053676262715e-01
2.059267542633489712e-01
2.147050601062342190e-01
2.102320380206877948e-01
2.036902432205756897e-01
2.027397260273970381e-01
2.064858820240424719e-01
2.054235392787250314e-01
1.937377690802347396e-01
1.932904668716802499e-01
1.986021805982665644e-01
2.019010343863572587e-01
2.054235392787250314e-01
1.831143416270616109e-01
1.880346659211627747e-01
1.920044730220855089e-01
1.997204361196533162e-01
1.963656695554935327e-01
2.032429410120209778e-01
1.836175566116855506e-01
1.863013698630136550e-01
1.899357003075200778e-01
1.921722113502933593e-01
2.001677383282079170e-01
1.850712887894882530e-01
1.841207715963096014e-01
1.847917249091416136e-01
1.881464914733016747e-01
1.920603857981547091e-01
1.865250209672910942e-01
1.939055074084428398e-01
1.833939055074083613e-01
1.839530332681015012e-01
1.873077998322615345e-01
1.902711769639360284e-01
1.842325971484483627e-01
1.831143416270616109e-01
1.849035504612802638e-01
1.831143416270616109e-01
1.864691081912216442e-01
1.888733575622027760e-01
1.831143416270616109e-01
1.831143416270616109e-01
1.828347777467148605e-01
1.830584288509921609e-01
1.844003354766563518e-01
1.879787531450936855e-01
1.824993010902990209e-01
1.831143416270616109e-01
1.827788649706456603e-01
1.830025160749229607e-01
1.827788649706456603e-01
1.864131954151523052e-01
1.825552138663683599e-01
1.824993010902989099e-01
1.827229521945762103e-01
1.829466032988535107e-01
1.829466032988536217e-01
1.828347777467149715e-01
1.817165222253284695e-01
1.818328207995524304e-01
1.817165222253283308e-01
1.817165222253283308e-01
1.831143416270616109e-01
1.824433883142295709e-01
1.817165222253283308e-01
1.817165222253282197e-01
1.808778305842884682e-01
1.817165222253283308e-01
1.818842605535364310e-01
1.817165222253283308e-01
1.817165222253284695e-01
1.817165222253284695e-01
1.817165222253283308e-01
1.806541794800110290e-01
1.804305283757337286e-01
1.804305283757337286e-01
1.810455689124963186e-01
1.817165222253283308e-01
1.809337433603576684e-01
1.807100922560803680e-01
1.804864411518030398e-01
1.803746155996645284e-01
1.805982667039418288e-01
1.812133072407044188e-01
1.809896561364269796e-01
1.807660050321496792e-01
1.805423539278723788e-01
1.803187028235950784e-01
1.805423539278723788e-01
1.808219178082190182e-01
1.810455689124963186e-01
1.808219178082190182e-01
1.805982667039416900e-01
1.793122728543470878e-01
1.804864411518031786e-01
1.807100922560804790e-01
1.803187028235950784e-01
1.803187028235950784e-01
1.753424657534244646e-01
1.783058428850990973e-01
1.804305283757337286e-01
1.803187028235950784e-01
1.803187028235950784e-01
1.803187028235950784e-01
1.742801230081072739e-01
1.772994129158511067e-01
1.803187028235950784e-01
1.803187028235950784e-01
1.803187028235950784e-01
1.803187028235950784e-01
1.803187028235950784e-01
1.762929829466033660e-01
1.803187028235950784e-01
1.803187028235950784e-01
1.803187028235950784e-01
1.672351132233715065e-01
1.716522225328487306e-01
1.750069890970087638e-01
1.793122728543470878e-01
1.803187028235950784e-01
1.803187028235950784e-01
1.759015935141177156e-01
1.705339670114619510e-01
1.739446463516912122e-01
1.783058428850990973e-01
1.803187028235950784e-01
1.803187028235950784e-01
1.803187028235950784e-01
1.686329326251048977e-01
1.728823036063738827e-01
1.772994129158511067e-01
1.802068772714564282e-01
1.803187028235950784e-01
1.638244338831421343e-01
1.675705898797875681e-01
1.718199608610565809e-01
1.760693318423260656e-01
1.803187028235950784e-01
1.618115739446464030e-01
1.691115459882581162e-01
1.665082471344702664e-01
1.707576181157392514e-01
1.750069890970087638e-01
1.760134190662566156e-01
1.799832261671791278e-01
1.611965334078837020e-01
1.654459043891527148e-01
1.696952753704221994e-01
1.544870002795636355e-01
1.717081353089181806e-01
1.557729941291584874e-01
1.599530332681016465e-01
1.643835616438353853e-01
1.686329326251048977e-01
1.728823036063738827e-01
1.537601341906625063e-01
1.547106513838411856e-01
1.590718479172490707e-01
1.623147889292703427e-01
1.667878110148169057e-01
1.537601341906625063e-01
1.537601341906625063e-01
1.537601341906625063e-01
1.575622029633771681e-01
1.613642717360916912e-01
1.651663405088063252e-01
1.707576181157392514e-01
1.587922840369028199e-01
1.537601341906625063e-01
1.566116857701984888e-01
1.604137545429130118e-01
1.654459043891527148e-01
1.696952753704221994e-01
1.537601341906625063e-01
1.537601341906625063e-01
1.556611685770198372e-01
1.594632373497343603e-01
1.641039977634887737e-01
1.528096169974838547e-01
1.537601341906625063e-01
1.537601341906625063e-01
1.547106513838411856e-01
1.585127201565558197e-01
1.623147889292703427e-01
1.529773553256918439e-01
1.537601341906625063e-01
1.537601341906625063e-01
1.537601341906625063e-01
1.575622029633771681e-01
1.613642717360916912e-01
1.524182275649985652e-01
1.524741403410679041e-01
1.537601341906625063e-01
1.537601341906625063e-01
1.566116857701984888e-01
1.529773553256918439e-01
1.525300531171372431e-01
1.520827509085826146e-01
1.516354487000280138e-01
1.537601341906625063e-01
1.556611685770198372e-01
1.530891808778304941e-01
1.526418786692758933e-01
1.528096169974838547e-01
1.537601341906625063e-01
1.537601341906625063e-01
1.547106513838411856e-01
1.532010064299692553e-01
1.527537042214145435e-01
1.523064020128599150e-01
1.523064020128599150e-01
1.537601341906625063e-01
1.509644953871959738e-01
1.533128319821079055e-01
1.528655297735531937e-01
1.524182275649985652e-01
1.519709253564439644e-01
1.537601341906625063e-01
1.537601341906625063e-01
1.534246575342465557e-01
1.529773553256918439e-01
1.525300531171372431e-01
1.520827509085826146e-01
1.516354487000280138e-01
1.448140900195696579e-01
1.532010064299692553e-01
1.530891808778304941e-01
1.526418786692758933e-01
1.521945764607212648e-01
1.517472742521666640e-01
1.512999720436119522e-01
1.509644953871959738e-01
1.523623147889292540e-01
1.527537042214145435e-01
1.523064020128599150e-01
1.518590998043053142e-01
1.384400335476659027e-01
1.509644953871959738e-01
1.533128319821079055e-01
1.528655297735531937e-01
1.524182275649985652e-01
1.519709253564439644e-01
1.353089180877833086e-01
1.478333799273134908e-01
1.529214425496225049e-01
1.510986860497622597e-01
1.525300531171372431e-01
1.520827509085826146e-01
1.426334917528652158e-01
1.447022644674310077e-01
1.535364830863852059e-01
1.520827509085825036e-01
1.509644953871959738e-01
1.313950237629299966e-01
1.290466871680178429e-01
1.415711490075485246e-01
1.509644953871959738e-01
1.509644953871959738e-01
1.527537042214145435e-01
1.523064020128599150e-01
1.259155717081353598e-01
