1.013014173228346415e+00
8.665574803149606042e-01
9.259842519685039797e-01
7.785826771653544531e-01
8.522834645669291609e-01
6.929637795275589429e-01
6.948031496062992973e-01
6.355905511811023034e-01
6.557480314960629775e-01
6.066141732283464316e-01
6.003149606299212904e-01
5.758488188976378375e-01
5.681889763779527369e-01
5.184251968503936769e-01
5.492913385826770911e-01
4.840944881889765461e-01
4.390551181102361755e-01
4.532283464566929099e-01
4.132283464566928188e-01
4.305511811023621238e-01
3.974803149606298547e-01
4.012598425196848839e-01
3.974803149606298547e-01
3.798425196850392371e-01
3.722834645669292342e-01
3.637795275590551269e-01
3.527559055118110187e-01
3.527559055118111297e-01
3.451968503937006827e-01
3.414173228346456535e-01
3.451968503937006827e-01
3.344881889763778871e-01
3.212598425196849239e-01
3.213102362204721674e-01
3.212598425196849239e-01
3.080314960629921828e-01
3.212598425196849239e-01
2.894488188976379606e-01
2.985826771653544709e-01
2.872440944881887726e-01
2.985826771653544709e-01
2.825196850393700276e-01
2.424188976377908977e-01
2.640881889763777024e-01
2.374803149606300179e-01
2.721259842519683225e-01
2.374803149606300179e-01
2.525984251968504957e-01
2.374803149606300179e-01
2.422047244094489848e-01
2.337007874015748499e-01
2.434645669291337633e-01
2.255118110236219442e-01
2.352755905511810797e-01
2.255118110236219442e-01
2.286614173228346814e-01
2.255118110236219442e-01
2.242519685039369159e-01
2.198425196850392616e-01
2.261417322834645693e-01
2.198425196850392616e-01
2.094488188976378618e-01
2.185826771653542611e-01
2.062992125984253189e-01
2.185826771653542611e-01
2.025196850393700676e-01
2.185826771653542611e-01
2.062992125984253189e-01
2.185826771653542611e-01
1.987401574803150384e-01
2.185826771653542611e-01
2.000000000000000389e-01
1.851968503937008736e-01
1.965354330708662112e-01
1.757480314960630507e-01
1.864566929133858741e-01
1.757480314960630507e-01
1.839370078740156234e-01
2.091338582677164382e-01
1.770078740157481623e-01
1.757480314960630507e-01
1.757480314960631618e-01
1.757480314960630507e-01
1.763779527559054539e-01
1.757480314960630507e-01
1.716535433070865979e-01
1.757480314960630507e-01
1.710236220472440838e-01
1.744881889763780503e-01
1.628346456692912891e-01
1.744881889763780503e-01
1.612598425196848373e-01
1.436220472440944418e-01
1.596850393700787463e-01
1.436220472440944418e-01
1.596850393700787463e-01
1.436220472440944418e-01
1.590551181102362321e-01
1.436220472440944418e-01
1.436220472440944418e-01
1.436220472440944418e-01
1.537007874015750009e-01
1.436220472440944418e-01
1.429921259842519554e-01
1.436220472440944418e-01
1.436220472440944418e-01
1.436220472440944418e-01
1.426771653543307539e-01
1.436220472440944418e-01
1.414173228346457256e-01
1.316535433070867289e-01
1.426771653543307539e-01
1.316535433070867289e-01
1.376377952755904743e-01
1.423622047244094413e-01
1.370078740157479602e-01
1.316535433070867289e-01
1.370078740157479602e-01
1.316535433070867289e-01
1.370078740157479602e-01
1.316535433070867289e-01
1.370078740157479602e-01
1.316535433070867289e-01
1.345385826771652305e-01
1.316535433070867289e-01
1.316535433070867289e-01
1.316535433070867289e-01
1.294488188976377907e-01
1.316535433070867289e-01
1.288188976377953876e-01
1.316535433070867289e-01
1.288188976377953876e-01
1.316535433070867289e-01
1.231496062992124968e-01
1.316535433070867289e-01
1.177952755905510157e-01
1.316535433070867289e-01
1.193700787401572316e-01
1.316535433070867289e-01
1.231496062992124968e-01
1.108661417322834575e-01
1.177952755905510157e-01
1.316535433070867289e-01
1.177952755905510157e-01
1.039370078740156633e-01
1.177952755905510157e-01
1.316535433070867289e-01
1.171653543307086265e-01
1.108661417322834575e-01
1.171653543307086265e-01
1.039370078740156633e-01
1.177952755905510157e-01
1.039370078740156633e-01
1.177952755905510157e-01
1.039370078740156633e-01
1.130708661417323957e-01
1.039370078740156633e-01
1.171653543307086265e-01
1.039370078740156633e-01
1.130708661417323957e-01
1.039370078740156633e-01
1.039370078740156633e-01
1.039370078740156633e-01
1.105511811023621449e-01
1.039370078740156633e-01
1.039370078740156633e-01
1.039370078740156633e-01
1.033070866141731492e-01
1.039370078740156633e-01
1.039370078740156633e-01
1.039370078740156633e-01
1.099212598425196308e-01
1.039370078740156633e-01
1.039370078740156633e-01
1.039370078740156633e-01
1.033070866141731492e-01
1.039370078740156633e-01
1.039370078740156633e-01
1.039370078740156633e-01
1.033070866141731492e-01
1.039370078740156633e-01
1.033070866141731492e-01
1.039370078740156633e-01
1.033070866141731492e-01
1.039370078740156633e-01
1.020472440944881348e-01
1.026771653543306489e-01
1.020472440944881348e-01
1.039370078740156633e-01
1.020472440944881348e-01
1.001574803149606202e-01
1.020472440944881348e-01
1.014173228346456346e-01
1.007874015748031205e-01
1.001574803149606202e-01
1.014173228346456346e-01
1.001574803149606202e-01
1.020472440944881348e-01
1.001574803149606202e-01
1.014173228346456346e-01
1.001574803149606202e-01
1.001574803149606202e-01
1.001574803149606202e-01
1.001574803149606202e-01
1.001574803149606202e-01
1.001574803149606202e-01
1.001574803149606202e-01
1.001574803149606202e-01
1.001574803149606202e-01
1.001574803149606202e-01
1.001574803149606202e-01
1.001574803149606202e-01
1.001574803149606202e-01
1.014173228346456346e-01
1.001574803149606202e-01
1.001574803149606202e-01
1.001574803149606202e-01
1.001574803149606202e-01
1.001574803149606202e-01
9.984251968503941865e-02
1.001574803149606202e-01
1.001574803149606202e-01
1.001574803149606202e-01
9.889763779527538379e-02
1.001574803149606202e-01
1.001574803149606202e-01
1.001574803149606202e-01
9.637795275590557709e-02
1.001574803149606202e-01
9.858267716535418224e-02
1.001574803149606202e-01
9.637795275590557709e-02
1.001574803149606202e-01
9.984251968503941865e-02
1.001574803149606202e-01
9.511811023622034067e-02
1.001574803149606202e-01
9.385826771653556222e-02
1.001574803149606202e-01
9.385826771653556222e-02
1.001574803149606202e-01
9.511811023622034067e-02
1.001574803149606202e-01
9.322834645669293707e-02
9.133858267716542245e-02
9.322834645669293707e-02
1.001574803149606202e-01
9.342992125984229956e-02
1.001574803149606202e-01
9.322834645669293707e-02
1.001574803149606202e-01
9.322834645669293707e-02
1.001574803149606202e-01
9.322834645669293707e-02
9.133858267716542245e-02
9.322834645669293707e-02
1.001574803149606202e-01
9.322834645669293707e-02
8.629921259842514292e-02
9.322834645669293707e-02
8.629921259842514292e-02
9.322834645669293707e-02
8.629921259842514292e-02
9.070866141732268628e-02
1.001574803149606202e-01
9.322834645669293707e-02
9.511811023622034067e-02
9.322834645669293707e-02
8.629921259842514292e-02
8.881889763779539371e-02
8.629921259842514292e-02
9.070866141732268628e-02
8.629921259842514292e-02
9.322834645669293707e-02
8.629921259842514292e-02
9.238425196850391652e-02
8.629921259842514292e-02
8.629921259842514292e-02
8.629921259842514292e-02
8.881889763779539371e-02
8.629921259842514292e-02
8.629921259842514292e-02
8.629921259842514292e-02
9.070866141732268628e-02
8.629921259842514292e-02
8.629921259842514292e-02
8.629921259842514292e-02
8.629921259842514292e-02
8.629921259842514292e-02
8.629921259842514292e-02
8.629921259842514292e-02
8.629921259842514292e-02
8.629921259842514292e-02
8.629921259842514292e-02
8.629921259842514292e-02
8.629921259842514292e-02
8.629921259842514292e-02
8.629921259842514292e-02
8.629921259842514292e-02
8.629921259842514292e-02
8.629921259842514292e-02
8.629921259842514292e-02
8.629921259842514292e-02
8.629921259842514292e-02
8.629921259842514292e-02
8.629921259842514292e-02
8.629921259842514292e-02
8.629921259842514292e-02
8.629921259842514292e-02
8.629921259842514292e-02
8.629921259842514292e-02
8.629921259842514292e-02
8.629921259842514292e-02
8.629921259842514292e-02
8.629921259842514292e-02
8.629921259842514292e-02
8.629921259842514292e-02
8.629921259842514292e-02
8.629921259842514292e-02
8.629921259842514292e-02
8.629921259842514292e-02
8.629921259842514292e-02
8.629921259842514292e-02
8.314960629921250290e-02
8.629921259842514292e-02
8.314960629921250290e-02
8.629921259842514292e-02
8.629921259842514292e-02
8.629921259842514292e-02
8.629921259842514292e-02
8.629921259842514292e-02
8.629921259842514292e-02
8.629921259842514292e-02
8.629921259842514292e-02
8.629921259842514292e-02
8.314960629921239188e-02
8.629921259842514292e-02
7.999999999999997391e-02
8.629921259842514292e-02
8.272125984251936515e-02
8.629921259842514292e-02
8.440944881889773932e-02
8.629921259842514292e-02
8.062992125984247416e-02
8.629921259842514292e-02
8.440944881889773932e-02
8.629921259842514292e-02
7.999999999999997391e-02
8.629921259842514292e-02
7.999999999999997391e-02
8.629921259842514292e-02
7.811023622047234827e-02
8.629921259842514292e-02
7.559055118110231952e-02
8.629921259842514292e-02
7.559055118110231952e-02
8.629921259842514292e-02
7.559055118110231952e-02
8.629921259842514292e-02
7.559055118110231952e-02
8.629921259842514292e-02
7.559055118110231952e-02
8.629921259842514292e-02
7.559055118110231952e-02
7.622047244094481977e-02
7.999999999999997391e-02
8.629921259842514292e-02
7.559055118110231952e-02
7.496062992125980540e-02
7.559055118110231952e-02
8.629921259842514292e-02
7.559055118110231952e-02
6.488188976377948225e-02
7.559055118110231952e-02
8.629921259842514292e-02
7.559055118110231952e-02
7.496062992125980540e-02
7.559055118110231952e-02
7.496062992125980540e-02
7.559055118110231952e-02
6.488188976377948225e-02
7.559055118110231952e-02
7.622047244094481977e-02
7.559055118110231952e-02
6.488188976377948225e-02
7.559055118110231952e-02
7.622047244094481977e-02
7.559055118110231952e-02
7.622047244094481977e-02
7.559055118110231952e-02
7.496062992125980540e-02
7.055118110236215101e-02
6.488188976377948225e-02
7.559055118110231952e-02
6.488188976377948225e-02
