1.506009161950956354e+00
1.402899488008622964e+00
1.404796550794933596e+00
1.223603341417407897e+00
1.026261385071409293e+00
1.007715440582053423e+00
9.774508218808944937e-01
9.359202371328484427e-01
8.018862840204796782e-01
7.954168687685261308e-01
7.779035300458098101e-01
7.561304230665589765e-01
7.269199676637027041e-01
7.077876583131231802e-01
7.106979250875772314e-01
7.239558070600915496e-01
6.726381029372134890e-01
6.412287793047696249e-01
6.302883319859875488e-01
6.328213419563459841e-01
6.253904607922391445e-01
5.955268121800053605e-01
5.974669900296415426e-01
5.827000808407438726e-01
5.762328213419565248e-01
5.483697116680141814e-01
5.529506871463218953e-01
5.649690110482349370e-01
5.542441390460791650e-01
5.402295877122070822e-01
5.339261654540555790e-01
5.200754513608193408e-01
5.133387227162489186e-01
5.035839396389116818e-01
5.213689032605767215e-01
5.032605766639716149e-01
5.087577472379410937e-01
4.916734033953111815e-01
4.870385340878469194e-01
4.820803018054433120e-01
4.688763136620856531e-01
4.801940177849635116e-01
4.679601185664243324e-01
4.643492320129344875e-01
4.721638372406358752e-01
4.669900296416060748e-01
4.688763136620856531e-01
4.648342764753434775e-01
4.580436540016167846e-01
4.520075451360818231e-01
4.476421449744004688e-01
4.589059552681217791e-01
4.522231204527084047e-01
4.501751549447590706e-01
4.514147130153598475e-01
4.427378065211532987e-01
4.435462139585017449e-01
4.403664780382647304e-01
4.417138237671787149e-01
4.466181622204257740e-01
4.394502829426031321e-01
4.354621395850174492e-01
4.321207221773107343e-01
4.241983292912963610e-01
4.330369172729722216e-01
4.346537321476692250e-01
4.249528428994880369e-01
4.351387766100782151e-01
4.178927512799786026e-01
4.157369981137160608e-01
4.183239019132309333e-01
4.338453247103207788e-01
4.230665588790084586e-01
4.077068175693885355e-01
4.028779304769603553e-01
3.926704392347077355e-01
4.004311506332526860e-01
4.144974400431151174e-01
4.156292104554029088e-01
3.523729452977629739e-01
3.686337914308811525e-01
3.799514955537591221e-01
3.939638911344650607e-01
4.076529237402318762e-01
4.131500943142010218e-01
3.493398005928319283e-01
3.384532471032067336e-01
3.519267043923472449e-01
3.805982215036380345e-01
4.000000000000001332e-01
3.233953112368630478e-01
3.330638641875505734e-01
3.393155483697116725e-01
3.453516572352465785e-01
3.556992724333064571e-01
3.839008353543518770e-01
3.193209377526272097e-01
3.133387227162491850e-01
3.258420910805714388e-01
3.318781999461062338e-01
3.120452708164916378e-01
3.772568040959311531e-01
3.185125303152787635e-01
3.236863379143087305e-01
3.149555375909459665e-01
3.240097008892484087e-01
2.888709242791703269e-01
2.789005658852059533e-01
3.177041228779303172e-01
3.130692535704659440e-01
3.126919967663703837e-01
2.966855295068712151e-01
2.876313662085691614e-01
2.586903799514957969e-01
2.664510913500404143e-01
2.627324171382375839e-01
3.018054432767448558e-01
2.948531393155483515e-01
2.801940177849636671e-01
2.752357855025599487e-01
2.603610886553489046e-01
2.991107518189168313e-01
2.996496901104823696e-01
2.805712745890596715e-01
2.769064942064132784e-01
2.729183508488277066e-01
2.559956884936675503e-01
2.448935596874158849e-01
2.921584478577204380e-01
2.772298571813527346e-01
2.710988951765018751e-01
2.581514416599298700e-01
2.541632983023444092e-01
2.464025869037995420e-01
2.441390460792240980e-01
2.693613581244945210e-01
2.678523309081109471e-01
2.517919698194557299e-01
2.561034761519807579e-01
2.483427647534358074e-01
2.416599299380221832e-01
2.425222312045271778e-01
2.709781729991916910e-01
2.584748046348694372e-01
2.545405551064403027e-01
2.434923201293451855e-01
2.425222312045271778e-01
2.389652384801940477e-01
2.404613311775790352e-01
2.573969280517380831e-01
2.410132039881433819e-01
2.457558609539207684e-01
2.403125842091082820e-01
2.328213419563461006e-01
2.367016976556184649e-01
2.379951495553760399e-01
2.441390460792238482e-01
2.276475343573161614e-01
2.344381568310428821e-01
2.333602802479115279e-01
2.363783346806791197e-01
2.344381568310428821e-01
2.265696577741850293e-01
2.254917811910538139e-01
2.279708973322554788e-01
2.338992185394772050e-01
2.301266504985179651e-01
2.344381568310428821e-01
2.232821341956345573e-01
2.261385071409324765e-01
2.258151441659930203e-01
2.344381568310428821e-01
2.322824036647805346e-01
2.275397466990030371e-01
2.129884128267313381e-01
2.202101859337107503e-01
2.206952303961196293e-01
2.322824036647804236e-01
2.318512530315278430e-01
2.138507140932364714e-01
2.167070870385340298e-01
2.177310697925089467e-01
2.187011587173267324e-01
2.290487739153868330e-01
2.327135542980328653e-01
2.292643492320129428e-01
1.967124764214498722e-01
2.107248720021560051e-01
2.193478846672056171e-01
2.279708973322554788e-01
2.335758555645378598e-01
2.301266504985179651e-01
1.950956615467528410e-01
1.973592023713285348e-01
2.128806251684182416e-01
2.169765561843169377e-01
2.128806251684182416e-01
1.865804365400164366e-01
1.934788466720560596e-01
1.960657504715712096e-01
2.150363783346807001e-01
2.112853678253833745e-01
2.302883319859877487e-01
1.844246833737535063e-01
1.895984909727835566e-01
1.947722985718133848e-01
1.999461061708434351e-01
2.134195634599839186e-01
1.652384801940176562e-01
1.632983023443815296e-01
1.883050390730261203e-01
1.886284020479655765e-01
1.972514147130154105e-01
2.000538938291565594e-01
1.683643222850981225e-01
1.611425491781190711e-01
1.870115871732687673e-01
1.921853947722985956e-01
1.908919428725412704e-01
1.982215036378334183e-01
1.624360010778765351e-01
1.589867960118566126e-01
1.676098086769066964e-01
1.908919428725411316e-01
1.890595526812182403e-01
1.667475074104014521e-01
1.632983023443814186e-01
1.598490972783616071e-01
1.654540555106437660e-01
1.740770681756938776e-01
1.947722985718133848e-01
1.676098086769064743e-01
1.641606036108865518e-01
1.607113985448665183e-01
1.632983023443815296e-01
1.616814874696848592e-01
1.636324440851505690e-01
1.684721099434113578e-01
1.650229048773915463e-01
1.599568849366746204e-01
1.611425491781190711e-01
1.589867960118568624e-01
1.589867960118566126e-01
1.693344112099163801e-01
1.658852061438964576e-01
1.602802479116140766e-01
1.589867960118566126e-01
1.589867960118566126e-01
1.589867960118566126e-01
1.589867960118566126e-01
1.667475074104014521e-01
1.632983023443814186e-01
1.593101589867960688e-01
1.589867960118566126e-01
1.589867960118566126e-01
1.589867960118566126e-01
1.589867960118566126e-01
1.609269738614927392e-01
1.596335219617353862e-01
1.589867960118566126e-01
1.589867960118566126e-01
1.509027216383723169e-01
1.530584748046347754e-01
1.612503368364321954e-01
1.599568849366746204e-01
1.589867960118566126e-01
1.589867960118566126e-01
1.589867960118566126e-01
1.525195365130692093e-01
1.546752896793316678e-01
1.568310428455941541e-01
1.589867960118566126e-01
1.589867960118566126e-01
1.498248450552411848e-01
1.589329021827004251e-01
1.541363513877661295e-01
1.606036108865533940e-01
1.580878469415250287e-01
1.545675020210183215e-01
1.492859067636756465e-01
1.519762867151705221e-01
1.535974130962005635e-01
1.557531662624627999e-01
1.549986526542712628e-01
1.509027216383723169e-01
1.487469684721100804e-01
1.509027216383723169e-01
1.530584748046347754e-01
1.552142279708972339e-01
1.530045809754783381e-01
1.482080301805442923e-01
1.482080301805442923e-01
1.503637833468067508e-01
1.525195365130692093e-01
1.546752896793316678e-01
1.510105092966856632e-01
1.455133387227162678e-01
1.476690918889787263e-01
1.498248450552411848e-01
1.519805982215036710e-01
1.455133387227162678e-01
1.490164376178929884e-01
1.455133387227162678e-01
1.471301535974131602e-01
1.492859067636756465e-01
1.514416599299381050e-01
1.535974130962005635e-01
1.455133387227162678e-01
1.455133387227162678e-01
1.465912153058474832e-01
1.487469684721100804e-01
1.455133387227162678e-01
1.455133387227162678e-01
1.455133387227162678e-01
1.455133387227162678e-01
1.460522770142818338e-01
1.482080301805442923e-01
1.503637833468067508e-01
1.455133387227162678e-01
1.455133387227162678e-01
1.455133387227162678e-01
1.455133387227162678e-01
1.476690918889787263e-01
1.455133387227162678e-01
1.455133387227162678e-01
1.455133387227162678e-01
1.455133387227162678e-01
1.455133387227162678e-01
1.471301535974131602e-01
1.455133387227162678e-01
1.455133387227162678e-01
1.455133387227162678e-01
1.455133387227162678e-01
1.455133387227162678e-01
1.465912153058474832e-01
1.455133387227162678e-01
1.455133387227162678e-01
1.455133387227162678e-01
1.455133387227162678e-01
1.455133387227162678e-01
1.460522770142818338e-01
1.455133387227162678e-01
1.455133387227162678e-01
1.455133387227162678e-01
1.455133387227162678e-01
1.455133387227162678e-01
1.455133387227162678e-01
1.455133387227162678e-01
1.455133387227162678e-01
1.455133387227162678e-01
1.455133387227162678e-01
1.455133387227162678e-01
1.440582053354891312e-01
1.455133387227162678e-01
1.455133387227162678e-01
1.455133387227162678e-01
1.455133387227162678e-01
1.455133387227162678e-01
1.455133387227162678e-01
1.455133387227162678e-01
1.455133387227162678e-01
1.455133387227162678e-01
1.455133387227162678e-01
1.455133387227162678e-01
1.455133387227162678e-01
1.455133387227162678e-01
1.455133387227162678e-01
1.455133387227162678e-01
1.455133387227162678e-01
1.455133387227162678e-01
1.404688763136616170e-01
1.455133387227162678e-01
1.455133387227162678e-01
1.455133387227162678e-01
1.455133387227162678e-01
1.455133387227162678e-01
1.455133387227162678e-01
1.440582053354891312e-01
1.455133387227162678e-01
1.455133387227162678e-01
1.455133387227162678e-01
1.390460792239288645e-01
1.455133387227162678e-01
1.426030719482620224e-01
1.455133387227162678e-01
1.455133387227162678e-01
1.455133387227162678e-01
1.455133387227162678e-01
1.353274050121260619e-01
1.411479385610348858e-01
1.455133387227162678e-01
1.455133387227162678e-01
1.455133387227162678e-01
1.455133387227162678e-01
1.338722716248989253e-01
