7.748204478242501914e-01
7.427122940430923581e-01
6.666666666666666297e-01
6.415969581749048078e-01
6.446979298690324045e-01
5.735445711871566266e-01
5.978031263202364665e-01
5.433037600337979889e-01
5.466835656949724509e-01
5.061174482467256652e-01
5.057034220532318214e-01
4.862695395014787203e-01
4.896493451626531268e-01
4.630925221799745417e-01
4.850021123785382415e-01
4.450781580059146592e-01
4.592310942120828021e-01
4.286692015209123685e-01
4.237431347697507844e-01
4.129700042247571590e-01
4.123362906632869196e-01
3.971271651880016185e-01
4.123362906632869196e-01
3.897338403041825661e-01
3.983945923109420972e-01
3.787494719053655645e-01
3.912125052809463654e-01
3.665314744402194402e-01
3.827629911280102104e-01
3.536121673003802535e-01
3.540346430080271167e-01
3.486776510350653169e-01
3.210815378115758900e-01
3.397380650612589204e-01
3.210815378115758900e-01
3.257287705956907753e-01
3.177017321504013170e-01
3.189691592733417957e-01
3.177017321504013170e-01
3.172370088719898562e-01
3.075623151668779309e-01
3.105196451204056407e-01
3.075623151668779309e-01
3.084072665821715464e-01
3.075623151668779309e-01
3.002703844528940014e-01
3.075623151668779309e-01
2.980566117448247843e-01
3.041825095057035244e-01
3.010139416983523275e-01
2.915082382762991808e-01
2.872834811998311588e-01
2.915082382762991808e-01
2.836924376848332652e-01
2.762991128010140462e-01
2.777777777777779011e-01
2.885509083227714711e-01
2.724968314321926099e-01
2.733417828474863365e-01
2.724968314321926099e-01
2.733417828474863365e-01
2.678495986480777247e-01
2.733417828474863365e-01
2.663709336713138698e-01
2.733417828474863365e-01
2.608787494719053690e-01
2.441909590198562408e-01
2.613012251795522323e-01
2.441909590198562408e-01
2.558090409801437870e-01
2.441909590198562408e-01
2.526404731727925901e-01
2.661596958174904937e-01
2.477820025348541622e-01
2.441909590198562408e-01
2.507393324883818719e-01
2.441909590198562408e-01
2.414448669201520736e-01
2.441909590198562408e-01
2.399662019433882187e-01
2.391212505280946310e-01
2.399662019433882187e-01
2.315166877904520637e-01
2.359526827207435729e-01
2.315166877904520637e-01
2.338403041825095063e-01
2.315166877904520637e-01
2.353189691592733335e-01
2.315166877904520637e-01
2.348964934516266090e-01
2.315166877904520637e-01
2.319391634980987882e-01
2.315166877904520637e-01
2.315166877904520637e-01
2.315166877904520637e-01
2.319391634980987882e-01
2.285593578369243539e-01
2.281368821292774907e-01
2.315166877904520637e-01
2.296155471060413455e-01
2.247570764681030842e-01
2.296155471060413455e-01
2.285593578369243539e-01
2.262357414448669113e-01
2.247570764681030842e-01
2.260245035910435629e-01
2.247570764681030842e-01
2.165188001689902775e-01
2.247570764681030842e-01
2.163075623151667626e-01
2.247570764681030842e-01
2.160963244613433865e-01
2.247570764681030842e-01
2.148288973384029077e-01
2.247570764681030842e-01
2.173637515842838652e-01
2.247570764681030842e-01
2.129277566539923561e-01
2.247570764681030842e-01
2.146176594845795593e-01
2.247570764681030842e-01
2.127165188001689800e-01
2.247570764681030842e-01
2.127165188001689800e-01
2.247570764681030842e-01
2.127165188001689800e-01
2.247570764681030842e-01
2.008871989860582519e-01
2.243346007604563597e-01
2.125052809463456316e-01
2.006759611322348758e-01
2.120828052386987406e-01
2.006759611322348758e-01
2.006759611322348758e-01
2.006759611322348758e-01
2.006759611322348758e-01
2.006759611322348758e-01
1.977186311787073603e-01
2.006759611322348758e-01
1.987748204478241576e-01
2.006759611322348758e-01
1.989860583016476725e-01
2.006759611322348758e-01
1.993662864385296607e-01
2.006759611322348758e-01
1.930713983945923085e-01
2.006759611322348758e-01
1.987748204478241576e-01
2.006759611322348758e-01
1.949725390790028878e-01
2.006759611322348758e-01
1.930713983945923085e-01
2.006759611322348758e-01
1.930713983945923085e-01
2.006759611322348758e-01
1.956062526404732660e-01
2.006759611322348758e-01
1.956062526404732660e-01
2.006759611322348758e-01
1.837769328263625379e-01
2.006759611322348758e-01
1.837769328263625379e-01
1.711026615969581943e-01
1.877904520490071838e-01
1.964512040557667150e-01
1.837769328263625379e-01
2.006759611322348758e-01
1.816645542881284436e-01
2.006759611322348758e-01
1.816645542881284436e-01
1.964512040557667150e-01
1.837769328263625379e-01
1.668779045204900335e-01
1.789184621884241377e-01
1.668779045204900335e-01
1.789184621884241377e-01
1.668779045204900335e-01
1.816645542881284436e-01
1.668779045204900335e-01
1.789184621884241377e-01
1.668779045204900335e-01
1.816645542881284436e-01
1.668779045204900335e-01
1.738487536966623614e-01
1.668779045204900335e-01
1.668779045204900335e-01
1.668779045204900335e-01
1.738487536966623614e-01
1.668779045204900335e-01
1.668779045204900335e-01
1.668779045204900335e-01
1.738487536966623614e-01
1.668779045204900335e-01
1.668779045204900335e-01
1.668779045204900335e-01
1.668779045204900335e-01
1.668779045204900335e-01
1.668779045204900335e-01
1.668779045204900335e-01
1.548373468525559293e-01
1.668779045204900335e-01
1.527249683143220016e-01
1.668779045204900335e-01
1.550485847063794442e-01
1.668779045204900335e-01
1.548373468525559293e-01
1.668779045204900335e-01
1.527249683143220016e-01
1.668779045204900335e-01
1.499788762146178345e-01
1.668779045204900335e-01
1.499788762146178345e-01
1.668779045204900335e-01
1.499788762146178345e-01
1.668779045204900335e-01
1.499788762146178345e-01
1.613857203210815328e-01
1.499788762146178345e-01
1.385720321081538309e-01
1.499788762146178345e-01
1.385720321081538309e-01
1.499788762146178345e-01
1.330798479087453301e-01
1.455766793409378201e-01
1.613857203210815328e-01
1.527249683143220016e-01
1.613857203210815328e-01
1.499788762146178345e-01
1.330798479087453301e-01
1.472327841149135008e-01
1.613857203210815328e-01
1.499788762146178345e-01
1.330798479087453301e-01
1.455428812843261588e-01
1.330798479087453301e-01
1.427967891846218251e-01
1.330798479087453301e-01
1.455428812843261588e-01
1.330798479087453301e-01
1.499788762146178345e-01
1.330798479087453301e-01
1.499788762146178345e-01
1.330798479087453301e-01
1.330798479087453301e-01
1.330798479087453301e-01
1.408956485002112735e-01
1.330798479087453301e-01
1.406844106463878974e-01
1.330798479087453301e-01
1.330798479087453301e-01
1.330798479087453301e-01
1.406844106463878974e-01
1.330798479087453301e-01
1.379721166032952528e-01
1.330798479087453301e-01
1.358259400084494972e-01
1.330798479087453301e-01
1.330798479087453301e-01
1.330798479087453301e-01
1.330798479087453301e-01
1.330798479087453301e-01
1.330798479087453301e-01
1.330798479087453301e-01
1.330798479087453301e-01
1.330798479087453301e-01
1.330798479087453301e-01
1.330798479087453301e-01
1.330798479087453301e-01
1.330798479087453301e-01
1.330798479087453301e-01
1.330798479087453301e-01
1.330798479087453301e-01
1.330798479087453301e-01
1.307562315166877209e-01
1.330798479087453301e-01
1.307562315166877209e-01
1.330798479087453301e-01
1.307562315166877209e-01
1.330798479087453301e-01
1.280101394169835538e-01
1.330798479087453301e-01
1.330798479087453301e-01
1.330798479087453301e-01
1.330798479087453301e-01
1.330798479087453301e-01
1.280101394169835538e-01
1.330798479087453301e-01
1.280101394169835538e-01
1.330798479087453301e-01
1.280101394169835538e-01
1.330798479087453301e-01
1.280101394169835538e-01
1.330798479087453301e-01
1.214617659484579504e-01
1.330798479087453301e-01
1.214617659484579504e-01
1.330798479087453301e-01
1.280101394169835538e-01
1.330798479087453301e-01
1.214617659484579504e-01
1.330798479087453301e-01
1.242078580481621314e-01
1.229404309252217914e-01
1.214617659484579504e-01
1.098436839881705845e-01
1.214617659484579504e-01
1.330798479087453301e-01
1.214617659484579504e-01
1.229404309252217914e-01
1.214617659484579504e-01
1.199831009716941094e-01
1.280101394169835538e-01
1.199831009716941094e-01
1.214617659484579504e-01
1.098436839881705845e-01
1.214617659484579504e-01
1.098436839881705845e-01
1.214617659484579504e-01
1.199831009716941094e-01
1.214617659484579504e-01
1.229404309252217914e-01
1.214617659484579504e-01
1.199831009716941094e-01
1.214617659484579504e-01
1.098436839881705845e-01
1.214617659484579504e-01
1.098436839881705845e-01
1.214617659484579504e-01
1.098436839881705845e-01
1.168145331643430651e-01
1.098436839881705845e-01
1.214617659484579504e-01
1.098436839881705845e-01
1.168145331643430651e-01
1.098436839881705845e-01
1.163920574566961880e-01
1.098436839881705845e-01
1.130122517955216288e-01
1.098436839881705845e-01
1.163920574566961880e-01
1.098436839881705845e-01
1.102661596958174617e-01
1.098436839881705845e-01
1.149133924799323470e-01
1.098436839881705845e-01
1.149133924799323470e-01
1.098436839881705845e-01
1.121673003802281798e-01
1.098436839881705845e-01
1.098436839881705845e-01
1.098436839881705845e-01
1.098436839881705845e-01
1.098436839881705845e-01
1.117448246725813027e-01
1.098436839881705845e-01
1.098436839881705845e-01
1.098436839881705845e-01
1.098436839881705845e-01
1.098436839881705845e-01
1.117448246725813027e-01
1.098436839881705845e-01
1.098436839881705845e-01
1.098436839881705845e-01
1.098436839881705845e-01
1.098436839881705845e-01
1.098436839881705845e-01
1.098436839881705845e-01
1.098436839881705845e-01
1.098436839881705845e-01
1.098436839881705845e-01
1.098436839881705845e-01
1.098436839881705845e-01
1.098436839881705845e-01
1.098436839881705845e-01
1.098436839881705845e-01
1.098436839881705845e-01
1.098436839881705845e-01
1.098436839881705845e-01
1.098436839881705845e-01
1.098436839881705845e-01
1.098436839881705845e-01
1.098436839881705845e-01
1.098436839881705845e-01
1.098436839881705845e-01
1.098436839881705845e-01
1.098436839881705845e-01
1.098436839881705845e-01
1.098436839881705845e-01
1.098436839881705845e-01
1.098436839881705845e-01
1.098436839881705845e-01
1.098436839881705845e-01
1.098436839881705845e-01
1.098436839881705845e-01
1.098436839881705845e-01
