1.027401574803149753e+00
8.759559055118110171e-01
9.177952755905512960e-01
7.534362204724409651e-01
8.359055118110236826e-01
7.033070866141732935e-01
6.948031496062992973e-01
6.393700787401576102e-01
6.733858267716534840e-01
6.007811023622046109e-01
6.003149606299212904e-01
5.508661417322834319e-01
5.681889763779527369e-01
5.251905511811023608e-01
5.108661417322833964e-01
4.787401574803151760e-01
4.548031496062991397e-01
4.538582677165353130e-01
4.258267716535431568e-01
4.277165354330708102e-01
4.132283464566928188e-01
3.972157480314958411e-01
3.974803149606298547e-01
3.785826771653542089e-01
3.722834645669292342e-01
3.661858267716532334e-01
3.722834645669292342e-01
3.603149606299212993e-01
3.451968503937006827e-01
3.427149606299210172e-01
3.288188976377952044e-01
3.250393700787401752e-01
3.212598425196849239e-01
3.181102362204724643e-01
3.212598425196849239e-01
3.014173228346457845e-01
3.212598425196849239e-01
3.036220472440945284e-01
2.985826771653544709e-01
2.844094488188979031e-01
2.985826771653544709e-01
2.844094488188979031e-01
2.677165354330710012e-01
2.730708661417320937e-01
2.374803149606300179e-01
2.655118110236220352e-01
2.374803149606300179e-01
2.469291338582677020e-01
2.374803149606300179e-01
2.466141732283463894e-01
2.374803149606300179e-01
2.426204724409448399e-01
2.337007874015748499e-01
2.387401574803149074e-01
2.255118110236219442e-01
2.248818897637795411e-01
2.255118110236219442e-01
2.248818897637795411e-01
2.255118110236219442e-01
2.164283464566928161e-01
2.198425196850392616e-01
2.138582677165356272e-01
2.185826771653542611e-01
2.066141732283465204e-01
2.185826771653542611e-01
2.025196850393700676e-01
2.185826771653542611e-01
2.025196850393700676e-01
2.185826771653542611e-01
2.012598425196851781e-01
2.185826771653542611e-01
1.845669291338580265e-01
1.851968503937008736e-01
1.845669291338582485e-01
2.091338582677164382e-01
1.811023622047244208e-01
1.757480314960630507e-01
1.804724409448817957e-01
1.757480314960630507e-01
1.804724409448817957e-01
1.757480314960630507e-01
1.798425196850393926e-01
1.757480314960630507e-01
1.757480314960630507e-01
1.757480314960630507e-01
1.716535433070865979e-01
1.757480314960630507e-01
1.603149606299212604e-01
1.744881889763780503e-01
1.716535433070865979e-01
1.436220472440944418e-01
1.603149606299212604e-01
1.436220472440944418e-01
1.596850393700787463e-01
1.436220472440944418e-01
1.590551181102362321e-01
1.436220472440944418e-01
1.590551181102362321e-01
1.436220472440944418e-01
1.593700787401575447e-01
1.436220472440944418e-01
1.505511811023621249e-01
1.436220472440944418e-01
1.436220472440944418e-01
1.436220472440944418e-01
1.436220472440944418e-01
1.436220472440944418e-01
1.420472440944882397e-01
1.436220472440944418e-01
1.426771653543307539e-01
1.316535433070867289e-01
1.414173228346457256e-01
1.329133858267717294e-01
1.376377952755904743e-01
1.329133858267717294e-01
1.318047244094487924e-01
1.316535433070867289e-01
1.370078740157479602e-01
1.316535433070867289e-01
1.376377952755904743e-01
1.316535433070867289e-01
1.316535433070867289e-01
1.316535433070867289e-01
1.341732283464566189e-01
1.316535433070867289e-01
1.341732283464566189e-01
1.316535433070867289e-01
1.237795275590551081e-01
1.316535433070867289e-01
1.294488188976377907e-01
1.316535433070867289e-01
1.237795275590551081e-01
1.316535433070867289e-01
1.199999999999998429e-01
1.316535433070867289e-01
1.237795275590551081e-01
1.316535433070867289e-01
1.177952755905510157e-01
1.316535433070867289e-01
1.177952755905510157e-01
1.108661417322834575e-01
1.212598425196850793e-01
1.108661417322834575e-01
1.177952755905510157e-01
1.108661417322834575e-01
1.171653543307086265e-01
1.247244094488189209e-01
1.165354330708662373e-01
1.039370078740156633e-01
1.177952755905510157e-01
1.039370078740156633e-01
1.159055118110238342e-01
1.039370078740156633e-01
1.171653543307086265e-01
1.039370078740156633e-01
1.130708661417323957e-01
1.039370078740156633e-01
1.102362204724409434e-01
1.039370078740156633e-01
1.077165354330709146e-01
1.039370078740156633e-01
1.039370078740156633e-01
1.039370078740156633e-01
1.130708661417323957e-01
1.039370078740156633e-01
1.039370078740156633e-01
1.039370078740156633e-01
1.039370078740156633e-01
1.039370078740156633e-01
1.039370078740156633e-01
1.039370078740156633e-01
1.033070866141731492e-01
1.039370078740156633e-01
1.033070866141731492e-01
1.039370078740156633e-01
1.033070866141731492e-01
1.039370078740156633e-01
1.020472440944881348e-01
1.039370078740156633e-01
1.033070866141731492e-01
1.039370078740156633e-01
1.020472440944881348e-01
1.039370078740156633e-01
1.020472440944881348e-01
1.014173228346456346e-01
1.033070866141731492e-01
1.026771653543306489e-01
1.020472440944881348e-01
1.026771653543306489e-01
1.033070866141731492e-01
1.014173228346456346e-01
1.020472440944881348e-01
1.014173228346456346e-01
1.020472440944881348e-01
1.001574803149606202e-01
1.014173228346456346e-01
1.001574803149606202e-01
1.001574803149606202e-01
1.001574803149606202e-01
1.014173228346456346e-01
1.001574803149606202e-01
1.007874015748031205e-01
1.001574803149606202e-01
1.014173228346456346e-01
1.001574803149606202e-01
1.007874015748031205e-01
1.001574803149606202e-01
1.001574803149606202e-01
1.001574803149606202e-01
1.014173228346456346e-01
1.001574803149606202e-01
1.001574803149606202e-01
1.001574803149606202e-01
1.001574803149606202e-01
1.001574803149606202e-01
1.001574803149606202e-01
1.001574803149606202e-01
1.001574803149606202e-01
1.001574803149606202e-01
1.001574803149606202e-01
1.001574803149606202e-01
9.858267716535418224e-02
1.001574803149606202e-01
1.001574803149606202e-01
1.001574803149606202e-01
9.889763779527538379e-02
1.001574803149606202e-01
9.889763779527538379e-02
1.001574803149606202e-01
9.574803149606296582e-02
1.001574803149606202e-01
9.448818897637772940e-02
1.001574803149606202e-01
9.448818897637772940e-02
1.001574803149606202e-01
9.574803149606296582e-02
1.001574803149606202e-01
9.858267716535418224e-02
1.001574803149606202e-01
9.511811023622034067e-02
1.001574803149606202e-01
9.385826771653556222e-02
1.001574803149606202e-01
9.322834645669293707e-02
1.001574803149606202e-01
9.322834645669293707e-02
9.133858267716542245e-02
9.322834645669293707e-02
1.001574803149606202e-01
9.322834645669293707e-02
9.511811023622034067e-02
9.322834645669293707e-02
1.001574803149606202e-01
9.322834645669293707e-02
1.001574803149606202e-01
9.322834645669293707e-02
1.001574803149606202e-01
9.322834645669293707e-02
9.592440944881801268e-02
9.322834645669293707e-02
9.133858267716542245e-02
9.322834645669293707e-02
9.133858267716542245e-02
9.322834645669293707e-02
9.133858267716542245e-02
9.322834645669293707e-02
8.629921259842514292e-02
9.322834645669293707e-02
8.629921259842514292e-02
9.070866141732268628e-02
8.629921259842514292e-02
9.322834645669293707e-02
8.629921259842514292e-02
9.322834645669293707e-02
8.629921259842514292e-02
8.629921259842514292e-02
8.629921259842514292e-02
8.629921259842514292e-02
8.629921259842514292e-02
9.070866141732268628e-02
8.629921259842514292e-02
8.629921259842514292e-02
8.629921259842514292e-02
8.629921259842514292e-02
8.629921259842514292e-02
8.670236220472408994e-02
8.629921259842514292e-02
8.629921259842514292e-02
8.629921259842514292e-02
8.629921259842514292e-02
8.629921259842514292e-02
8.629921259842514292e-02
8.629921259842514292e-02
8.629921259842514292e-02
8.629921259842514292e-02
8.629921259842514292e-02
8.629921259842514292e-02
8.629921259842514292e-02
8.629921259842514292e-02
8.629921259842514292e-02
8.629921259842514292e-02
8.629921259842514292e-02
8.629921259842514292e-02
8.629921259842514292e-02
8.629921259842514292e-02
8.629921259842514292e-02
8.629921259842514292e-02
8.629921259842514292e-02
8.629921259842514292e-02
8.629921259842514292e-02
8.629921259842514292e-02
8.629921259842514292e-02
8.629921259842514292e-02
8.629921259842514292e-02
8.629921259842514292e-02
8.629921259842514292e-02
8.629921259842514292e-02
8.629921259842514292e-02
8.629921259842514292e-02
8.566929133858264267e-02
8.629921259842514292e-02
8.629921259842514292e-02
8.629921259842514292e-02
8.566929133858264267e-02
8.629921259842514292e-02
8.629921259842514292e-02
8.629921259842514292e-02
8.629921259842514292e-02
8.629921259842514292e-02
8.629921259842514292e-02
8.629921259842514292e-02
8.125984251968498828e-02
8.629921259842514292e-02
8.314960629921250290e-02
8.629921259842514292e-02
8.566929133858264267e-02
8.629921259842514292e-02
7.999999999999997391e-02
8.629921259842514292e-02
8.566929133858264267e-02
8.629921259842514292e-02
8.251968503937000265e-02
8.629921259842514292e-02
8.125984251968498828e-02
8.629921259842514292e-02
8.629921259842503189e-02
7.496062992125980540e-02
7.999999999999997391e-02
8.629921259842514292e-02
7.559055118110231952e-02
8.629921259842514292e-02
7.811023622047234827e-02
8.629921259842514292e-02
8.062992125984236313e-02
8.629921259842514292e-02
7.559055118110231952e-02
8.629921259842514292e-02
7.559055118110231952e-02
8.629921259842514292e-02
7.559055118110231952e-02
7.496062992125980540e-02
7.559055118110231952e-02
8.629921259842514292e-02
7.559055118110231952e-02
8.629921259842514292e-02
7.559055118110231952e-02
8.629921259842514292e-02
8.251968503937000265e-02
6.649448818897481239e-02
7.559055118110231952e-02
7.496062992125980540e-02
7.999999999999997391e-02
6.488188976377948225e-02
7.559055118110231952e-02
8.629921259842514292e-02
7.559055118110231952e-02
7.622047244094481977e-02
7.559055118110231952e-02
7.496062992125980540e-02
7.559055118110231952e-02
6.488188976377948225e-02
7.559055118110231952e-02
6.488188976377948225e-02
7.559055118110231952e-02
6.488188976377948225e-02
7.559055118110231952e-02
6.488188976377948225e-02
7.559055118110231952e-02
6.488188976377948225e-02
7.559055118110231952e-02
7.622047244094481977e-02
7.559055118110231952e-02
6.488188976377948225e-02
7.100472440944838315e-02
6.488188976377948225e-02
