6.466898954703832469e-01
5.648083623693378463e-01
5.554006968641114206e-01
5.027874564459929863e-01
4.905923344947735742e-01
4.609756097560975818e-01
4.473867595818815657e-01
4.191637630662018998e-01
4.404181184668989890e-01
4.063275261324040821e-01
3.958188153310103208e-01
3.843205574912892386e-01
3.756097560975611427e-01
3.679442508710802362e-01
3.735191637630661532e-01
3.578397212543555361e-01
3.679442508710799586e-01
3.493519163763061930e-01
3.574912891986062324e-01
3.397212543554006814e-01
3.477351916376306695e-01
3.245574912891983077e-01
3.317073170731707488e-01
3.202090592334496666e-01
3.317073170731707488e-01
3.101045296167246890e-01
3.205574912891985817e-01
3.101045296167246890e-01
3.184668989547038698e-01
3.010452961672471783e-01
3.184668989547038698e-01
2.891986062717770145e-01
3.094076655052265812e-01
2.780487804878047919e-01
3.045296167247387720e-01
2.790940766550523144e-01
2.954703832752614834e-01
2.700348432055750258e-01
2.815331010452961080e-01
2.585365853658537216e-01
2.815331010452961080e-01
2.522648083623694193e-01
2.815331010452961080e-01
2.540627177700349182e-01
2.397212543554007869e-01
2.404181184668990334e-01
2.397212543554007869e-01
2.400696864111498408e-01
2.397212543554007869e-01
2.323902439024388700e-01
2.355400696864110854e-01
2.275261324041812361e-01
2.243902439024389461e-01
2.226480836236932881e-01
2.243902439024389461e-01
2.083623693379791086e-01
2.243902439024389461e-01
2.038327526132404643e-01
2.243902439024389461e-01
2.055749128919860114e-01
2.243902439024389461e-01
2.055749128919860114e-01
1.770034843205574304e-01
2.008083623693377728e-01
1.770034843205574304e-01
1.996515679442507629e-01
1.770034843205574304e-01
1.926829268292682140e-01
1.770034843205574304e-01
1.815331010452960747e-01
1.756097560975609373e-01
1.878048780487803771e-01
1.756097560975609373e-01
1.843205574912890610e-01
1.735191637630662254e-01
1.822299651567943213e-01
1.737421602787455055e-01
1.752613240418117724e-01
1.735191637630662254e-01
1.703832752613240742e-01
1.735191637630662254e-01
1.651567944250870446e-01
1.735191637630662254e-01
1.707317073170731281e-01
1.735191637630662254e-01
1.696864111498258276e-01
1.735191637630662254e-01
1.634146341463415253e-01
1.609756097560975929e-01
1.630662020905923326e-01
1.609756097560975929e-01
1.606271777003482892e-01
1.533101045296167975e-01
1.623693379790940861e-01
1.533101045296167975e-01
1.595818815331010998e-01
1.533101045296167975e-01
1.595818815331010998e-01
1.533101045296167975e-01
1.522648083623693860e-01
1.533101045296167975e-01
1.522648083623693860e-01
1.533101045296167975e-01
1.533101045296166864e-01
1.533101045296167975e-01
1.522648083623693860e-01
1.533101045296167975e-01
1.522648083623693860e-01
1.533101045296167975e-01
1.487804878048780421e-01
1.533101045296167975e-01
1.477351916376306029e-01
1.442508710801392591e-01
1.477351916376306029e-01
1.442508710801392591e-01
1.477351916376306029e-01
1.442508710801392591e-01
1.449477351916375056e-01
1.442508710801392591e-01
1.477351916376306029e-01
1.442508710801392591e-01
1.442508710801392591e-01
1.442508710801392591e-01
1.289198606271775571e-01
1.442508710801392591e-01
1.442508710801392591e-01
1.442508710801392591e-01
1.240975609756097137e-01
1.442508710801392591e-01
1.248501742160276762e-01
1.442508710801392591e-01
1.243902439024389128e-01
1.442508710801392591e-01
1.205574912891983902e-01
1.442508710801392591e-01
1.236933797909406663e-01
1.442508710801392591e-01
1.205574912891983902e-01
1.442508710801392591e-01
1.205574912891983902e-01
9.686411149825775724e-02
1.205574912891983902e-01
1.024390243902438269e-01
1.177700348432054178e-01
1.386759581881532033e-01
1.196794425087105290e-01
1.386759581881532033e-01
1.177700348432054178e-01
9.686411149825775724e-02
1.149825783972124454e-01
9.686411149825775724e-02
1.177700348432054178e-01
9.686411149825775724e-02
1.128919860627177196e-01
9.686411149825775724e-02
1.128919860627177196e-01
9.686411149825775724e-02
1.085296167247385146e-01
9.686411149825775724e-02
1.120139372822297336e-01
9.686411149825775724e-02
1.101045296167246224e-01
9.686411149825775724e-02
1.135888501742159662e-01
9.686411149825775724e-02
1.034843205574912522e-01
9.686411149825775724e-02
9.233449477351923784e-02
9.686411149825775724e-02
9.877351916376299334e-02
9.686411149825775724e-02
9.547038327526127799e-02
9.686411149825775724e-02
1.101045296167246224e-01
9.686411149825775724e-02
1.069686411149824712e-01
9.218118466898861385e-02
8.919860627177696177e-02
9.686411149825775724e-02
8.685714285714232763e-02
9.686411149825775724e-02
8.641114982578386450e-02
9.686411149825775724e-02
8.919860627177696177e-02
9.128919860627168759e-02
8.641114982578386450e-02
8.153310104529616631e-02
8.641114982578386450e-02
8.153310104529616631e-02
8.606271777003481060e-02
7.595818815331009666e-02
8.641114982578386450e-02
7.595818815331009666e-02
8.641114982578386450e-02
8.153310104529616631e-02
8.641114982578386450e-02
7.595818815331009666e-02
8.606271777003481060e-02
7.595818815331009666e-02
8.641114982578386450e-02
7.595818815331009666e-02
8.118466898954709854e-02
7.595818815331009666e-02
8.118466898954709854e-02
7.595818815331009666e-02
8.048780487804874095e-02
7.595818815331009666e-02
8.048780487804874095e-02
7.595818815331009666e-02
7.665505226480846812e-02
7.595818815331009666e-02
8.118466898954709854e-02
7.595818815331009666e-02
7.595818815331009666e-02
7.595818815331009666e-02
7.595818815331009666e-02
7.595818815331009666e-02
7.595818815331009666e-02
7.595818815331009666e-02
7.595818815331009666e-02
7.595818815331009666e-02
7.665505226480846812e-02
7.595818815331009666e-02
8.048780487804874095e-02
7.595818815331009666e-02
7.595818815331009666e-02
7.595818815331009666e-02
7.595818815331009666e-02
7.595818815331009666e-02
7.595818815331009666e-02
7.595818815331009666e-02
7.595818815331009666e-02
7.595818815331009666e-02
7.386759581881537085e-02
7.595818815331009666e-02
7.595818815331009666e-02
7.595818815331009666e-02
7.386759581881537085e-02
7.595818815331009666e-02
7.386759581881537085e-02
7.595818815331009666e-02
7.560975609756104276e-02
7.595818815331009666e-02
7.386759581881537085e-02
7.595818815331009666e-02
7.282229965156794549e-02
7.595818815331009666e-02
7.282229965156794549e-02
7.177700348432064503e-02
7.073170731707320580e-02
7.595818815331009666e-02
7.073170731707320580e-02
7.595818815331009666e-02
7.073170731707320580e-02
7.595818815331009666e-02
7.073170731707320580e-02
6.550522648083632882e-02
7.073170731707320580e-02
6.550522648083632882e-02
7.073170731707320580e-02
6.550522648083632882e-02
7.073170731707320580e-02
6.968641114982578044e-02
6.968641114982578044e-02
6.550522648083632882e-02
7.073170731707320580e-02
6.550522648083632882e-02
6.968641114982578044e-02
6.550522648083632882e-02
7.073170731707320580e-02
6.550522648083632882e-02
6.968641114982578044e-02
6.550522648083632882e-02
6.968641114982578044e-02
6.550522648083632882e-02
6.759581881533105463e-02
6.550522648083632882e-02
6.655052264808362927e-02
6.550522648083632882e-02
6.759581881533105463e-02
6.550522648083632882e-02
6.550522648083632882e-02
6.550522648083632882e-02
6.968641114982578044e-02
6.550522648083632882e-02
6.550522648083632882e-02
6.550522648083632882e-02
6.550522648083632882e-02
6.550522648083632882e-02
6.655052264808362927e-02
6.550522648083632882e-02
6.550522648083632882e-02
6.550522648083632882e-02
6.550522648083632882e-02
6.550522648083632882e-02
6.550522648083632882e-02
6.550522648083632882e-02
6.550522648083632882e-02
6.550522648083632882e-02
6.550522648083632882e-02
6.550522648083632882e-02
6.550522648083632882e-02
6.550522648083632882e-02
6.550522648083632882e-02
6.550522648083632882e-02
6.550522648083632882e-02
6.550522648083632882e-02
6.550522648083632882e-02
6.550522648083632882e-02
6.550522648083632882e-02
6.550522648083632882e-02
6.550522648083632882e-02
6.550522648083632882e-02
6.550522648083632882e-02
6.550522648083632882e-02
6.550522648083632882e-02
6.550522648083632882e-02
6.550522648083632882e-02
6.550522648083632882e-02
6.550522648083632882e-02
6.550522648083632882e-02
6.550522648083632882e-02
6.550522648083632882e-02
6.550522648083632882e-02
6.550522648083632882e-02
6.550522648083632882e-02
6.550522648083632882e-02
6.550522648083632882e-02
6.550522648083632882e-02
5.818815331010458725e-02
6.550522648083632882e-02
6.550522648083632882e-02
6.550522648083632882e-02
6.550522648083632882e-02
6.550522648083632882e-02
5.714285714285716189e-02
6.550522648083632882e-02
5.818815331010458725e-02
6.550522648083632882e-02
5.505226480836243608e-02
6.550522648083632882e-02
5.818815331010458725e-02
6.550522648083632882e-02
5.818815331010458725e-02
6.550522648083632882e-02
5.505226480836243608e-02
6.550522648083632882e-02
5.818815331010458725e-02
6.550522648083632882e-02
5.714285714285716189e-02
6.550522648083632882e-02
5.818815331010458725e-02
6.550522648083632882e-02
5.400696864111501072e-02
6.550522648083632882e-02
5.400696864111501072e-02
6.550522648083632882e-02
5.400696864111501072e-02
6.550522648083632882e-02
5.400696864111501072e-02
4.459930313588854334e-02
5.505226480836243608e-02
6.550522648083632882e-02
5.400696864111501072e-02
6.550522648083632882e-02
5.400696864111501072e-02
6.550522648083632882e-02
5.400696864111501072e-02
6.550522648083632882e-02
5.400696864111501072e-02
4.459930313588854334e-02
5.400696864111501072e-02
4.250871080139369262e-02
5.400696864111501072e-02
4.459930313588854334e-02
5.400696864111501072e-02
6.341463414634147810e-02
5.400696864111501072e-02
6.341463414634147810e-02
5.400696864111501072e-02
4.284320557491257120e-02
5.296167247386758536e-02
4.250871080139369262e-02
5.400696864111501072e-02
4.250871080139369262e-02
5.400696864111501072e-02
4.250871080139369262e-02
5.296167247386758536e-02
4.250871080139369262e-02
5.400696864111501072e-02
4.250871080139369262e-02
5.400696864111501072e-02
4.250871080139369262e-02
5.400696864111501072e-02
4.250871080139369262e-02
