6.279739877533586645e-01
5.977671239379127588e-01
6.050790335595958025e-01
5.659623107229319050e-01
5.369170740969289035e-01
5.124401196183604457e-01
4.996914605781554441e-01
5.005268903973039141e-01
5.018369962500596193e-01
5.022452176389616829e-01
4.804575876963972925e-01
4.684103099634501777e-01
4.514264014809891701e-01
4.377952247591020418e-01
4.583186974889640886e-01
4.588123605639153335e-01
4.362747424882519320e-01
4.197560165187261272e-01
4.069872312146961546e-01
4.021265486305597991e-01
3.975316846252434089e-01
3.887596715241848355e-01
3.951932406132813713e-01
3.875741206626478474e-01
3.836996250059335201e-01
3.680543029382447595e-01
3.636493093463711301e-01
3.609569468837517392e-01
3.595291213746619752e-01
3.556367778990838224e-01
3.570418189585610191e-01
3.482755019699054211e-01
3.441211373237768600e-01
3.420709165994210155e-01
3.418047182797740446e-01
3.402003132861825541e-01
3.312289362510088542e-01
3.282194901979400004e-01
3.232258983243935235e-01
3.310200787962219171e-01
3.180993971614374249e-01
3.149209664404049591e-01
3.153177956045000729e-01
3.134760525941046039e-01
2.970617553519724896e-01
3.024066074903877244e-01
3.180329425167324198e-01
3.060711064698344308e-01
3.051692220059811222e-01
2.918403189822946220e-01
2.869511558361420023e-01
2.860872454549771016e-01
2.809322637300044612e-01
2.864130630844446967e-01
2.837328523282859893e-01
2.836853847249252714e-01
2.729463141405993332e-01
2.723786016044051905e-01
2.661698390848247775e-01
2.632838088004938459e-01
2.674134902928750890e-01
2.699007927089762116e-01
2.512080505055301338e-01
2.673185550861537085e-01
2.571320074049464610e-01
2.599800636065885961e-01
2.590781791427350655e-01
2.465941994588694286e-01
2.441448711254571025e-01
2.503821142070536965e-01
2.547958418379462353e-01
2.594104523662600914e-01
2.157117767123941654e-01
2.241040489865672170e-01
2.318887359377228008e-01
2.360374044714484698e-01
2.443157544975552709e-01
2.551573551051413147e-01
2.099587031850764784e-01
2.158446860018040092e-01
2.256040252527649337e-01
2.305026819195906962e-01
2.052214363696777399e-01
2.064840746190726162e-01
2.048227085014479032e-01
2.031898229458403704e-01
2.157402572744107072e-01
2.237432952010255105e-01
2.052878910143827451e-01
2.023164190440028820e-01
1.885128399867095905e-01
1.975126975838992771e-01
2.006740399677222064e-01
1.959474058954762399e-01
1.988228034366547603e-01
1.860730051739689084e-01
1.860730051739689084e-01
1.920349361560732271e-01
2.008639103811647730e-01
1.889875160203164095e-01
1.967057483267671270e-01
1.860730051739689084e-01
1.859875634879196715e-01
1.894242179712349039e-01
1.933735225708455574e-01
1.879527222670528963e-01
1.912450752361524731e-01
1.813357383585701699e-01
1.857692125124604243e-01
1.819528172022597534e-01
1.906014145345807098e-01
1.802819575639627303e-01
1.770256799734182818e-01
1.819338301609153552e-01
1.778611097925661133e-01
1.840793658328193361e-01
1.828926757488015808e-01
1.808610623249633509e-01
1.767218873119096312e-01
1.803958798120280094e-01
1.737029477381684950e-01
1.822755969051123026e-01
1.831015332035885457e-01
1.808420752836197853e-01
1.771490957421561763e-01
1.750984952769735481e-01
1.706935016850999742e-01
1.695732662457868911e-01
1.696682014525089099e-01
1.689554279204442400e-01
1.769497318080409942e-01
1.735890254901028829e-01
1.710447619499692318e-01
1.688802392367210192e-01
1.681017705416053831e-01
1.681032895049129616e-01
1.742725589784966667e-01
1.736839606968244298e-01
1.715858926282811947e-01
1.685859400958844845e-01
1.677979778800968991e-01
1.677979778800968991e-01
1.685574595338682757e-01
1.682441733516873428e-01
1.710447619499690652e-01
1.691650448568852438e-01
1.677979778800968991e-01
1.676081074666541659e-01
1.672557079793041135e-01
1.673043148051455153e-01
1.721714529833389407e-01
1.689372003607535477e-01
1.671714055157356715e-01
1.672473536811127925e-01
1.671144443917028100e-01
1.702567997341816464e-01
1.717852565623963768e-01
1.681967057483269024e-01
1.680068353348838639e-01
1.668106517301941316e-01
1.667347035648170106e-01
1.672283666397683943e-01
1.668486258128827893e-01
1.654720653154223009e-01
1.664498979446529525e-01
1.668296387715383911e-01
1.667536906061614366e-01
1.666777424407843156e-01
1.661081312004558108e-01
1.668486258128827893e-01
1.656714292495373164e-01
1.668486258128827893e-01
1.667726776475056683e-01
1.663929368206200632e-01
1.668486258128827893e-01
1.648075188683724435e-01
1.653771301087009482e-01
1.665543266720464211e-01
1.666777424407843156e-01
1.664498979446527860e-01
1.625195803863861699e-01
1.630512175440261835e-01
1.650828309678645800e-01
1.655263682536672887e-01
1.659182607870127446e-01
1.665068590686856476e-01
1.622442682868941999e-01
1.634689324536002797e-01
1.647885318270280453e-01
1.654910523567665603e-01
1.663834432999479473e-01
1.597284853087768963e-01
1.616271894432051159e-01
1.625765415104192257e-01
1.635258935776333356e-01
1.629198272179236129e-01
1.668486258128827893e-01
1.593962120852517317e-01
1.616936440879099546e-01
1.623392034936157469e-01
1.632885555608298567e-01
1.620543978734516610e-01
1.653296625053401747e-01
1.590924194237432476e-01
1.601272131770067608e-01
1.621018654768121015e-01
1.592538092751696055e-01
1.621018654768124345e-01
1.593392509612186758e-01
1.586557174728249198e-01
1.598329140361703926e-01
1.589215360516447462e-01
1.586936915555133831e-01
1.584658470593820201e-01
1.594911472919732509e-01
1.583614183319885516e-01
1.595386148953340244e-01
1.607158114586794972e-01
1.587506526795462725e-01
1.600322779702853804e-01
1.582949636872833798e-01
1.580671191911520168e-01
1.592443157544974897e-01
1.604215123178429625e-01
1.580671191911520168e-01
1.585797693074476322e-01
1.583519248113162692e-01
1.581240803151849061e-01
1.589500166136611214e-01
1.580671191911520168e-01
1.580671191911520168e-01
1.580671191911520168e-01
1.584088859353491308e-01
1.581810414392176012e-01
1.586557174728249198e-01
1.580671191911520168e-01
1.580671191911520168e-01
1.580671191911520168e-01
1.583329377699720097e-01
1.569278967104950073e-01
1.580671191911520168e-01
1.580671191911520168e-01
1.580671191911520168e-01
1.566525846110032316e-01
1.580671191911520168e-01
1.582949636872833798e-01
1.580671191911520168e-01
1.580671191911520168e-01
1.580671191911520168e-01
1.580671191911520168e-01
1.549152703280015364e-01
1.558836094365597114e-01
1.576873783642664117e-01
1.580671191911520168e-01
1.580671191911520168e-01
1.580671191911520168e-01
1.580671191911520168e-01
1.554469074856412170e-01
1.573076375373807789e-01
1.580671191911520168e-01
1.580671191911520168e-01
1.544595813357384773e-01
1.532633977310486062e-01
1.550102055347225560e-01
1.567570133383965336e-01
1.580671191911520168e-01
1.508045758769641642e-01
1.537285802439837812e-01
1.528266957801301118e-01
1.545735035838040616e-01
1.563203113874780392e-01
1.580671191911520168e-01
1.580671191911520168e-01
1.483457540228794169e-01
1.523899938292117839e-01
1.541368016328857338e-01
1.558836094365597114e-01
1.572506764133480839e-01
1.568424550244457705e-01
1.504343285707505085e-01
1.519532918782929565e-01
1.537000996819672671e-01
1.554469074856412170e-01
1.563203113874783723e-01
1.477951298238953104e-01
1.501685099919306821e-01
1.515165899273746286e-01
1.532633977310486062e-01
1.550102055347225560e-01
1.554469074856408839e-01
1.474723501210424281e-01
1.489533393458965516e-01
1.474058954763372564e-01
1.528266957801301118e-01
1.510798879764563007e-01
1.471495704181895459e-01
1.471495704181895459e-01
1.472634926662552968e-01
1.473774149143210754e-01
1.523899938292117839e-01
1.541368016328857338e-01
1.537000996819672671e-01
1.471495704181895459e-01
1.472350121042387827e-01
1.473489343523045336e-01
1.519532918782929565e-01
1.493330801727826562e-01
1.528266957801299453e-01
1.471495704181895459e-01
1.472065315422224074e-01
1.473204537902881861e-01
1.474343760383539370e-01
1.481748706507809432e-01
1.471495704181895459e-01
1.471495704181895459e-01
1.471780509802058934e-01
1.472919732282714778e-01
1.443869559025962868e-01
1.418426923624628022e-01
1.510798879764563007e-01
1.388047657473770735e-01
1.471495704181895459e-01
1.472634926662552968e-01
1.438837993069729537e-01
1.429914083637914002e-01
1.471495704181895459e-01
1.471495704181895459e-01
1.471495704181895459e-01
1.472350121042387827e-01
1.473489343523045336e-01
1.426591351402667351e-01
1.415958608249866801e-01
1.471495704181895459e-01
1.471495704181895459e-01
1.472065315422224074e-01
1.447002420847770532e-01
1.430673565291685212e-01
1.414344709735604888e-01
1.402003132861817936e-01
1.471495704181895459e-01
1.467413490292872325e-01
1.451084634736792001e-01
1.434755779180706681e-01
1.418426923624621083e-01
1.406654957991169685e-01
1.388047657473770735e-01
1.471495704181895459e-01
1.455166848625809861e-01
1.438837993069729537e-01
1.422509137513644217e-01
1.406180281957565559e-01
1.389851426401480239e-01
1.471495704181895459e-01
1.459249062514832995e-01
1.442920206958747675e-01
1.426591351402667351e-01
1.410262495846581754e-01
1.471495704181895459e-01
1.378744007215073897e-01
1.463331276403856129e-01
1.447002420847770532e-01
1.430673565291685212e-01
1.414344709735604888e-01
1.398015854179519568e-01
1.381686998623439244e-01
1.449755541842679962e-01
1.451084634736792001e-01
1.434755779180706681e-01
1.418426923624621083e-01
1.402098068068542425e-01
1.385769212512457105e-01
1.369440356956376781e-01
1.369440356956376781e-01
1.438837993069729537e-01
1.422509137513644217e-01
1.406180281957565559e-01
1.389851426401480239e-01
1.369155551336211640e-01
1.369440356956376781e-01
1.369440356956376781e-01
1.426591351402667351e-01
1.366592300754734257e-01
1.367731523235390378e-01
1.368870745716047888e-01
1.427255897849725730e-01
1.369440356956376781e-01
1.430673565291685212e-01
1.366307495134570782e-01
1.398015854179519568e-01
1.368585940095884412e-01
1.369440356956376781e-01
1.369440356956376781e-01
1.434755779180706681e-01
1.418426923624621083e-01
1.402098068068542425e-01
