6.635040556558385871e-01
6.514227721008067906e-01
6.612087171422155185e-01
6.315254998876659309e-01
6.102396206974024517e-01
5.796450235902047554e-01
5.667258035776543412e-01
5.634921249777272712e-01
5.661416651817882117e-01
5.847814129331653232e-01
5.582937580861335736e-01
5.252426808388662716e-01
5.127789958087685118e-01
5.066680095135540629e-01
5.017314977649344199e-01
4.987565754305505750e-01
4.767622928594121290e-01
4.622028370222887594e-01
4.650714678607677510e-01
4.622849572742275259e-01
4.413523501111720204e-01
4.375227573811388271e-01
4.399321345842471254e-01
4.246004384911568064e-01
4.325955422648147253e-01
4.226713872899542368e-01
4.205564034428529996e-01
4.104822628003004237e-01
3.998636493930077251e-01
4.007319548493558647e-01
3.954167602785890745e-01
3.995615088434216755e-01
3.874504760650453461e-01
3.783032096622997997e-01
3.743908769048410745e-01
3.772418441419597701e-01
3.789152379550514982e-01
3.743056577754711456e-01
3.739839942980657250e-01
3.660161606458061656e-01
3.681621332672239677e-01
3.661323685494930480e-01
3.651174861906275604e-01
3.612129006267481013e-01
3.624524515994082541e-01
3.600353272027206342e-01
3.590824223924884429e-01
3.587337986814277957e-01
3.559032840353579252e-01
3.578583658069866558e-01
3.517380828794771097e-01
3.517225884923190216e-01
3.544573478257504462e-01
3.517613244602144085e-01
3.475418929492791742e-01
3.488096437065673072e-01
3.470355363769475621e-01
3.464157608906178742e-01
3.495688686773217868e-01
3.476940478311731364e-01
3.424569449716840519e-01
3.362669373019623875e-01
3.388699943445488416e-01
3.418061807110375216e-01
3.306812107314128224e-01
3.410624501274414633e-01
3.373902803709358245e-01
3.320834527692345106e-01
3.314559300893252236e-01
3.245717738749140380e-01
3.297205587276008099e-01
3.397144384446735277e-01
3.355929314605782254e-01
3.266216812959507609e-01
3.215317751144649017e-01
3.181849874882825557e-01
3.158530822209654754e-01
3.191146507177785585e-01
3.101666421338872826e-01
3.208190333051854637e-01
3.130727693892887409e-01
3.128316767251069219e-01
3.073162946722555744e-01
3.076720458014085002e-01
3.077960008986745377e-01
3.064015060544318936e-01
3.085707202565872165e-01
3.031941679126738398e-01
3.011644031949427536e-01
3.060063991818978146e-01
3.061845846342163280e-01
2.957878508510294324e-01
3.099884566815671594e-01
3.001340264489189003e-01
2.915268943825098935e-01
3.004206726113466952e-01
3.064015060544318936e-01
2.918677708999916076e-01
2.991811216386868200e-01
2.929058948395942830e-01
2.932080353891804436e-01
2.909458548640751485e-01
2.892656435206348298e-01
2.914339280595606430e-01
2.886139495967586233e-01
2.837332176419091745e-01
2.804484075643601249e-01
2.840121166107579254e-01
2.871999318246963862e-01
2.905197592172236720e-01
2.805181323065725207e-01
2.745218044763289567e-01
2.794800083669691793e-01
2.819668575058684734e-01
2.862904112985071303e-01
2.879321965617951951e-01
2.726624780173383944e-01
2.721976464025908093e-01
2.756916307067767691e-01
2.722983599191204362e-01
2.791081430751711778e-01
2.604993840981106312e-01
2.697650276187459895e-01
2.700129378132772873e-01
2.742893886689549143e-01
2.665344478962498598e-01
2.749091641552844911e-01
2.600887828384166878e-01
2.653568744722228367e-01
2.672781784798458626e-01
2.629397500755352723e-01
2.663485152503511366e-01
2.582139619922690921e-01
2.587872543171237938e-01
2.623277217827842400e-01
2.604993840981106312e-01
2.604993840981106312e-01
2.604993840981106312e-01
2.544255843320758492e-01
2.578963270555245657e-01
2.604451537430567121e-01
2.466319075914752690e-01
2.518612632573852261e-01
2.619713508781449929e-01
2.526359826152977939e-01
2.570286413746621923e-01
2.604993840981106312e-01
2.602824626778950656e-01
2.493744141184862095e-01
2.463994917841018928e-01
2.473514669311064063e-01
2.550763485927227125e-01
2.570518829554001572e-01
2.413328271833533600e-01
2.473756381750714106e-01
2.453148846830237595e-01
2.383811464297053984e-01
2.539917414916445515e-01
2.519774711610737739e-01
2.386832869792928080e-01
2.395664670473124647e-01
2.436879740314075171e-01
2.337483246693889405e-01
2.348484261576244680e-01
2.477165146925522921e-01
2.353829825145838939e-01
2.385360903012889167e-01
2.426575972853839691e-01
2.326792119554693117e-01
2.333842065711697888e-01
2.333842065711697888e-01
2.333842065711697888e-01
2.367619829716686719e-01
2.329503637307387687e-01
2.327334423105232031e-01
2.275195810317726941e-01
2.333842065711697888e-01
2.308043911093213274e-01
2.359175388715441246e-01
2.405968437933361792e-01
2.327876726655770945e-01
2.230417031430360908e-01
2.333842065711697888e-01
2.282245756474728937e-01
2.329038805692638381e-01
2.320284476948227259e-01
2.049907421036736566e-01
2.247092090890076554e-01
2.296965424275056178e-01
2.251024566350838807e-01
2.320284476948227259e-01
2.321833915664051617e-01
2.013805498958016471e-01
2.021478319478774988e-01
2.262533797131989766e-01
2.219261072676427526e-01
2.320284476948227259e-01
2.320284476948227259e-01
2.320284476948227259e-01
1.991958413064881250e-01
2.092981817336680983e-01
2.194005221608480716e-01
2.291232501026510826e-01
2.320284476948227259e-01
1.931840190890852516e-01
1.959110312289372990e-01
2.146747340775798651e-01
2.132957336204975574e-01
2.257842096700485301e-01
1.781002331905285896e-01
1.839958475042429153e-01
1.952292781939749811e-01
2.036504776144845430e-01
2.143493519472571829e-01
2.226620906576591008e-01
1.711974837115275982e-01
1.846326668164484097e-01
1.907514003052404039e-01
2.010706621526361093e-01
2.113899240000316482e-01
2.195399716452720029e-01
1.675330611485991161e-01
1.821907514003051343e-01
1.881715848433901939e-01
1.984908466907876479e-01
2.017679095747578755e-01
2.161467008576154480e-01
1.675872915036530075e-01
1.752725075341462213e-01
1.855917693815417602e-01
1.875595565506394391e-01
2.002649540204058387e-01
1.675330611485991161e-01
1.676415218587068989e-01
1.726926920722977599e-01
1.829267347903228424e-01
1.843832071831984498e-01
1.970886046529647107e-01
1.675330611485991161e-01
1.676957522137607903e-01
1.699269439645501867e-01
1.804321384578448650e-01
1.907514003052404039e-01
1.939122552855237491e-01
1.675330611485991161e-01
1.675330611485991161e-01
1.675330611485991161e-01
1.771085924123984856e-01
1.780305084483164713e-01
1.675330611485991161e-01
1.675330611485991161e-01
1.675330611485991161e-01
1.675872915036530075e-01
1.702600732884521073e-01
1.702058429333975220e-01
1.675330611485991161e-01
1.675330611485991161e-01
1.675330611485991161e-01
1.675330611485991161e-01
1.671611958568009482e-01
1.670294935659565327e-01
1.675330611485991161e-01
1.675330611485991161e-01
1.675330611485991161e-01
1.657434594318209220e-01
1.673471285026999766e-01
1.675717971164960296e-01
1.658596673355078044e-01
1.675330611485991161e-01
1.627607899038576167e-01
1.651469255262283664e-01
1.675330611485991161e-01
1.667893305650029467e-01
1.660455999814068051e-01
1.660068640135111406e-01
1.675330611485991161e-01
1.645503916206358108e-01
1.669365272430065605e-01
1.669752632109019475e-01
1.662315326273059446e-01
1.654878020437098030e-01
1.593210359547257149e-01
1.639538577150431164e-01
1.663399933374138662e-01
1.671611958568009482e-01
1.664174652732049453e-01
1.656737346896088037e-01
1.583681311444931072e-01
1.633573238094501723e-01
1.657434594318209220e-01
1.673471285026999766e-01
1.666033979191039460e-01
1.658596673355078044e-01
1.657667010125583595e-01
1.627607899038576167e-01
1.651469255262283664e-01
1.675330611485991161e-01
1.645813803949517096e-01
1.660455999814068051e-01
1.575469286251057477e-01
1.596774068593655171e-01
1.645503916206358108e-01
1.667505945971081149e-01
1.638491156578534280e-01
1.554939223266376125e-01
1.571363273654119430e-01
1.593210359547257149e-01
1.639538577150427279e-01
1.659681280456160035e-01
1.586005469518655397e-01
1.664174652732049453e-01
1.567257261057186657e-01
1.583681311444931072e-01
1.600105361832679929e-01
1.526197135087815626e-01
1.551685401963146804e-01
1.546727198072498366e-01
1.563151248460248333e-01
1.579575298847993026e-01
1.595999349235741605e-01
1.526197135087815626e-01
1.526197135087815626e-01
1.503575329836771002e-01
1.559045235863308898e-01
1.575469286251057477e-01
1.591893336638802170e-01
1.489010605908009655e-01
1.526197135087815626e-01
1.497609990780841283e-01
1.554939223266376125e-01
1.571363273654119430e-01
1.587787324041869397e-01
1.593055415675670994e-01
1.526197135087815626e-01
1.534409160281687834e-01
1.550833210669437801e-01
1.567257261057186657e-01
1.583681311444931072e-01
1.492729258825989669e-01
1.485291952990030750e-01
1.485679312668989061e-01
1.546727198072498366e-01
1.533402025116403777e-01
1.557263381340116826e-01
1.581124737563820160e-01
1.487151279449019647e-01
1.479713973613059341e-01
1.542621185475565593e-01
1.559045235863308898e-01
1.575469286251057477e-01
1.496447911743972459e-01
1.489010605908009655e-01
1.481573300072047961e-01
1.497609990780841283e-01
1.488003470742729761e-01
1.571363273654119430e-01
1.498307238202961078e-01
1.490869932367001049e-01
1.483432626531039356e-01
1.491644651724911841e-01
1.515506007948623224e-01
1.507603870497911114e-01
1.479713973613059341e-01
1.492729258825989669e-01
1.485291952990030750e-01
1.485679312668989061e-01
1.479713973613059341e-01
1.479713973613059341e-01
1.502025891120941092e-01
1.494588585284981064e-01
1.487151279449019647e-01
1.479713973613059341e-01
1.503575329836771002e-01
1.479713973613059341e-01
1.479713973613059341e-01
1.496447911743972459e-01
1.489010605908009655e-01
1.481573300072047961e-01
1.479713973613059341e-01
1.479713973613059341e-01
1.505744544038922494e-01
1.479713973613059341e-01
1.490869932367001049e-01
1.483432626531039356e-01
1.479713973613059341e-01
1.479713973613059341e-01
1.479713973613059341e-01
1.479713973613059341e-01
1.492729258825989669e-01
1.485291952990030750e-01
1.479713973613059341e-01
1.479713973613059341e-01
1.479713973613059341e-01
1.479713973613059341e-01
1.479713973613059341e-01
