1.137799613579906222e+00
1.077560033121722327e+00
9.955837703560586061e-01
8.460833563345296904e-01
7.827192934032570770e-01
7.356599503174164889e-01
6.888766215843223906e-01
6.577951973502624838e-01
6.260557548992546906e-01
6.048578526083355777e-01
5.825558929064311720e-01
5.586972122550374342e-01
5.399944797129451191e-01
5.314932376483576526e-01
5.337565553408778474e-01
5.405906707148770973e-01
5.100745238752415478e-01
4.665194590118686424e-01
4.481369031189621488e-01
4.709908915263593676e-01
4.738062379243719868e-01
4.899254761247585077e-01
4.197714601159263093e-01
3.979574937896771525e-01
4.117582114269940918e-01
4.136903118962184100e-01
4.049130554788850644e-01
3.563345293955285653e-01
3.582268837979573628e-01
3.658735854264420495e-01
3.639525255313276753e-01
3.536185481645045536e-01
3.274170576869994687e-01
3.253105161468394790e-01
3.296715429202317083e-01
3.306099917195694515e-01
3.240408501242063588e-01
3.076455975710736812e-01
3.027877449627380813e-01
2.970466464256140138e-01
2.967154292023185813e-01
3.014076731990064095e-01
2.972674579078111168e-01
2.902566933480540401e-01
2.842947833287330361e-01
2.783019597019045777e-01
2.939552856748550713e-01
2.804857852608334534e-01
2.856748550924645969e-01
2.740822522771184100e-01
2.703196246204798148e-01
2.652497929892355666e-01
2.565277394424508306e-01
2.698316312448245657e-01
2.699972398564726150e-01
2.673475020701076565e-01
2.583494341705767638e-01
2.579630140767320556e-01
2.554788849020148689e-01
2.542644217499309689e-01
2.644769528015454840e-01
2.613855920507864306e-01
2.545404361026774032e-01
2.565829423130001063e-01
2.490422301959700213e-01
2.517802925752137821e-01
2.514490753519181832e-01
2.521667126690586014e-01
2.519459011868615539e-01
2.502346121998342832e-01
2.509522495169748124e-01
2.511730609991719154e-01
2.491857576593981827e-01
2.471984543196245054e-01
2.452111509798509392e-01
2.432238476400772342e-01
2.489649461772011352e-01
2.402583494341705705e-01
2.440518906983161762e-01
2.469224399668781822e-01
2.457079768147942822e-01
2.431686447695279585e-01
2.394148495721776237e-01
2.389732266077836675e-01
2.387524151255864813e-01
2.475296715429201877e-01
2.395804581838254232e-01
2.412917471708529160e-01
2.408501242064587100e-01
2.378691691967982913e-01
2.386420093844879575e-01
2.376483577146012438e-01
2.429478332873310498e-01
2.292398564725363352e-01
2.302511730609990703e-01
2.334529395528567863e-01
2.373723433618548095e-01
2.375931548440518570e-01
2.373723433618548095e-01
2.215291195142146119e-01
2.259453491581561169e-01
2.299199558377037489e-01
2.365995031741650045e-01
2.372067347502071211e-01
2.141319348606126050e-01
2.183825558929064214e-01
2.246756831355229411e-01
2.287054926856195991e-01
2.348330113165885968e-01
2.360474744686722470e-01
2.129174717085288160e-01
2.172232956113717695e-01
2.171680927408224104e-01
2.250069003588185401e-01
2.314104333425337223e-01
2.043058239028430201e-01
2.094948937344741635e-01
2.160640353298371452e-01
2.154568037537951397e-01
2.213635109025670900e-01
2.203146563621308507e-01
2.028705492685619338e-01
2.079492133590945813e-01
2.069003588186585918e-01
2.102125310516148315e-01
2.173027877449625611e-01
2.034225779740545803e-01
2.029809550096603465e-01
2.066795473364614333e-01
2.017664918575765576e-01
2.073971846536022123e-01
2.039746066795473101e-01
2.035329837151531041e-01
2.020977090808722676e-01
2.041954181617443576e-01
2.028705492685619338e-01
2.048026497377865018e-01
2.028705492685619338e-01
1.993927684239580334e-01
2.017112889870273096e-01
2.035329837151532151e-01
1.987303339773668909e-01
2.028705492685619338e-01
2.028705492685619338e-01
1.988959425890145516e-01
2.004416229643941616e-01
1.904499033949766662e-01
1.950869445211151909e-01
1.998895942589014041e-01
1.964118134142976146e-01
1.983991167540711809e-01
1.992823626828595096e-01
1.993508142423406071e-01
1.901186861716809562e-01
1.945901186861717092e-01
1.907811206182722374e-01
1.948661330389178936e-01
1.988959425890145516e-01
2.013248688931823516e-01
1.902290919127796187e-01
1.897874689483853849e-01
1.893458459839911512e-01
1.876897598675131562e-01
1.904499033949766662e-01
1.904499033949766662e-01
1.903394976538781425e-01
1.898978746894839087e-01
1.859232680099365265e-01
1.876897598675131562e-01
1.849848192105990607e-01
1.904499033949766662e-01
1.904499033949766662e-01
1.900082804305825712e-01
1.858128622688380027e-01
1.831631244824731553e-01
1.817278498481922078e-01
1.893458459839912900e-01
1.902290919127796187e-01
1.892354402428927662e-01
1.861992823626829607e-01
1.837703560585151608e-01
1.824454871653326260e-01
1.812310240132487260e-01
1.900082804305825712e-01
1.892354402428927662e-01
1.791885178029257730e-01
1.843775876345570552e-01
1.795197350262214553e-01
1.889042230195971950e-01
1.897874689483853849e-01
1.885730057963016237e-01
1.814187137731159971e-01
1.849848192105990607e-01
1.799061551200664133e-01
1.792437206734750210e-01
1.768147943693072210e-01
1.849296163400497850e-01
1.829423130002759690e-01
1.855920507866409552e-01
1.802925752139112603e-01
1.787468948385316503e-01
1.769252001104057448e-01
1.704664642561414256e-01
1.801269666022634608e-01
1.758211426994203963e-01
1.806789953077561073e-01
1.791333149323764973e-01
1.733922163952527074e-01
1.711841015732818438e-01
1.783538504002209757e-01
1.749930996411813156e-01
1.719569417609716488e-01
1.795197350262214553e-01
1.739994479712946018e-01
1.715705216671266908e-01
1.704664642561413146e-01
1.744410709356885858e-01
1.717361302787746014e-01
1.767993375655526334e-01
1.779188517802927361e-01
1.721777532431686963e-01
1.697488269390008964e-01
1.706320728677892251e-01
1.716809274082253256e-01
1.716809274082253256e-01
1.697488269390008964e-01
1.727849848192105908e-01
1.703008556444935151e-01
1.704112613855920388e-01
1.703008556444935151e-01
1.697488269390008964e-01
1.697488269390008964e-01
1.733922163952527074e-01
1.708528843499862726e-01
1.701904499033949913e-01
1.697488269390008964e-01
1.697488269390008964e-01
1.764283742754624018e-01
1.739994479712946018e-01
1.714049130554788913e-01
1.697488269390008964e-01
1.697488269390008964e-01
1.697488269390008964e-01
1.697488269390008964e-01
1.697488269390008964e-01
1.719569417609716488e-01
1.697488269390008964e-01
1.697488269390008964e-01
1.697488269390008964e-01
1.697488269390008964e-01
1.697488269390008964e-01
1.694728125862545731e-01
1.696936240684516484e-01
1.697488269390008964e-01
1.697488269390008964e-01
1.697488269390008964e-01
1.691967982335081389e-01
1.694176097157051863e-01
1.708528843499862726e-01
1.697488269390008964e-01
1.697488269390008964e-01
1.697488269390008964e-01
1.691415953629588909e-01
1.693624068451559384e-01
1.695832183273530969e-01
1.684791609163677484e-01
1.697488269390008964e-01
1.697488269390008964e-01
1.697488269390008964e-01
1.693072039746066626e-01
1.695280154568038489e-01
1.697488269390008964e-01
1.694728125862544621e-01
1.697488269390008964e-01
1.690311896218603671e-01
1.692520011040574146e-01
1.683687551752690859e-01
1.683687551752690859e-01
1.697488269390008964e-01
1.608611647805686662e-01
1.689759867513110914e-01
1.691967982335081389e-01
1.694176097157051863e-01
1.683687551752690859e-01
1.672094948937345726e-01
1.686999723985647959e-01
1.653325972950594192e-01
1.691415953629588909e-01
1.693624068451559384e-01
1.683687551752690859e-01
1.673751035053822334e-01
1.622964394148493639e-01
1.671542920231853246e-01
1.690863924924096151e-01
1.683687551752690859e-01
1.683687551752690859e-01
1.683687551752690859e-01
1.635109025669332639e-01
1.654430030361579429e-01
1.633099641181337824e-01
1.683687551752690859e-01
1.683687551752690859e-01
1.683687551752690859e-01
1.647253657190171638e-01
1.598675131106818137e-01
1.644493513662710904e-01
1.553960805961909220e-01
1.683687551752690859e-01
1.683687551752690859e-01
1.659398288711012859e-01
1.610819762627657137e-01
1.562241236544301137e-01
1.683687551752690859e-01
1.683687551752690859e-01
1.683687551752690859e-01
1.671542920231851859e-01
1.622964394148493639e-01
1.569417609715705320e-01
1.534087772564171059e-01
1.683687551752690859e-01
1.683687551752690859e-01
1.683687551752690859e-01
1.635109025669332639e-01
1.582114269942036799e-01
1.531327629036708105e-01
1.535191829975157685e-01
1.683687551752690859e-01
1.683687551752690859e-01
1.647253657190171638e-01
1.598675131106818137e-01
1.544024289263042082e-01
1.498757935412639575e-01
1.683687551752690859e-01
1.683687551752690859e-01
1.658294231300027621e-01
1.607507590394700037e-01
1.556720949489373562e-01
1.505934308584044867e-01
1.455147667678718393e-01
1.683687551752690859e-01
1.671542920231851859e-01
1.622964394148493639e-01
1.569417609715705320e-01
1.518630968810376347e-01
1.467844327905050150e-01
1.683687551752690859e-01
1.683687551752690859e-01
1.632900910847362164e-01
1.582114269942036799e-01
1.531327629036708105e-01
1.480540988131381630e-01
1.460115926028150990e-01
1.378967706320727571e-01
1.632348882141869406e-01
1.594810930168368557e-01
1.544024289263042082e-01
1.493237648357713387e-01
1.337013524703283274e-01
1.657742202594536252e-01
1.658294231300027621e-01
1.607507590394700037e-01
1.556720949489373562e-01
1.505934308584044867e-01
1.497653878001655448e-01
1.422577974054648753e-01
1.666574661882418429e-01
1.620204250621030406e-01
1.569417609715705320e-01
1.518630968810376347e-01
1.322660778360473799e-01
1.406547060447107811e-01
1.683687551752690859e-01
1.632900910847362164e-01
1.582114269942036799e-01
1.531327629036708105e-01
1.480540988131381630e-01
1.333149323764836192e-01
1.365719017388903334e-01
1.632348882141869406e-01
1.563897322660777744e-01
1.544024289263042082e-01
1.493237648357713387e-01
1.326524979298922269e-01
1.353022357162571854e-01
1.366271046094396091e-01
1.607507590394700037e-01
1.512558653049958790e-01
1.505934308584044867e-01
1.319900634833010566e-01
1.346398012696660429e-01
1.666574661882418429e-01
1.598123102401322881e-01
1.529671542920231497e-01
1.293955285674855959e-01
1.322660778360473799e-01
