8.627450980392155078e-01
7.232679738562090010e-01
7.496229260935144412e-01
6.453393665158368986e-01
6.495726495726495964e-01
5.772146807440924343e-01
5.560583207642030290e-01
5.425238813474104749e-01
5.123177476118652152e-01
4.924585218702864919e-01
4.846656611362493150e-01
4.580995475113120996e-01
4.323780794369028735e-01
4.398290598290596765e-01
4.162895927601808488e-01
4.105077928607339666e-01
4.057315233785820374e-01
4.030869783810959173e-01
3.916540975364505850e-01
3.858722976370035362e-01
3.886375062845651152e-01
3.682755153343386656e-01
3.846153846153845257e-01
3.607340372046254906e-01
3.785822021116137526e-01
3.526897938662644783e-01
3.710407239819004110e-01
3.391151332327803081e-01
3.428858722976370066e-01
3.303167420814479560e-01
3.428858722976370066e-01
3.152337858220208844e-01
3.177476118652589054e-01
3.135143288084463187e-01
3.177476118652589054e-01
3.097033685268979486e-01
3.177476118652589054e-01
3.011563599798893209e-01
3.011563599798893209e-01
2.991452991452990817e-01
2.991452991452990817e-01
2.895927601809953900e-01
2.870789341377575354e-01
2.825540472599296637e-01
2.820512820512819929e-01
2.793262946204121411e-01
2.820512820512819929e-01
2.699849170437404466e-01
2.750125691302163222e-01
2.667169431875314189e-01
2.820512820512819929e-01
2.642031171442937310e-01
2.554047259929612124e-01
2.511312217194570651e-01
2.483660130718954862e-01
2.461035696329815503e-01
2.483660130718954862e-01
2.483660130718954862e-01
2.483660130718954862e-01
2.436299648064354229e-01
2.438411261940674479e-01
2.355455002513827112e-01
2.368024132730015552e-01
2.413675213675214870e-01
2.413273001508295934e-01
2.297637003519356624e-01
2.368024132730015552e-01
2.269984917043740835e-01
2.368024132730015552e-01
2.320261437908495983e-01
2.368024132730015552e-01
2.234791352438411371e-01
2.342885872297637007e-01
2.231372549019607077e-01
2.151835093011564004e-01
2.131724484665660224e-01
2.126696832579185736e-01
2.141779788838611420e-01
2.126696832579185736e-01
2.061337355455003240e-01
2.126696832579185736e-01
2.036199095022624694e-01
2.126696832579185736e-01
1.993464052287583221e-01
2.126696832579185736e-01
2.036199095022624694e-01
2.126696832579185736e-01
1.993464052287581556e-01
1.935646053293112734e-01
1.928104575163399059e-01
1.754650578179990927e-01
1.988436400201105125e-01
1.754650578179990927e-01
1.940673705379589165e-01
1.754650578179990927e-01
1.857717445952740132e-01
1.754650578179990927e-01
1.850175967823028123e-01
1.754650578179990927e-01
1.857717445952740132e-01
1.754650578179990927e-01
1.784816490698843960e-01
1.754650578179990927e-01
1.754650578179990927e-01
1.754650578179990927e-01
1.814982403217696993e-01
1.754650578179990927e-01
1.732830568124687498e-01
1.709401709401710545e-01
1.706887883358473024e-01
1.754650578179990927e-01
1.719457013574661464e-01
1.729512317747612382e-01
1.719457013574661464e-01
1.709401709401710545e-01
1.706887883358473024e-01
1.684263448969332000e-01
1.719457013574661464e-01
1.684263448969332000e-01
1.684263448969332000e-01
1.684263448969332000e-01
1.684263448969332000e-01
1.684263448969332000e-01
1.684263448969332000e-01
1.684263448969332000e-01
1.684263448969332000e-01
1.684263448969332000e-01
1.639014580191049675e-01
1.684263448969332000e-01
1.591251885369532049e-01
1.684263448969332000e-01
1.568627450980392690e-01
1.684263448969332000e-01
1.581196581196580853e-01
1.684263448969332000e-01
1.568627450980392690e-01
1.684263448969332000e-01
1.568627450980392690e-01
1.684263448969332000e-01
1.568627450980392690e-01
1.548516842634488910e-01
1.568627450980392690e-01
1.684263448969332000e-01
1.561085972850680681e-01
1.588738059326294527e-01
1.556058320764202585e-01
1.588738059326294527e-01
1.514127702362997041e-01
1.452991452991451438e-01
1.513323278029161112e-01
1.452991452991451438e-01
1.490698843640020088e-01
1.452991452991451438e-01
1.509100050276518945e-01
1.452991452991451438e-01
1.490698843640020088e-01
1.452991452991451438e-01
1.490698843640020088e-01
1.452991452991451438e-01
1.425339366515837591e-01
1.452991452991451438e-01
1.412770236299649151e-01
1.452991452991451438e-01
1.452991452991451438e-01
1.452991452991451438e-01
1.375062845651080501e-01
1.452991452991451438e-01
1.375062845651080501e-01
1.452991452991451438e-01
1.452991452991451438e-01
1.452991452991451438e-01
1.327300150829560932e-01
1.452991452991451438e-01
1.312217194570137191e-01
1.452991452991451438e-01
1.312217194570135526e-01
1.452991452991451438e-01
1.297134238310709842e-01
1.452991452991451438e-01
1.297134238310707899e-01
1.452991452991451438e-01
1.297134238310707899e-01
1.201608848667670704e-01
1.344896933132227468e-01
1.141277023629964499e-01
1.297134238310707899e-01
1.452991452991451438e-01
1.297134238310707899e-01
1.392659627953745372e-01
1.297134238310707899e-01
1.392659627953745372e-01
1.274509803921568540e-01
1.141277023629964499e-01
1.297134238310707899e-01
1.141277023629964499e-01
1.264454499748615957e-01
1.141277023629964499e-01
1.297134238310707899e-01
1.141277023629964499e-01
1.266968325791854866e-01
1.141277023629964499e-01
1.266968325791854866e-01
1.141277023629964499e-01
1.234288587229762785e-01
1.141277023629964499e-01
1.264454499748615957e-01
1.141277023629964499e-01
1.151332327802915556e-01
1.141277023629964499e-01
1.234288587229762785e-01
1.141277023629964499e-01
1.191553544494721451e-01
1.141277023629964499e-01
1.204122674710911556e-01
1.141277023629964499e-01
1.234288587229762785e-01
1.141277023629964499e-01
1.143790849673201881e-01
1.141277023629964499e-01
1.141277023629964499e-01
1.141277023629964499e-01
1.080945198592256629e-01
1.141277023629964499e-01
1.080945198592256629e-01
1.141277023629964499e-01
1.232176973353440869e-01
1.141277023629964499e-01
1.141277023629964499e-01
1.141277023629964499e-01
1.080945198592256629e-01
1.141277023629964499e-01
1.141277023629964499e-01
1.141277023629964499e-01
1.080945198592256629e-01
1.141277023629964499e-01
1.048265460030164548e-01
1.141277023629964499e-01
1.050779286073403596e-01
1.141277023629964499e-01
1.080945198592256629e-01
1.141277023629964499e-01
1.048265460030164548e-01
1.141277023629964499e-01
1.050779286073403596e-01
1.141277023629964499e-01
1.048265460030164548e-01
1.141277023629964499e-01
1.018099547511311515e-01
9.602815485168426923e-02
1.018099547511311515e-01
1.141277023629964499e-01
1.018099547511311515e-01
1.141277023629964499e-01
1.018099547511311515e-01
1.075917546505782002e-01
1.018099547511311515e-01
1.075917546505782002e-01
1.018099547511311515e-01
9.602815485168426923e-02
1.018099547511311515e-01
1.141277023629964499e-01
1.018099547511311515e-01
8.949220713926601956e-02
1.018099547511311515e-01
8.949220713926601956e-02
1.018099547511311515e-01
9.602815485168426923e-02
1.008044243338358653e-01
8.949220713926601956e-02
1.018099547511311515e-01
8.949220713926601956e-02
1.018099547511311515e-01
8.949220713926601956e-02
1.018099547511311515e-01
8.949220713926601956e-02
1.018099547511311515e-01
8.949220713926601956e-02
1.018099547511311515e-01
8.949220713926601956e-02
1.018099547511311515e-01
8.949220713926601956e-02
9.854198089492210988e-02
8.949220713926601956e-02
9.753645047762683762e-02
8.949220713926601956e-02
9.753645047762683762e-02
8.949220713926601956e-02
9.753645047762683762e-02
8.949220713926601956e-02
9.753645047762683762e-02
8.949220713926601956e-02
8.949220713926601956e-02
8.949220713926601956e-02
8.949220713926601956e-02
8.949220713926601956e-02
8.949220713926601956e-02
8.949220713926601956e-02
8.949220713926601956e-02
8.949220713926601956e-02
8.949220713926601956e-02
8.949220713926601956e-02
8.949220713926601956e-02
8.949220713926601956e-02
8.949220713926601956e-02
8.949220713926601956e-02
8.949220713926601956e-02
8.949220713926601956e-02
8.949220713926601956e-02
8.949220713926601956e-02
8.949220713926601956e-02
8.949220713926601956e-02
8.949220713926601956e-02
8.949220713926601956e-02
8.949220713926601956e-02
8.949220713926601956e-02
9.753645047762683762e-02
8.949220713926601956e-02
8.949220713926601956e-02
8.949220713926601956e-02
8.949220713926601956e-02
8.949220713926601956e-02
8.949220713926601956e-02
8.949220713926601956e-02
8.371040723981895693e-02
8.949220713926601956e-02
8.949220713926601956e-02
8.949220713926601956e-02
8.949220713926601956e-02
8.949220713926601956e-02
8.949220713926601956e-02
8.949220713926601956e-02
8.371040723981895693e-02
8.949220713926601956e-02
8.949220713926601956e-02
8.949220713926601956e-02
8.371040723981895693e-02
8.949220713926601956e-02
8.044243338360992923e-02
8.949220713926601956e-02
8.949220713926601956e-02
8.949220713926601956e-02
8.270487682252368467e-02
8.949220713926601956e-02
8.848667672197073342e-02
8.949220713926601956e-02
7.959778783308166239e-02
8.949220713926601956e-02
7.943690296631464309e-02
8.949220713926601956e-02
7.943690296631464309e-02
8.949220713926601956e-02
8.270487682252368467e-02
8.949220713926601956e-02
7.943690296631464309e-02
8.949220713926601956e-02
7.943690296631464309e-02
8.949220713926601956e-02
8.044243338360992923e-02
8.949220713926601956e-02
7.943690296631464309e-02
8.949220713926601956e-02
7.943690296631464309e-02
8.949220713926601956e-02
8.044243338360992923e-02
8.949220713926601956e-02
7.943690296631464309e-02
8.949220713926601956e-02
7.943690296631464309e-02
7.139265962795382503e-02
7.943690296631464309e-02
8.949220713926601956e-02
7.943690296631464309e-02
6.938159879336344704e-02
7.943690296631464309e-02
8.949220713926601956e-02
7.943690296631464309e-02
7.139265962795382503e-02
7.943690296631464309e-02
6.938159879336344704e-02
7.943690296631464309e-02
7.139265962795382503e-02
7.943690296631464309e-02
6.938159879336344704e-02
7.943690296631464309e-02
8.748114630467564157e-02
7.943690296631464309e-02
6.938159879336344704e-02
7.943690296631464309e-02
6.938159879336344704e-02
7.943690296631464309e-02
6.938159879336344704e-02
7.943690296631464309e-02
8.748114630467564157e-02
7.943690296631464309e-02
6.938159879336344704e-02
