6.710352574779786528e-01
6.539855437367816382e-01
6.547866035528631112e-01
6.351093516373697012e-01
6.025822945637943073e-01
5.874882823697114009e-01
5.715228658418488594e-01
5.671512794490196629e-01
5.753722913874451672e-01
5.905375777624558564e-01
5.409806397632459518e-01
5.339691196863937117e-01
5.154440303999877626e-01
5.067904151721042139e-01
5.057445440389221059e-01
4.929461802462060116e-01
4.765717118973654132e-01
4.748409888517887145e-01
4.669664314102218716e-01
4.666444580450734292e-01
4.501351885279558096e-01
4.340365202705321335e-01
4.424964556589376374e-01
4.365001278286943509e-01
4.203255370741948438e-01
4.265976649958552747e-01
4.242936496254233192e-01
4.155594635843166684e-01
3.978571262560139377e-01
3.997861774572163962e-01
3.971986148017882523e-01
3.928106043585713469e-01
3.900014719667799779e-01
3.798758899588622340e-01
3.752120794242288504e-01
3.784259252085934722e-01
3.730134258864727381e-01
3.731125899642857568e-01
3.740345060002015498e-01
3.668993407138265161e-01
3.673300846768258188e-01
3.680645186281273906e-01
3.651174861906275604e-01
3.646294129951425100e-01
3.635215643133276053e-01
3.608720241092662206e-01
3.612129006267481013e-01
3.592451134576502558e-01
3.523346167850696653e-01
3.578583658069866558e-01
3.517380828794771097e-01
3.568744722224376220e-01
3.570294160940201689e-01
3.572463375142359010e-01
3.481511322523418994e-01
3.482363513817122169e-01
3.462871574772038441e-01
3.434021025883376987e-01
3.486509811820668880e-01
3.483603064789779213e-01
3.424569449716840519e-01
3.385136234399089283e-01
3.367782520781849032e-01
3.397144384446735277e-01
3.397144384446735277e-01
3.446022978176155327e-01
3.378938479535789075e-01
3.337181106144299636e-01
3.281246368503011324e-01
3.240186242533644734e-01
3.260948721325700461e-01
3.397144384446735277e-01
3.353450212660463725e-01
3.251574617094959430e-01
3.230269834752361735e-01
3.174180153239490876e-01
3.104300467155771126e-01
3.185181168121860029e-01
3.096553273576649334e-01
3.175652120019524238e-01
3.197344262041075802e-01
3.103525747797860612e-01
3.102131252953618246e-01
3.078424840601493018e-01
3.077960008986745377e-01
3.052704157918788574e-01
3.137613399546014814e-01
3.041315783357480540e-01
3.029849936860374848e-01
3.063550228929571295e-01
3.068276017012839807e-01
2.957878508510294324e-01
3.037984490118454950e-01
3.026906003300307013e-01
3.025898868135019071e-01
2.999248522222827118e-01
2.901323995382673049e-01
2.946567605884769514e-01
2.936031422617159103e-01
2.905476491141081863e-01
2.939750075535139118e-01
2.901323995382673049e-01
2.891640003408767479e-01
2.912712369943989410e-01
2.886139495967586233e-01
2.877462639158965829e-01
2.804484075643601249e-01
2.898225117951023222e-01
2.881956011434859688e-01
2.870335221066170339e-01
2.794025364311784054e-01
2.799448399817168753e-01
2.764431084839518715e-01
2.829197623161010533e-01
2.843607403218185725e-01
2.852904035513129100e-01
2.726624780173383944e-01
2.726857195980756932e-01
2.756916307067767691e-01
2.796969297871846338e-01
2.799061040138212109e-01
2.847093640328792752e-01
2.679676787083881129e-01
2.700129378132772873e-01
2.626685983002657876e-01
2.665344478962498598e-01
2.599570805475711621e-01
2.799680815624547847e-01
2.651941834070611903e-01
2.695016230370549382e-01
2.655660486988589142e-01
2.607705358733811707e-01
2.618009126194038028e-01
2.609564685192789502e-01
2.623277217827842400e-01
2.604993840981106312e-01
2.632109018508045906e-01
2.628855197204813532e-01
2.620178340396193684e-01
2.578963270555245657e-01
2.614135529404477132e-01
2.602282323228411465e-01
2.577181416032044425e-01
2.572489715600537186e-01
2.526359826152977939e-01
2.570286413746621923e-01
2.604993840981106312e-01
2.602824626778950656e-01
2.420610633797909972e-01
2.463994917841018928e-01
2.507379201884123443e-01
2.550763485927227125e-01
2.562694164039086009e-01
2.413328271833533600e-01
2.473756381750714106e-01
2.453148846830237595e-01
2.496533130873341000e-01
2.539917414916445515e-01
2.519774711610737739e-01
2.373817584579993589e-01
2.395664670473124647e-01
2.442302775819463201e-01
2.373470510307637560e-01
2.348484261576244680e-01
2.471122335933804981e-01
2.351970498686848932e-01
2.433780862882430618e-01
2.426575972853839691e-01
2.438119291286750256e-01
2.333842065711697888e-01
2.333842065711697888e-01
2.333842065711697888e-01
2.375057135552646748e-01
2.329503637307387687e-01
2.327334423105232031e-01
2.275195810317726941e-01
2.328419030206305695e-01
2.308043911093213274e-01
2.332215155060080869e-01
2.330045940857926601e-01
2.327876726655770945e-01
2.325707512453615289e-01
2.333842065711697888e-01
2.282245756474728937e-01
2.329038805692638381e-01
2.320284476948227259e-01
2.057267254936908374e-01
2.194315109351640813e-01
2.143493519472571829e-01
2.244516923744372949e-01
2.320284476948227259e-01
2.320284476948227259e-01
2.005128642149394957e-01
2.158213187272920996e-01
2.118237668404626406e-01
2.219261072676427526e-01
2.320284476948227259e-01
2.320284476948227259e-01
1.881715848433901939e-01
2.122111265194202567e-01
2.092981817336680983e-01
2.194005221608480716e-01
2.291232501026510826e-01
1.814315264295515706e-01
1.931840190890852516e-01
1.959110312289372990e-01
2.067725966268717797e-01
2.168749370540535293e-01
2.257842096700485301e-01
2.320284476948227259e-01
1.830119539196933265e-01
1.952292781939749811e-01
2.036504776144845430e-01
2.101736146081082668e-01
2.226620906576591008e-01
1.711974837115275982e-01
1.804321384578448650e-01
1.909683217254565524e-01
2.010706621526361093e-01
2.118237668404626406e-01
2.143660858853879692e-01
1.675330611485991161e-01
1.821907514003051343e-01
1.881715848433901939e-01
1.984908466907876479e-01
2.034413033878490484e-01
2.161467008576154480e-01
1.675872915036530075e-01
1.752725075341462213e-01
1.855917693815417602e-01
1.959110312289372990e-01
2.062302930763329767e-01
1.675330611485991161e-01
1.675330611485991161e-01
1.726926920722977599e-01
1.829267347903228424e-01
1.933312157670888654e-01
1.948729072893347625e-01
1.675330611485991161e-01
1.676957522137607903e-01
1.701128766104493262e-01
1.804321384578448650e-01
1.812068578157574605e-01
1.675330611485991161e-01
1.675330611485991161e-01
1.675330611485991161e-01
1.675330611485991161e-01
1.689198087992621611e-01
1.834867019422232737e-01
1.675330611485991161e-01
1.675330611485991161e-01
1.675330611485991161e-01
1.669365272430065605e-01
1.669752632109019475e-01
1.745287769505497744e-01
1.675330611485991161e-01
1.675330611485991161e-01
1.675330611485991161e-01
1.663399933374138662e-01
1.671611958568009482e-01
1.715925905840617050e-01
1.664871900154170636e-01
1.675330611485991161e-01
1.633573238094501723e-01
1.657434594318209220e-01
1.673471285026999766e-01
1.666033979191039460e-01
1.667273530163699558e-01
1.675330611485991161e-01
1.675330611485991161e-01
1.651469255262283664e-01
1.675330611485991161e-01
1.667893305650029467e-01
1.660455999814068051e-01
1.675330611485991161e-01
1.621642559982650611e-01
1.645503916206358108e-01
1.669365272430065605e-01
1.669752632109019475e-01
1.662315326273059446e-01
1.654878020437098030e-01
1.675330611485991161e-01
1.639538577150431164e-01
1.663399933374138662e-01
1.671611958568009482e-01
1.664174652732049453e-01
1.656737346896088037e-01
1.589646650500858016e-01
1.603901486686449551e-01
1.657434594318209220e-01
1.673471285026999766e-01
1.666033979191039460e-01
1.563151248460248333e-01
1.586082941454461381e-01
1.617691491257293446e-01
1.651469255262283664e-01
1.675330611485991161e-01
1.667893305650029467e-01
1.660455999814068051e-01
1.575469286251057477e-01
1.596774068593655171e-01
1.645503916206358108e-01
1.667351002099498880e-01
1.615909636734097210e-01
1.662315326273058058e-01
1.571363273654119430e-01
1.596681102270702257e-01
1.607465195732846186e-01
1.663399933374138662e-01
1.586005469518655397e-01
1.550833210669437801e-01
1.567257261057186657e-01
1.583681311444931072e-01
1.633573238094505886e-01
1.651391783326491280e-01
1.673471285026999766e-01
1.546727198072498366e-01
1.563151248460248333e-01
1.579575298847993026e-01
1.581124737563820160e-01
1.612423399623491571e-01
1.526197135087815626e-01
1.542621185475565593e-01
1.559045235863308898e-01
1.575469286251057477e-01
1.573988022838725132e-01
1.599020754731600713e-01
1.526197135087815626e-01
1.538515172878626158e-01
1.554939223266376125e-01
1.571363273654119430e-01
1.569194059451967660e-01
1.490869932367001049e-01
1.526197135087815626e-01
1.499546789175627837e-01
1.550833210669437801e-01
1.567257261057186657e-01
1.563228720396038218e-01
1.492729258825989669e-01
1.612113511880321759e-01
1.512871962131711601e-01
1.509540668892692394e-01
1.563151248460248333e-01
1.579575298847998577e-01
1.494588585284981064e-01
1.487151279449019647e-01
1.479713973613059341e-01
1.503575329836771002e-01
1.495828136257639773e-01
1.549283771953613720e-01
1.496447911743972459e-01
1.489010605908009655e-01
1.482115603622585764e-01
1.497609990780841283e-01
1.521471347004552943e-01
1.479713973613059341e-01
1.498307238202961078e-01
1.490869932367001049e-01
1.483432626531039356e-01
1.491644651724911841e-01
1.480178805227808647e-01
1.479713973613059341e-01
1.500166564661952473e-01
1.492729258825989669e-01
1.485291952990030750e-01
1.485679312668989061e-01
1.509540668892692394e-01
1.479713973613059341e-01
1.479713973613059341e-01
1.494588585284981064e-01
1.487151279449019647e-01
1.479713973613059341e-01
1.503575329836771002e-01
1.479713973613059341e-01
1.479713973613059341e-01
1.496447911743972459e-01
1.489010605908009655e-01
1.481573300072047961e-01
1.497609990780841283e-01
1.479713973613059341e-01
1.479713973613059341e-01
1.479713973613059341e-01
1.490869932367001049e-01
1.483432626531039356e-01
1.479713973613059341e-01
1.479713973613059341e-01
1.479713973613059341e-01
1.479713973613059341e-01
1.492729258825989669e-01
1.485291952990030750e-01
1.479713973613059341e-01
1.479713973613059341e-01
1.479713973613059341e-01
1.479713973613059341e-01
1.479713973613059341e-01
