5.963158485903627959e-01
5.879007076266428156e-01
6.156742671009770573e-01
5.874851173761652667e-01
5.223201168145568118e-01
4.873952600247107858e-01
4.704593957093115564e-01
4.525553184319893729e-01
4.486352914747835929e-01
4.540334718634168598e-01
4.435246546108052579e-01
4.210378524093000840e-01
4.108839716949342913e-01
3.916994271593843835e-01
3.931524205324046228e-01
3.809727058294957724e-01
3.925890149387845085e-01
3.754914073907672512e-01
3.716163091092889448e-01
3.637200943502191808e-01
3.576057508704930665e-01
3.540941255756486217e-01
3.576210266202402011e-01
3.495055599236210897e-01
3.464787150398741522e-01
3.415814893856003454e-01
3.358980119060990255e-01
3.482309333932381845e-01
3.410985061215320857e-01
3.294058182635066223e-01
3.147253734696169314e-01
3.134336740424575329e-01
3.113557227900705660e-01
3.210378524093000507e-01
3.274626530383015766e-01
2.932494664719759725e-01
2.939548466808937222e-01
3.029819162080197303e-01
2.966415814893856862e-01
3.053240480736836293e-01
2.812863079860721260e-01
2.817027968100638269e-01
2.803212400314502584e-01
2.746193417949006066e-01
2.672357632258789972e-01
2.710996293384247968e-01
2.713018083791969848e-01
2.679658542064474180e-01
2.614511962259912226e-01
2.510924407503085098e-01
2.526339436145118578e-01
2.509828147815341692e-01
2.670560485229698799e-01
2.541875772211611983e-01
2.432775468943050579e-01
2.477816466359652470e-01
2.384477142536223226e-01
2.436032797933282978e-01
2.388296079973042385e-01
2.377063911041221722e-01
2.312703583061890278e-01
2.314950016848252301e-01
2.241828597102098197e-01
2.285184769178929820e-01
2.301471414130069892e-01
2.259238458946422612e-01
2.274514208693698969e-01
2.148376951589351935e-01
2.205885656520274740e-01
2.203414579355272851e-01
2.249354150286424492e-01
2.268898124227787805e-01
2.032011681455687946e-01
2.078737504212060938e-01
2.013366281028871052e-01
2.080646972930473015e-01
2.084690553745927044e-01
2.240256093451650776e-01
1.975738515107269555e-01
1.946310232505899795e-01
1.958328653262947916e-01
1.995057845669996055e-01
2.009435021902729046e-01
1.931933056273167082e-01
1.951926316971807074e-01
1.931933056273167082e-01
1.796023812198135616e-01
1.931933056273167082e-01
1.928451083904302588e-01
1.931596091205213250e-01
1.747276199034035471e-01
1.773559474334492625e-01
1.786027181848814371e-01
1.772660900819950924e-01
1.828597102100417704e-01
1.893743681904977716e-01
1.732562057733348648e-01
1.708300572840616705e-01
1.684039087947882540e-01
1.658479164326633892e-01
1.706278782432887609e-01
1.732562057733348648e-01
1.731101875772213528e-01
1.714365944063797609e-01
1.634280579579917014e-01
1.626418061327642717e-01
1.556778613950350887e-01
1.604627653599905446e-01
1.712793440413344359e-01
1.623160732337414203e-01
1.648320790744690068e-01
1.592159946085587585e-01
1.535999101426485103e-01
1.445243176457375600e-01
1.447264966865096647e-01
1.708862181287202353e-01
1.560709873076490950e-01
1.575985622823767585e-01
1.490733460631247231e-01
1.453442659777601509e-01
1.446703358418510721e-01
1.609008199483321355e-01
1.601594967988312912e-01
1.518139952824887895e-01
1.442659777603050864e-01
1.411883634729867998e-01
1.328203976187802837e-01
1.275412782208242835e-01
1.448585869931477699e-01
1.484892732786700087e-01
1.413456138380323190e-01
1.415253285409412143e-01
1.342244187352578111e-01
1.285858699314837705e-01
1.267887229023924589e-01
1.287655846343930821e-01
1.383241603953719867e-01
1.292934965741884268e-01
1.355498146692127592e-01
1.297315511625294071e-01
1.254408626305739127e-01
1.280467258227566407e-01
1.405818263506684873e-01
1.315511625294839282e-01
1.257104346849377829e-01
1.313714478265753938e-01
1.258002920363923416e-01
1.258002920363923416e-01
1.258002920363923416e-01
1.336628102886656677e-01
1.256992025160059701e-01
1.257441311917331661e-01
1.267100977198696854e-01
1.255531843198922637e-01
1.255981129956196263e-01
1.256430416713468223e-01
1.255194878130968805e-01
1.255194878130968805e-01
1.276199034033468349e-01
1.238346624733234896e-01
1.204650117937773462e-01
1.255194878130968805e-01
1.255194878130968805e-01
1.255194878130968805e-01
1.285297090868247893e-01
1.246770751432104835e-01
1.213074244636637294e-01
1.255194878130968805e-01
1.255194878130968805e-01
1.218465685723914699e-01
1.235875547568238142e-01
1.255194878130968805e-01
1.221049084578233468e-01
1.213523531393911198e-01
1.193754914073910794e-01
1.203302257665948144e-01
1.231045714927554574e-01
1.250365045490287041e-01
1.229585532966417233e-01
1.195439739413682034e-01
1.149275525103896634e-01
1.206896551724138400e-01
1.169156464113208921e-01
1.243962709199150224e-01
1.235875547568234117e-01
1.127597439065485263e-01
1.097382904638886103e-01
1.202066719083456775e-01
1.166011456812310471e-01
1.240705380208919767e-01
1.246658429742786844e-01
1.212512636190045678e-01
1.102100415590251681e-01
1.086263057396383569e-01
1.071436594406378756e-01
1.161293945860942672e-01
1.255194878130968805e-01
1.167246995394811832e-01
1.104796136133890383e-01
1.089969673143883766e-01
1.075143210153878953e-01
1.104122205997974809e-01
9.470964843311197034e-02
9.382365494777041015e-02
1.108502751881390580e-01
1.093676288891385906e-01
1.078849825901383175e-01
1.059305851960012784e-01
9.381107491856641167e-02
9.306975176906677472e-02
1.105470066269796103e-01
1.097382904638886103e-01
1.075480175221836809e-01
9.807929911265872436e-02
9.466471975738519062e-02
9.259800067393041123e-02
9.451870156127166467e-02
1.090980568347749147e-01
1.076828035493654079e-01
9.893294395147690656e-02
9.551836459620358100e-02
9.210378524093004726e-02
9.403571829720309971e-02
1.083342693474112911e-01
1.048747613164101866e-01
1.057733348309557453e-01
9.637200943502176320e-02
9.287880489722546984e-02
9.355273503313493721e-02
9.210378524093004726e-02
9.862967539031805564e-02
1.006402336291140620e-01
9.509154217679398335e-02
9.381107491856641167e-02
9.306975176906677472e-02
9.350780635740776892e-02
1.037852409300237255e-01
1.014938784679322442e-01
9.807929911265872436e-02
9.466471975738519062e-02
9.210378524093004726e-02
9.300235875547600839e-02
9.210378524093004726e-02
1.008873413456137513e-01
9.702347523306743826e-02
9.520386386611252860e-02
9.210378524093004726e-02
9.238458946422550833e-02
9.210378524093004726e-02
9.210378524093004726e-02
9.798944176120397143e-02
9.171065932831644341e-02
9.287880489722546984e-02
9.210378524093004726e-02
9.210378524093004726e-02
9.210378524093004726e-02
9.895540828934089317e-02
9.461979108165761987e-02
9.365382455352089242e-02
9.210378524093004726e-02
9.210378524093004726e-02
9.210378524093004726e-02
9.210378524093004726e-02
9.158710547006650160e-02
9.195776704481652131e-02
9.199146355161171018e-02
9.210378524093004726e-02
9.210378524093004726e-02
9.210378524093004726e-02
9.147478378074816452e-02
9.178928451083900875e-02
9.210378524093004726e-02
9.210378524093004726e-02
9.076715713804350827e-02
9.108165786813435250e-02
9.139615859822539101e-02
9.171065932831644341e-02
9.192407053802094385e-02
9.210378524093004726e-02
9.210378524093004726e-02
9.100303268561159287e-02
9.131753341570263138e-02
9.163203414579368378e-02
9.167696282152086595e-02
9.187914186229356739e-02
9.094687184095261168e-02
9.092440750308883324e-02
9.123890823317987175e-02
9.155340896327092415e-02
9.146355161181617122e-02
9.058744243513439098e-02
9.154217679433893085e-02
9.084578232056607361e-02
9.116028305065711212e-02
9.039649556329329427e-02
9.013815567786141736e-02
9.013815567786141736e-02
9.000336965067967654e-02
9.076715713804350827e-02
9.108165786813435250e-02
9.018308435358879382e-02
9.013815567786141736e-02
9.013815567786141736e-02
9.003706615747505970e-02
8.990228013029333276e-02
9.100303268561159287e-02
9.013815567786141736e-02
9.082331798270247558e-02
9.013815567786141736e-02
9.007076266427065103e-02
8.993597663708871592e-02
8.980119060990697510e-02
9.123890823317987175e-02
9.013815567786141736e-02
9.013815567786141736e-02
9.010445917106582603e-02
8.996967314388409909e-02
8.983488711670216398e-02
9.013815567786141736e-02
9.013815567786141736e-02
9.013815567786141736e-02
9.013815567786141736e-02
9.000336965067967654e-02
8.986858362349774143e-02
9.013815567786141736e-02
9.013815567786141736e-02
9.013815567786141736e-02
9.013815567786141736e-02
9.003706615747505970e-02
8.935190385263400148e-02
8.890261709536122214e-02
8.845333033808823464e-02
8.800404358081566347e-02
9.013815567786141736e-02
8.991351229922511790e-02
8.946422554195214427e-02
8.901493878467936494e-02
8.856565202740658560e-02
8.811636527013380626e-02
9.013815567786141736e-02
9.002583398854306640e-02
8.957654723127049523e-02
8.912726047399750773e-02
8.867797371672472839e-02
9.013815567786141736e-02
9.013815567786141736e-02
9.013815567786141736e-02
8.968886892058863802e-02
8.923958216331585869e-02
8.879029540604287118e-02
8.834100864877030002e-02
8.789172189149731251e-02
9.013815567786141736e-02
8.980119060990678082e-02
8.935190385263400148e-02
8.890261709536122214e-02
8.845333033808823464e-02
9.013815567786141736e-02
9.003706615747546216e-02
8.991351229922511790e-02
8.946422554195214427e-02
8.901493878467936494e-02
8.856565202740658560e-02
8.811636527013380626e-02
8.806245085926071858e-02
8.926204650117904038e-02
8.957654723127049523e-02
8.912726047399750773e-02
8.867797371672472839e-02
8.822868695945194906e-02
8.724025609345183174e-02
9.013815567786141736e-02
8.733011344490639039e-02
8.733011344490639039e-02
8.879029540604287118e-02
8.834100864877030002e-02
8.721779175558803943e-02
8.816129394586037782e-02
8.750982814781529950e-02
8.935190385263400148e-02
8.890261709536122214e-02
8.845333033808823464e-02
8.800404358081566347e-02
8.728518476917901392e-02
8.733011344490639039e-02
8.946422554195214427e-02
8.733011344490639039e-02
8.856565202740658560e-02
8.717286307986087113e-02
8.726272043131542977e-02
8.733011344490639039e-02
8.733011344490639039e-02
8.912726047399750773e-02
8.867797371672472839e-02
8.822868695945194906e-02
