5.564604316546762908e-01
5.372501998401280066e-01
5.097624300559553401e-01
4.953157474020783990e-01
4.529656274980016772e-01
4.482813749000799652e-01
4.266187050359713795e-01
4.315613109512388967e-01
4.275670663469223753e-01
4.167648281374899955e-01
4.052872901678656326e-01
3.845179856115108485e-01
3.778737010391686746e-01
3.716067146282973632e-01
3.771267785771381109e-01
3.936211031175060882e-01
3.702222222222222303e-01
3.526618705035972079e-01
3.432454036770584138e-01
3.340367705835332601e-01
3.266826538768984878e-01
3.629096722621901749e-01
3.325179856115106913e-01
3.282174260591526616e-01
3.250039968025580372e-01
3.150919264588328272e-01
3.093908872901678930e-01
3.008153477218225014e-01
3.231814548361309214e-01
3.175859312549959013e-01
3.092725819344522842e-01
3.006394884092724040e-01
2.980303756994401865e-01
2.888249400479618312e-01
2.895283772981613324e-01
2.878657074340528199e-01
2.866506794564347427e-01
2.873860911270983420e-01
2.793924860111909325e-01
2.789448441247003307e-01
2.807993605115906011e-01
2.785771382893684756e-01
2.756834532374101143e-01
2.738609112709832205e-01
2.643005595523580942e-01
2.741806554756196501e-01
2.805755395683453002e-01
2.708393285371699655e-01
2.678657074340528577e-01
2.560831334932055503e-01
2.596163069544366042e-01
2.566746602717825954e-01
2.648441247002398247e-01
2.616946442845721754e-01
2.580815347721822639e-01
2.427446842525980142e-01
2.507593924860112566e-01
2.500239808153477683e-01
2.528914468425261242e-01
2.527098321342926002e-01
2.346602717825738704e-01
2.374100719424460937e-01
2.366426858513190901e-01
2.383533173461230836e-01
2.410071942446046500e-01
2.274660271782573406e-01
2.272581934452439500e-01
2.322302158273380490e-01
2.263149480415669601e-01
2.279136690647482477e-01
2.226059152677858366e-01
2.270183852917665723e-01
2.204156674660273652e-01
2.234212629896083213e-01
2.234212629896085989e-01
2.207673860911271713e-01
2.186250999200639034e-01
2.129176658673059275e-01
2.166906474820146089e-01
2.113988808952836640e-01
2.122302158273380868e-01
2.123900879296565514e-01
2.105675459632296853e-01
2.122941646682653394e-01
2.108713029576338993e-01
2.053876898481217794e-01
2.038369304556358341e-01
2.112869704236612356e-01
2.076418864908073370e-01
2.086330935251800855e-01
1.984652278177463092e-01
1.963229416466827637e-01
1.973621103117505493e-01
1.929976019184652669e-01
1.913988808952835630e-01
1.964188649080735594e-01
1.958433253397283136e-01
1.940527577937649906e-01
1.924143884892092204e-01
1.856274980015987508e-01
1.904076738609112585e-01
1.958433253397283136e-01
1.951558752997604729e-01
1.925339728217425883e-01
1.887929656274980605e-01
1.849093525179855146e-01
1.792965627497999093e-01
1.767066346922461506e-01
1.934772182254197170e-01
1.935091926458834266e-01
1.898001598721021366e-01
1.754596322941646969e-01
1.741806554756195335e-01
1.704396482813749780e-01
1.717186250999201413e-01
1.793445243804956679e-01
1.776978417266188992e-01
1.757793764988009599e-01
1.745003996802556301e-01
1.718305355715431526e-01
1.720703437250199475e-01
1.706634692246204454e-01
1.750919264588325364e-01
1.730135891286972427e-01
1.689368505195847914e-01
1.690807354116707906e-01
1.592326139088729720e-01
1.546282973621100343e-01
1.555395683453238975e-01
1.658992805755394317e-01
1.671462829736210520e-01
1.635491606714626345e-01
1.580783373301362094e-01
1.547881694644283879e-01
1.548521183053556405e-01
1.646522781774573951e-01
1.625899280575535955e-01
1.591047162270183279e-01
1.563389288569144719e-01
1.550119904076736888e-01
1.533812949640287193e-01
1.502797761790569675e-01
1.559072741806554752e-01
1.607833733013590560e-01
1.575699440447641542e-01
1.548840927258191835e-01
1.534772182254196538e-01
1.480575539568349530e-01
1.543405275779373420e-01
1.470343725019986336e-01
1.565467625899277238e-01
1.552358113509192672e-01
1.538289368505194599e-01
1.443485211830536630e-01
1.445563549160671923e-01
1.465387689848121344e-01
1.469224620303756501e-01
1.495443645083930628e-01
1.431015187849716264e-01
1.418864908073542985e-01
1.440607513988811095e-01
1.460431654676260516e-01
1.480255795363709659e-01
1.464108713029576292e-01
1.440607513988811095e-01
1.414868105515587338e-01
1.430855315747404377e-01
1.455475619504398022e-01
1.456115107913670548e-01
1.451638689048763142e-01
1.424620303756994055e-01
1.410871302957634466e-01
1.426858513189448452e-01
1.415667466027176191e-01
1.449560351718627571e-01
1.395523581135091340e-01
1.402877697841727334e-01
1.409272581934453705e-01
1.408313349320544361e-01
1.410071942446042559e-01
1.410871302957634466e-01
1.403677058353320350e-01
1.401278976818546573e-01
1.407673860911271835e-01
1.408952837729816887e-01
1.405115907274180342e-01
1.401278976818545186e-01
1.379856115107913894e-01
1.399680255795363315e-01
1.394564348521183106e-01
1.402717825739411006e-01
1.406075139888089687e-01
1.402238209432453420e-01
1.379216626698641368e-01
1.398081534772182832e-01
1.389128697042367466e-01
1.370903277378097418e-01
1.373141486810550427e-01
1.376019184652277627e-01
1.378577138289367454e-01
1.381135091926458947e-01
1.402877697841727334e-01
1.384652278177458673e-01
1.366586730615507728e-01
1.358113509192645785e-01
1.377937649880094928e-01
1.356514788169463914e-01
1.360031974420464751e-01
1.370903277378097418e-01
1.350119904076738653e-01
1.356514788169463914e-01
1.362909672262190286e-01
1.379856115107913894e-01
1.353637090327736714e-01
1.349800159872101835e-01
1.348521183053556782e-01
1.354916067146283154e-01
1.361310951239008415e-01
1.346922462030374634e-01
1.354596322941646336e-01
1.350759392486009791e-01
1.346922462030374634e-01
1.353317346123099896e-01
1.346922462030374634e-01
1.359392486011189449e-01
1.355555555555554292e-01
1.351718625099919135e-01
1.347881694644282868e-01
1.351718625099919135e-01
1.346922462030374634e-01
1.346922462030374634e-01
1.349320543565149799e-01
1.352677857713827370e-01
1.348840927258192213e-01
1.350119904076738653e-01
1.346922462030374634e-01
1.346922462030374634e-01
1.346922462030374634e-01
1.353637090327736714e-01
1.338289368505194976e-01
1.348521183053556782e-01
1.346922462030374634e-01
1.346922462030374634e-01
1.346922462030374634e-01
1.343405275779376573e-01
1.335411670663468053e-01
1.346922462030374634e-01
1.346922462030374634e-01
1.346922462030374634e-01
1.346922462030374634e-01
1.346922462030374634e-01
1.346922462030374634e-01
1.344044764188647711e-01
1.346922462030374634e-01
1.346922462030374634e-01
1.346922462030374634e-01
1.308553157474019735e-01
1.323900879296564248e-01
1.339248601119105986e-01
1.346922462030374634e-01
1.346922462030374634e-01
1.289368505195841452e-01
1.322621902478017808e-01
1.326778577138288395e-01
1.335411670663468053e-01
1.339728217426054968e-01
1.310951239008789071e-01
1.285531574740207961e-01
1.300879296562749698e-01
1.316227018385291436e-01
1.331574740207832896e-01
1.346922462030374634e-01
1.272741806554754940e-01
1.294484412470025825e-01
1.297042366107115929e-01
1.312390087929656279e-01
1.326139088729020310e-01
1.336370903277379063e-01
1.346442845723419823e-01
1.244764188649080672e-01
1.310791366906474131e-01
1.308553157474022510e-01
1.323900879296564248e-01
1.313029576338934357e-01
1.249067945643483196e-01
1.274020783373301380e-01
1.231814548361309797e-01
1.304716227018384578e-01
1.301838529176657655e-01
1.315267785771380427e-01
1.247641886490806346e-01
1.234212629896082186e-01
1.236131095123898238e-01
1.300879296562749698e-01
1.293934452438046945e-01
1.331574740207832896e-01
1.250999200639487940e-01
1.257713828936851408e-01
1.240447641886489455e-01
1.297042366107115929e-01
1.312390087929656279e-01
1.250999200639487940e-01
1.250999200639487940e-01
1.240927258193444266e-01
1.227498001598718580e-01
1.227498001598721494e-01
1.250999200639487940e-01
1.250999200639487940e-01
1.250999200639487940e-01
1.244284572342126000e-01
1.207833733013587152e-01
1.217426059152674767e-01
1.163069544364508517e-01
1.250999200639487940e-01
1.250999200639487940e-01
1.247641886490806346e-01
1.234212629896083574e-01
1.186250999200636619e-01
1.157474020783376412e-01
1.250999200639487940e-01
1.250999200639487940e-01
1.250999200639487940e-01
1.237569944044762393e-01
1.224140687450039761e-01
1.177138289368502289e-01
1.250999200639487940e-01
1.250999200639487940e-01
1.250999200639487940e-01
1.240927258193444266e-01
1.200639488409267486e-01
1.171862509992005891e-01
1.143085531574735692e-01
1.250999200639487940e-01
1.250999200639487940e-01
1.244284572342126000e-01
1.207833733013587152e-01
1.179056754596316953e-01
1.160831334932053982e-01
1.250999200639487940e-01
1.149474020783357309e-01
1.247641886490806346e-01
1.215027977617906818e-01
1.186250999200636619e-01
1.157474020783366558e-01
1.136370903277376526e-01
1.099920063948834764e-01
1.250999200639487940e-01
1.222222222222217880e-01
1.193445243804956285e-01
1.164668265387686225e-01
1.135891286970426017e-01
1.250999200639487940e-01
1.250999200639487940e-01
1.215910471622698441e-01
1.200639488409267486e-01
1.171862509992005891e-01
1.143085531574735692e-01
1.114308553157475623e-01
1.250999200639487940e-01
1.236610711430857212e-01
1.207833733013587152e-01
1.179056754596316953e-01
1.150279776179056884e-01
1.121502797761785297e-01
1.095603517186252152e-01
1.243804956035168413e-01
1.208633093525184471e-01
1.186250999200636619e-01
1.157474020783366558e-01
1.128697042366106351e-01
1.099920063948834764e-01
1.250999200639487940e-01
1.071143085531574696e-01
1.193445243804956285e-01
1.164668265387686225e-01
1.135891286970426017e-01
1.107114308553155957e-01
1.072581934452436075e-01
1.071143085531574696e-01
1.200639488409267486e-01
1.171862509992005891e-01
1.133493205435652379e-01
1.074020783373301619e-01
1.072102318145484179e-01
1.071143085531574696e-01
1.207833733013587152e-01
1.179056754596316953e-01
1.150279776179056884e-01
1.074500399680255042e-01
1.072581934452437463e-01
1.071143085531574696e-01
1.189448441247004939e-01
1.071143085531574696e-01
1.126778577138293075e-01
1.074980015987211102e-01
