1.145117306099917354e+00
1.097985095224951690e+00
9.857046646425611236e-01
8.385978470880487423e-01
7.783604747446866146e-01
7.309632900910846276e-01
6.991443555064864590e-01
6.627192934032569704e-01
6.178658570245652015e-01
6.060171128898702575e-01
5.852608335633453507e-01
5.512006624344465422e-01
5.404361026773393251e-01
5.265978470880486872e-01
5.289539056030911901e-01
5.362406845155945900e-01
5.128346674027048913e-01
4.927496549820587490e-01
4.706839635661055898e-01
4.601313828319070764e-01
4.793265249792990068e-01
4.899254761247585077e-01
4.172520011040574128e-01
3.910019321004693515e-01
4.075075903947005251e-01
4.095478884902014616e-01
4.033011316588462902e-01
3.554512834667403753e-01
3.614683963566104885e-01
3.664366547060446955e-01
3.525807341981783694e-01
3.394976538780017927e-01
3.233232128070659406e-01
3.200662434446589488e-01
3.184521115097983524e-01
3.276842395804582808e-01
3.309412089428649950e-01
3.094672922991994479e-01
3.018603367375101709e-01
2.940656914159536228e-01
2.957769804029808935e-01
2.969914435550647935e-01
2.882693900082803351e-01
2.967154292023183593e-01
2.826099917195688538e-01
2.819762627656638987e-01
2.773944245100743999e-01
2.809274082252275484e-01
2.796025393320451524e-01
2.780568589566655424e-01
2.719845431962461535e-01
2.619376207562791881e-01
2.560861164780567356e-01
2.698316312448245657e-01
2.712117030085564040e-01
2.616064035329835891e-01
2.619376207562794101e-01
2.589014628760695214e-01
2.533723433618544907e-01
2.529395528567484064e-01
2.663538504002206930e-01
2.619376207562791881e-01
2.580182169472811649e-01
2.545956389732265124e-01
2.511730609991719154e-01
2.533259729505932256e-01
2.517250897046645064e-01
2.476952801545678484e-01
2.474192658018215529e-01
2.502346121998342832e-01
2.495169748826938927e-01
2.511730609991719154e-01
2.487441346950040877e-01
2.472536571901737534e-01
2.487993375655533634e-01
2.494065691415952579e-01
2.456527739442448954e-01
2.414573557825004657e-01
2.475296715429201877e-01
2.469224399668781822e-01
2.449351366271046160e-01
2.431686447695279585e-01
2.394148495721776237e-01
2.389732266077835288e-01
2.387524151255864813e-01
2.435616892078386608e-01
2.395804581838254232e-01
2.404637041126139740e-01
2.329561137179133046e-01
2.378691691967982913e-01
2.386420093844879575e-01
2.370963290091085973e-01
2.378691691967982913e-01
2.296947281258623907e-01
2.293127242616614936e-01
2.342809826110958393e-01
2.373723433618548095e-01
2.371515318796577343e-01
2.373723433618548095e-01
2.215291195142146119e-01
2.250621032293679269e-01
2.313000276014354206e-01
2.356058515042781520e-01
2.372067347502071211e-01
2.203146563621307397e-01
2.202042506210323269e-01
2.238476400772840269e-01
2.278222467568312704e-01
2.343913883521945019e-01
2.371515318796577343e-01
2.135799061551199585e-01
2.172232956113717695e-01
2.171680927408224104e-01
2.250069003588185401e-01
2.312448247308860616e-01
2.366547060447142525e-01
2.094948937344741635e-01
2.142975434722606265e-01
2.147391664366548603e-01
2.195970190449904325e-01
2.052994755727297338e-01
2.056306927960253050e-01
2.079492133590945813e-01
2.130278774496274785e-01
2.137455147667678690e-01
2.172232956113717695e-01
2.102235716257246367e-01
2.039194038089979233e-01
2.066795473364614333e-01
2.028705492685619338e-01
2.098813138283191493e-01
2.039746066795473101e-01
2.035329837151531041e-01
2.030913607507591201e-01
2.054098813138282575e-01
2.028705492685619338e-01
2.053546784432791206e-01
2.121446315208390110e-01
2.036433894562517388e-01
2.017112889870273096e-01
2.028705492685619338e-01
1.995583770356059439e-01
2.028705492685619338e-01
2.028705492685619338e-01
1.988959425890145516e-01
2.004416229643941616e-01
2.028705492685619338e-01
1.953077560033122384e-01
1.959701904499034086e-01
1.964118134142976146e-01
1.983991167540711809e-01
1.910019321004692849e-01
1.905603091360751900e-01
1.939276842395805667e-01
1.955837703560584506e-01
1.959149875793542439e-01
1.951421473916643279e-01
1.982335081424234091e-01
2.013248688931823516e-01
1.902290919127796187e-01
1.921611923820039092e-01
1.910019321004691739e-01
1.931548440518906506e-01
1.904499033949766662e-01
1.904499033949766662e-01
1.903394976538781425e-01
1.898978746894839087e-01
1.894562517250898137e-01
1.876897598675131562e-01
1.849848192105990607e-01
1.904499033949766662e-01
1.904499033949766662e-01
1.892906431134419032e-01
1.858128622688380027e-01
1.831631244824731553e-01
1.817278498481922078e-01
1.893458459839912900e-01
1.902290919127796187e-01
1.863096881037813457e-01
1.861992823626829607e-01
1.837703560585151608e-01
1.813414297543472498e-01
1.782500690035883073e-01
1.900082804305825712e-01
1.892354402428926274e-01
1.812862268837978630e-01
1.810654154016009265e-01
1.795197350262214553e-01
1.787468948385317891e-01
1.897874689483853849e-01
1.885730057963016237e-01
1.832735302235716790e-01
1.849848192105990607e-01
1.799061551200664133e-01
1.792437206734750210e-01
1.893458459839912900e-01
1.752691139939277498e-01
1.802925752139111215e-01
1.855920507866409552e-01
1.802925752139112603e-01
1.787468948385316503e-01
1.769252001104057448e-01
1.719701904499033596e-01
1.802373723433619845e-01
1.733370135247033206e-01
1.806789953077561073e-01
1.791333149323764973e-01
1.772564173337014548e-01
1.722881589842673311e-01
1.711841015732818438e-01
1.749930996411813156e-01
1.719569417609716488e-01
1.795197350262214553e-01
1.775876345569970260e-01
1.715705216671266908e-01
1.704664642561413146e-01
1.766491857576593105e-01
1.717361302787746014e-01
1.719569417609716488e-01
1.746066795473366073e-01
1.721777532431686963e-01
1.697488269390008964e-01
1.765387800165607868e-01
1.716809274082253256e-01
1.776428374275463018e-01
1.752139111233785018e-01
1.727849848192105908e-01
1.703560585150427908e-01
1.704112613855920388e-01
1.704598399116753205e-01
1.799061551200663023e-01
1.758211426994203963e-01
1.697488269390008964e-01
1.709632900910847964e-01
1.701904499033949913e-01
1.700248412917472196e-01
1.697488269390008964e-01
1.697488269390008964e-01
1.739994479712946018e-01
1.714049130554788913e-01
1.699696384211979439e-01
1.697488269390008964e-01
1.697488269390008964e-01
1.697488269390008964e-01
1.741650565829423736e-01
1.719569417609716488e-01
1.697488269390008964e-01
1.697488269390008964e-01
1.697488269390008964e-01
1.697488269390008964e-01
1.692520011040574146e-01
1.725089704664642676e-01
1.703008556444935151e-01
1.697488269390008964e-01
1.697488269390008964e-01
1.697488269390008964e-01
1.691967982335081389e-01
1.697488269390008964e-01
1.708528843499862726e-01
1.697488269390008964e-01
1.697488269390008964e-01
1.697488269390008964e-01
1.691415953629588909e-01
1.693624068451559384e-01
1.695832183273530969e-01
1.697488269390008964e-01
1.634004968258348511e-01
1.697488269390008964e-01
1.690863924924096151e-01
1.693072039746066626e-01
1.695280154568038489e-01
1.697488269390008964e-01
1.646701628484680269e-01
1.697488269390008964e-01
1.690311896218603671e-01
1.692520011040574146e-01
1.694728125862545731e-01
1.696936240684516484e-01
1.659398288711014247e-01
1.697488269390008964e-01
1.689759867513110914e-01
1.691967982335081389e-01
1.694176097157051863e-01
1.683687551752690859e-01
1.663814518354954086e-01
1.621308308032018142e-01
1.689207838807618434e-01
1.691415953629588909e-01
1.693624068451559384e-01
1.695832183273530969e-01
1.673751035053822334e-01
1.622964394148493639e-01
1.688655810102125676e-01
1.690863924924096151e-01
1.683687551752690859e-01
1.683687551752690859e-01
1.683687551752690859e-01
1.635109025669332639e-01
1.688103781396633196e-01
1.616892078388074694e-01
1.692520011040574146e-01
1.683687551752690859e-01
1.683687551752690859e-01
1.647253657190171638e-01
1.687551752691140439e-01
1.635109025669336247e-01
1.683687551752690859e-01
1.683687551752690859e-01
1.683687551752690859e-01
1.659398288711012859e-01
1.686999723985647959e-01
1.609163676511179142e-01
1.572729781948659922e-01
1.683687551752690859e-01
1.683687551752690859e-01
1.671542920231851859e-01
1.622964394148493639e-01
1.574385868065140137e-01
1.591498757935410346e-01
1.516422853988407260e-01
1.683687551752690859e-01
1.683687551752690859e-01
1.635109025669332639e-01
1.586530499585979137e-01
1.531327629036708105e-01
1.545128346674026210e-01
1.683687551752690859e-01
1.683687551752690859e-01
1.647253657190171638e-01
1.594810930168368557e-01
1.544024289263042082e-01
1.553960805961909220e-01
1.478884902014905023e-01
1.683687551752690859e-01
1.659398288711012859e-01
1.607507590394700037e-01
1.556720949489373562e-01
1.505934308584044867e-01
1.461948661330381705e-01
1.425890146287604465e-01
1.671542920231851859e-01
1.620204250621030406e-01
1.569417609715705320e-01
1.518630968810376347e-01
1.683687551752690859e-01
1.683687551752690859e-01
1.683687551752690859e-01
1.632900910847362164e-01
1.582114269942036799e-01
1.531327629036708105e-01
1.480540988131381630e-01
1.429754347226054045e-01
1.683687551752690859e-01
1.645597571073693643e-01
1.594810930168368557e-01
1.544024289263042082e-01
1.493237648357713387e-01
1.442451007452386913e-01
1.391664366547059328e-01
1.658294231300027621e-01
1.366271046094396091e-01
1.556720949489373562e-01
1.505934308584044867e-01
1.455147667678718393e-01
1.404361026773390808e-01
1.666574661882418429e-01
1.620204250621030406e-01
1.569417609715705320e-01
1.518630968810376347e-01
1.322660778360473799e-01
1.351366271046095247e-01
1.683687551752690859e-01
1.366271046094396091e-01
1.546784432790503927e-01
1.531327629036708105e-01
1.315484405189069617e-01
1.333149323764836192e-01
1.359646701628484666e-01
1.366271046094396091e-01
1.594810930168368557e-01
1.544024289263042082e-01
1.493237648357713387e-01
1.442451007452386913e-01
1.365719017388904721e-01
1.649461772012144611e-01
1.366271046094396091e-01
1.512558653049958790e-01
1.293403256969362092e-01
1.455147667678718393e-01
1.346398012696660429e-01
1.366271046094396091e-01
1.598123102401322881e-01
1.529671542920231497e-01
1.286778912503450667e-01
1.322660778360473799e-01
