1.514006201119903583e+00
1.407089638576518587e+00
1.315029848674162949e+00
1.161658568189180230e+00
1.065805914202415439e+00
1.013834976167337754e+00
9.801841825165439337e-01
9.580341524364848205e-01
9.408116988291915783e-01
8.912175482437872942e-01
8.397426998010086852e-01
8.115044657318707388e-01
7.885603220880187392e-01
7.788365958628349350e-01
7.826831412837241819e-01
7.784256559766761230e-01
6.927669026794390783e-01
6.542181498449718413e-01
6.569929196168260432e-01
6.710167060021284824e-01
6.846684251932063647e-01
6.316812439261417778e-01
6.071544263964087085e-01
5.884585126567631885e-01
5.893377759266971161e-01
5.781387384885925407e-01
5.780739506687028184e-01
5.512055162200932834e-01
5.447878198898608026e-01
5.323244944236196208e-01
5.057614882687767599e-01
5.250127261789068189e-01
5.030774214447681913e-01
5.195983155166826739e-01
5.082604470359572968e-01
4.864158452496645246e-01
4.801240223980747790e-01
4.816196954972465361e-01
4.766069693183394573e-01
4.723032069970844460e-01
4.887778240547919206e-01
4.653153778518209771e-01
4.546253875699938218e-01
4.434263501318893019e-01
4.531445231153684583e-01
4.493035309361838592e-01
4.812809477532508096e-01
4.406497292794668841e-01
4.286177055856354445e-01
4.237586190938961717e-01
4.347725484751723268e-01
4.299134619834328874e-01
4.194085797584337638e-01
4.199639039289183584e-01
4.158452496644914342e-01
4.091813596186774094e-01
4.227405247813408318e-01
4.102457309454392020e-01
4.018695913739645520e-01
3.997408487204404670e-01
4.050164283400434218e-01
4.000647878198897445e-01
4.023323615160347977e-01
4.011680318385854038e-01
3.980748762089869053e-01
3.949743162571148214e-01
3.940487759729741635e-01
3.979360451663657705e-01
3.875681429034198433e-01
3.896524596233049698e-01
3.876162709981950116e-01
3.887269193391641453e-01
3.836364477763893888e-01
3.817853672081076843e-01
3.722060252672496072e-01
3.817853672081076843e-01
3.817853672081075733e-01
3.859965755009485688e-01
3.777203942801606318e-01
3.715581470683508858e-01
3.755842473043639052e-01
3.614234809570086582e-01
3.765097875885046741e-01
3.752140311907075088e-01
3.748438150770511124e-01
3.695682354574480466e-01
3.611920958859733966e-01
3.476792077375165380e-01
3.740108288213244148e-01
3.731778425655976061e-01
3.726225183951129560e-01
3.637373316673606638e-01
3.523531861724280567e-01
3.433754454162616931e-01
3.422647970752926705e-01
3.273635985006246307e-01
3.725299643666989957e-01
3.640149937526030444e-01
3.532787264565688257e-01
3.429589522883982333e-01
3.318061918645008879e-01
3.292609560831133986e-01
3.720671942246285835e-01
3.623952982553563795e-01
3.538803276412603172e-01
3.367115553704474462e-01
3.290295710120781925e-01
3.297700032393908187e-01
3.700310055995187364e-01
3.649405340367437023e-01
3.398583923365262605e-01
3.401360544217685300e-01
3.293997871257344778e-01
3.204683233837750667e-01
3.146374195936877394e-01
3.666990605766116684e-01
3.405988245638391088e-01
3.294460641399417633e-01
3.311583136656021664e-01
3.200518302559119399e-01
3.161645610625201108e-01
2.915451895043730812e-01
3.421722430468785991e-01
3.321764079781571177e-01
3.262992271738627270e-01
3.194965060854274008e-01
3.049655236244157019e-01
2.938127632005180789e-01
2.948771345272802602e-01
3.282428617705583362e-01
3.148836133092685063e-01
3.019575177009578559e-01
2.972372622518393293e-01
2.965431070387336554e-01
2.910824193623027245e-01
3.256976259891708469e-01
3.160720070341059285e-01
3.039474293118608617e-01
2.899254940071268605e-01
2.975149243370818763e-01
2.905733722060251933e-01
2.915451895043730812e-01
2.915451895043730812e-01
2.994585589337776521e-01
2.909435883196817008e-01
2.895090008792631786e-01
2.915451895043730812e-01
2.876579203109814742e-01
2.895552778934703531e-01
2.849275764727658977e-01
2.869637650978758003e-01
2.889999537229857030e-01
2.924244527743068978e-01
2.886297376093293621e-01
2.807626451941320211e-01
2.844185293164883666e-01
2.920079596464433824e-01
2.800222129668192284e-01
2.883057985098801956e-01
2.795594428247490382e-01
2.760423897450137165e-01
2.839094821602110574e-01
2.788190105974362454e-01
2.802073210236473710e-01
2.866861030126335863e-01
2.772548475172381122e-01
2.765051598870841287e-01
2.700726549123050879e-01
2.691008376139572000e-01
2.788190105974362454e-01
2.703169975473175835e-01
2.788190105974362454e-01
2.749317414040446383e-01
2.751168494608727810e-01
2.671572030172613688e-01
2.639178120227681501e-01
2.718774584663797844e-01
2.777083622564673338e-01
2.764588828728769543e-01
2.720162895090009192e-01
2.681290203156092566e-01
2.607709750566894469e-01
2.691933916423713269e-01
2.765977139154982001e-01
2.743764172335599327e-01
2.654912305058076960e-01
2.691008376139572000e-01
2.601230968577906144e-01
2.652135684205656485e-01
2.616039613124162555e-01
2.545235781387386043e-01
2.723402286084501411e-01
2.671572030172613688e-01
2.594752186588921705e-01
2.534129297977694706e-01
2.539682539682541207e-01
2.545235781387386043e-01
2.361978805127495917e-01
2.545235781387386043e-01
2.527187745846639078e-01
2.532740987551484468e-01
2.538294229256329859e-01
2.543847470961175805e-01
2.545235781387386043e-01
2.345319080012957802e-01
2.490166134481003046e-01
2.531352677125272010e-01
2.486463973344437972e-01
2.511916331158316473e-01
2.299967606090054240e-01
2.409181359618678964e-01
2.492017215049285583e-01
2.529964366699061218e-01
2.428617705585635056e-01
2.495256606043780301e-01
2.291174973390718017e-01
2.323106113193577626e-01
2.367532046832338255e-01
2.411957980471101104e-01
2.411957980471101104e-01
2.306446388079041732e-01
2.267573696145125384e-01
2.311999629783888233e-01
2.356425563422649139e-01
2.400851497061411988e-01
2.424915544449071925e-01
2.316164561062519778e-01
2.277291869128604540e-01
2.300893146374194953e-01
2.345319080012957802e-01
2.267573696145125384e-01
2.330047665324633255e-01
2.325882734045999767e-01
2.287010042112083419e-01
2.289786662964505837e-01
2.334212596603268686e-01
2.267573696145125384e-01
2.267573696145125384e-01
2.277291869128604540e-01
2.296728215095562575e-01
2.278680179554814500e-01
2.267573696145125384e-01
2.267573696145125384e-01
2.267573696145125384e-01
2.267573696145125384e-01
2.267573696145125384e-01
2.267573696145125384e-01
2.267573696145125384e-01
2.267573696145125384e-01
2.267573696145125384e-01
2.267573696145125384e-01
2.267573696145125384e-01
2.252302281456801669e-01
2.257855523161646227e-01
2.267573696145125384e-01
2.267573696145125384e-01
2.267573696145125384e-01
2.267573696145125384e-01
2.237030866768478232e-01
2.283307880975520565e-01
2.267573696145125384e-01
2.267573696145125384e-01
2.267573696145125384e-01
2.267573696145125384e-01
2.221759452080154518e-01
2.264334305150631776e-01
2.251376741172659013e-01
2.267573696145125384e-01
2.228701004211211256e-01
2.145402378638530116e-01
2.206488037391828860e-01
2.267573696145125384e-01
2.267573696145125384e-01
2.267573696145125384e-01
2.202323106113196205e-01
2.130130963950206402e-01
2.191216622703505146e-01
2.252302281456801669e-01
2.257855523161646227e-01
2.244897959183673464e-01
2.175945208015177268e-01
2.249062890462310005e-01
2.175945208015179488e-01
2.237030866768478232e-01
2.261094914156140112e-01
2.248137350178167349e-01
2.068582535054836191e-01
2.099588134573558973e-01
2.160673793326855774e-01
2.221759452080154518e-01
2.264334305150631776e-01
2.251376741172659013e-01
1.994076542181499601e-01
2.084316719885235536e-01
2.145402378638530116e-01
2.206488037391828860e-01
2.267573696145125384e-01
1.978342357351106640e-01
2.172039428016105667e-01
2.030172613262995474e-01
2.130130963950206402e-01
2.175019667731038497e-01
2.249062890462308062e-01
2.257855523161646227e-01
1.970012494793835500e-01
2.018140589569161480e-01
2.066268684344487461e-01
2.175945208015179488e-01
2.230552084779490740e-01
1.909852376324679690e-01
1.957980471100005671e-01
2.006108565875329430e-01
2.054236660650655411e-01
2.102364755425981391e-01
2.179647369151744563e-01
2.264334305150631776e-01
1.945948447406173620e-01
1.994076542181499601e-01
2.042204636956825581e-01
2.090332731732147398e-01
2.177333518441389448e-01
1.946873987690258823e-01
1.902818270165204106e-01
1.982044518487669493e-01
2.030172613262995474e-01
2.049146189087880099e-01
1.821000509047155935e-01
1.817761118052664271e-01
1.921884400018513683e-01
1.970012494793835500e-01
1.972789115646257918e-01
2.066268684344487461e-01
1.824239900041649542e-01
1.830718682030634814e-01
1.891341570641862369e-01
1.957980471100005671e-01
2.006108565875329430e-01
2.054236660650655411e-01
1.827479291036143150e-01
1.814521727058170386e-01
1.820074968763015222e-01
1.945948447406173620e-01
1.942246286269610489e-01
2.003331945022909233e-01
1.830718682030634814e-01
1.856633809986578398e-01
1.804803554074691507e-01
1.872830764959044769e-01
1.926974871581286775e-01
1.909852376324683854e-01
1.833958073025128699e-01
1.821000509047155935e-01
1.808042945069185115e-01
1.850617798139666537e-01
1.970012494793835500e-01
1.850155027997595070e-01
1.837197464019622306e-01
1.824239900041649542e-01
1.811282336063676779e-01
1.835346383451338659e-01
1.902448054051551485e-01
1.853394418992086734e-01
1.840436855014113970e-01
1.827479291036143150e-01
1.814521727058170386e-01
1.820074968763015222e-01
1.816372807626454033e-01
1.856633809986580341e-01
1.804803554074691507e-01
1.830718682030634814e-01
1.817761118052664271e-01
1.804803554074691507e-01
1.804803554074691507e-01
1.804803554074691507e-01
1.846915637003101462e-01
1.833958073025128699e-01
1.821000509047155935e-01
1.808042945069185115e-01
1.804803554074691507e-01
1.804803554074691507e-01
1.804803554074691507e-01
1.837197464019622306e-01
1.824239900041649542e-01
1.811282336063676779e-01
1.804803554074691507e-01
1.804803554074691507e-01
1.804803554074691507e-01
1.804803554074691507e-01
1.827479291036143150e-01
1.814521727058170386e-01
1.804803554074691507e-01
1.804803554074691507e-01
1.804803554074691507e-01
1.804803554074691507e-01
1.804803554074691507e-01
