8.355957767722471674e-01
7.361287078934137806e-01
7.461035696329814115e-01
6.374157868275512895e-01
6.902966314731020514e-01
5.937657114127702362e-01
5.560583207642030290e-01
5.294117647058823595e-01
5.133232780291603348e-01
4.970236299648062017e-01
4.811463046757163409e-01
4.638411261940672548e-01
4.379084967320259758e-01
4.384112619406736466e-01
4.278531925590747798e-01
4.276420311714428935e-01
4.102564102564102422e-01
4.019607843137255054e-01
3.986928104575163112e-01
3.815987933634992224e-01
3.916540975364505850e-01
3.635394670688785745e-01
3.846153846153845257e-01
3.597285067873302045e-01
3.710407239819004110e-01
3.494218200100554506e-01
3.428858722976370066e-01
3.355957767722472229e-01
3.428858722976370066e-01
3.350930115635997741e-01
3.348416289592759942e-01
3.195072900955254203e-01
3.177476118652589054e-01
3.092006033182504998e-01
3.177476118652589054e-01
3.074409250879838185e-01
3.157365510306687217e-01
2.993966817496230282e-01
2.991452991452990817e-01
2.924384112619405340e-01
2.991452991452990817e-01
2.908496732026141784e-01
2.870789341377575354e-01
2.835997988939164549e-01
2.820512820512819929e-01
2.735444947209652589e-01
2.820512820512819929e-01
2.747611865258923758e-01
2.820512820512819929e-01
2.677224736048264830e-01
2.554047259929612124e-01
2.629462041226748870e-01
2.483660130718954862e-01
2.546505781799899837e-01
2.483660130718954862e-01
2.511312217194570651e-01
2.483660130718954862e-01
2.461437908496730831e-01
2.413273001508295934e-01
2.448466566113625398e-01
2.438411261940674479e-01
2.345399698340876193e-01
2.368024132730015552e-01
2.395676219205631063e-01
2.368024132730015552e-01
2.320261437908497648e-01
2.368024132730015552e-01
2.297637003519356624e-01
2.368024132730015552e-01
2.335344394167924997e-01
2.368024132730015552e-01
2.250980392156860799e-01
2.151835093011564004e-01
2.214680744092507592e-01
2.126696832579185736e-01
2.119155354449470119e-01
2.126696832579185736e-01
2.096530920060332703e-01
2.126696832579185736e-01
2.083961789844144263e-01
2.126696832579185736e-01
2.038712921065863881e-01
2.126696832579185736e-01
2.048768225238814800e-01
2.126696832579185736e-01
1.980894922071393116e-01
2.126696832579185736e-01
1.980894922071393116e-01
1.935646053293112734e-01
1.928104575163399059e-01
1.945701357466063930e-01
1.928104575163399059e-01
1.754650578179990927e-01
1.905480140774258035e-01
1.754650578179990927e-01
1.905480140774258035e-01
1.754650578179990927e-01
1.837606837606838017e-01
1.754650578179990927e-01
1.789844142785318448e-01
1.754650578179990927e-01
1.827551533433887099e-01
1.754650578179990927e-01
1.784816490698843960e-01
1.754650578179990927e-01
1.754650578179990927e-01
1.754650578179990927e-01
1.737053795877324391e-01
1.754650578179990927e-01
1.719457013574661464e-01
1.709401709401710545e-01
1.708898944193062153e-01
1.709401709401710545e-01
1.706887883358473024e-01
1.684263448969332000e-01
1.716943187531422277e-01
1.684263448969332000e-01
1.706887883358473024e-01
1.684263448969332000e-01
1.684263448969332000e-01
1.684263448969332000e-01
1.649069884364002536e-01
1.684263448969332000e-01
1.603821015585720211e-01
1.684263448969332000e-01
1.636500754147814096e-01
1.684263448969332000e-01
1.603821015585720211e-01
1.684263448969332000e-01
1.603821015585720211e-01
1.684263448969332000e-01
1.603821015585720211e-01
1.684263448969332000e-01
1.568627450980392690e-01
1.684263448969332000e-01
1.593262946204121178e-01
1.684263448969332000e-01
1.581196581196580853e-01
1.548516842634488910e-01
1.568627450980392690e-01
1.588738059326294527e-01
1.568627450980392690e-01
1.452991452991451438e-01
1.520864756158873121e-01
1.588738059326294527e-01
1.520864756158873121e-01
1.452991452991451438e-01
1.568627450980392690e-01
1.588738059326294527e-01
1.520864756158873121e-01
1.452991452991451438e-01
1.483157365510308079e-01
1.452991452991451438e-01
1.490698843640020088e-01
1.452991452991451438e-01
1.490698843640020088e-01
1.452991452991451438e-01
1.452991452991451438e-01
1.452991452991451438e-01
1.412770236299649151e-01
1.452991452991451438e-01
1.375062845651080501e-01
1.452991452991451438e-01
1.375062845651080501e-01
1.452991452991451438e-01
1.452991452991451438e-01
1.452991452991451438e-01
1.387631975867268941e-01
1.452991452991451438e-01
1.375062845651080501e-01
1.452991452991451438e-01
1.357466063348415908e-01
1.452991452991451438e-01
1.344896933132227468e-01
1.452991452991451438e-01
1.312217194570135526e-01
1.452991452991451438e-01
1.338562091503266993e-01
1.452991452991451438e-01
1.312217194570135526e-01
1.452991452991451438e-01
1.297134238310707899e-01
1.201608848667670704e-01
1.297134238310707899e-01
1.452991452991451438e-01
1.297134238310707899e-01
1.141277023629964499e-01
1.297134238310707899e-01
1.392659627953745372e-01
1.297134238310707899e-01
1.241830065359438989e-01
1.297134238310707899e-01
1.201608848667670704e-01
1.297134238310707899e-01
1.141277023629964499e-01
1.234288587229762785e-01
1.141277023629964499e-01
1.297134238310707899e-01
1.201608848667670704e-01
1.234288587229762785e-01
1.141277023629964499e-01
1.266968325791854866e-01
1.141277023629964499e-01
1.234288587229762785e-01
1.141277023629964499e-01
1.234288587229762785e-01
1.141277023629964499e-01
1.242936148818500341e-01
1.141277023629964499e-01
1.234288587229762785e-01
1.141277023629964499e-01
1.193564605329310579e-01
1.141277023629964499e-01
1.143790849673201881e-01
1.141277023629964499e-01
1.141277023629964499e-01
1.141277023629964499e-01
1.141277023629964499e-01
1.141277023629964499e-01
1.141277023629964499e-01
1.141277023629964499e-01
1.141277023629964499e-01
1.141277023629964499e-01
1.141277023629964499e-01
1.141277023629964499e-01
1.080945198592256629e-01
1.141277023629964499e-01
1.141277023629964499e-01
1.141277023629964499e-01
1.050779286073403596e-01
1.141277023629964499e-01
1.080945198592256629e-01
1.141277023629964499e-01
1.080945198592256629e-01
1.141277023629964499e-01
1.070889894419305710e-01
1.141277023629964499e-01
1.080945198592256629e-01
1.141277023629964499e-01
1.021317244846653705e-01
1.141277023629964499e-01
1.048265460030164548e-01
1.141277023629964499e-01
1.106083459024633370e-01
1.141277023629964499e-01
1.050779286073403596e-01
1.141277023629964499e-01
1.050779286073403596e-01
9.602815485168426923e-02
1.038210155857213490e-01
1.141277023629964499e-01
1.018099547511311515e-01
1.141277023629964499e-01
1.018099547511311515e-01
1.141277023629964499e-01
1.018099547511311515e-01
9.602815485168426923e-02
1.018099547511311515e-01
9.602815485168426923e-02
1.018099547511311515e-01
1.141277023629964499e-01
1.018099547511311515e-01
9.602815485168426923e-02
1.038210155857213490e-01
1.075917546505782002e-01
1.018099547511311515e-01
8.949220713926601956e-02
9.854198089492210988e-02
1.075917546505782002e-01
1.008044243338358653e-01
8.949220713926601956e-02
1.018099547511311515e-01
8.949220713926601956e-02
1.008044243338358653e-01
8.949220713926601956e-02
1.018099547511311515e-01
8.949220713926601956e-02
1.018099547511311515e-01
8.949220713926601956e-02
1.001206636500751729e-01
8.949220713926601956e-02
8.949220713926601956e-02
8.949220713926601956e-02
1.008044243338358653e-01
8.949220713926601956e-02
1.008044243338358653e-01
8.949220713926601956e-02
9.753645047762683762e-02
8.949220713926601956e-02
9.854198089492210988e-02
8.949220713926601956e-02
9.753645047762683762e-02
8.949220713926601956e-02
8.949220713926601956e-02
8.949220713926601956e-02
8.949220713926601956e-02
8.949220713926601956e-02
8.949220713926601956e-02
8.949220713926601956e-02
8.949220713926601956e-02
8.949220713926601956e-02
8.949220713926601956e-02
8.949220713926601956e-02
8.949220713926601956e-02
8.949220713926601956e-02
8.949220713926601956e-02
8.949220713926601956e-02
8.949220713926601956e-02
8.949220713926601956e-02
8.949220713926601956e-02
8.949220713926601956e-02
8.949220713926601956e-02
8.949220713926601956e-02
8.949220713926601956e-02
8.949220713926601956e-02
8.949220713926601956e-02
8.949220713926601956e-02
8.949220713926601956e-02
8.949220713926601956e-02
8.949220713926601956e-02
8.949220713926601956e-02
8.949220713926601956e-02
8.949220713926601956e-02
8.949220713926601956e-02
8.949220713926601956e-02
8.949220713926601956e-02
8.949220713926601956e-02
8.949220713926601956e-02
8.949220713926601956e-02
8.949220713926601956e-02
8.949220713926601956e-02
8.949220713926601956e-02
8.949220713926601956e-02
8.949220713926601956e-02
8.949220713926601956e-02
8.949220713926601956e-02
8.949220713926601956e-02
8.371040723981895693e-02
8.949220713926601956e-02
8.270487682252368467e-02
8.949220713926601956e-02
8.371040723981895693e-02
8.949220713926601956e-02
8.044243338360992923e-02
8.949220713926601956e-02
8.949220713926601956e-02
8.949220713926601956e-02
8.949220713926601956e-02
8.949220713926601956e-02
8.044243338360992923e-02
8.949220713926601956e-02
8.848667672197073342e-02
8.949220713926601956e-02
7.943690296631464309e-02
8.949220713926601956e-02
7.943690296631464309e-02
8.949220713926601956e-02
7.943690296631464309e-02
8.949220713926601956e-02
7.943690296631464309e-02
8.949220713926601956e-02
7.943690296631464309e-02
8.949220713926601956e-02
7.943690296631464309e-02
8.949220713926601956e-02
7.943690296631464309e-02
8.949220713926601956e-02
7.943690296631464309e-02
8.949220713926601956e-02
7.943690296631464309e-02
6.938159879336344704e-02
7.943690296631464309e-02
8.949220713926601956e-02
7.943690296631464309e-02
8.949220713926601956e-02
7.943690296631464309e-02
8.949220713926601956e-02
7.943690296631464309e-02
6.938159879336344704e-02
7.943690296631464309e-02
6.938159879336344704e-02
7.943690296631464309e-02
6.938159879336344704e-02
7.943690296631464309e-02
6.938159879336344704e-02
7.943690296631464309e-02
6.938159879336344704e-02
7.943690296631464309e-02
7.139265962795382503e-02
7.616892911010560152e-02
6.938159879336344704e-02
7.943690296631464309e-02
6.938159879336344704e-02
7.616892911010560152e-02
6.938159879336344704e-02
