7.754964089564844176e-01
7.266582171525135525e-01
6.831432192648922985e-01
6.367046894803547463e-01
6.316011829319813087e-01
5.876637093367130804e-01
5.978031263202364665e-01
5.422475707646809973e-01
5.466835656949724509e-01
5.122517955217574803e-01
5.057034220532318214e-01
4.893282636248415529e-01
4.921841994085339178e-01
4.666159695817489461e-01
4.850021123785382415e-01
4.481368821292774918e-01
4.592310942120828021e-01
4.416983523447400861e-01
4.237431347697507844e-01
4.157160963244614371e-01
4.123362906632869196e-01
4.087452471482889704e-01
3.983945923109420972e-01
3.931136459653569726e-01
3.983945923109420972e-01
3.817068018588932188e-01
3.912125052809463654e-01
3.569919729615548265e-01
3.827629911280102104e-01
3.523447401774397747e-01
3.798056611744825006e-01
3.510773130544994625e-01
3.540346430080271167e-01
3.430502746092100042e-01
3.506548373468525437e-01
3.276299112801014934e-01
3.177017321504013170e-01
3.227714406421630655e-01
3.177017321504013170e-01
3.187579214195182531e-01
3.177017321504013170e-01
3.103084072665822646e-01
3.075623151668779309e-01
3.077735530207014181e-01
3.075623151668779309e-01
3.065061258977608283e-01
3.075623151668779309e-01
2.963667089142376088e-01
2.915082382762991808e-01
2.917194761301225570e-01
2.915082382762991808e-01
2.904520490071820782e-01
2.885509083227714711e-01
2.795014786649767657e-01
2.787325728770574385e-01
2.836924376848332652e-01
2.733417828474863365e-01
2.746092099704267042e-01
2.733417828474863365e-01
2.705956907477820583e-01
2.733417828474863365e-01
2.625686523024926000e-01
2.733417828474863365e-01
2.623574144486692239e-01
2.733417828474863365e-01
2.607013096746935155e-01
2.661596958174904937e-01
2.613012251795522323e-01
2.733417828474863365e-01
2.566793409378957946e-01
2.441909590198562408e-01
2.543303760033797656e-01
2.441909590198562408e-01
2.441909590198562408e-01
2.441909590198562408e-01
2.524292353189692140e-01
2.441909590198562408e-01
2.439797211660328646e-01
2.441909590198562408e-01
2.378538234051541522e-01
2.391212505280946310e-01
2.399662019433882187e-01
2.441909590198562408e-01
2.353189691592733335e-01
2.315166877904520637e-01
2.357414448669202245e-01
2.315166877904520637e-01
2.351077313054499851e-01
2.315166877904520637e-01
2.353189691592733335e-01
2.315166877904520637e-01
2.338403041825095063e-01
2.315166877904520637e-01
2.334516265314742767e-01
2.315166877904520637e-01
2.296155471060413455e-01
2.277144064216307662e-01
2.317279256442754121e-01
2.315166877904520637e-01
2.296155471060413455e-01
2.285593578369243539e-01
2.189776087874945321e-01
2.247570764681030842e-01
2.262357414448669113e-01
2.247570764681030842e-01
2.260245035910435629e-01
2.247570764681030842e-01
2.262357414448669113e-01
2.247570764681030842e-01
2.161301225179550478e-01
2.247570764681030842e-01
2.160963244613433865e-01
2.247570764681030842e-01
2.150401351922264226e-01
2.247570764681030842e-01
2.141951837769328348e-01
2.247570764681030842e-01
2.129277566539923561e-01
2.247570764681030842e-01
2.129277566539923561e-01
2.247570764681030842e-01
2.127165188001689800e-01
2.247570764681030842e-01
2.008871989860582519e-01
2.243346007604563597e-01
2.127165188001689800e-01
2.243346007604563597e-01
2.127165188001689800e-01
2.006759611322348758e-01
2.007097591888465371e-01
2.010984368398816002e-01
2.006759611322348758e-01
2.006759611322348758e-01
2.006759611322348758e-01
2.006759611322348758e-01
2.006759611322348758e-01
2.006759611322348758e-01
2.006759611322348758e-01
2.006759611322348758e-01
2.002534854245880125e-01
2.006759611322348758e-01
1.987748204478241576e-01
2.006759611322348758e-01
1.958174904942966421e-01
2.006759611322348758e-01
1.958174904942966421e-01
2.006759611322348758e-01
1.958174904942966421e-01
2.006759611322348758e-01
1.958174904942966421e-01
2.006759611322348758e-01
1.930713983945923085e-01
2.006759611322348758e-01
1.972961554710604692e-01
2.006759611322348758e-01
1.839881706801858863e-01
2.006759611322348758e-01
1.956062526404732660e-01
2.006759611322348758e-01
1.850443599493030167e-01
2.006759611322348758e-01
1.837769328263625379e-01
1.711026615969581943e-01
1.839797211660328391e-01
2.006759611322348758e-01
1.816645542881284436e-01
1.668779045204900335e-01
1.837769328263625379e-01
1.711026615969581943e-01
1.837769328263625379e-01
1.668779045204900335e-01
1.837769328263625379e-01
1.668779045204900335e-01
1.789184621884241377e-01
1.668779045204900335e-01
1.816645542881284436e-01
1.668779045204900335e-01
1.816645542881284436e-01
1.668779045204900335e-01
1.816645542881284436e-01
1.668779045204900335e-01
1.789184621884241377e-01
1.668779045204900335e-01
1.738487536966623614e-01
1.668779045204900335e-01
1.738487536966623614e-01
1.668779045204900335e-01
1.789184621884241377e-01
1.668779045204900335e-01
1.668779045204900335e-01
1.668779045204900335e-01
1.668779045204900335e-01
1.668779045204900335e-01
1.565272496831431326e-01
1.668779045204900335e-01
1.548373468525559293e-01
1.668779045204900335e-01
1.550485847063794442e-01
1.668779045204900335e-01
1.668779045204900335e-01
1.668779045204900335e-01
1.548373468525559293e-01
1.668779045204900335e-01
1.537811575834389655e-01
1.668779045204900335e-01
1.527249683143220016e-01
1.385720321081538309e-01
1.499788762146178345e-01
1.668779045204900335e-01
1.520912547528517622e-01
1.613857203210815328e-01
1.499788762146178345e-01
1.668779045204900335e-01
1.527249683143220016e-01
1.668779045204900335e-01
1.499788762146178345e-01
1.668779045204900335e-01
1.499788762146178345e-01
1.385720321081538309e-01
1.499788762146178345e-01
1.385720321081538309e-01
1.434305027460922310e-01
1.385720321081538309e-01
1.472327841149135008e-01
1.613857203210815328e-01
1.499788762146178345e-01
1.330798479087453301e-01
1.499788762146178345e-01
1.330798479087453301e-01
1.499788762146178345e-01
1.330798479087453301e-01
1.406844106463878974e-01
1.330798479087453301e-01
1.434305027460922310e-01
1.330798479087453301e-01
1.434305027460922310e-01
1.330798479087453301e-01
1.434305027460922310e-01
1.330798479087453301e-01
1.434305027460922310e-01
1.330798479087453301e-01
1.434305027460922310e-01
1.330798479087453301e-01
1.427967891846218251e-01
1.330798479087453301e-01
1.406844106463878974e-01
1.330798479087453301e-01
1.406844106463878974e-01
1.330798479087453301e-01
1.363751584283901253e-01
1.330798479087453301e-01
1.330798479087453301e-01
1.330798479087453301e-01
1.330798479087453301e-01
1.330798479087453301e-01
1.330798479087453301e-01
1.330798479087453301e-01
1.330798479087453301e-01
1.330798479087453301e-01
1.330798479087453301e-01
1.330798479087453301e-01
1.330798479087453301e-01
1.330798479087453301e-01
1.330798479087453301e-01
1.330798479087453301e-01
1.330798479087453301e-01
1.330798479087453301e-01
1.330798479087453301e-01
1.330798479087453301e-01
1.330798479087453301e-01
1.330798479087453301e-01
1.330798479087453301e-01
1.330798479087453301e-01
1.330798479087453301e-01
1.330798479087453301e-01
1.330798479087453301e-01
1.330798479087453301e-01
1.307562315166877209e-01
1.330798479087453301e-01
1.307562315166877209e-01
1.330798479087453301e-01
1.280101394169835538e-01
1.330798479087453301e-01
1.242078580481621314e-01
1.330798479087453301e-01
1.307562315166877209e-01
1.330798479087453301e-01
1.214617659484579504e-01
1.330798479087453301e-01
1.280101394169835538e-01
1.330798479087453301e-01
1.242078580481621314e-01
1.330798479087453301e-01
1.280101394169835538e-01
1.330798479087453301e-01
1.307562315166877209e-01
1.330798479087453301e-01
1.214617659484579504e-01
1.330798479087453301e-01
1.280101394169835538e-01
1.330798479087453301e-01
1.214617659484579504e-01
1.330798479087453301e-01
1.214617659484579504e-01
1.330798479087453301e-01
1.214617659484579504e-01
1.229404309252217914e-01
1.280101394169835538e-01
1.330798479087453301e-01
1.214617659484579504e-01
1.229404309252217914e-01
1.214617659484579504e-01
1.199831009716941094e-01
1.214617659484579504e-01
1.229404309252217914e-01
1.214617659484579504e-01
1.098436839881705845e-01
1.214617659484579504e-01
1.098436839881705845e-01
1.214617659484579504e-01
1.199831009716941094e-01
1.214617659484579504e-01
1.098436839881705845e-01
1.163920574566961880e-01
1.098436839881705845e-01
1.214617659484579504e-01
1.330798479087453301e-01
1.121673003802281798e-01
1.098436839881705845e-01
1.214617659484579504e-01
1.098436839881705845e-01
1.168145331643430651e-01
1.098436839881705845e-01
1.121673003802281798e-01
1.098436839881705845e-01
1.149133924799323470e-01
1.098436839881705845e-01
1.149133924799323470e-01
1.098436839881705845e-01
1.121673003802281798e-01
1.098436839881705845e-01
1.098436839881705845e-01
1.098436839881705845e-01
1.117448246725813027e-01
1.098436839881705845e-01
1.117448246725813027e-01
1.098436839881705845e-01
1.098436839881705845e-01
1.098436839881705845e-01
1.098436839881705845e-01
1.098436839881705845e-01
1.133164343050270806e-01
1.098436839881705845e-01
1.117448246725813027e-01
1.098436839881705845e-01
1.115335868187577878e-01
1.098436839881705845e-01
1.098436839881705845e-01
1.098436839881705845e-01
1.098436839881705845e-01
1.098436839881705845e-01
1.098436839881705845e-01
1.098436839881705845e-01
1.098436839881705845e-01
1.098436839881705845e-01
1.098436839881705845e-01
1.098436839881705845e-01
1.098436839881705845e-01
1.098436839881705845e-01
1.098436839881705845e-01
1.098436839881705845e-01
1.098436839881705845e-01
1.098436839881705845e-01
1.098436839881705845e-01
1.098436839881705845e-01
1.098436839881705845e-01
1.098436839881705845e-01
1.098436839881705845e-01
1.098436839881705845e-01
1.098436839881705845e-01
1.098436839881705845e-01
1.098436839881705845e-01
1.098436839881705845e-01
1.098436839881705845e-01
1.098436839881705845e-01
1.098436839881705845e-01
1.098436839881705845e-01
1.098436839881705845e-01
1.098436839881705845e-01
1.098436839881705845e-01
1.098436839881705845e-01
1.098436839881705845e-01
1.098436839881705845e-01
1.098436839881705845e-01
1.098436839881705845e-01
