6.038467932157700613e-01
5.992631697180723638e-01
6.091250140402110214e-01
5.780748062450858926e-01
5.176120408850948262e-01
4.976268673480850890e-01
4.552959676513534948e-01
4.492364371560145786e-01
4.612845108390429272e-01
4.572013927889474472e-01
4.413847017859147681e-01
4.176120408850947929e-01
4.068066943726832974e-01
3.968280354936538079e-01
4.020105582387960563e-01
4.053348309558573725e-01
3.879591149050882204e-01
3.742109401325395823e-01
3.599348534201955441e-01
3.590812085813770982e-01
3.619566438279231413e-01
3.613950353813320526e-01
3.562403684151408401e-01
3.561945411658991034e-01
3.441648882399190867e-01
3.349320453779625062e-01
3.369650679546219441e-01
3.469280017971470564e-01
3.412476693249466564e-01
3.264068291587104986e-01
3.210153880714366470e-01
3.114118836347298247e-01
3.182859710210041992e-01
3.208028754352468259e-01
3.227339099180048243e-01
2.940770526788722417e-01
2.919240705380208856e-01
2.974502976524762698e-01
2.995062338537569091e-01
3.052678872290240375e-01
2.781871279344041437e-01
2.777153768392676692e-01
2.773110187577221830e-01
2.755138717286307326e-01
2.672357632258789972e-01
2.655284735482419389e-01
2.774345726159722081e-01
2.661350106705604457e-01
2.644389531618555611e-01
2.548646523643712247e-01
2.526339436145118578e-01
2.531730877232393762e-01
2.449062113894192594e-01
2.572054363697628965e-01
2.464337863641468118e-01
2.384027855778950433e-01
2.427833314613052906e-01
2.392901269235092887e-01
2.388296079973042385e-01
2.327754689430532875e-01
2.342468830731209706e-01
2.266651690441421896e-01
2.336740424575981523e-01
2.343816691003033081e-01
2.329776479838257808e-01
2.262158822868696184e-01
2.274514208693698969e-01
2.172975401550039931e-01
2.197106593283156550e-01
2.162529484443447003e-01
2.233516792092553049e-01
2.268898124227787805e-01
2.032011681455687946e-01
2.087723239357516525e-01
2.013366281028871052e-01
2.123216893182073295e-01
2.087206559586652355e-01
1.947096484331121424e-01
1.970796360777263834e-01
1.953435920476243315e-01
1.947545771088395328e-01
2.002134112097050667e-01
2.064584971357971976e-01
1.931933056273167082e-01
1.951926316971807074e-01
1.849938223070875243e-01
1.912276760642482587e-01
1.930032573289904574e-01
1.898573514545661423e-01
1.903627990564980832e-01
1.917892845108387923e-01
1.802201505110636592e-01
1.816673031562391905e-01
1.878018645400427455e-01
1.827698528585874060e-01
1.879815792429520571e-01
1.732562057733348648e-01
1.708300572840616705e-01
1.684039087947882540e-01
1.705043243850386248e-01
1.636414691676961741e-01
1.567449174435585624e-01
1.727619903403349033e-01
1.714365944063797609e-01
1.690104459171065387e-01
1.626418061327642717e-01
1.569695608221948480e-01
1.513647085252159963e-01
1.722453105694709552e-01
1.704481635403798379e-01
1.648320790744690068e-01
1.596091205211727648e-01
1.535999101426485103e-01
1.445243176457375600e-01
1.469167696282145941e-01
1.616264180613276036e-01
1.603392115017412134e-01
1.567673817814221604e-01
1.490733460631247231e-01
1.454341233292147095e-01
1.415199370998535822e-01
1.609008199483321355e-01
1.570369538357854200e-01
1.518139952824887895e-01
1.401019880939002871e-01
1.399752892283501748e-01
1.402336291137818713e-01
1.284847804110970104e-01
1.526451757834435818e-01
1.485566662922609693e-01
1.415028642030776440e-01
1.398405032011678373e-01
1.342244187352578111e-01
1.285858699314837705e-01
1.283836908907110552e-01
1.494327754689427357e-01
1.424239020554865787e-01
1.292934965741884268e-01
1.355498146692127592e-01
1.297315511625294071e-01
1.254408626305739127e-01
1.258002920363923416e-01
1.395709311468045777e-01
1.341345613838026418e-01
1.257104346849377829e-01
1.255194878130968805e-01
1.255194878130968805e-01
1.258002920363923416e-01
1.286307986072105503e-01
1.256542738402786075e-01
1.255194878130968805e-01
1.255194878130968805e-01
1.266314725373469119e-01
1.229922498034371064e-01
1.255981129956196263e-01
1.256430416713468223e-01
1.267550263955974643e-01
1.228349994383915872e-01
1.246546108053468993e-01
1.238346624733234896e-01
1.255868808266878411e-01
1.255194878130968805e-01
1.255194878130968805e-01
1.255194878130968805e-01
1.240705380208919767e-01
1.246770751432104835e-01
1.213074244636637294e-01
1.255194878130968805e-01
1.237335729529375483e-01
1.185667752442992745e-01
1.235875547568238142e-01
1.255194878130968805e-01
1.221498371335505290e-01
1.186903291025500212e-01
1.160849151971234394e-01
1.213523531393915084e-01
1.147927664832071315e-01
1.250365045490287041e-01
1.229585532966417233e-01
1.195439739413682034e-01
1.161293945860946697e-01
1.206896551724138400e-01
1.148264629900025147e-01
1.245535212849605416e-01
1.238121981354599055e-01
1.203976187801863856e-01
1.098506121532067531e-01
1.082556441648883372e-01
1.145793552735034360e-01
1.103111310794117200e-01
1.237897337975967238e-01
1.116477591822980647e-01
1.101089520386388243e-01
1.086263057396383569e-01
1.071436594406378756e-01
1.109625968774570065e-01
9.210378524093004726e-02
1.135347635628441432e-01
1.095810400988434796e-01
1.089969673143883766e-01
1.075143210153878953e-01
1.126586543861615719e-01
9.565315062338471119e-02
1.112209367628888834e-01
1.108502751881390580e-01
1.093676288891385906e-01
1.072672132988882199e-01
1.143547118948661512e-01
9.381107491856641167e-02
9.309221610693037274e-02
1.105470066269796103e-01
1.074356958328655381e-01
1.074159272155453537e-01
9.953948107379539945e-02
9.887678310681813354e-02
9.258676850499861222e-02
9.451870156127166467e-02
1.090980568347749147e-01
1.060653712231832135e-01
9.893294395147690656e-02
9.551836459620358100e-02
9.210378524093004726e-02
9.403571829720309971e-02
1.022239694485008871e-01
1.066269796697741357e-01
9.978658879029508877e-02
9.637200943502176320e-02
9.295743007974822947e-02
9.355273503313493721e-02
9.406941480399869104e-02
1.040548129843873876e-01
1.006402336291140620e-01
9.722565427383994541e-02
9.365382455352089242e-02
9.306975176906677472e-02
9.500168482533982717e-02
9.736942603616639824e-02
9.992137481747741246e-02
9.807929911265872436e-02
9.466471975738519062e-02
9.210378524093004726e-02
9.294619791081683291e-02
9.313714478265774921e-02
9.210378524093004726e-02
9.893294395147690656e-02
9.551836459620358100e-02
9.210378524093004726e-02
9.210378524093004726e-02
9.210378524093004726e-02
9.210378524093004726e-02
9.798944176120397143e-02
9.597888352240814547e-02
9.287880489722546984e-02
9.210378524093004726e-02
9.210378524093004726e-02
9.210378524093004726e-02
9.131753341570263138e-02
9.461979108165761987e-02
9.194653487588452800e-02
9.210378524093004726e-02
9.210378524093004726e-02
9.210378524093004726e-02
9.123890823317987175e-02
9.155340896327092415e-02
9.442884420981691174e-02
9.199146355161171018e-02
9.210378524093004726e-02
9.210378524093004726e-02
9.210378524093004726e-02
9.147478378074816452e-02
9.178928451083900875e-02
9.210378524093004726e-02
9.000336965067967654e-02
9.210378524093004726e-02
9.108165786813435250e-02
9.139615859822539101e-02
9.171065932831644341e-02
9.189037403122556069e-02
9.210378524093004726e-02
8.990228013029312459e-02
9.100303268561159287e-02
9.131753341570263138e-02
9.163203414579368378e-02
9.194653487588452800e-02
9.103672919240717032e-02
8.993597663708871592e-02
9.092440750308883324e-02
9.123890823317987175e-02
9.155340896327092415e-02
9.013815567786141736e-02
9.069976412445274194e-02
8.996967314388409909e-02
9.084578232056607361e-02
9.013815567786141736e-02
9.147478378074816452e-02
9.178928451083900875e-02
9.013815567786141736e-02
9.000336965067967654e-02
9.076715713804350827e-02
9.108165786813435250e-02
9.139615859822539101e-02
9.013815567786141736e-02
9.013815567786141736e-02
9.003706615747505970e-02
9.068853195552074864e-02
9.013815567786141736e-02
9.013815567786141736e-02
9.013815567786141736e-02
9.013815567786141736e-02
9.007076266427065103e-02
8.993597663708871592e-02
9.092440750308902753e-02
9.013815567786141736e-02
9.013815567786141736e-02
9.013815567786141736e-02
9.010445917106582603e-02
8.996967314388409909e-02
8.983488711670216398e-02
8.867797371672492268e-02
9.013815567786141736e-02
9.013815567786141736e-02
9.013815567786141736e-02
9.000336965067967654e-02
8.986858362349774143e-02
9.013815567786141736e-02
9.013815567786141736e-02
9.013815567786141736e-02
9.013815567786141736e-02
9.003706615747505970e-02
8.990228013029333276e-02
8.890261709536122214e-02
9.013815567786141736e-02
9.013815567786141736e-02
9.013815567786141736e-02
9.007076266427065103e-02
8.946422554195214427e-02
8.901493878467936494e-02
9.013815567786141736e-02
9.013815567786141736e-02
9.013815567786141736e-02
9.010445917106582603e-02
8.957654723127049523e-02
8.912726047399750773e-02
8.867797371672472839e-02
8.822868695945194906e-02
9.013815567786141736e-02
9.013815567786141736e-02
8.968886892058863802e-02
8.923958216331585869e-02
8.879029540604287118e-02
8.834100864877030002e-02
9.013815567786141736e-02
9.013815567786141736e-02
8.980119060990678082e-02
8.935190385263400148e-02
8.890261709536122214e-02
8.845333033808823464e-02
9.013815567786141736e-02
8.755475682354267597e-02
8.991351229922511790e-02
8.946422554195214427e-02
8.901493878467936494e-02
8.856565202740658560e-02
8.811636527013380626e-02
9.013815567786141736e-02
8.733011344490639039e-02
8.733011344490639039e-02
8.912726047399750773e-02
8.867797371672472839e-02
8.822868695945194906e-02
8.777940020217916972e-02
9.013815567786141736e-02
8.968886892058863802e-02
8.923958216331585869e-02
8.879029540604287118e-02
8.834100864877030002e-02
8.789172189149731251e-02
9.000336965067967654e-02
8.733011344490639039e-02
8.935190385263400148e-02
8.758171402897903246e-02
8.828484780411091637e-02
8.800404358081566347e-02
8.728518476917901392e-02
8.733011344490639039e-02
8.733011344490639039e-02
8.901493878467936494e-02
8.856565202740658560e-02
8.717286307986087113e-02
8.726272043131542977e-02
8.733011344490639039e-02
8.733011344490639039e-02
8.733011344490639039e-02
8.867797371672472839e-02
8.715039874199707881e-02
