5.526829736211033017e-01
5.336115107913672606e-01
5.162174260591525510e-01
4.955715427657874095e-01
4.660111910471623209e-01
4.387446842525978830e-01
4.259792166266986868e-01
4.206714628297362757e-01
4.210219024780175179e-01
4.165467625899280657e-01
4.010334132693845199e-01
3.895283772981614212e-01
3.718784972022382562e-01
3.669301358912868682e-01
3.715427657873699441e-01
3.932533972821740664e-01
3.649080735411668885e-01
3.562768984812149098e-01
3.470848920863309206e-01
3.299440447641887597e-01
3.258564348521182930e-01
3.117505995203837532e-01
3.427977617905674790e-01
3.278337330135891459e-01
3.207034372501998964e-01
3.137969624300558924e-01
3.114308553157474901e-01
3.013275779376498598e-01
2.968824940047962158e-01
3.015763389288564911e-01
3.073534772182250907e-01
2.998401278976816631e-01
2.968665067945644442e-01
2.916067146282973477e-01
2.876099120703436429e-01
2.889528377298160589e-01
2.885691446842525432e-01
2.844924060751399808e-01
2.833733013589128658e-01
2.799590727418068692e-01
2.818385291766586920e-01
2.785771382893684756e-01
2.782964028776977461e-01
2.738609112709832205e-01
2.696402877697841038e-01
2.706314948041568247e-01
2.785771382893684756e-01
2.721183053557152398e-01
2.667146282973621441e-01
2.574900079936052189e-01
2.554916067146283942e-01
2.670663469224622832e-01
2.676956035171861314e-01
2.605915267785768319e-01
2.547242206235012518e-01
2.497521982414068475e-01
2.519584332533972293e-01
2.500239808153477683e-01
2.522781774580336034e-01
2.527098321342926002e-01
2.366107114308553805e-01
2.359712230215827433e-01
2.426219024780177091e-01
2.424780175859311548e-01
2.446522781774583821e-01
2.273860911270983165e-01
2.262989608313349110e-01
2.279136690647482477e-01
2.281854516386885856e-01
2.322621902478017308e-01
2.252278177458034158e-01
2.270183852917665723e-01
2.209912070343726387e-01
2.192645883293369846e-01
2.193285371702640985e-01
2.207673860911271713e-01
2.179056754596322143e-01
2.158273381294963378e-01
2.134292565947240872e-01
2.147561950439650091e-01
2.081215027977615095e-01
2.123900879296565514e-01
2.096083133493207851e-01
2.122941646682653394e-01
2.131254996003197344e-01
2.048121502797763671e-01
1.989608313349321145e-01
2.037301358912870231e-01
2.086490807354117460e-01
2.071462829736215316e-01
2.116706634692244460e-01
2.039168665067947195e-01
1.963389288569143964e-01
1.847482014388488747e-01
1.913988808952835630e-01
2.054516386890487545e-01
1.958433253397283136e-01
1.944364508393286450e-01
1.930295763389289765e-01
1.856274980015987508e-01
1.813608313349318046e-01
2.003197442046360244e-01
1.946602717825742235e-01
1.945003996802558976e-01
1.852342126298961167e-01
1.833093525179855243e-01
1.752997601918464821e-01
1.839788968824927762e-01
1.934772182254197170e-01
1.936370903277379318e-01
1.806714628297361735e-01
1.790567545963232532e-01
1.744204636290967447e-01
1.739088729016787516e-01
1.763229416466820798e-01
1.796322941646683602e-01
1.798561151079136611e-01
1.757793764988009599e-01
1.745003996802556301e-01
1.704076738609114350e-01
1.652994404476421098e-01
1.786570743405275219e-01
1.720703437250195311e-01
1.753317346123100529e-01
1.683772981614708730e-01
1.690807354116707906e-01
1.592326139088729720e-01
1.546762589928055154e-01
1.665707434052753622e-01
1.743776179056751863e-01
1.657713828936850931e-01
1.635491606714626345e-01
1.595203836930453867e-01
1.554916067146282777e-01
1.534772182254196538e-01
1.681080735411662752e-01
1.670663469224621667e-01
1.631974420463629671e-01
1.605275779376499068e-01
1.545323741007193774e-01
1.534772182254196538e-01
1.534772182254196538e-01
1.534772182254196538e-01
1.643165467625894993e-01
1.575699440447641542e-01
1.548840927258191835e-01
1.534772182254196538e-01
1.506474820143894056e-01
1.518119904076732640e-01
1.589768185451635452e-01
1.565467625899277238e-01
1.552358113509192672e-01
1.527737809752199027e-01
1.466027178257396646e-01
1.445563549160671923e-01
1.465387689848121344e-01
1.485211830535570487e-01
1.514628297362108911e-01
1.431015187849716264e-01
1.418864908073542985e-01
1.440607513988811095e-01
1.436450839328537732e-01
1.462669864108713524e-01
1.410871302957634466e-01
1.419984012789768657e-01
1.414868105515587338e-01
1.406075139888089687e-01
1.429896083133494755e-01
1.410871302957634466e-01
1.410871302957634466e-01
1.404476418864909204e-01
1.410871302957634466e-01
1.420783373301358898e-01
1.442845723421261328e-01
1.410871302957634466e-01
1.410871302957634466e-01
1.410871302957634466e-01
1.409272581934453705e-01
1.422861710631495857e-01
1.410071942446042559e-01
1.405915267785771972e-01
1.410871302957634466e-01
1.401278976818546573e-01
1.407673860911271835e-01
1.394564348521180330e-01
1.404476418864909204e-01
1.401278976818545186e-01
1.397442046362910306e-01
1.399680255795363315e-01
1.406075139888089687e-01
1.397601918465230797e-01
1.406075139888089687e-01
1.402238209432453420e-01
1.379216626698641368e-01
1.398081534772182832e-01
1.404476418864909204e-01
1.410871302957634466e-01
1.373141486810550427e-01
1.403197442046362764e-01
1.378577138289367454e-01
1.381135091926458947e-01
1.386762589928054734e-01
1.370903277378097418e-01
1.366586730615507728e-01
1.358113509192645785e-01
1.377937649880094928e-01
1.356514788169463914e-01
1.383053557154276525e-01
1.348840927258192213e-01
1.360031974420464751e-01
1.374740207833732575e-01
1.377298161470824067e-01
1.357474020783373259e-01
1.353637090327736714e-01
1.349800159872101835e-01
1.353477218225421774e-01
1.354916067146283154e-01
1.362270183852916372e-01
1.379216626698641368e-01
1.354596322941646336e-01
1.350759392486009791e-01
1.346922462030374634e-01
1.353317346123099896e-01
1.346922462030374634e-01
1.359392486011189449e-01
1.355555555555554292e-01
1.351718625099919135e-01
1.347881694644282868e-01
1.351718625099919135e-01
1.358113509192645785e-01
1.346922462030374634e-01
1.349320543565149799e-01
1.352677857713827370e-01
1.341167066346923564e-01
1.346922462030374634e-01
1.346922462030374634e-01
1.346922462030374634e-01
1.337649880095924115e-01
1.353637090327736714e-01
1.338289368505194976e-01
1.341326938449237116e-01
1.346922462030374634e-01
1.346922462030374634e-01
1.346922462030374634e-01
1.351079136690648275e-01
1.335411670663468053e-01
1.346922462030374634e-01
1.346922462030374634e-01
1.346922462030374634e-01
1.316227018385294212e-01
1.312390087929656279e-01
1.332533972821742518e-01
1.343085531574739755e-01
1.346922462030374634e-01
1.346922462030374634e-01
1.346922462030374634e-01
1.332533972821741131e-01
1.323900879296564248e-01
1.341167066346923564e-01
1.346922462030374634e-01
1.346922462030374634e-01
1.305355715427658492e-01
1.304716227018384578e-01
1.320063948840926316e-01
1.335411670663468053e-01
1.339728217426054968e-01
1.330135891286967353e-01
1.307056754596318537e-01
1.321662669864109851e-01
1.316227018385291436e-01
1.331574740207832896e-01
1.346922462030374634e-01
1.338289368505196641e-01
1.281694644284574192e-01
1.297042366107115929e-01
1.312390087929656279e-01
1.327737809752198017e-01
1.343085531574739755e-01
1.325339728217424240e-01
1.227498001598720107e-01
1.293205435651477997e-01
1.308553157474022510e-01
1.323900879296564248e-01
1.325819344524383214e-01
1.247482014388488492e-01
1.249080735411669113e-01
1.231814548361309797e-01
1.304716227018384578e-01
1.320063948840926316e-01
1.315267785771380427e-01
1.249240607513988216e-01
1.234212629896082186e-01
1.220783373301356500e-01
1.300879296562749698e-01
1.316227018385291436e-01
1.304716227018385966e-01
1.250999200639487940e-01
1.237569944044763920e-01
1.224140687450038234e-01
1.223181454836130277e-01
1.251958433253400338e-01
1.250999200639487940e-01
1.250999200639487940e-01
1.240927258193444266e-01
1.244764188649077896e-01
1.250999200639487940e-01
1.250999200639487940e-01
1.276898481215024139e-01
1.250999200639487940e-01
1.244284572342126000e-01
1.230855315747400314e-01
1.217426059152674767e-01
1.304716227018384578e-01
1.250999200639487940e-01
1.250999200639487940e-01
1.247641886490806346e-01
1.234212629896083574e-01
1.220783373301356500e-01
1.168984812150283131e-01
1.250999200639487940e-01
1.250999200639487940e-01
1.250999200639487940e-01
1.237569944044762393e-01
1.193445243804956285e-01
1.164668265387686225e-01
1.145483613109512244e-01
1.111910471622699070e-01
1.250999200639487940e-01
1.240927258193444266e-01
1.200639488409267486e-01
1.171862509992005891e-01
1.152677857713824833e-01
1.250999200639487940e-01
1.250999200639487940e-01
1.236610711430857212e-01
1.207833733013587152e-01
1.179056754596316953e-01
1.150279776179056884e-01
1.128217426059147377e-01
1.250999200639487940e-01
1.247641886490806346e-01
1.215027977617906818e-01
1.186250999200636619e-01
1.157474020783366558e-01
1.128697042366106351e-01
1.103756994404469921e-01
1.250999200639487940e-01
1.222222222222217880e-01
1.193445243804956285e-01
1.164668265387686225e-01
1.135891286970426017e-01
1.162270183852912447e-01
1.250999200639487940e-01
1.214068745003994421e-01
1.200639488409267486e-01
1.171862509992005891e-01
1.143085531574735692e-01
1.114308553157475623e-01
1.237569944044766695e-01
1.234052757793767247e-01
1.207833733013587152e-01
1.179056754596316953e-01
1.150279776179056884e-01
1.121502797761785297e-01
1.072581934452437463e-01
1.071143085531574696e-01
1.215027977617906818e-01
1.186250999200636619e-01
1.157474020783366558e-01
1.128697042366106351e-01
1.099920063948834764e-01
1.071143085531574696e-01
1.222222222222217880e-01
1.071143085531574696e-01
1.164668265387686225e-01
1.135891286970426017e-01
1.073541167066346946e-01
1.071622701838527980e-01
1.214068745003994421e-01
1.200639488409267486e-01
1.171862509992005891e-01
1.143085531574735692e-01
1.074020783373301619e-01
1.072102318145484179e-01
1.071143085531574696e-01
1.177138289368502289e-01
1.179056754596316953e-01
1.150279776179056884e-01
1.074500399680255042e-01
1.072581934452437463e-01
1.071143085531574696e-01
1.071143085531574696e-01
1.127737809752199782e-01
1.157474020783366558e-01
1.074980015987211102e-01
