6.273698200977834150e-01
5.925456875682348912e-01
6.023407224569233831e-01
5.758921536051645473e-01
5.338016803531593357e-01
5.206341671808991656e-01
5.020230692552333229e-01
5.030297621873073277e-01
5.100583851521338641e-01
5.010968813784592024e-01
4.839037357003847517e-01
4.574528884036646592e-01
4.378601604404995795e-01
4.463093938387051596e-01
4.576826316039303011e-01
4.577783262923055263e-01
4.258793373522573034e-01
4.192433664024306506e-01
4.079175962405660605e-01
4.022309773579532677e-01
4.025290739070584989e-01
4.193762756918404389e-01
3.979304124934732734e-01
3.883704371766270591e-01
3.876204490435278260e-01
3.644087910001425623e-01
3.607347985000236013e-01
3.586416670622297742e-01
3.610575782028765945e-01
3.577823135709879976e-01
3.563582854701665692e-01
3.480229743200266013e-01
3.394943750890019318e-01
3.441591114064651569e-01
3.488014430151422096e-01
3.472539991455829145e-01
3.348649546684390743e-01
3.289125172070065939e-01
3.163810699197797671e-01
3.324156263350268037e-01
3.210613756111455053e-01
3.167987848293541964e-01
3.096216832012153031e-01
3.130488441638581976e-01
3.048282147434375200e-01
3.026249584658469716e-01
3.180329425167324198e-01
3.102482555655766694e-01
2.960839227227418657e-01
2.920461385104660690e-01
2.874732994731097335e-01
2.841068970427690354e-01
2.806759386718565841e-01
2.855563677789902943e-01
2.834100726254331071e-01
2.768405563203111819e-01
2.729861869274221586e-01
2.730051739687662793e-01
2.661698390848247775e-01
2.652014999762664638e-01
2.644230312811507999e-01
2.733716238667110443e-01
2.630369772630182235e-01
2.588978022499643372e-01
2.575876963972091871e-01
2.607585323017040380e-01
2.601699340200314681e-01
2.434803246784070785e-01
2.520055062419901404e-01
2.471448236578536739e-01
2.526616983908483438e-01
2.577490862486353507e-01
2.181516115251345422e-01
2.248445435989947228e-01
2.391038116485502130e-01
2.345089476432337672e-01
2.456923149950158980e-01
2.064840746190726162e-01
2.113542507238813650e-01
2.196420942706604484e-01
2.268002088574546382e-01
2.287938481986037109e-01
2.380405373332705188e-01
2.042344899606015896e-01
2.078986091992215679e-01
2.048227085014479032e-01
2.147434376038358239e-01
2.269426116675370975e-01
2.052878910143827451e-01
2.036644989794468286e-01
1.902976218730725588e-01
2.005506241989845062e-01
2.102055347225519344e-01
1.958228509042578558e-01
1.988228034366547603e-01
1.964349931171979480e-01
1.860730051739689084e-01
1.952247591019128370e-01
2.008639103811647730e-01
1.987373617506053569e-01
1.963639815825700130e-01
1.853135235201975317e-01
1.861394598186739135e-01
1.895951013433335441e-01
1.933735225708455574e-01
1.855983291403617841e-01
1.844116390563440011e-01
1.860730051739689084e-01
1.856932643470833033e-01
1.863008496701004379e-01
1.867565386623629975e-01
1.849337826933120932e-01
1.770256799734182818e-01
1.847439122798690270e-01
1.795995632980484369e-01
1.832629230550147370e-01
1.866426164142974131e-01
1.808610623249633509e-01
1.772440309488776955e-01
1.752408980870556743e-01
1.704941377509849587e-01
1.677979778800968991e-01
1.752408980870551747e-01
1.787535007357480277e-01
1.771490957421561763e-01
1.730099207291024566e-01
1.706935016850999742e-01
1.684340437651310751e-01
1.795984240755683081e-01
1.788864100251578437e-01
1.764180946504011471e-01
1.735890254901028829e-01
1.710447619499692318e-01
1.690131485261310018e-01
1.681017705416053831e-01
1.679878482935397710e-01
1.693776997199407663e-01
1.733706745146438299e-01
1.715858926282811947e-01
1.685859400958844845e-01
1.678929130868182518e-01
1.677979778800968991e-01
1.728770114396924462e-01
1.697631366592292634e-01
1.721270233065931854e-01
1.699625005933451116e-01
1.677979778800968991e-01
1.676081074666541659e-01
1.677979778800968991e-01
1.687947975506712550e-01
1.672378601604408432e-01
1.697441496178856979e-01
1.674277305738832433e-01
1.672473536811127925e-01
1.671144443917028100e-01
1.699435135520008799e-01
1.668486258128827893e-01
1.692409930222625591e-01
1.680068353348838639e-01
1.668106517301941316e-01
1.667347035648170106e-01
1.672283666397683943e-01
1.674372240945555257e-01
1.659566146105279916e-01
1.666492618787679403e-01
1.668296387715383911e-01
1.670384962263256889e-01
1.668486258128827893e-01
1.657853514976030951e-01
1.651397920918974693e-01
1.667916646888498999e-01
1.668486258128827893e-01
1.666207813167514262e-01
1.663929368206200632e-01
1.653011819433239937e-01
1.648075188683724435e-01
1.653771301087009482e-01
1.665543266720464211e-01
1.667916646888500665e-01
1.664498979446527860e-01
1.662220534485213952e-01
1.639056344045189406e-01
1.650828309678645800e-01
1.653866236293732306e-01
1.659182607870127446e-01
1.620543978734514945e-01
1.618645274600085948e-01
1.633455166848627182e-01
1.637632315944368144e-01
1.654910523567665603e-01
1.663834432999479473e-01
1.616271894432052825e-01
1.619689561874022576e-01
1.625765415104192257e-01
1.632600749988134814e-01
1.647220771823232066e-01
1.668486258128827893e-01
1.592443157544974897e-01
1.613898514264014705e-01
1.630227369820100025e-01
1.632885555608298567e-01
1.631936203541086705e-01
1.638676603218306438e-01
1.590924194237432476e-01
1.611525134095979916e-01
1.621018654768121015e-01
1.592538092751696055e-01
1.613803579057296878e-01
1.627565386623642252e-01
1.587316656382020408e-01
1.600607585323017557e-01
1.589215360516447462e-01
1.590096359234820511e-01
1.607063179380073814e-01
1.594911472919732509e-01
1.583993924146771815e-01
1.595386148953340244e-01
1.607158114586794972e-01
1.587506526795462725e-01
1.585228081834147429e-01
1.582949636872833798e-01
1.580671191911520168e-01
1.592443157544974897e-01
1.580671191911520168e-01
1.580671191911520168e-01
1.585797693074476322e-01
1.583519248113162692e-01
1.581240803151849061e-01
1.580671191911520168e-01
1.601272131770067608e-01
1.621018654768121015e-01
1.580671191911520168e-01
1.584088859353491308e-01
1.581810414392176012e-01
1.580671191911520168e-01
1.580671191911520168e-01
1.580671191911520168e-01
1.580671191911520168e-01
1.584658470593820201e-01
1.582380025632504905e-01
1.583614183319885516e-01
1.580671191911520168e-01
1.580671191911520168e-01
1.566525846110032316e-01
1.550291925760668155e-01
1.582949636872833798e-01
1.580671191911520168e-01
1.580671191911520168e-01
1.580671191911520168e-01
1.580671191911520168e-01
1.580671191911520168e-01
1.558836094365597114e-01
1.576873783642664117e-01
1.580671191911520168e-01
1.525323966392937436e-01
1.551905824274931733e-01
1.537000996819669063e-01
1.554469074856412170e-01
1.573076375373807789e-01
1.572506764133477508e-01
1.580671191911520168e-01
1.544595813357384773e-01
1.532633977310486062e-01
1.550102055347225560e-01
1.567570133383965336e-01
1.580671191911520168e-01
1.580671191911520168e-01
1.537285802439837812e-01
1.566525846110032316e-01
1.545735035838040616e-01
1.563203113874780392e-01
1.580671191911520168e-01
1.576304172402335224e-01
1.529975791522289186e-01
1.523899938292117839e-01
1.541368016328857338e-01
1.558836094365597114e-01
1.576304172402335224e-01
1.481179095267480539e-01
1.504343285707505085e-01
1.519532918782929565e-01
1.537000996819672671e-01
1.554469074856412170e-01
1.563203113874783723e-01
1.477951298238953104e-01
1.473204537902881861e-01
1.482887928988465276e-01
1.532633977310486062e-01
1.550102055347225560e-01
1.471495704181895459e-01
1.498916789291299401e-01
1.472919732282716443e-01
1.474058954763372564e-01
1.528266957801301118e-01
1.545735035838040616e-01
1.471495704181895459e-01
1.471495704181895459e-01
1.472634926662552968e-01
1.483457540228794169e-01
1.523899938292117839e-01
1.541368016328857338e-01
1.471495704181895459e-01
1.471495704181895459e-01
1.472350121042387827e-01
1.473489343523045336e-01
1.453837755731713366e-01
1.493330801727826562e-01
1.471495704181895459e-01
1.471495704181895459e-01
1.472065315422224074e-01
1.473204537902881861e-01
1.430673565291685212e-01
1.484596762709451678e-01
1.471495704181895459e-01
1.471495704181895459e-01
1.471780509802058934e-01
1.472919732282714778e-01
1.474058954763372564e-01
1.475862723691076794e-01
1.471495704181895459e-01
1.471495704181895459e-01
1.471495704181895459e-01
1.472634926662552968e-01
1.473774149143209089e-01
1.429914083637914002e-01
1.471495704181895459e-01
1.471495704181895459e-01
1.471495704181895459e-01
1.459249062514832995e-01
1.473489343523045336e-01
1.426591351402667351e-01
1.410262495846581754e-01
1.397351307732472847e-01
1.471495704181895459e-01
1.472065315422224074e-01
1.447002420847770532e-01
1.430673565291685212e-01
1.414344709735604888e-01
1.402003132861817936e-01
1.471495704181895459e-01
1.471780509802058934e-01
1.451084634736792001e-01
1.434755779180706681e-01
1.418426923624621083e-01
1.452983338871217389e-01
1.388047657473770735e-01
1.471495704181895459e-01
1.455166848625809861e-01
1.438837993069729537e-01
1.422509137513644217e-01
1.406180281957565559e-01
1.471495704181895459e-01
1.471495704181895459e-01
1.459249062514832995e-01
1.442920206958747675e-01
1.426591351402667351e-01
1.410262495846581754e-01
1.393933640290501430e-01
1.471495704181895459e-01
1.463331276403856129e-01
1.447002420847770532e-01
1.430673565291685212e-01
1.414344709735604888e-01
1.398015854179519568e-01
1.381686998623439244e-01
1.369440356956376781e-01
1.369440356956376781e-01
1.434755779180706681e-01
1.418426923624621083e-01
1.402098068068542425e-01
1.368301134475720660e-01
1.369440356956376781e-01
1.383016091517525747e-01
1.438837993069729537e-01
1.422509137513644217e-01
1.366877106374899675e-01
1.389851426401480239e-01
1.369725162576540256e-01
1.406275217164281721e-01
1.369440356956376781e-01
1.426591351402667351e-01
1.410262495846581754e-01
1.367731523235390378e-01
1.368870745716047888e-01
1.369440356956376781e-01
1.369440356956376781e-01
1.430673565291685212e-01
1.414344709735604888e-01
1.367446717615228291e-01
1.369330232116579837e-01
1.369440356956376781e-01
1.369440356956376781e-01
1.434755779180706681e-01
1.418426923624621083e-01
1.367161911995063150e-01
