1.487954729183508240e+00
1.413139315548369801e+00
1.407118296954998460e+00
1.237665319320937929e+00
1.029523039611964563e+00
9.831312314739961700e-01
9.724063594718403980e-01
9.306925357046619274e-01
8.196712476421448290e-01
8.052277014281864487e-01
7.830773376448397771e-01
7.407599029911073885e-01
7.231624898949069458e-01
7.097278361627593624e-01
7.161950956615467101e-01
7.165809754783079022e-01
6.731770412287793048e-01
6.337375370520075268e-01
6.308811641067096909e-01
6.177310697925086913e-01
6.396658582592293918e-01
5.968741579089194005e-01
5.850175154944758926e-01
5.822150363783346050e-01
5.799514955537592442e-01
5.599029911075182886e-01
5.502559956884934822e-01
5.416178927512760310e-01
5.487361897062786875e-01
5.434244139046079392e-01
5.338183777957421494e-01
5.152250067367287745e-01
5.134465103745623482e-01
5.087577472379415378e-01
5.246564268391267216e-01
5.071409323632443122e-01
4.990568579897600165e-01
4.960926973861492506e-01
4.908111021288062981e-01
4.889787119374831570e-01
4.898410132039880405e-01
4.785772029102668412e-01
4.754513608191863749e-01
4.647264888170303809e-01
4.669900296416059637e-01
4.669339800592833267e-01
4.688763136620856531e-01
4.620317973592024674e-01
4.657504715710050758e-01
4.545944489355967510e-01
4.512530315278900361e-01
4.508218808946377054e-01
4.544327674481275503e-01
4.498517919698194478e-01
4.515225006736729441e-01
4.433306386418754963e-01
4.440851522500675608e-01
4.409787119374826703e-01
4.440851522500675608e-01
4.450552411748854298e-01
4.471032066828348750e-01
4.316895715440582926e-01
4.248450552411749959e-01
4.308272702775534091e-01
4.330369172729722216e-01
4.326769064942064258e-01
4.254917811910535752e-01
4.219886822958771044e-01
4.174616006467260498e-01
4.056049582322823754e-01
4.211263810293722210e-01
4.338453247103207788e-01
4.165992993802210553e-01
4.157369981137161719e-01
3.838318512530316529e-01
3.926704392347077355e-01
4.112099164645650062e-01
4.144974400431151174e-01
4.161681487469686136e-01
4.042037186742118426e-01
3.710051199137698319e-01
3.751010509296684448e-01
3.925626515763943614e-01
4.093775262732416431e-01
4.126111560226354835e-01
4.010778765831313764e-01
3.470762597682566231e-01
3.518189167340339818e-01
3.862570735650769915e-01
4.000000000000001332e-01
4.104554028563728862e-01
3.330638641875505734e-01
3.328482888709243803e-01
3.423422258151432307e-01
3.475074104015090648e-01
3.821072487200216083e-01
3.193209377526272097e-01
3.251414713015359781e-01
3.313931554836971327e-01
3.318781999461062338e-01
3.004042037186744341e-01
3.193209377526272097e-01
3.193209377526272097e-01
3.109135004042039574e-01
3.149555375909459665e-01
2.944219886822956322e-01
2.896793317165182735e-01
2.740501212611154425e-01
3.170573969280516824e-01
3.045001347345729914e-01
3.126919967663703837e-01
2.966855295068712151e-01
2.787388843977366415e-01
2.759364052815952983e-01
2.583670169765561186e-01
3.016976556184317593e-01
3.021072487200214263e-01
2.980867690649420254e-01
2.801940177849636671e-01
2.717865804365400262e-01
2.533009970358395258e-01
2.991107518189168313e-01
2.979250875774723806e-01
2.805712745890596715e-01
2.769064942064132784e-01
2.628940986257073953e-01
2.559956884936675503e-01
2.448935596874158849e-01
2.449474535165725442e-01
2.828887092427916916e-01
2.690918889787118906e-01
2.651576394502829226e-01
2.561034761519806469e-01
2.472648881703045642e-01
2.441390460792240980e-01
2.798124494745349855e-01
2.764753435731607256e-01
2.600916195095663852e-01
2.561034761519807579e-01
2.483427647534358074e-01
2.425222312045271778e-01
2.425222312045271778e-01
2.648342764753436329e-01
2.545944489355969620e-01
2.468337375370521225e-01
2.434923201293451855e-01
2.425222312045271778e-01
2.390730261385072553e-01
2.425222312045271778e-01
2.573969280517380831e-01
2.461870115871734599e-01
2.344381568310428821e-01
2.367016976556184649e-01
2.357962813257880319e-01
2.367016976556184649e-01
2.379951495553760399e-01
2.344381568310428821e-01
2.344381568310428821e-01
2.389652384801939089e-01
2.333602802479115279e-01
2.363783346806791197e-01
2.376717865804366947e-01
2.344381568310428821e-01
2.254917811910538139e-01
2.344381568310428821e-01
2.338992185394772050e-01
2.301266504985179651e-01
2.344381568310428821e-01
2.344381568310428821e-01
2.243061169496094742e-01
2.304500134734572825e-01
2.344381568310428821e-01
2.309889517650229596e-01
2.275397466990030371e-01
2.344381568310428821e-01
2.150363783346807001e-01
2.236593909997305618e-01
2.322824036647804236e-01
2.318512530315278430e-01
2.284020479655079205e-01
1.983292912961466536e-01
2.128806251684182416e-01
2.215036378334681033e-01
2.301266504985179651e-01
2.327135542980328653e-01
2.292643492320129428e-01
2.047965507949341679e-01
2.107248720021560051e-01
2.179897601724602452e-01
2.263540824575585864e-01
2.335758555645378598e-01
2.134195634599837799e-01
1.950956615467528410e-01
1.973592023713285348e-01
2.171921315009431586e-01
2.155753166262464882e-01
1.805443276744812531e-01
1.902452169226624690e-01
1.908919428725411316e-01
1.960657504715712096e-01
2.012395580706008991e-01
2.150363783346807001e-01
2.122877930476961272e-01
1.850714093236324187e-01
1.895984909727835566e-01
1.947722985718133848e-01
1.945567232551874137e-01
1.992993802209646614e-01
1.652384801940176562e-01
1.632983023443815296e-01
1.883050390730261203e-01
1.934788466720560596e-01
1.927243330638642727e-01
2.000538938291565594e-01
1.683643222850981225e-01
1.614659121530584163e-01
1.697655618431691826e-01
1.921853947722985956e-01
1.950956615467530908e-01
1.865804365400162146e-01
1.624360010778765351e-01
1.589867960118566126e-01
1.676098086769066964e-01
1.817299919159257315e-01
1.701967124764213746e-01
1.667475074104014521e-01
1.673080032336259626e-01
1.621126381029370789e-01
1.654540555106437660e-01
1.643761789275128837e-01
1.872271624898948772e-01
1.676098086769064743e-01
1.641606036108865518e-01
1.607113985448665183e-01
1.589867960118566126e-01
1.636216653193211246e-01
1.589867960118566126e-01
1.684721099434113578e-01
1.650229048773915463e-01
1.615736998113715128e-01
1.611425491781190711e-01
1.589867960118568624e-01
1.589867960118566126e-01
1.693344112099163801e-01
1.658852061438964576e-01
1.602802479116140766e-01
1.589867960118566126e-01
1.589867960118566126e-01
1.589867960118566126e-01
1.589867960118566126e-01
1.667475074104014521e-01
1.606036108865533940e-01
1.593101589867960688e-01
1.589867960118566126e-01
1.589867960118566126e-01
1.589867960118566126e-01
1.606036108865536438e-01
1.557531662624627999e-01
1.596335219617353862e-01
1.589867960118566126e-01
1.589867960118566126e-01
1.589867960118566126e-01
1.589867960118566126e-01
1.552142279708972339e-01
1.599568849366746204e-01
1.589867960118566126e-01
1.589867960118566126e-01
1.589867960118566126e-01
1.525195365130692093e-01
1.589867960118566126e-01
1.570207491242250619e-01
1.589867960118566126e-01
1.589867960118566126e-01
1.589867960118566126e-01
1.519805982215036710e-01
1.541363513877661295e-01
1.562921045540285880e-01
1.569927243330639377e-01
1.589867960118566126e-01
1.492859067636756465e-01
1.514416599299381050e-01
1.535974130962005635e-01
1.557531662624627999e-01
1.567232551872811408e-01
1.589867960118566126e-01
1.487469684721100804e-01
1.509027216383723169e-01
1.530584748046347754e-01
1.552142279708972339e-01
1.455133387227162678e-01
1.460522770142818338e-01
1.482080301805442923e-01
1.503637833468067508e-01
1.525195365130692093e-01
1.546752896793316678e-01
1.568310428455941541e-01
1.455133387227162678e-01
1.476690918889787263e-01
1.498248450552411848e-01
1.519805982215036710e-01
1.455133387227162678e-01
1.490164376178929884e-01
1.455133387227162678e-01
1.471301535974131602e-01
1.492859067636756465e-01
1.514416599299381050e-01
1.455133387227162678e-01
1.470223659390998139e-01
1.455133387227162678e-01
1.465912153058474832e-01
1.487469684721100804e-01
1.455133387227162678e-01
1.455133387227162678e-01
1.455133387227162678e-01
1.455133387227162678e-01
1.460522770142818338e-01
1.482080301805442923e-01
1.503637833468067508e-01
1.455133387227162678e-01
1.455133387227162678e-01
1.455133387227162678e-01
1.455133387227162678e-01
1.455133387227162678e-01
1.498248450552411848e-01
1.455133387227162678e-01
1.455133387227162678e-01
1.455133387227162678e-01
1.455133387227162678e-01
1.471301535974131602e-01
1.492859067636756465e-01
1.455133387227162678e-01
1.455133387227162678e-01
1.455133387227162678e-01
1.455133387227162678e-01
1.455133387227162678e-01
1.455133387227162678e-01
1.455133387227162678e-01
1.455133387227162678e-01
1.455133387227162678e-01
1.455133387227162678e-01
1.460522770142818338e-01
1.455133387227162678e-01
1.455133387227162678e-01
1.455133387227162678e-01
1.455133387227162678e-01
1.455133387227162678e-01
1.455133387227162678e-01
1.455133387227162678e-01
1.455133387227162678e-01
1.455133387227162678e-01
1.455133387227162678e-01
1.455133387227162678e-01
1.455133387227162678e-01
1.455133387227162678e-01
1.455133387227162678e-01
1.455133387227162678e-01
1.455133387227162678e-01
1.455133387227162678e-01
1.455133387227162678e-01
1.465912153058474832e-01
1.455133387227162678e-01
1.455133387227162678e-01
1.455133387227162678e-01
1.455133387227162678e-01
1.455133387227162678e-01
1.455133387227162678e-01
1.455133387227162678e-01
1.455133387227162678e-01
1.455133387227162678e-01
1.455133387227162678e-01
1.396928051738077770e-01
1.455133387227162678e-01
1.455133387227162678e-01
1.455133387227162678e-01
1.455133387227162678e-01
1.410401509027216782e-01
1.455133387227162678e-01
1.440582053354891312e-01
1.455133387227162678e-01
1.455133387227162678e-01
1.455133387227162678e-01
1.455133387227162678e-01
1.367825383993531707e-01
1.426030719482620224e-01
1.455133387227162678e-01
1.455133387227162678e-01
1.455133387227162678e-01
1.455133387227162678e-01
1.353274050121260619e-01
1.411479385610348858e-01
1.455133387227162678e-01
1.455133387227162678e-01
1.455133387227162678e-01
1.280517380759904345e-01
1.338722716248989253e-01
