4.794852702331275363e-01
4.137827640488742076e-01
3.542390245121310732e-01
3.173583868469053715e-01
3.046020839059493390e-01
2.789235651283075157e-01
2.716473851228106695e-01
2.482946453112114815e-01
2.334444416681242807e-01
2.042177856625271293e-01
1.980959996002097934e-01
1.911496464356211844e-01
1.867519552235075986e-01
1.794058119487269010e-01
1.653631843282278580e-01
1.485719997001573589e-01
1.494215536843157832e-01
1.466620024487142460e-01
1.441493216061567884e-01
1.363534144574097551e-01
1.344294245521100717e-01
1.299317858124483527e-01
1.295150046225732599e-01
1.271332550411033990e-01
1.269493515904150382e-01
1.193703305764473588e-01
1.221858524274755387e-01
1.233352489942779462e-01
1.212113640338822185e-01
1.188126233727291453e-01
1.114165063341745338e-01
1.110666899877564423e-01
1.096174508383098434e-01
1.129906798930561118e-01
1.080682641613153194e-01
1.071187626496089701e-01
1.030708877839134618e-01
1.013467929337096146e-01
1.008720421778566551e-01
1.023962419729642220e-01
1.051947727443090647e-01
1.006121786062317280e-01
9.602458709177694174e-02
9.547487569026257004e-02
9.554983633592353809e-02
9.654931161140413443e-02
9.994752754803735983e-02
9.345093825741498939e-02
8.652957197471333739e-02
8.797881112415982530e-02
8.982784038379865166e-02
9.082731565927890105e-02
9.192673846230731138e-02
8.555508358112001721e-02
8.318132980185390102e-02
8.335623797506300225e-02
8.320631668374106615e-02
8.592089153194570894e-02
8.308138227430598988e-02
7.451887758926553640e-02
7.568526523575126730e-02
7.645985857424864029e-02
7.773418955048602697e-02
7.888358611728843450e-02
7.955823192823778534e-02
7.166237725194259112e-02
7.196221983458667149e-02
7.028809874815718228e-02
6.944853951675371284e-02
7.468578996027100403e-02
7.414607331151139291e-02
7.058794133080126265e-02
6.858899077984051407e-02
6.544064366207746897e-02
6.496589290622428736e-02
6.236725718997515600e-02
6.659004022887976548e-02
6.688988281152395687e-02
6.579046000849556042e-02
6.334174558356857332e-02
6.144674046125767064e-02
5.809450038729653543e-02
5.569575972614379533e-02
6.604032882736572685e-02
5.975562829514496910e-02
5.954373953674313436e-02
6.184253267034807433e-02
5.544589090727372604e-02
5.539591714349971496e-02
5.539591714349971496e-02
5.724494640313842336e-02
5.634541865520596021e-02
5.584568101746583552e-02
5.367781914494881845e-02
5.314709777366890403e-02
5.234751755328446998e-02
4.435171534944148258e-02
5.319707153744291511e-02
5.219759626196254082e-02
5.184777991554444937e-02
4.939906549061747615e-02
5.109817345893414436e-02
4.472651857774652406e-02
4.555108568001801916e-02
4.376602283801001025e-02
5.094825216761199316e-02
4.859948527023315312e-02
4.585092826266198851e-02
4.485145298718172524e-02
4.070363059393840993e-02
5.029859323854982134e-02
4.834961645136297281e-02
4.570100697134005935e-02
4.517628245171297768e-02
4.283751030708878027e-02
3.890457509807349751e-02
4.093350990729873601e-02
4.035381424751998541e-02
4.442667599510266574e-02
4.065365683016417681e-02
3.850478498788149906e-02
3.810499487768928550e-02
3.910447015316954877e-02
4.010394542865003409e-02
4.150321081432251091e-02
4.012893231053698412e-02
3.885460133429959051e-02
3.860473251542941714e-02
3.855475875165551708e-02
3.915444391694355986e-02
3.810499487768928550e-02
3.810499487768928550e-02
3.810499487768928550e-02
3.730541465730507350e-02
3.815496864146318556e-02
3.750530971240101374e-02
3.710551960220891121e-02
3.810499487768928550e-02
3.810499487768928550e-02
3.740536218485310260e-02
3.788011294070617319e-02
3.760525723994915387e-02
3.720546712975694031e-02
3.810499487768928550e-02
3.810499487768928550e-02
3.810499487768928550e-02
3.810499487768928550e-02
3.720546712975694031e-02
3.730541465730496248e-02
3.810499487768928550e-02
3.450688388595989781e-02
3.435696259463785762e-02
3.585617550785858559e-02
3.668074261012974069e-02
3.653082131880770744e-02
3.700557207466088211e-02
3.260788086254728241e-02
3.570625421653643439e-02
3.600609679918061884e-02
3.740536218485299158e-02
3.675570325579081976e-02
3.360735613802754568e-02
3.230803827990320898e-02
3.350740861047974556e-02
3.470677894105594907e-02
3.560630668898840528e-02
3.573124109842338442e-02
3.193323505159793851e-02
3.200819569725912861e-02
3.320756602783544315e-02
3.440693635841186870e-02
3.560630668898840528e-02
3.560630668898840528e-02
3.630593938182458819e-02
3.040903525649037500e-02
3.200819569725901759e-02
3.410709377576778834e-02
3.530646410634432492e-02
2.756053072137129231e-02
2.846005846930364097e-02
3.000924514629826900e-02
3.160840558706691505e-02
3.380725119312370797e-02
3.371529946777953451e-02
2.666100297343916917e-02
2.801029459533752389e-02
2.960945503610616300e-02
3.120861547687480558e-02
3.210814322480703975e-02
2.591139651682874967e-02
2.588640963494168862e-02
2.698583243797019610e-02
2.920966492591406047e-02
3.080882536668270305e-02
3.240798580745112012e-02
3.300767097273950290e-02
2.561155393418466930e-02
2.671097673721306923e-02
2.880987481572195447e-02
3.040903525649059705e-02
2.975937632742809216e-02
3.235801204367722006e-02
2.571150146173269493e-02
2.643612103645583133e-02
2.758551760325824581e-02
3.000924514629826900e-02
2.561155393418466930e-02
2.570750356063065956e-02
2.561155393418466930e-02
2.616126533569881549e-02
2.726068813872721541e-02
2.860997976062579218e-02
2.846005846930375199e-02
2.561155393418466930e-02
2.561155393418466930e-02
2.588640963494168862e-02
2.698583243797019610e-02
2.696084555608291300e-02
2.518677694210539122e-02
2.561155393418466930e-02
2.561155393418466930e-02
2.561155393418466930e-02
2.671097673721306923e-02
2.781039954024158017e-02
2.411234102096405582e-02
2.451213113115615835e-02
2.561155393418466930e-02
2.561155393418466930e-02
2.643612103645583133e-02
2.573648834361953741e-02
2.561155393418466930e-02
2.561155393418466930e-02
2.561155393418466930e-02
2.561155393418466930e-02
2.616126533569881549e-02
2.486194747757436083e-02
2.436220983983423266e-02
2.386247220209399000e-02
2.406236725719004127e-02
2.561155393418466930e-02
2.536168511531460348e-02
2.498688188700945098e-02
2.448714424926920832e-02
2.398740661152907669e-02
2.348766897378883403e-02
2.338772144624080840e-02
2.561155393418466930e-02
2.511181629644442664e-02
2.461207865870429501e-02
2.411234102096405582e-02
2.361260338322392419e-02
2.311286574548368153e-02
2.271307563529157553e-02
2.448714424926931935e-02
2.473701306813927414e-02
2.423727543039914251e-02
2.373753779265889985e-02
2.383748532020692548e-02
2.393743284775495458e-02
2.490192648859350724e-02
2.486194747757436083e-02
2.436220983983423266e-02
2.386247220209399000e-02
2.336273456435385837e-02
2.316283950925769261e-02
2.248819369830845974e-02
2.436220983983423266e-02
2.336273456435385837e-02
2.398740661152907669e-02
2.348766897378883403e-02
2.338772144624080840e-02
2.248819369830845974e-02
2.248819369830845974e-02
2.361260338322392419e-02
2.411234102096405582e-02
2.361260338322392419e-02
2.361260338322381316e-02
2.261312810774354989e-02
2.248819369830845974e-02
2.386247220209399000e-02
2.423727543039914251e-02
2.373753779265889985e-02
2.323780015491876821e-02
2.273806251717852556e-02
2.248819369830845974e-02
2.336273456435385837e-02
2.436220983983423266e-02
2.248819369830845974e-02
2.336273456435385837e-02
2.286299692661361571e-02
2.248819369830845974e-02
2.248819369830845974e-02
2.248819369830845974e-02
2.248819369830845974e-02
2.348766897378883403e-02
2.298793133604859137e-02
2.248819369830845974e-02
2.248819369830845974e-02
2.248819369830845974e-02
2.261312810774354989e-02
2.361260338322392419e-02
2.311286574548368153e-02
2.251318058019552426e-02
2.248819369830845974e-02
2.248819369830845974e-02
2.248819369830845974e-02
2.248819369830845974e-02
2.248819369830845974e-02
2.273806251717852556e-02
2.248819369830845974e-02
2.248819369830845974e-02
2.248819369830845974e-02
2.248819369830845974e-02
2.248819369830845974e-02
2.256315434396953534e-02
2.248819369830845974e-02
2.248819369830845974e-02
2.248819369830845974e-02
2.248819369830845974e-02
2.248819369830845974e-02
2.258814122585648884e-02
2.248819369830845974e-02
2.248819369830845974e-02
2.248819369830845974e-02
2.248819369830845974e-02
2.158866595037600353e-02
2.248819369830845974e-02
2.251318058019552426e-02
2.248819369830845974e-02
2.248819369830845974e-02
2.248819369830845974e-02
2.248819369830845974e-02
2.248819369830845974e-02
2.228829864321240847e-02
2.248819369830845974e-02
2.248819369830845974e-02
2.248819369830845974e-02
2.138877089527994879e-02
2.248819369830845974e-02
2.218835111566438284e-02
2.248819369830845974e-02
2.248819369830845974e-02
2.248819369830845974e-02
2.128882336773192316e-02
2.168861347792402916e-02
2.208840358811635721e-02
2.248819369830845974e-02
2.248819369830845974e-02
2.248819369830845974e-02
2.118887584018389753e-02
2.158866595037600353e-02
2.198845606056832810e-02
2.238824617076043411e-02
2.248819369830845974e-02
2.248819369830845974e-02
2.108892831263587189e-02
2.148871842282797789e-02
2.188850853302008043e-02
2.228829864321240847e-02
2.223832487943839392e-02
2.248819369830845974e-02
2.098898078508784626e-02
2.138877089527994879e-02
2.178856100547205479e-02
2.218835111566438284e-02
2.248819369830845974e-02
2.248819369830845974e-02
2.248819369830845974e-02
2.128882336773192316e-02
2.168861347792402916e-02
2.208840358811635721e-02
2.248819369830845974e-02
2.248819369830845974e-02
2.248819369830845974e-02
2.118887584018389753e-02
2.158866595037600353e-02
2.198845606056832810e-02
2.238824617076043411e-02
2.211339047000330724e-02
2.068913820244376589e-02
2.108892831263587189e-02
2.148871842282797789e-02
2.188850853302008043e-02
2.198845606056832810e-02
2.223832487943839392e-02
2.058919067489574026e-02
2.098898078508784626e-02
2.138877089527994879e-02
2.178856100547205479e-02
2.173858724169815473e-02
2.236325928887337305e-02
2.048924314734749258e-02
2.088903325753982063e-02
2.128882336773192316e-02
2.168861347792402916e-02
