3.594528148274717672e-01
3.536500789016092661e-01
3.770592314882753593e-01
3.477701500638247789e-01
3.104200379933862441e-01
2.948564191735935647e-01
2.816335145892595038e-01
2.749394417585510619e-01
2.744561819662079682e-01
2.746656481490787893e-01
2.633705561307051468e-01
2.498718477048176012e-01
2.377300459338030358e-01
2.336693771295896005e-01
2.379612226231518357e-01
2.311465358675658943e-01
2.291664572674914635e-01
2.182609482264729339e-01
2.166680403252553844e-01
2.024002171050647836e-01
2.123207124262495304e-01
2.088128574443918473e-01
2.043400910635132239e-01
2.002854529555436192e-01
1.974751485058950651e-01
1.913009216914092203e-01
1.875546531847101517e-01
1.958569116804534105e-01
1.928315123981063639e-01
1.871353187725522116e-01
1.849514026394346866e-01
1.761465861233677266e-01
1.761264838025549950e-01
1.688192901870518015e-01
1.829150375410838747e-01
1.798353619925417979e-01
1.766813078569923479e-01
1.677840206651857735e-01
1.650392497813870929e-01
1.650601561950324481e-01
1.794152234875517615e-01
1.732820054075241423e-01
1.588987948658672489e-01
1.581148043541625303e-01
1.573308138424580060e-01
1.542149541164527515e-01
1.535314752088128565e-01
1.688896483098971113e-01
1.507674060970339014e-01
1.475309324461507865e-01
1.443145611160809028e-01
1.455408026856701009e-01
1.520036988270295486e-01
1.363439909137510453e-01
1.412493592385236640e-01
1.380538943220991077e-01
1.413695711169853930e-01
1.411283432672301719e-01
1.260214491763072264e-01
1.334191032354684336e-01
1.294689971957262431e-01
1.348363168527806633e-01
1.346051401634318634e-01
1.284337276738600486e-01
1.192771205435665949e-01
1.249970349076797438e-01
1.237297846036324867e-01
1.254585841935450252e-01
1.243549667809147469e-01
1.177392930013770322e-01
1.195987576765735610e-01
1.143319496235839783e-01
1.134474475078146305e-01
1.179805208511322673e-01
1.209255108502275827e-01
1.153672191454503670e-01
1.126735081565167218e-01
1.101004110924604235e-01
1.096179553929501477e-01
1.147540983606555737e-01
1.126433546752973885e-01
1.116683921158696663e-01
1.126333035148907591e-01
1.088038114000260959e-01
1.084118161441738337e-01
1.101305645736801175e-01
1.107135318772550225e-01
1.116784432762761153e-01
1.088038114000260959e-01
1.080499743695410714e-01
1.087133509563677214e-01
1.051351378516649226e-01
1.070850629705199925e-01
1.065624026293835735e-01
1.055371842679238142e-01
1.049542169643483680e-01
1.088038114000260959e-01
1.055472354283302494e-01
1.046965052115261807e-01
1.026625523916736143e-01
1.012252364535485144e-01
1.020192781256594877e-01
1.033761847805328427e-01
9.880290679558960398e-02
9.846679599159709195e-02
9.699369792242513999e-02
1.007628830748511228e-01
1.016751263933424465e-01
1.034766963845976523e-01
9.490305655787946437e-02
9.720477229096102789e-02
9.618960508990770375e-02
9.855162778542775337e-02
1.001296599692434452e-01
9.784804655697550146e-02
9.162637826537073371e-02
9.226965253138486034e-02
9.571720055080351619e-02
9.724497693258699060e-02
9.804906976510441297e-02
9.146555969886725757e-02
9.146555969886725757e-02
9.198822004000366259e-02
9.473218683096971959e-02
9.310389884512161596e-02
9.549607502186117924e-02
9.146555969886725757e-02
9.150576434049320640e-02
9.185755495471951970e-02
9.051954448141046050e-02
8.899458242454066914e-02
8.975686242976722851e-02
8.937491833432176236e-02
9.110371792423431481e-02
9.103335980138901884e-02
8.941512297594754466e-02
8.804816516066774068e-02
8.878189987034004749e-02
8.665105386416860345e-02
8.569619362555395969e-02
9.092279703691776016e-02
8.975686242976758933e-02
8.790744891497732916e-02
8.666110502457505249e-02
8.667115618498150154e-02
8.659557145872481820e-02
9.071172266838205267e-02
9.009860188358745359e-02
8.821903488757767975e-02
8.666874390648378335e-02
8.524389140726285063e-02
8.372616618588618609e-02
8.273110130564576004e-02
8.893266727643692193e-02
8.712345840327262447e-02
8.728427696977610062e-02
8.558563086108306184e-02
8.388698475238984265e-02
8.299243147621369887e-02
8.222854328532240575e-02
8.697269099717540308e-02
8.729432813018254966e-02
8.459820486275154705e-02
8.397744519604803670e-02
8.274115246605237561e-02
8.219838980410289209e-02
8.799790935863516239e-02
8.510317516157224482e-02
8.384678011076371340e-02
8.369601270466667242e-02
8.289191987214941659e-02
8.216823632288355883e-02
8.168578062337310264e-02
8.340452905287938645e-02
8.127368304670758159e-02
8.137419465077222469e-02
8.307284075946579083e-02
8.234915721019993307e-02
8.216823632288355883e-02
7.966549738167291728e-02
8.503281703872712927e-02
8.407795680011266592e-02
8.325376164678217894e-02
8.044948789337780237e-02
8.176618990662466724e-02
7.948457649435636263e-02
7.990672523142813843e-02
8.134404116955305797e-02
8.104250635735898989e-02
7.942426953191768224e-02
7.837894884964485831e-02
7.915288820094294742e-02
7.975595782533109745e-02
8.184659918987641225e-02
8.088168779085568028e-02
7.976600898573754650e-02
7.839905117045774252e-02
7.819802796232848408e-02
7.960519041923407035e-02
8.020826004362222039e-02
7.839905117045774252e-02
7.839905117045774252e-02
7.839905117045774252e-02
7.833874420801889560e-02
7.945442301313702937e-02
7.991677639183458748e-02
8.056005065784853370e-02
7.839905117045774252e-02
7.906242775728457295e-02
7.829853956639293289e-02
7.929360444663353935e-02
7.975595782533109745e-02
7.839905117045774252e-02
7.839905117045774252e-02
7.836889768923840927e-02
7.834879536842534464e-02
7.814777216029589191e-02
7.959513925882762131e-02
7.839905117045774252e-02
7.831864188720599751e-02
7.835884652883196022e-02
7.839905117045774252e-02
7.810756751867029002e-02
7.839905117045774252e-02
7.839905117045774252e-02
7.825833492476697018e-02
7.834879536842534464e-02
7.838900001005130735e-02
7.783296981636537992e-02
7.699188871355198971e-02
7.618779588103455347e-02
7.839905117045774252e-02
7.833874420801889560e-02
7.814777216029607232e-02
7.806736287704414690e-02
7.719291192168142857e-02
7.638881908916382579e-02
7.547416349217532516e-02
7.720296308208787761e-02
7.563498205867880131e-02
7.811761867907655865e-02
7.739393512981070089e-02
7.658984229729326465e-02
7.827843724558021521e-02
7.763516297956592205e-02
7.617774472062793789e-02
7.337347096722321438e-02
7.727332120493317358e-02
7.679086550542253697e-02
7.585610758762095784e-02
7.509221939672931778e-02
7.814777216029607232e-02
7.366495461901066688e-02
7.755475369631435745e-02
7.681096782623560160e-02
7.604707963534396153e-02
7.528319144445250188e-02
7.432833120583767772e-02
7.420771728095997000e-02
7.741403745062358510e-02
7.719291192168142857e-02
7.623805168306678481e-02
7.547416349217532516e-02
7.471027530128367122e-02
7.475047994290963393e-02
7.328301052356520073e-02
7.679086550542271739e-02
7.642902373078978850e-02
7.566513553989814844e-02
7.490124734900649450e-02
7.392628478957896654e-02
7.312219195706154418e-02
7.706224683639728568e-02
7.428812656421171501e-02
7.585610758762095784e-02
7.493140083022584164e-02
7.412730799770840540e-02
7.366495461901066688e-02
7.733362816737202050e-02
7.477058226372253202e-02
7.530409785809766277e-02
7.513242403835528049e-02
7.432833120583767772e-02
7.352423837332025536e-02
7.314229427787442839e-02
7.318249891950039110e-02
7.322270356112617340e-02
7.533344724648473323e-02
7.452935441396729699e-02
7.372526158144969421e-02
7.313224311746797934e-02
7.317244775909394205e-02
7.561487973786573669e-02
7.553447045461399167e-02
7.473037762209656931e-02
7.392628478957896654e-02
7.312219195706154418e-02
7.316239659868732648e-02
7.312219195706154418e-02
7.477058226372235161e-02
7.493140083022584164e-02
7.412730799770840540e-02
7.217738287885458459e-02
7.315234543828087743e-02
7.312219195706154418e-02
7.505201475510371589e-02
7.513242403835528049e-02
7.432833120583785813e-02
7.352423837332025536e-02
7.314229427787442839e-02
7.312219195706154418e-02
7.312219195706154418e-02
7.312219195706154418e-02
7.312219195706154418e-02
6.978520670211359189e-02
7.312219195706154418e-02
7.312219195706154418e-02
7.312219195706154418e-02
7.312219195706154418e-02
7.312219195706154418e-02
6.837804424520926849e-02
7.312219195706154418e-02
7.312219195706154418e-02
7.312219195706154418e-02
7.312219195706154418e-02
7.312219195706154418e-02
6.618689127659843630e-02
7.217738287885458459e-02
7.312219195706154418e-02
7.312219195706154418e-02
7.312219195706154418e-02
7.312219195706154418e-02
6.499080318822784974e-02
7.057924837422546727e-02
7.312219195706154418e-02
7.312219195706154418e-02
7.312219195706154418e-02
7.312219195706154418e-02
6.341277100441340686e-02
6.896101154878328532e-02
7.312219195706154418e-02
7.312219195706154418e-02
7.312219195706154418e-02
7.312219195706154418e-02
6.202571086831999703e-02
6.757395141269183225e-02
7.312219195706154418e-02
7.312219195706154418e-02
7.312219195706154418e-02
5.509041018785688221e-02
6.079946929873007028e-02
6.618689127659843630e-02
7.173513182097009111e-02
7.312219195706154418e-02
7.312219195706154418e-02
5.547235428330199447e-02
5.940235800223218204e-02
6.479983114050502646e-02
7.034807168487668128e-02
7.312219195706154418e-02
7.312219195706154418e-02
5.231628991567203318e-02
5.786453046004173817e-02
6.341277100441340686e-02
6.896101154878328532e-02
7.304178267380979916e-02
7.312219195706154418e-02
5.092922977957863029e-02
5.647747032395029204e-02
6.202571086831999703e-02
6.757395141269183225e-02
7.312219195706154418e-02
7.312219195706154418e-02
5.167462383532085701e-02
5.509041018785688221e-02
6.063865073222658719e-02
6.618689127659843630e-02
7.173513182097009111e-02
4.284809681277734067e-02
4.822546763023889682e-02
5.370335005176347931e-02
5.925159059613514106e-02
6.479983114050502646e-02
6.994602526861797009e-02
7.312219195706154418e-02
4.676804937130019102e-02
5.241680151973666935e-02
5.786453046004173817e-02
6.341277100441340686e-02
6.742318400659337574e-02
3.991798253108407024e-02
4.538098923520678118e-02
5.020554623031276559e-02
5.647747032395029204e-02
6.202571086831999703e-02
