4.172173708367659106e-01
4.000392295319916136e-01
3.815235181044291379e-01
3.535098662272959658e-01
3.491117649366443643e-01
3.355276764348201213e-01
3.209948609313090229e-01
3.161664901337727374e-01
3.284155192028559989e-01
3.125102977521480030e-01
2.781766113530266260e-01
2.801569181279666698e-01
2.663449845043349140e-01
2.625494488250755820e-01
2.727368875289316041e-01
2.596900866972656763e-01
2.510282060335019549e-01
2.375661998352358861e-01
2.316660782236867888e-01
2.189714016711779843e-01
2.185477227256679422e-01
2.536189243262327864e-01
2.389863088933348589e-01
2.136744733435330112e-01
2.058844297987525163e-01
2.046526224942136207e-01
2.020713192891608889e-01
2.026989918010278779e-01
2.106205327370444524e-01
2.019850143187791047e-01
1.878937664273665209e-01
1.785728296261425430e-01
1.687732925346200341e-01
1.630843827233137422e-01
1.698795653367854430e-01
1.772289827782352056e-01
1.776705503903339700e-01
1.671962653485542794e-01
1.607390843827233295e-01
1.547589345259110516e-01
1.651798674041818626e-01
1.565258326468166039e-01
1.515122984582793209e-01
1.517241379310343141e-01
1.472990467223725952e-01
1.488133066572515095e-01
1.314189321721390968e-01
1.393276058216622870e-01
1.374445882860617085e-01
1.433996312423994335e-01
1.335577262563256984e-01
1.306343415323054646e-01
1.296614491389118939e-01
1.291671570358165766e-01
1.262563257620337720e-01
1.295280687301399170e-01
1.308304891922639768e-01
1.286336354007298066e-01
1.235259503354124155e-01
1.198619120473893712e-01
1.197363775450158568e-01
1.200423678945509720e-01
1.216507787062099943e-01
1.199011415793808238e-01
1.198540661409909086e-01
1.134518065199481979e-01
1.125432505590206467e-01
1.147620728884704289e-01
1.152171354595740160e-01
1.147463810756737951e-01
1.107427719587305154e-01
1.106272802165470248e-01
1.113098740732022668e-01
1.117021693931190135e-01
1.092699384096350174e-01
1.108391196893021846e-01
1.102349848966302781e-01
1.090502530304809925e-01
1.086658036169625557e-01
1.075281471892040180e-01
1.088541053705230355e-01
1.094503942567964794e-01
1.062335726334785596e-01
1.078812129771291872e-01
1.067357106429720481e-01
1.067043270173787806e-01
1.015652583264683856e-01
1.030402887293554587e-01
1.042407124083010866e-01
1.055274410576283739e-01
1.063434153230553014e-01
9.968224079086751566e-02
9.877211564866035520e-02
1.016584676944802812e-01
1.024361539366836771e-01
1.049154603585580048e-01
1.067043270173787806e-01
9.784629869365656096e-02
9.947824722451067969e-02
9.896324192852365420e-02
1.019026323015967822e-01
9.787768231924996731e-02
9.793260366403834516e-02
9.785414460005500970e-02
9.637911419716767292e-02
9.658310776352450888e-02
9.387627005609812392e-02
9.735985249695970623e-02
9.770507237848655158e-02
9.643403554195605076e-02
9.571221215330893983e-02
9.426856537601500940e-02
9.342905339139299936e-02
9.176572123494573796e-02
9.005531364010828377e-02
9.613589109881924555e-02
9.426856537601500940e-02
9.404103409046350726e-02
9.215017064846417472e-02
9.105174375269708964e-02
8.838256639598296438e-02
9.572005805970740244e-02
9.435957789023589892e-02
9.303675807147610000e-02
9.138911772782547238e-02
9.132635047663878458e-02
8.873720136518772894e-02
8.710525283433374899e-02
9.308383350986615401e-02
9.211094111647244453e-02
8.778000078459065325e-02
9.011023498489666161e-02
8.829783060688092822e-02
8.629712447530514530e-02
8.669726570162021584e-02
8.969440194578466585e-02
8.771723353340384055e-02
8.613236044093990074e-02
8.856459142442431320e-02
8.733278411988540380e-02
8.633635400729673670e-02
8.524577301792797546e-02
8.596759640657493373e-02
8.556745518025972441e-02
8.550468792907303661e-02
8.754462359264054971e-02
8.434349378211926374e-02
8.532423208191157460e-02
8.639912125848328572e-02
8.512023851555432230e-02
8.434349378211926374e-02
8.614805225373653452e-02
8.470440547644274287e-02
8.365305401906571181e-02
8.500254991957954809e-02
8.434349378211926374e-02
8.434349378211926374e-02
8.434349378211926374e-02
8.495547448118935530e-02
8.380997214703221621e-02
8.490839904279957884e-02
8.528500254991970564e-02
8.434349378211926374e-02
8.395904436860082698e-02
8.417872974775415795e-02
8.384135577262577521e-02
8.441881448354322803e-02
8.432780196932221362e-02
8.092267859244423045e-02
8.109528853320778496e-02
8.412380840296579398e-02
8.434349378211926374e-02
8.289984700482533331e-02
8.127574438036966331e-02
8.116590169079251904e-02
8.132281981875943977e-02
8.297046016241034494e-02
8.428857243733089977e-02
8.326075869914881245e-02
8.181711192185489590e-02
7.960456631752395318e-02
8.198972186261845041e-02
7.932211368718351807e-02
8.333921776313242546e-02
8.315091600957194573e-02
8.169942332587969147e-02
7.991055666705892957e-02
8.014593385900917188e-02
7.900043152485204667e-02
7.693695814208956207e-02
8.252324349770522038e-02
8.073437683888416705e-02
8.021654701659404474e-02
7.899258561845358406e-02
7.683496135891100531e-02
7.619944294064583123e-02
8.297046016241034494e-02
8.115020987799630159e-02
8.052253736612929869e-02
7.929857596798856045e-02
7.719587305323435955e-02
7.575222627594042912e-02
7.466949119296997783e-02
8.134635753795467494e-02
7.918088737201364746e-02
7.701541720607289754e-02
7.755678474755811624e-02
7.342983798203302215e-02
7.466949119296997783e-02
7.405751049389988627e-02
7.427719587305336990e-02
7.700757129967443493e-02
7.791769644188145660e-02
7.433211721784159509e-02
7.409674002589133890e-02
7.400258914911152230e-02
7.422227452826499206e-02
7.760386018594787882e-02
7.521870464085352037e-02
7.579145580793229808e-02
7.360244792279631298e-02
7.394766780432315834e-02
7.394766780432315834e-02
7.394766780432315834e-02
7.066023302342008816e-02
7.555607861598219455e-02
7.351614295241466757e-02
7.386136283394151292e-02
7.394766780432315834e-02
7.394766780432315834e-02
6.845647483425512658e-02
6.955396022125469313e-02
7.342983798203302215e-02
7.377505786355972872e-02
7.394766780432315834e-02
7.394766780432315834e-02
7.037778039308006939e-02
6.970303244282301247e-02
7.081715115138687011e-02
7.368875289317795840e-02
7.394766780432315834e-02
7.394766780432315834e-02
6.813385116315585910e-02
6.868651680985445040e-02
7.036993448668174556e-02
7.215880114550238256e-02
7.394766780432315834e-02
7.394766780432315834e-02
6.634498450433522210e-02
6.879290730061612957e-02
6.992271782197663488e-02
7.171158448079739678e-02
7.254325055902123565e-02
7.394766780432315834e-02
6.628221725314825674e-02
6.768663449845045699e-02
6.947550115727123277e-02
7.126436781609227222e-02
7.186065670236600755e-02
6.395982895924072487e-02
6.545055117492469543e-02
6.723941783374533243e-02
6.902828449256610821e-02
6.285355615707503840e-02
6.973441606841615514e-02
6.303401200423691675e-02
6.382644855046902543e-02
6.679220116904020788e-02
6.276725118669339298e-02
7.036993448668174556e-02
6.832999882311423245e-02
6.276725118669339298e-02
6.361460907771374074e-02
6.446196696873435217e-02
6.813385116315585910e-02
6.992271782197663488e-02
6.276725118669339298e-02
6.276725118669339298e-02
6.340276960495871972e-02
6.425012749597905359e-02
6.276725118669339298e-02
6.276725118669339298e-02
6.276725118669339298e-02
6.276725118669339298e-02
6.319093013220371258e-02
6.403828802322404645e-02
6.723941783374533243e-02
6.276725118669339298e-02
6.105684359185609145e-02
6.919304852693092256e-02
6.297909065944855278e-02
6.382644855046902543e-02
6.064885645914241952e-02
6.276725118669339298e-02
6.165313247812954228e-02
6.276725118669339298e-02
6.276725118669339298e-02
6.361460907771374074e-02
6.446196696873435217e-02
6.276725118669339298e-02
6.212388686202947874e-02
6.276725118669339298e-02
6.276725118669339298e-02
6.340276960495871972e-02
6.111961084304249475e-02
6.017810207524233734e-02
5.923659330744176360e-02
5.829508453964160619e-02
6.276725118669339298e-02
6.229649680279331775e-02
6.178431603310938908e-02
6.041347926719217026e-02
5.947197049939201285e-02
5.853046173159143911e-02
6.276725118669339298e-02
6.297909065944855278e-02
6.159036522694299326e-02
6.064885645914241952e-02
5.970734769134226211e-02
5.876583892354168837e-02
5.893844886430580493e-02
6.276725118669339298e-02
6.182574241889282618e-02
6.088423365109266877e-02
5.994272488329209503e-02
5.842061904201456546e-02
5.507826291632368643e-02
5.652190969361774869e-02
6.206111961084307543e-02
6.111961084304249475e-02
6.017810207524233734e-02
5.719665764387508317e-02
5.829508453964160619e-02
5.543917461064730434e-02
6.228080498999668396e-02
6.130791259660269693e-02
6.041347926719217026e-02
5.520379741869691631e-02
5.183005766741262399e-02
5.580008630497036715e-02
6.253187399474315067e-02
5.688282138794095721e-02
6.064885645914241952e-02
4.822094072417795058e-02
5.871091757875359501e-02
5.406833784472994675e-02
5.688282138794095721e-02
6.179435879329955167e-02
6.088423365109266877e-02
4.749911733553056903e-02
5.038641089011799967e-02
5.327370444470627686e-02
5.616099799929454711e-02
5.688282138794095721e-02
6.111961084304249475e-02
6.017810207524233734e-02
4.966458750147159651e-02
5.255188105605889531e-02
5.543917461064730434e-02
5.688282138794095721e-02
4.585712604448655833e-02
6.033502020320884868e-02
5.520379741869691631e-02
5.183005766741262399e-02
5.471735122199992279e-02
5.688282138794095721e-02
5.688282138794095721e-02
4.559256208073501904e-02
4.822094072417795058e-02
5.110823427876524244e-02
5.399552783335351963e-02
5.688282138794095721e-02
3.706782786081403575e-02
4.454905652975560404e-02
4.749911733553056903e-02
5.038641089011799967e-02
5.327370444470627686e-02
5.616099799929454711e-02
3.716605860892114449e-02
3.965321093719434420e-02
4.669098897650154206e-02
4.905260680240122739e-02
5.255188105605889531e-02
5.543917461064730434e-02
3.576164136361811158e-02
3.869601035659685218e-02
4.252481267898570311e-02
4.894276411282421496e-02
5.183005766741262399e-02
5.471735122199992279e-02
5.688282138794095721e-02
3.773880977599922137e-02
4.156761209838807231e-02
4.539641442077706202e-02
5.110823427876524244e-02
