4.857607811228641936e-01
4.268022782750203747e-01
4.133441822620016470e-01
3.679820992676970937e-01
3.469650122050433882e-01
3.346216436126931981e-01
3.299430431244914641e-01
3.037347436940602829e-01
3.120423108218062791e-01
2.880390561432059626e-01
2.689178193653376514e-01
2.668836452400324966e-01
2.591537835638729748e-01
2.508136696501220286e-01
2.554922701383237627e-01
2.449145646867371962e-01
2.473555736371034208e-01
2.351505288852726305e-01
2.416598860862489151e-01
2.221887713588280855e-01
2.408462164361268865e-01
2.188771358828315583e-01
2.343368592351506019e-01
2.060618388934092049e-01
2.229454841334418680e-01
2.017900732302684019e-01
2.001627339300243447e-01
1.954841334418226106e-01
1.863303498779494971e-01
1.944670463791701165e-01
1.863303498779494971e-01
1.879576891781935544e-01
1.826688364524002850e-01
1.792107404393815384e-01
1.639544344995930714e-01
1.733441822620014894e-01
1.594792514239218306e-01
1.694467046379169728e-01
1.566314076484946471e-01
1.655817737998372952e-01
1.558177379983725908e-01
1.574043938161105161e-01
1.558177379983725908e-01
1.567290480065091918e-01
1.558177379983725908e-01
1.570382424735555782e-01
1.545972335231894923e-01
1.535801464605369704e-01
1.545972335231894923e-01
1.495768917819365607e-01
1.545972335231894923e-01
1.466639544344994772e-01
1.505288852725793214e-01
1.470707892595605748e-01
1.387306753458096287e-01
1.442229454841335301e-01
1.387306753458096287e-01
1.438161106590724325e-01
1.387306753458096287e-01
1.448331977217250932e-01
1.387306753458096287e-01
1.432058584214810082e-01
1.379170056956875723e-01
1.387306753458094621e-01
1.366965012205044738e-01
1.362896663954433762e-01
1.366965012205044738e-01
1.362896663954433762e-01
1.366965012205044738e-01
1.344589096826688257e-01
1.366965012205044738e-01
1.354759967453213476e-01
1.366965012205044738e-01
1.336452400325466583e-01
1.338486574450772626e-01
1.348657445077297845e-01
1.330349877949552340e-01
1.322213181448330666e-01
1.330349877949552340e-01
1.322213181448330666e-01
1.330349877949552340e-01
1.322213181448330666e-01
1.330349877949552340e-01
1.297803091944669529e-01
1.330349877949552340e-01
1.297803091944669529e-01
1.330349877949552340e-01
1.291700569568753898e-01
1.330349877949552340e-01
1.291700569568753898e-01
1.330349877949552340e-01
1.279495524816924301e-01
1.330349877949552340e-01
1.279495524816924301e-01
1.228641171684296124e-01
1.287632221318144587e-01
1.228641171684296124e-01
1.271358828315704015e-01
1.228641171684296124e-01
1.279495524816924301e-01
1.228641171684296124e-01
1.271358828315704015e-01
1.228641171684296124e-01
1.222538649308380493e-01
1.228641171684296124e-01
1.218470301057771044e-01
1.228641171684296124e-01
1.218470301057771044e-01
1.228641171684296124e-01
1.218470301057771044e-01
1.228641171684296124e-01
1.216436126932466250e-01
1.208299430431245963e-01
1.216436126932466250e-01
1.224572823433685148e-01
1.206265256305941308e-01
1.228641171684296124e-01
1.206265256305941308e-01
1.224572823433685148e-01
1.204231082180635126e-01
1.204231082180635126e-01
1.206265256305941308e-01
1.204231082180635126e-01
1.194060211554108658e-01
1.204231082180635126e-01
1.204231082180635126e-01
1.204231082180635126e-01
1.202196908055330332e-01
1.204231082180635126e-01
1.194060211554108658e-01
1.204231082180635126e-01
1.181855166802278784e-01
1.204231082180635126e-01
1.181855166802278784e-01
1.204231082180635126e-01
1.181855166802278784e-01
1.204231082180635126e-01
1.192026037428803864e-01
1.204231082180635126e-01
1.179820992676974128e-01
1.163547599674532029e-01
1.179820992676974128e-01
1.204231082180635126e-01
1.185923515052888233e-01
1.204231082180635126e-01
1.179820992676974128e-01
1.163547599674532029e-01
1.179820992676974128e-01
1.204231082180635126e-01
1.175752644426363153e-01
1.196094385679414701e-01
1.159479251423922580e-01
1.155410903173311604e-01
1.159479251423922580e-01
1.155410903173311604e-01
1.155410903173311604e-01
1.155410903173311604e-01
1.175752644426363153e-01
1.155410903173311604e-01
1.175752644426363153e-01
1.155410903173311604e-01
1.029292107404394391e-01
1.155410903173311604e-01
1.155410903173311604e-01
1.155410903173311604e-01
1.017087062652563129e-01
1.155410903173311604e-01
1.029292107404394391e-01
1.155410903173311604e-01
1.104149715215614752e-01
1.155410903173311604e-01
1.017087062652563129e-01
1.155410903173311604e-01
1.006916192026038048e-01
1.155410903173311604e-01
1.008950366151344230e-01
1.155410903173311604e-01
1.006916192026038048e-01
1.155410903173311604e-01
1.017087062652563129e-01
1.155410903173311604e-01
1.017087062652563129e-01
1.155410903173311604e-01
9.865744507729851120e-02
1.155410903173311604e-01
9.825061025223756628e-02
1.155410903173311604e-01
9.994304312449138472e-02
1.155410903173311604e-01
9.825061025223756628e-02
1.155410903173311604e-01
9.825061025223756628e-02
1.074043938161106937e-01
9.825061025223756628e-02
1.074043938161106937e-01
9.825061025223756628e-02
1.155410903173311604e-01
9.458909682668834029e-02
8.096013018714411091e-02
9.825061025223756628e-02
8.226200162733823817e-02
9.825061025223756628e-02
1.074043938161106937e-01
9.825061025223756628e-02
8.096013018714411091e-02
9.743694060211552377e-02
8.096013018714411091e-02
9.825061025223756628e-02
8.096013018714411091e-02
9.418226200162725659e-02
8.096013018714411091e-02
9.534580960130124849e-02
8.096013018714411091e-02
9.397884458909677718e-02
8.096013018714411091e-02
9.072416598860864878e-02
8.096013018714411091e-02
9.418226200162725659e-02
8.096013018714411091e-02
8.421480878763223932e-02
8.096013018714411091e-02
8.978030919446652880e-02
8.096013018714411091e-02
8.096013018714411091e-02
8.096013018714411091e-02
8.421480878763223932e-02
8.096013018714411091e-02
8.096013018714411091e-02
8.096013018714411091e-02
8.096013018714411091e-02
8.096013018714411091e-02
8.279088689991864758e-02
8.096013018714411091e-02
8.096013018714411091e-02
8.096013018714411091e-02
8.096013018714411091e-02
8.096013018714411091e-02
8.096013018714411091e-02
8.096013018714411091e-02
8.096013018714411091e-02
8.096013018714411091e-02
8.096013018714411091e-02
8.096013018714411091e-02
8.096013018714411091e-02
8.096013018714411091e-02
8.014646053702206840e-02
8.096013018714411091e-02
8.096013018714411091e-02
8.096013018714411091e-02
8.014646053702206840e-02
8.096013018714411091e-02
7.933279088690003977e-02
8.096013018714411091e-02
7.933279088690003977e-02
8.096013018714411091e-02
7.689178193653394000e-02
8.096013018714411091e-02
7.607811228641191137e-02
8.096013018714411091e-02
7.607811228641191137e-02
7.119609438567942039e-02
7.770545158665596863e-02
8.096013018714411091e-02
7.830756712774604444e-02
8.096013018714411091e-02
7.607811228641191137e-02
8.096013018714411091e-02
7.607811228641191137e-02
7.119609438567942039e-02
7.607811228641191137e-02
8.096013018714411091e-02
7.607811228641191137e-02
8.096013018714411091e-02
7.607811228641191137e-02
7.119609438567942039e-02
7.607811228641191137e-02
7.119609438567942039e-02
7.607811228641191137e-02
7.119609438567942039e-02
7.546786004882034826e-02
7.119609438567942039e-02
7.607811228641191137e-02
7.119609438567942039e-02
7.607811228641191137e-02
7.282343368592363031e-02
7.200976403580160168e-02
7.119609438567942039e-02
7.607811228641191137e-02
7.119609438567942039e-02
7.149715215622459707e-02
7.119609438567942039e-02
7.139951179821003857e-02
7.119609438567942039e-02
7.546786004882034826e-02
7.119609438567942039e-02
7.122864117168423159e-02
7.119609438567942039e-02
7.526444263628973008e-02
7.119609438567942039e-02
7.119609438567942039e-02
7.119609438567942039e-02
7.546786004882034826e-02
7.119609438567942039e-02
7.139951179821003857e-02
7.119609438567942039e-02
7.119609438567942039e-02
7.119609438567942039e-02
7.119609438567942039e-02
7.119609438567942039e-02
7.119609438567942039e-02
7.119609438567942039e-02
7.119609438567942039e-02
7.119609438567942039e-02
7.139951179821003857e-02
7.119609438567942039e-02
7.119609438567942039e-02
7.119609438567942039e-02
7.119609438567942039e-02
7.119609438567942039e-02
7.119609438567942039e-02
7.119609438567942039e-02
7.119609438567942039e-02
7.119609438567942039e-02
7.119609438567942039e-02
7.119609438567942039e-02
7.119609438567942039e-02
7.119609438567942039e-02
7.119609438567942039e-02
7.119609438567942039e-02
7.119609438567942039e-02
7.119609438567942039e-02
7.119609438567942039e-02
7.119609438567942039e-02
7.119609438567942039e-02
7.119609438567942039e-02
7.119609438567942039e-02
7.119609438567942039e-02
7.119609438567942039e-02
7.119609438567942039e-02
7.119609438567942039e-02
7.119609438567942039e-02
7.119609438567942039e-02
7.119609438567942039e-02
7.119609438567942039e-02
7.119609438567942039e-02
7.119609438567942039e-02
7.119609438567942039e-02
7.119609438567942039e-02
7.119609438567942039e-02
6.122864117168425740e-02
7.119609438567942039e-02
7.119609438567942039e-02
7.119609438567942039e-02
7.058584214808785728e-02
7.119609438567942039e-02
6.122864117168425740e-02
7.119609438567942039e-02
6.061838893409270124e-02
7.119609438567942039e-02
6.122864117168425740e-02
7.119609438567942039e-02
6.061838893409270124e-02
7.119609438567942039e-02
7.058584214808785728e-02
7.119609438567942039e-02
6.122864117168425740e-02
7.119609438567942039e-02
6.122864117168425740e-02
7.119609438567942039e-02
6.478437754271743065e-02
7.119609438567942039e-02
6.061838893409270124e-02
7.119609438567942039e-02
6.061838893409270124e-02
7.119609438567942039e-02
6.061838893409270124e-02
7.017087062652556384e-02
6.061838893409270124e-02
7.119609438567942039e-02
6.061838893409270124e-02
7.119609438567942039e-02
6.468673718470285827e-02
5.126118795768910136e-02
6.061838893409270124e-02
5.126118795768910136e-02
6.061838893409270124e-02
5.126118795768910136e-02
6.061838893409270124e-02
5.126118795768910136e-02
6.061838893409270124e-02
6.997558991049644683e-02
6.061838893409270124e-02
5.004068348250612086e-02
6.061838893409270124e-02
5.126118795768910136e-02
