3.596538380356011921e-01
3.569750027640689605e-01
3.710245147802314070e-01
3.451118191595217710e-01
3.126521996964548578e-01
2.909408891256496377e-01
2.794383411564864694e-01
2.813006201565969588e-01
2.745237257641394146e-01
2.739443768783106359e-01
2.606567428209586312e-01
2.478354826064667615e-01
2.364551567478467009e-01
2.334418188579869269e-01
2.405664834005086794e-01
2.262817742308348423e-01
2.260083826677790619e-01
2.234489551818758524e-01
2.155471349167260298e-01
2.048575248012382832e-01
2.050939280939984288e-01
2.088128574443918473e-01
2.100994059764199062e-01
2.046444402006213359e-01
2.010634127710043129e-01
1.938868842407854565e-01
1.929320240021709931e-01
1.964499301444353196e-01
1.939841794735200908e-01
1.873194560311987611e-01
1.840870028444782369e-01
1.780563066005970141e-01
1.743341608788730734e-01
1.863384627755273748e-01
1.831421937662700283e-01
1.788603994331146030e-01
1.726286799811037609e-01
1.633542732508466155e-01
1.622960870832536873e-01
1.793529062930315221e-01
1.783980460544170588e-01
1.696133318591629691e-01
1.594415575278165520e-01
1.593611482445646266e-01
1.548582283824666839e-01
1.550238715059654160e-01
1.535314752088128565e-01
1.671608487199845450e-01
1.510086339467891225e-01
1.454101376003859580e-01
1.447467610135589611e-01
1.464192741051959790e-01
1.532500427174316726e-01
1.355600004020465210e-01
1.399624086600798067e-01
1.429576544612073674e-01
1.437818496145378544e-01
1.385150415615482855e-01
1.286146485611762424e-01
1.320722477410015416e-01
1.294689971957262431e-01
1.333286427918104200e-01
1.314189223145813268e-01
1.273381511895549933e-01
1.226543104401403156e-01
1.147239448794362404e-01
1.227809550612616735e-01
1.239509101325746432e-01
1.235589148767227280e-01
1.186740509191786114e-01
1.165030002713812046e-01
1.143319496235839783e-01
1.215229518247880475e-01
1.217195525223390973e-01
1.209255108502275827e-01
1.151730307263972020e-01
1.135781125930989538e-01
1.121444150727203409e-01
1.125428430712325650e-01
1.122513594194449321e-01
1.130655034123689839e-01
1.119699269280633874e-01
1.097184669970145965e-01
1.096380577137630319e-01
1.088138625604325449e-01
1.061804585339375662e-01
1.092561136183170384e-01
1.092259601370978717e-01
1.092661647787236540e-01
1.075172628679985642e-01
1.056827250706087462e-01
1.061402538923117839e-01
1.070850629705199925e-01
1.044918635856509764e-01
1.079193092842569285e-01
1.044416077836185647e-01
1.032756731764682134e-01
1.055472354283302494e-01
1.070348071684875807e-01
1.055271331075173652e-01
1.012252364535485144e-01
1.018926335045379494e-01
1.043410961795537550e-01
1.062709189775957602e-01
1.024261490989134410e-01
9.666200962901171090e-02
1.007628830748511228e-01
1.015870782281814433e-01
1.023911710606990461e-01
1.032756731764682134e-01
9.542571689901588328e-02
9.618960508990770375e-02
9.807922324632374622e-02
1.007930365560702757e-01
9.887728538259733801e-02
9.181735031309373740e-02
9.382758239438747372e-02
9.571720055080351619e-02
9.570714939039742797e-02
9.835060457729831451e-02
9.235006181463642494e-02
9.146555969886725757e-02
9.335517785528346657e-02
9.414921952739445377e-02
9.514428440763487982e-02
9.146555969886725757e-02
9.146555969886725757e-02
9.128463881155086945e-02
9.185755495471951970e-02
9.183745263390662161e-02
9.036998321456218841e-02
8.603793307937400436e-02
8.937491833432176236e-02
9.140525273642839676e-02
9.069162034756916846e-02
8.884220683277872788e-02
8.935481601350869774e-02
8.634951905197470190e-02
8.665105386416860345e-02
8.566604014433462644e-02
9.070368174005682960e-02
8.975686242976758933e-02
8.838990461448778535e-02
8.931461137188273502e-02
8.667115618498150154e-02
8.444984973515204385e-02
9.071172266838205267e-02
8.866128594546235364e-02
8.821903488757767975e-02
8.697269099717558349e-02
8.524389140726285063e-02
8.483179383059769041e-02
9.056095526228501169e-02
8.893266727643692193e-02
8.712345840327262447e-02
8.728427696977610062e-02
8.558563086108306184e-02
8.465087294328166312e-02
8.299243147621369887e-02
8.222854328532240575e-02
8.745514669668603969e-02
8.528409604888879947e-02
8.592737031490292610e-02
8.397744519604803670e-02
8.274115246605237561e-02
8.216823632288355883e-02
8.799790935863516239e-02
8.510317516157224482e-02
8.384678011076371340e-02
8.369601270466667242e-02
8.293212451377519889e-02
8.216823632288355883e-02
8.216823632288355883e-02
8.216823632288355883e-02
8.043943673297100638e-02
8.388698475238966223e-02
8.312309656149802217e-02
8.234915721019993307e-02
8.216823632288355883e-02
7.945442301313702937e-02
8.296227799499453215e-02
8.106260867817187410e-02
8.331406860922102586e-02
8.253007809751630730e-02
7.947452533395009400e-02
7.930365560703998840e-02
8.221849212491579018e-02
8.145460393402413624e-02
8.104250635735898989e-02
8.271099898483304236e-02
7.857997205777411676e-02
7.915288820094294742e-02
7.975595782533109745e-02
8.029470002311761556e-02
7.839905117045774252e-02
7.839905117045774252e-02
7.839905117045774252e-02
7.900212079484590644e-02
7.960519041923407035e-02
7.839905117045774252e-02
7.839905117045774252e-02
7.839905117045774252e-02
7.874079062427760678e-02
7.824828376436070154e-02
7.945442301313702937e-02
7.991677639183458748e-02
7.839905117045774252e-02
7.839905117045774252e-02
7.839905117045774252e-02
7.829853956639293289e-02
7.930365560703998840e-02
7.839905117045774252e-02
7.839905117045774252e-02
7.839905117045774252e-02
7.839905117045774252e-02
7.834879536842534464e-02
7.895186499281367509e-02
7.839905117045774252e-02
7.839905117045774252e-02
7.831864188720599751e-02
7.835884652883196022e-02
7.839905117045774252e-02
7.798695359379258230e-02
7.679086550542271739e-02
7.839905117045774252e-02
7.830859072679956234e-02
7.834879536842534464e-02
7.838900001005130735e-02
7.811761867907673906e-02
7.699188871355198971e-02
7.618779588103455347e-02
7.759495833794032016e-02
7.656973997648001962e-02
7.837894884964485831e-02
7.799700475419885093e-02
7.719291192168142857e-02
7.638881908916382579e-02
7.828848840598666425e-02
7.832869304761244655e-02
7.814777216029607232e-02
7.811761867907655865e-02
7.739393512981070089e-02
7.658984229729326465e-02
7.566513553989814844e-02
7.490124734900649450e-02
7.413735915811485444e-02
7.337347096722321438e-02
7.727332120493317358e-02
7.661999577851261178e-02
7.585610758762095784e-02
7.509221939672931778e-02
7.442884280990230694e-02
7.332321516519080262e-02
7.755475369631435745e-02
7.699188871355198971e-02
7.604707963534396153e-02
7.528319144445250188e-02
7.432833120583767772e-02
7.420771728095997000e-02
7.337347096722321438e-02
7.700193987395860529e-02
7.623805168306678481e-02
7.547416349217532516e-02
7.452935441396729699e-02
7.475047994290963393e-02
7.787639082932133749e-02
7.719291192168142857e-02
7.642902373078978850e-02
7.566513553989814844e-02
7.473037762209656931e-02
7.392628478957896654e-02
7.312219195706154418e-02
7.316239659868732648e-02
7.597672151249866557e-02
7.585610758762095784e-02
7.493140083022584164e-02
7.412730799770840540e-02
7.332321516519080262e-02
7.315234543828087743e-02
7.624810284347341427e-02
7.604707963534396153e-02
7.513242403835528049e-02
7.432833120583767772e-02
7.352423837332025536e-02
7.314229427787442839e-02
7.651948417444814909e-02
7.613754007900215559e-02
7.420771728096015041e-02
7.452935441396729699e-02
7.372526158144969421e-02
7.313224311746797934e-02
7.317244775909394205e-02
7.312219195706154418e-02
7.448914977234133428e-02
7.473037762209656931e-02
7.392628478957896654e-02
7.312219195706154418e-02
7.316239659868732648e-02
7.589631222924692056e-02
7.312219195706154418e-02
7.493140083022584164e-02
7.412730799770840540e-02
7.217738287885458459e-02
7.315234543828087743e-02
7.312219195706154418e-02
7.312219195706154418e-02
7.392628478957896654e-02
7.432833120583785813e-02
7.075011810113540633e-02
7.314229427787442839e-02
7.312219195706154418e-02
7.312219195706154418e-02
7.312219195706154418e-02
7.452935441396711658e-02
6.978520670211359189e-02
7.313224311746797934e-02
7.312219195706154418e-02
7.312219195706154418e-02
7.312219195706154418e-02
7.312219195706154418e-02
6.837804424520926849e-02
7.312219195706154418e-02
7.312219195706154418e-02
7.312219195706154418e-02
7.312219195706154418e-02
6.328894070820410833e-02
6.618689127659843630e-02
7.193615502909936343e-02
7.312219195706154418e-02
7.312219195706154418e-02
7.312219195706154418e-02
5.940235800223218204e-02
6.499080318822784974e-02
7.034807168487668128e-02
7.312219195706154418e-02
7.312219195706154418e-02
7.312219195706154418e-02
5.800524670573233010e-02
6.630750520147667137e-02
6.896101154878328532e-02
7.312219195706154418e-02
7.312219195706154418e-02
7.312219195706154418e-02
5.660813540923444187e-02
6.219658059522992222e-02
6.757395141269183225e-02
7.312219195706154418e-02
7.312219195706154418e-02
7.312219195706154418e-02
5.521102411273440952e-02
6.063865073222658719e-02
6.618689127659843630e-02
7.173513182097009111e-02
7.312219195706154418e-02
7.312219195706154418e-02
5.381391281623455758e-02
5.940235800223218204e-02
6.479983114050502646e-02
7.034807168487668128e-02
7.312219195706154418e-02
7.312219195706154418e-02
5.241680151973666935e-02
5.786453046004173817e-02
6.341277100441340686e-02
6.896101154878328532e-02
7.304178267380979916e-02
7.312219195706154418e-02
7.312219195706154418e-02
5.647747032395029204e-02
6.202571086831999703e-02
6.757395141269183225e-02
3.844568855474367330e-02
7.312219195706154418e-02
4.962257892673696547e-02
5.509041018785688221e-02
6.063865073222658719e-02
6.618689127659843630e-02
4.362887095314724878e-02
4.260686896302193216e-02
4.815510950739377433e-02
5.370335005176347931e-02
5.925159059613514106e-02
6.479983114050502646e-02
3.844568855474367330e-02
7.296137339055805415e-02
4.676804937130019102e-02
5.231628991567203318e-02
5.786453046004173817e-02
6.200560854750799405e-02
6.896101154878328532e-02
7.304178267380979916e-02
4.538098923520678118e-02
5.092922977957863029e-02
5.647747032395029204e-02
6.202571086831999703e-02
