4.538847219133493871e-01
4.486687018579542663e-01
4.468843377878412571e-01
4.451509208903624559e-01
4.252673715706687951e-01
4.057679477589308248e-01
3.778076542061742926e-01
3.804459899318682892e-01
3.706706022683620705e-01
3.585888441865635046e-01
3.461589470917653122e-01
3.407597598204718525e-01
3.338426702787943290e-01
3.261678426298444400e-01
3.267593959120957403e-01
3.091704910741360779e-01
3.069870408183894561e-01
3.003457129571596718e-01
2.956367385722660224e-01
2.986017831510420772e-01
2.953824070517355183e-01
2.931484139659948362e-01
2.879829367405938312e-01
2.856276408628669605e-01
2.792087014536118184e-01
2.738713786062310085e-01
2.742191132765905981e-01
2.799365182055275070e-01
2.716879283504841647e-01
2.606999171097588719e-01
2.622465277075792800e-01
2.545336918504741419e-01
2.562622566362735554e-01
2.629844530254941137e-01
2.523231506378504352e-01
2.496399328791215899e-01
2.385116147423325395e-01
2.416755958999655118e-01
2.447991427936032638e-01
2.473436710268276939e-01
2.487515920991447138e-01
2.443240401916582094e-01
2.302933505852857998e-01
2.287669571194631823e-01
2.323049552190524225e-01
2.405535450740957648e-01
2.304753047732648052e-01
2.281301174615369132e-01
2.227875381598367066e-01
2.184461112346602063e-01
2.129951681054524926e-01
2.235509370640680060e-01
2.241574510239976725e-01
2.208418413763821031e-01
2.139680164971796972e-01
2.052144026848350955e-01
2.053555182661787049e-01
2.066190890160325977e-01
2.094191617977071984e-01
1.995430928168530349e-01
2.002405838707719266e-01
1.929725249176152679e-01
1.968643228271639012e-01
1.961263975092494283e-01
1.990744596971475988e-01
1.826714918221698791e-01
1.911529830378260741e-01
1.947213068354122778e-01
1.824495077128356624e-01
1.811960455289811367e-01
1.836221013686996084e-01
1.784161898793036050e-01
1.828235246547924853e-01
1.784161898793041323e-01
1.770717506014594655e-01
1.798718233831347602e-01
1.750803630996906057e-01
1.791338980652202872e-01
1.794978064411781316e-01
1.706629197582031077e-01
1.763034995855485842e-01
1.722499646200185419e-01
1.682570810504820380e-01
1.759699169075875091e-01
1.590886116895453839e-01
1.585629662576063525e-01
1.581990578816488691e-01
1.631825809190708410e-01
1.664577563026909957e-01
1.720477933000428006e-01
1.532559691082219233e-01
1.567333158118189018e-01
1.518407698683863494e-01
1.563795160018598696e-01
1.592503487455267930e-01
1.588460061055739225e-01
1.400036390837595679e-01
1.518913126983805484e-01
1.505064391565411885e-01
1.505468734205369363e-01
1.456138932131088026e-01
1.451590077431617332e-01
1.410347128156397012e-01
1.414491640215921053e-01
1.479287548268400920e-01
1.397064472433937887e-01
1.382851828639587721e-01
1.421264379435130398e-01
1.377999716960152943e-01
1.383357256939529711e-01
1.400036390837595679e-01
1.414693811535893408e-01
1.384974627499341859e-01
1.421971979055050295e-01
1.353840244222952460e-01
1.356872814022606066e-01
1.349493560843457729e-01
1.359602126842286707e-01
1.353650203182178435e-01
1.382144229019669768e-01
1.348280532923599451e-01
1.336857853344924352e-01
1.336857853344924352e-01
1.310979924387925266e-01
1.336857853344924352e-01
1.295513818409719520e-01
1.291874734650141354e-01
1.333522026565311935e-01
1.327153629986049244e-01
1.245678588035501744e-01
1.238703677496309080e-01
1.284798738450965983e-01
1.282878110911187808e-01
1.308553868548208987e-01
1.317449406627176078e-01
1.219901744738494387e-01
1.169561086064332817e-01
1.237894992216404810e-01
1.255281725734386788e-01
1.235367850716698468e-01
1.323817803206434884e-01
1.104360835371893529e-01
1.163799203444998431e-01
1.186846733922326813e-01
1.213937690799182234e-01
1.234154822796838386e-01
1.111942259871014360e-01
1.109111861391342130e-01
1.106281462911669899e-01
1.141762529567562912e-01
1.155914521965918790e-01
1.061075955764901185e-01
1.034813901299961453e-01
1.099811980672421030e-01
1.106989062531589657e-01
1.108303176111436056e-01
1.144795099367202224e-01
1.050482178598145105e-01
1.038554070719526073e-01
1.078608252633276032e-01
1.031073731880395028e-01
1.065948284576352656e-01
1.107595576491517964e-01
1.053716919717767736e-01
1.025311849261064251e-01
1.040070355619350240e-01
1.076056850575181634e-01
1.031073731880395028e-01
1.069890625315891575e-01
1.049673493318233619e-01
1.044012696358894432e-01
1.031073731880395028e-01
1.031073731880395028e-01
1.015405454582211375e-01
1.031073731880395028e-01
1.060186401957016605e-01
1.021470594181508040e-01
1.027535733780806509e-01
1.031073731880395028e-01
1.031073731880395028e-01
1.031073731880395028e-01
9.795200452863750407e-02
1.019549966641731670e-01
1.026828134160888417e-01
9.571801144289754371e-02
9.871014697854994802e-02
9.537432019893660184e-02
9.743646766269743742e-02
9.949861512645809258e-02
1.019549966641731670e-01
9.098720255544531788e-02
9.729494773871436020e-02
9.485878333299653520e-02
9.692093079675735690e-02
9.882134120453679726e-02
9.021895153953461699e-02
9.021895153953461699e-02
9.228109900329525828e-02
9.434324646705609385e-02
9.258435598325991112e-02
9.828558720659912040e-02
9.021895153953461699e-02
9.054242565149704658e-02
8.982471746558018388e-02
9.278652730323670716e-02
9.330206416917696810e-02
9.021895153953461699e-02
9.021895153953461699e-02
9.021895153953461699e-02
8.995612882356499029e-02
9.331217273517594668e-02
9.507106321897194900e-02
8.982471746558018388e-02
9.021895153953461699e-02
9.015830014354160593e-02
9.008754018154979670e-02
8.956189474961073760e-02
9.388836099710884397e-02
8.569031397205971456e-02
9.021895153953461699e-02
9.013808301154399572e-02
9.021895153953461699e-02
8.969330610759555789e-02
8.882396943169644510e-02
8.265774417241120164e-02
8.787376422780601715e-02
7.879627196085932372e-02
9.019873440753700677e-02
8.827810686775960924e-02
8.569031397205989498e-02
8.310252107636018071e-02
8.031255686068403121e-02
7.974647716474904391e-02
9.017851727553939656e-02
8.825788973576181862e-02
8.633726219598478191e-02
8.374946930028488723e-02
8.093928795261094711e-02
9.007743161555099853e-02
7.689586155308007764e-02
8.923842063764776678e-02
8.698421041990947455e-02
8.439641752420977416e-02
8.156601904453822383e-02
7.905909467682913083e-02
8.011038554070705475e-02
9.021895153953461699e-02
8.763115864383490272e-02
8.504336574813464722e-02
8.219275013646550054e-02
7.968582576875622714e-02
7.677455876109406940e-02
7.485393122131685228e-02
8.727735883387569005e-02
8.532640559610223108e-02
8.310252107636018071e-02
8.031255686068403121e-02
7.742150698501895634e-02
7.483371408931906166e-02
7.404524594141075056e-02
8.633726219598478191e-02
8.344621232032005398e-02
8.093928795261094711e-02
7.843236358490185411e-02
7.550087944524208616e-02
7.404524594141075056e-02
7.889735762084701398e-02
8.407294341224733070e-02
8.156601904453822383e-02
7.871540343286907715e-02
7.617774902452337238e-02
7.353981764146948208e-02
8.587226816003908081e-02
8.203101308048392493e-02
7.818975800092965722e-02
7.936235165679378367e-02
7.677455876109406940e-02
7.418676586539435514e-02
7.360046903746247926e-02
7.550249681580087358e-02
8.281948122839313808e-02
8.000929988071865673e-02
7.742150698501895634e-02
7.483371408931906166e-02
7.358025190546486904e-02
7.366112043345529603e-02
8.011038554070705475e-02
8.065624810464390448e-02
7.806845520894419022e-02
7.548066231324448982e-02
7.356003477346707842e-02
7.353981764146948208e-02
7.372177182944830709e-02
8.130319632856879142e-02
7.871540343286907715e-02
7.612761053716918247e-02
7.353981764146948208e-02
7.362068616946008948e-02
7.353981764146948208e-02
7.353981764146948208e-02
7.402502880941277952e-02
7.677455876109406940e-02
7.418676586539381390e-02
7.360046903746247926e-02
7.353981764146948208e-02
7.353981764146948208e-02
7.500555971129890809e-02
7.742150698501931716e-02
7.483371408931906166e-02
7.358025190546468863e-02
7.353981764146948208e-02
7.353981764146948208e-02
7.353981764146948208e-02
7.744172411701638614e-02
7.548066231324448982e-02
7.356003477346707842e-02
7.353981764146948208e-02
7.353981764146948208e-02
7.353981764146948208e-02
7.353981764146948208e-02
7.556153084123455599e-02
7.353981764146948208e-02
7.353981764146948208e-02
7.353981764146948208e-02
7.353981764146948208e-02
7.226613832561713802e-02
7.283221802155158409e-02
7.404524594141038973e-02
7.353981764146948208e-02
7.353981764146948208e-02
7.353981764146948208e-02
7.242787538159853322e-02
7.269069809756797951e-02
7.353981764146948208e-02
7.353981764146948208e-02
7.353981764146948208e-02
7.353981764146948208e-02
7.353981764146948208e-02
7.254917817358454146e-02
7.311525786951864059e-02
7.353981764146948208e-02
7.353981764146948208e-02
7.353981764146948208e-02
7.210440126963610363e-02
7.275134949356097669e-02
7.297373794553520254e-02
7.353981764146948208e-02
7.353981764146948208e-02
7.353981764146948208e-02
7.170005862968287236e-02
7.258961243757958148e-02
7.283221802155158409e-02
7.339829771748604403e-02
7.353981764146948208e-02
7.113397893374859282e-02
7.178092715767347975e-02
7.212461840163369997e-02
7.269069809756797951e-02
7.325677779350242558e-02
7.287265228554698493e-02
7.353981764146948208e-02
7.161919010169243149e-02
7.198309847765009539e-02
7.254917817358454146e-02
7.311525786951864059e-02
7.353981764146948208e-02
7.353981764146948208e-02
7.127549885773221128e-02
7.210440126963610363e-02
7.240765824960075647e-02
7.297373794553520254e-02
7.353981764146948208e-02
7.353981764146948208e-02
7.353981764146948208e-02
7.170005862968287236e-02
7.226613832561713802e-02
7.283221802155158409e-02
7.339829771748604403e-02
7.353981764146948208e-02
7.099245900976497436e-02
7.155853870569925390e-02
7.212461840163369997e-02
7.269069809756797951e-02
7.325677779350242558e-02
6.982310009502057380e-02
7.085093908578136979e-02
7.141701878171581586e-02
7.198309847765009539e-02
7.254917817358454146e-02
7.311525786951864059e-02
7.320623496350804615e-02
6.904150577199134886e-02
7.127549885773221128e-02
7.184157855366665735e-02
7.240765824960075647e-02
