4.617145110854438683e-01
4.308814829422205062e-01
4.234442347240611193e-01
4.075837394709411199e-01
3.728765811195312030e-01
3.473251260669915630e-01
3.317576133194351518e-01
3.186905935712878168e-01
3.084486012902498686e-01
3.169732653463672167e-01
2.885032537960952603e-01
2.841085162126377184e-01
2.695157337239765805e-01
2.630498351973405979e-01
2.521058117587401393e-01
2.509789559681099291e-01
2.493393807927428707e-01
2.403200270445389197e-01
2.331182916866213206e-01
2.289489252612896819e-01
2.246105304673634007e-01
2.232583035186072040e-01
2.104110206496323521e-01
2.040330168746654627e-01
2.058202101586047994e-01
2.026086711553088393e-01
1.964954784911401575e-01
1.866073189283602163e-01
1.919317125390877510e-01
1.838183508465503768e-01
1.874896470124237657e-01
1.786066428148858631e-01
1.731695636250950854e-01
1.733104205989237645e-01
1.710848804124291966e-01
1.680423697777277681e-01
1.604360931909739052e-01
1.653379158802152082e-01
1.604631377299491901e-01
1.634222610361438510e-01
1.611967208496492832e-01
1.574780967405696730e-01
1.568019832661914914e-01
1.480688508888074462e-01
1.482942220469335992e-01
1.518618474800687845e-01
1.563512409499394629e-01
1.306724511930584531e-01
1.339403329858860348e-01
1.293067019748147806e-01
1.349973237174970087e-01
1.446601121221512964e-01
1.539003296053188807e-01
1.211336169253739159e-01
1.224328816519706098e-01
1.235033946530693094e-01
1.257852776290953878e-01
1.303772149759134802e-01
1.001774797870243483e-01
1.173406203341127163e-01
1.176437445417923139e-01
1.156435755134237603e-01
1.206727329070061833e-01
1.027129053159422656e-01
9.989576583936671250e-02
1.143758627489646074e-01
1.093050116911288006e-01
1.101783249288672828e-01
1.055582161872833796e-01
9.764205425810632000e-02
9.741668309998030573e-02
9.719131194185429146e-02
1.028255908950051478e-01
1.028537622897710835e-01
1.005718793137448802e-01
9.690959799419665566e-02
8.986674930275796724e-02
8.671155308899351766e-02
8.702143843141672830e-02
9.352903062230631670e-02
9.031749161900999578e-02
9.564188522973776641e-02
9.152886159393749943e-02
8.688058145758789652e-02
8.575372566695783905e-02
8.541566892976869274e-02
8.620446798320986759e-02
8.820463701157854608e-02
8.395075640194947508e-02
8.338732850663443941e-02
7.989407555568084351e-02
8.155618784686038958e-02
8.471138406062495019e-02
8.254218666366175405e-02
8.352818548046313241e-02
8.186607318928358634e-02
7.887990534411365440e-02
7.910527650223966867e-02
8.118995971490554353e-02
8.088007437248222187e-02
8.000676113474372575e-02
7.704876468433947967e-02
7.755584979012300484e-02
7.761219257965464025e-02
7.828830605403280796e-02
7.949404175000700234e-02
7.733047863199711547e-02
7.710510747387110120e-02
7.648533678902444399e-02
7.676705073668195489e-02
7.676705073668207979e-02
7.634447981519562609e-02
7.645716539425863323e-02
7.676705073668195489e-02
7.606276586753810132e-02
7.648533678902444399e-02
7.535848099839424774e-02
7.513310984026823347e-02
7.642899399949294736e-02
7.606276586753810132e-02
7.583739470941208705e-02
7.606276586753810132e-02
7.504859565597091220e-02
7.403442544440372308e-02
7.378088289151202295e-02
7.555568076175457615e-02
7.566273206186439892e-02
7.593543116319685649e-02
7.530213820886275111e-02
7.409076823393523359e-02
7.366819731244901581e-02
7.549933797222306564e-02
7.572470913034907991e-02
7.578105191988059042e-02
7.499225286643941557e-02
7.347099754908856251e-02
7.268219849564752644e-02
7.189339944220635159e-02
7.493591007690790506e-02
7.547116657745725488e-02
7.420345381299836562e-02
7.225962757416118376e-02
7.262585570611601593e-02
7.172437107361195885e-02
7.017494436149529502e-02
7.223145617939549790e-02
7.465419612925039416e-02
7.273854128517902307e-02
7.285122686424203020e-02
7.127362875735980541e-02
7.099191480970229451e-02
6.901991717609941290e-02
6.797757556976653792e-02
7.228779896892699453e-02
7.130180015212549127e-02
7.155534270501733018e-02
7.042848691438713393e-02
6.930163112375693768e-02
6.817477533312686633e-02
7.347099754908868741e-02
7.144265712595432305e-02
7.141448573118849841e-02
7.056934388821595183e-02
6.899174578133372704e-02
6.820294672789255219e-02
6.766769022734320238e-02
6.761134743781170575e-02
6.983688762430627361e-02
7.003408738766660202e-02
6.969603065047758061e-02
6.840014649125288060e-02
6.761134743781170575e-02
7.127362875735980541e-02
7.037214412485562343e-02
6.780854720117190926e-02
6.938614530805425895e-02
6.859734625461308410e-02
6.775220441164039875e-02
6.761134743781170575e-02
6.648449164718150950e-02
6.758317604304589499e-02
6.676620559483902040e-02
6.676620559483902040e-02
6.732963349015418097e-02
6.761134743781170575e-02
6.634363467335269160e-02
6.634363467335269160e-02
6.668169141054171301e-02
6.662534862101020250e-02
6.566752119897464879e-02
6.558300701467732752e-02
6.592106375186634892e-02
6.611826351522667733e-02
6.659717722624451663e-02
6.549849283038000625e-02
6.549849283038000625e-02
6.549849283038000625e-02
6.482237935600183854e-02
6.617460630475817396e-02
6.578020677803765592e-02
6.549849283038000625e-02
6.549849283038000625e-02
6.549849283038000625e-02
6.499140772459648108e-02
6.609009212046086656e-02
6.563934980420883802e-02
6.549849283038000625e-02
6.549849283038000625e-02
6.549849283038000625e-02
6.516043609319098484e-02
6.397723751302929196e-02
6.296306730146210284e-02
6.549849283038000625e-02
6.549849283038000625e-02
6.549849283038000625e-02
6.532946446178550248e-02
6.423078006592099209e-02
6.321660985435392788e-02
6.549849283038000625e-02
6.355015916838030465e-02
6.527312167225399198e-02
6.549849283038000625e-02
6.448432261881281713e-02
6.549849283038000625e-02
6.476603656647034191e-02
6.499140772459648108e-02
6.521677888272249535e-02
6.544215004084850962e-02
6.473786517170465604e-02
6.372369496013746692e-02
6.270952474857027781e-02
6.113192664168805301e-02
6.203341127419223500e-02
6.538580725131699911e-02
6.476603656647034191e-02
6.397723751302929196e-02
6.211792545848942443e-02
6.132912640504837448e-02
6.251232498521007430e-02
6.490689354029928471e-02
6.513226469842517408e-02
6.423078006592099209e-02
6.321660985435392788e-02
6.152632616840857799e-02
6.073752711496752804e-02
6.107558385215642455e-02
6.431529425021818847e-02
6.363918077584027055e-02
6.318843845958811711e-02
6.172352593176889946e-02
6.093472687832772461e-02
6.162210891061214307e-02
5.963884271910302459e-02
6.439980843451563464e-02
6.270952474857027781e-02
6.192072569512910296e-02
6.113192664168805301e-02
6.034312758824687817e-02
6.408992309209229910e-02
6.363918077584014565e-02
6.341380961771425628e-02
6.211792545848942443e-02
6.054032735160719964e-02
5.952615714004001746e-02
5.935712877144550675e-02
6.352649519677726342e-02
6.254049637997576017e-02
6.231512522184975283e-02
6.152632616840857799e-02
6.073752711496752804e-02
5.876552948136465337e-02
5.775135926979746426e-02
6.187227089613198810e-02
6.161084035270576742e-02
6.172352593176889946e-02
6.003324224582354263e-02
5.901907203425636045e-02
5.800490182268929623e-02
6.256866777474158481e-02
6.192072569512910296e-02
6.130095501028256372e-02
6.028678479871537460e-02
5.927261458714818548e-02
5.825844437558099637e-02
5.786404484886047139e-02
5.808941600698648566e-02
6.042764177254419250e-02
5.896272924472485688e-02
5.952615714004001746e-02
5.851198692847282834e-02
5.780770205932896783e-02
5.775135926979746426e-02
5.775135926979746426e-02
6.079386990449890671e-02
5.977969969293184249e-02
5.876552948136465337e-02
5.775135926979746426e-02
5.797673042792347853e-02
5.775135926979746426e-02
5.775135926979746426e-02
6.003324224582354263e-02
5.901907203425636045e-02
5.800490182268929623e-02
5.775135926979746426e-02
5.814575879651798923e-02
6.006141364058936033e-02
5.775135926979746426e-02
5.927261458714818548e-02
5.825844437558099637e-02
5.786404484886047139e-02
5.775135926979746426e-02
5.845564413894132477e-02
5.896272924472485688e-02
5.775135926979746426e-02
5.823027298081531050e-02
5.780770205932896783e-02
5.775135926979746426e-02
5.775135926979746426e-02
5.775135926979746426e-02
5.786404484886047139e-02
5.869453756655503701e-02
5.775135926979746426e-02
5.775135926979746426e-02
5.775135926979746426e-02
5.775135926979746426e-02
5.408907795024936460e-02
5.648364650533845011e-02
5.724427416401393215e-02
5.775135926979746426e-02
5.775135926979746426e-02
5.775135926979746426e-02
5.352565005493420403e-02
5.577936163619459653e-02
5.673718905823027514e-02
5.775135926979746426e-02
5.775135926979746426e-02
5.775135926979746426e-02
5.296222215961916835e-02
5.420176352931237174e-02
5.623010395244674997e-02
5.763867369073445712e-02
5.775135926979746426e-02
5.775135926979746426e-02
5.775135926979746426e-02
5.465250584556440028e-02
5.572301884666321786e-02
5.775135926979746426e-02
5.775135926979746426e-02
5.775135926979746426e-02
5.183536636898897210e-02
5.318759331774518262e-02
5.521593374087956085e-02
5.749781671690576412e-02
5.775135926979746426e-02
5.775135926979746426e-02
5.065216778882727228e-02
5.268050821196165051e-02
5.470884863509590385e-02
5.673718905823027514e-02
5.756204749697153150e-02
5.775135926979746426e-02
5.070851057835877584e-02
5.296222215961916835e-02
5.420176352931237174e-02
5.623010395244674997e-02
5.775135926979746426e-02
4.789137110178335460e-02
4.963799757726009010e-02
5.166633800039446139e-02
5.369467842352871473e-02
5.572301884666321786e-02
5.775135926979746426e-02
5.730061695354531082e-02
4.913091247147655799e-02
5.115925289461092929e-02
5.318759331774518262e-02
5.521593374087956085e-02
5.724427416401393215e-02
4.668000112685596892e-02
4.862382736569290098e-02
5.065216778882727228e-02
5.268050821196165051e-02
5.470884863509590385e-02
4.507423162520780152e-02
4.608840183677499064e-02
4.845479899709839028e-02
5.014508268304361527e-02
5.217342310617799350e-02
5.420176352931237174e-02
5.623010395244674997e-02
5.775135926979746426e-02
4.760965715412571186e-02
4.963799757726009010e-02
5.166633800039446139e-02
5.369467842352871473e-02
