4.006725918808551890e-01
3.435022820081671813e-01
3.151573384578428838e-01
2.981023300504443418e-01
2.733605572904156400e-01
2.625894787412921261e-01
2.623108335335095354e-01
2.447754023540715529e-01
2.450156137400912038e-01
2.224357434542398870e-01
2.354071582993033374e-01
2.032188325726639877e-01
2.061013692049002977e-01
1.924093202017775339e-01
1.883257266394428031e-01
1.787172711986547702e-01
1.835214989190487866e-01
1.743934662503002220e-01
1.758347345664184880e-01
1.623828969493153751e-01
1.522940187364880404e-01
1.506125390343501513e-01
1.460485226999759523e-01
1.465289454720152540e-01
1.402834494355031658e-01
1.378813355753063241e-01
1.393226038914243958e-01
1.357194331011289667e-01
1.388421811193849276e-01
1.304347826086958428e-01
1.325966850828728394e-01
1.239875090079268216e-01
1.225078068700456851e-01
1.182224357434542017e-01
1.162623108335336108e-01
1.148210425174153587e-01
1.162623108335336108e-01
1.128993514292578326e-01
1.162623108335336108e-01
1.073744895508048636e-01
1.071342781647850462e-01
1.056930098486668079e-01
1.071342781647850462e-01
1.008887821282727915e-01
1.071342781647850462e-01
9.848666826807594976e-02
9.272159500360316331e-02
9.584434302185929067e-02
9.272159500360316331e-02
9.536392024981982241e-02
8.359356233485461252e-02
9.176074945952439332e-02
8.791736728320932726e-02
8.863800144126844638e-02
8.359356233485461252e-02
8.575546480903213642e-02
7.878933461446076258e-02
8.503483065097301730e-02
7.878933461446076258e-02
8.575546480903213642e-02
7.878933461446076258e-02
8.335335094883512819e-02
7.878933461446076258e-02
7.758827768436234174e-02
7.446552966610621438e-02
7.878933461446076258e-02
7.446552966610621438e-02
7.498438625990840045e-02
7.446552966610621438e-02
7.398510689406674612e-02
7.446552966610621438e-02
7.278404996396815874e-02
7.446552966610621438e-02
7.182320441988938875e-02
6.918087917367272965e-02
7.134278164785008702e-02
6.677876531347572142e-02
7.062214748979096790e-02
6.677876531347572142e-02
6.990151333173184878e-02
6.677876531347572142e-02
7.014172471775166617e-02
6.677876531347572142e-02
6.773961085755449141e-02
6.677876531347572142e-02
6.677876531347572142e-02
6.677876531347572142e-02
6.629834254143641969e-02
6.677876531347572142e-02
6.629834254143641969e-02
6.341580590920010974e-02
6.461686283929853059e-02
6.677876531347572142e-02
6.581791976939711797e-02
6.341580590920010974e-02
6.461686283929853059e-02
6.245496036512134669e-02
6.509728561133799885e-02
6.245496036512134669e-02
6.341580590920010974e-02
6.245496036512134669e-02
6.269517175114099061e-02
6.245496036512134669e-02
6.269517175114099061e-02
6.245496036512134669e-02
6.173432620706240104e-02
6.245496036512134669e-02
6.085034830650975363e-02
6.245496036512134669e-02
6.077348066298329105e-02
6.245496036512134669e-02
6.029305789094416279e-02
5.717030987268803544e-02
6.029305789094416279e-02
5.717030987268803544e-02
6.029305789094416279e-02
6.245496036512134669e-02
5.981263511890468759e-02
6.245496036512134669e-02
5.885178957482592454e-02
5.717030987268803544e-02
5.940907999039151538e-02
5.717030987268803544e-02
5.861157818880610021e-02
5.717030987268803544e-02
5.885178957482592454e-02
5.717030987268803544e-02
5.889022339658898236e-02
5.717030987268803544e-02
5.837136680278662282e-02
5.717030987268803544e-02
5.861157818880610021e-02
5.717030987268803544e-02
5.789094403074715456e-02
5.717030987268803544e-02
5.644967571462891631e-02
5.717030987268803544e-02
5.717030987268803544e-02
5.717030987268803544e-02
5.644967571462891631e-02
5.717030987268803544e-02
5.644967571462891631e-02
5.717030987268803544e-02
5.524861878453032199e-02
5.717030987268803544e-02
5.540235407158274061e-02
5.332692769637278896e-02
5.524861878453032199e-02
5.332692769637278896e-02
5.548883017055014633e-02
5.717030987268803544e-02
5.524861878453032199e-02
5.332692769637278896e-02
5.524861878453032199e-02
5.572904155656979719e-02
5.452798462647137634e-02
5.332692769637278896e-02
5.524861878453032199e-02
5.332692769637278896e-02
5.452798462647137634e-02
5.332692769637278896e-02
5.452798462647137634e-02
5.332692769637278896e-02
5.404756185443190808e-02
5.332692769637278896e-02
5.380735046841225722e-02
5.332692769637278896e-02
5.332692769637278896e-02
5.332692769637278896e-02
5.332692769637278896e-02
5.332692769637278896e-02
5.380735046841225722e-02
5.332692769637278896e-02
5.332692769637278896e-02
5.332692769637278896e-02
5.332692769637278896e-02
5.332692769637278896e-02
5.332692769637278896e-02
5.332692769637278896e-02
5.332692769637278896e-02
5.332692769637278896e-02
5.332692769637278896e-02
5.332692769637278896e-02
5.260629353831366983e-02
5.332692769637278896e-02
5.308671631035313809e-02
5.332692769637278896e-02
5.260629353831366983e-02
5.332692769637278896e-02
5.260629353831366983e-02
5.332692769637278896e-02
5.260629353831366983e-02
5.332692769637278896e-02
5.260629353831366983e-02
5.332692769637278896e-02
5.260629353831366983e-02
5.332692769637278896e-02
5.260629353831366983e-02
5.188565938025471724e-02
5.260629353831366983e-02
5.332692769637278896e-02
5.260629353831366983e-02
5.188565938025471724e-02
5.260629353831366983e-02
5.188565938025471724e-02
5.260629353831366983e-02
5.332692769637278896e-02
5.260629353831366983e-02
5.188565938025471724e-02
5.260629353831366983e-02
5.188565938025471724e-02
5.188565938025471724e-02
5.188565938025471724e-02
5.188565938025471724e-02
5.188565938025471724e-02
5.188565938025471724e-02
5.188565938025471724e-02
5.188565938025471724e-02
5.188565938025471724e-02
5.188565938025471724e-02
5.188565938025471724e-02
5.188565938025471724e-02
5.188565938025471724e-02
5.188565938025471724e-02
5.188565938025471724e-02
5.188565938025471724e-02
5.188565938025471724e-02
5.092481383617594726e-02
5.188565938025471724e-02
5.188565938025471724e-02
5.188565938025471724e-02
5.188565938025455071e-02
5.188565938025471724e-02
5.092481383617594726e-02
5.188565938025471724e-02
5.188565938025471724e-02
5.188565938025471724e-02
5.116502522219559812e-02
5.188565938025471724e-02
5.020417967811682813e-02
5.188565938025471724e-02
5.020417967811682813e-02
5.188565938025471724e-02
5.092481383617594726e-02
5.188565938025471724e-02
5.020417967811682813e-02
5.188565938025471724e-02
5.020417967811682813e-02
5.188565938025471724e-02
4.948354552005770901e-02
5.188565938025471724e-02
5.020417967811666160e-02
5.188565938025471724e-02
4.948354552005770901e-02
5.188565938025471724e-02
4.948354552005770901e-02
5.188565938025471724e-02
4.948354552005770901e-02
5.188565938025471724e-02
4.948354552005770901e-02
5.188565938025471724e-02
4.948354552005770901e-02
5.188565938025471724e-02
4.948354552005770901e-02
5.044439106413647900e-02
4.948354552005770901e-02
5.188565938025471724e-02
4.948354552005770901e-02
5.044439106413647900e-02
4.948354552005770901e-02
4.708143165986070078e-02
4.948354552005770901e-02
5.044439106413647900e-02
4.924333413403805815e-02
4.708143165986070078e-02
4.948354552005770901e-02
4.708143165986070078e-02
4.948354552005770901e-02
4.708143165986070078e-02
4.948354552005770901e-02
4.708143165986070078e-02
4.948354552005770901e-02
4.708143165986070078e-02
4.852269997597893902e-02
4.708143165986070078e-02
4.948354552005770901e-02
4.708143165986070078e-02
4.852269997597893902e-02
4.708143165986070078e-02
4.876291136199858989e-02
4.708143165986070078e-02
4.876291136199858989e-02
4.708143165986070078e-02
4.876291136199858989e-02
4.708143165986070078e-02
4.852269997597893902e-02
4.708143165986070078e-02
4.924333413403805815e-02
4.708143165986070078e-02
4.852269997597893902e-02
4.708143165986070078e-02
4.780206581791981990e-02
4.708143165986070078e-02
4.780206581791981990e-02
4.708143165986070078e-02
4.719673312515006158e-02
4.708143165986070078e-02
4.708143165986070078e-02
4.708143165986070078e-02
4.708143165986070078e-02
4.708143165986070078e-02
4.708143165986070078e-02
4.708143165986070078e-02
4.780206581791981990e-02
4.708143165986070078e-02
4.780206581791981990e-02
4.708143165986070078e-02
4.708143165986070078e-02
4.708143165986070078e-02
4.708143165986070078e-02
4.708143165986070078e-02
4.708143165986070078e-02
4.708143165986070078e-02
4.708143165986070078e-02
4.708143165986070078e-02
4.708143165986070078e-02
4.708143165986070078e-02
4.708143165986070078e-02
4.708143165986070078e-02
4.708143165986070078e-02
4.708143165986070078e-02
4.708143165986070078e-02
4.708143165986070078e-02
4.708143165986070078e-02
4.708143165986070078e-02
4.708143165986070078e-02
4.708143165986070078e-02
4.636079750180175513e-02
4.708143165986070078e-02
4.636079750180175513e-02
4.708143165986070078e-02
4.708143165986070078e-02
4.708143165986070078e-02
4.708143165986070078e-02
4.708143165986070078e-02
4.708143165986070078e-02
4.708143165986070078e-02
4.636079750180175513e-02
4.708143165986070078e-02
4.708143165986070078e-02
4.708143165986070078e-02
4.708143165986070078e-02
4.708143165986070078e-02
4.708143165986070078e-02
4.708143165986070078e-02
4.636079750180175513e-02
4.708143165986070078e-02
4.636079750180175513e-02
4.708143165986070078e-02
4.564016334374263600e-02
4.708143165986070078e-02
4.564016334374263600e-02
4.708143165986070078e-02
4.539995195772281167e-02
4.708143165986070078e-02
4.612058611578193079e-02
4.708143165986070078e-02
4.708143165986070078e-02
4.708143165986070078e-02
4.564016334374263600e-02
4.708143165986070078e-02
4.612058611578193079e-02
4.708143165986070078e-02
4.539995195772281167e-02
4.708143165986070078e-02
4.539995195772281167e-02
4.708143165986070078e-02
4.539995195772281167e-02
4.708143165986070078e-02
4.539995195772281167e-02
4.708143165986070078e-02
4.539995195772281167e-02
4.708143165986070078e-02
4.539995195772281167e-02
4.371847225558492950e-02
4.539995195772281167e-02
4.708143165986070078e-02
4.539995195772281167e-02
4.660100888782123252e-02
4.539995195772281167e-02
4.419889502762439776e-02
4.539995195772281167e-02
4.708143165986070078e-02
4.539995195772281167e-02
4.660100888782123252e-02
