3.790453596018462656e-01
3.747621135150469018e-01
3.698666804198147973e-01
3.538054101446659883e-01
3.475850331364914170e-01
3.288248794450605028e-01
3.235204621057789498e-01
3.094458340854586709e-01
3.040692127182239024e-01
2.823177492973001357e-01
2.801892777018488712e-01
2.767709327213183634e-01
2.732922458031407653e-01
2.674772428376182565e-01
2.648082725186309827e-01
2.590448438587895641e-01
2.543257948889862119e-01
2.502127440109337408e-01
2.492070450501559509e-01
2.454421207354496037e-01
2.467490136414038637e-01
2.436885943422986422e-01
2.405296681193429542e-01
2.386600995384098589e-01
2.367105907836715151e-01
2.340184120271280310e-01
2.330823383790196768e-01
2.379004100157298962e-01
2.313963743263106332e-01
2.284416823538512609e-01
2.224657675546041491e-01
2.221563217205188290e-01
2.196936486242553888e-01
2.272234972536683051e-01
2.218221202197064312e-01
2.161608086851130595e-01
2.119703963485389531e-01
2.056783310554680666e-01
2.112096753397456894e-01
2.120735449599008837e-01
2.143557079862814241e-01
2.015472291704270558e-01
2.034993166404497900e-01
2.021197039634854697e-01
1.998375409371050404e-01
2.027385956316565541e-01
1.934036463034115305e-01
1.951958534258231015e-01
1.891229789318959187e-01
1.895804430232860827e-01
1.897289770236469109e-01
1.876015369143091971e-01
1.914438226875370685e-01
1.925181154748699941e-01
1.859140256324298413e-01
1.769901235204620060e-01
1.778668867170374868e-01
1.817091724902653582e-01
1.820052090048738247e-01
1.894195311895604528e-01
1.712911627427213535e-01
1.752237035508910634e-01
1.744227545836662396e-01
1.742566853193738552e-01
1.733670285463783933e-01
1.704659738518271295e-01
1.657469248820237495e-01
1.662110936331518962e-01
1.656179891178213293e-01
1.638773563010907930e-01
1.628458701874724857e-01
1.618143840738544004e-01
1.582944377111322742e-01
1.582428634054514616e-01
1.594677531653730940e-01
1.600092833750224042e-01
1.587843936151009105e-01
1.591196266020274142e-01
1.578560561128443951e-01
1.553675958637405763e-01
1.535784831996696298e-01
1.497588901209417900e-01
1.504009902266688348e-01
1.552164831480958018e-01
1.553675958637405763e-01
1.414296397534750283e-01
1.449237989633565260e-01
1.477088114701254618e-01
1.491786791820312874e-01
1.513319064442103234e-01
1.390701152685734077e-01
1.393150932205574899e-01
1.414683204827353880e-01
1.420872121509060004e-01
1.437118027798551245e-01
1.474380463653010842e-01
1.379612676964335760e-01
1.357048918228937473e-01
1.332035379973692812e-01
1.391087959978339894e-01
1.361045926919207949e-01
1.361561669976018019e-01
1.356017432115319554e-01
1.357048918228937473e-01
1.268598983986177209e-01
1.304314190670207707e-01
1.355759560586919932e-01
1.325330720235177451e-01
1.352149359189250000e-01
1.238685886691248267e-01
1.268212176693572502e-01
1.262281131540266832e-01
1.288970834730137349e-01
1.310116300059308014e-01
1.316434152505225330e-01
1.210448954330954202e-01
1.203615358828231258e-01
1.201165579308386827e-01
1.250547976997857524e-01
1.263183681889684107e-01
1.202326001186208027e-01
1.202326001186208027e-01
1.166095051445366348e-01
1.204388973413444280e-01
1.145078521880398825e-01
1.164676758039144694e-01
1.202326001186208027e-01
1.201810258129399067e-01
1.177828205987775795e-01
1.115412981252737329e-01
1.137084504499858012e-01
1.122385827380796425e-01
1.193816240748858254e-01
1.185822223368317579e-01
1.182856700791666410e-01
1.166739730266378450e-01
1.143015549653160351e-01
1.119291369039942113e-01
1.066427705717011426e-01
1.177570334459372980e-01
1.162355914283502295e-01
1.120451790917762203e-01
1.126253900306867090e-01
1.108202893318547266e-01
1.073261301219729791e-01
1.045926919208849531e-01
1.166868666030582702e-01
1.092601665850067155e-01
1.033678021609628767e-01
1.112715645065624342e-01
1.071971943577705449e-01
1.052760514711567896e-01
1.025426132700685278e-01
1.110781608602592480e-01
1.036901415714690661e-01
1.117228396812708219e-01
1.077902988731014589e-01
1.054178808117796490e-01
1.030454627504573673e-01
1.129477294411916355e-01
1.055468165759813892e-01
1.018592537197966913e-01
1.058304752572266499e-01
1.056757523401839344e-01
1.024007839294461264e-01
1.141726192011145169e-01
1.018592537197966913e-01
9.653420665824291591e-02
9.875190180252202410e-02
9.855849815621849086e-02
1.025812939993294565e-01
1.018592537197966913e-01
1.018592537197966913e-01
1.010794502179010179e-01
9.649552592898220926e-02
1.034838443487452325e-01
1.027618040692124535e-01
1.017689986848551997e-01
9.506433894633697923e-02
1.018592537197966913e-01
9.608293148353475033e-02
9.773330926532379503e-02
9.775909641816464546e-02
1.002346630908483860e-01
9.389102349209649256e-02
9.487093530003355701e-02
9.567033703808762446e-02
9.434229866680408916e-02
1.012274684752054177e-01
9.764305423038217857e-02
9.379767399881314138e-02
9.360736481085134286e-02
9.354289692874956375e-02
9.690812037442943228e-02
9.639237731762040351e-02
9.154439258361472820e-02
9.154439258361472820e-02
8.757317104618465853e-02
9.358157765801106143e-02
9.467753165373037072e-02
9.154439258361472820e-02
9.483225457077307241e-02
9.213749709894518414e-02
9.278217591995664704e-02
9.443255370174570562e-02
9.229222001598789971e-02
9.210139508496807681e-02
9.154439258361472820e-02
9.154439258361472820e-02
8.955878181489951295e-02
8.558756027746944328e-02
8.632249413342241162e-02
9.154439258361472820e-02
9.154439258361472820e-02
9.073209726914034656e-02
9.055158719925678057e-02
8.451739343459019338e-02
8.838546636065834627e-02
8.039144898011764406e-02
9.123494674952953298e-02
9.046133216431562207e-02
9.154439258361472820e-02
8.592279326439561382e-02
9.028082209443286099e-02
8.223523040820952812e-02
6.672425797467691766e-02
9.019056705949091146e-02
9.127362747879000371e-02
8.732819309420010445e-02
8.170659377498121212e-02
7.608499445576209774e-02
7.478274323731906592e-02
6.731736249000656869e-02
9.100286237396529310e-02
8.873359292400481713e-02
8.311199360478570275e-02
7.749039428556658837e-02
7.640733386626760715e-02
8.964903684984124044e-02
9.073209726914034656e-02
9.013899275380932163e-02
8.116506356533131905e-02
7.827690244720034163e-02
7.327419479615218667e-02
6.548647463833487392e-02
6.332035379973678657e-02
9.154439258361472820e-02
8.592279326439561382e-02
7.569818716315444840e-02
7.115964826323466219e-02
7.175275277856489609e-02
6.208257046339474283e-02
5.758271229273554531e-02
8.299595141700381873e-02
7.683282188813525537e-02
7.229428298821524712e-02
6.775574408829533601e-02
6.290775935428920274e-02
5.363727790814529217e-02
8.482683926867619351e-02
7.789009515459362210e-02
7.342891771319501326e-02
6.889037881327511603e-02
5.983908816627547117e-02
8.856597643054202329e-02
4.991103432270057455e-02
5.099409474199967374e-02
7.456355243817468226e-02
6.672425797467702868e-02
6.548647463833487392e-02
5.736352149359161962e-02
5.640939683849506558e-02
8.018515175739447665e-02
7.559503855179264264e-02
7.115964826323466219e-02
6.228886768611813229e-02
5.885917635833806671e-02
5.141958276386653093e-02
5.045256453235000965e-02
7.683282188813525537e-02
7.229428298821524712e-02
6.369426751592262292e-02
5.849506176023079596e-02
5.245106887748461622e-02
5.018179942752529210e-02
5.470796049407867373e-02
7.059233090074494565e-02
6.509966734572826541e-02
5.983908816627547117e-02
5.385646870729014074e-02
4.991103432270057455e-02
5.099409474199967374e-02
7.201062430696963945e-02
6.633745068206972628e-02
6.088346785631363473e-02
5.526186853709463137e-02
4.964026921787562802e-02
5.072332963717472720e-02
5.180639005647394435e-02
4.964026921787562802e-02
6.228886768611813229e-02
5.666726836689912894e-02
5.104566904767909169e-02
4.964026921787562802e-02
5.153562495164922680e-02
6.917403749452025186e-02
6.350086386961920071e-02
5.807266819670464653e-02
5.245106887748461622e-02
5.018179942752506312e-02
4.964026921787562802e-02
4.964026921787562802e-02
6.509966734572826541e-02
5.947806802650822816e-02
5.385646870729014074e-02
4.991103432270057455e-02
4.964026921787562802e-02
4.964026921787562802e-02
4.964026921787562802e-02
6.066427705716982005e-02
4.964026921787562802e-02
4.964026921787562802e-02
4.964026921787562802e-02
4.964026921787562802e-02
4.964026921787562802e-02
4.964026921787562802e-02
4.964026921787562802e-02
5.040099022666830186e-02
4.964026921787562802e-02
4.964026921787562802e-02
4.964026921787562802e-02
4.964026921787562802e-02
5.420459527063627159e-02
5.086515897779689960e-02
4.964026921787562802e-02
4.964026921787562802e-02
4.964026921787562802e-02
4.633951365429742064e-02
4.964026921787562802e-02
4.770623275484144055e-02
4.964026921787562802e-02
4.964026921787562802e-02
4.547564403414259410e-02
4.542406972846214919e-02
4.908584543180599669e-02
4.706155393383065072e-02
4.964026921787562802e-02
4.964026921787562802e-02
4.964026921787562802e-02
4.450862580262549689e-02
4.817040150596946235e-02
4.641687511281895190e-02
4.899559039686484513e-02
4.964026921787562802e-02
4.964026921787562802e-02
4.964026921787562802e-02
4.319348100776227578e-02
4.577219629180724614e-02
4.835091157585313937e-02
4.961448206503511760e-02
4.964026921787562802e-02
4.151731607313317862e-02
4.254880218675057002e-02
4.512751747079646325e-02
4.770623275484144055e-02
4.964026921787562802e-02
3.810051832177181741e-02
4.964026921787562802e-02
4.190412336573978713e-02
4.448283864978475749e-02
4.706155393383065072e-02
4.964026921787562802e-02
4.958869491219472514e-02
4.414760566285848287e-02
4.125944454472808137e-02
4.383815982877305867e-02
4.641687511281895190e-02
4.899559039686484513e-02
3.623094974083918701e-02
3.993140617344500404e-02
4.061476572371638255e-02
4.319348100776227578e-02
4.577219629180724614e-02
4.835091157585313937e-02
3.478686918177330278e-02
3.739137161865970643e-02
3.997008690270559272e-02
4.254880218675057002e-02
4.512751747079646325e-02
4.747414837927731168e-02
3.442584904200777368e-02
4.009902266690699990e-02
3.932540808169389390e-02
4.190412336573978713e-02
4.448283864978475749e-02
