4.206074300733592120e-01
4.029657526185712046e-01
3.873837825114746503e-01
3.576760425248127762e-01
3.520928955317562115e-01
3.337984386646267732e-01
3.174908791338119651e-01
3.168804676160213440e-01
3.231493468282923831e-01
3.157977325330510454e-01
2.777607783139147690e-01
2.721007414381546030e-01
2.688647758032245982e-01
2.713265073947666584e-01
2.721666470519008008e-01
2.604056333607939200e-01
2.517359067906320691e-01
2.373747597191164793e-01
2.246832215291671431e-01
2.225849123219960646e-01
2.185320309128711558e-01
2.536189243262327864e-01
2.391196893021065584e-01
2.125499980385234244e-01
2.042603271742968740e-01
2.007688988270369679e-01
2.055972696245732811e-01
2.049664587501471846e-01
2.118080891294966961e-01
2.010435055509786628e-01
1.836146090777134865e-01
1.788050684555332892e-01
1.736220626887920726e-01
1.623437291593109177e-01
1.744066533286257326e-01
1.776382252559723651e-01
1.739829743831156905e-01
1.691750029422151302e-01
1.617267270801457379e-01
1.563218390804599067e-01
1.525950335412497583e-01
1.485230081205131669e-01
1.515122984582793209e-01
1.537954572201951087e-01
1.494723627947117939e-01
1.463421599780313498e-01
1.314189321721390968e-01
1.338354713428268894e-01
1.414836608999253953e-01
1.389980777529323530e-01
1.392491467576791042e-01
1.313357655643166699e-01
1.303440429955671220e-01
1.280844219528460004e-01
1.291279275038249852e-01
1.265858538307638448e-01
1.329488839198149641e-01
1.268369228355107070e-01
1.220487230787336563e-01
1.201129810521361085e-01
1.214179122043075737e-01
1.226848691695106436e-01
1.216507787062099943e-01
1.203875877760778174e-01
1.195951512298458475e-01
1.119297006786709459e-01
1.133341179239732849e-01
1.153897454003374318e-01
1.140402494998236094e-01
1.147463810756737951e-01
1.123210544898201879e-01
1.106272802165470248e-01
1.113491036051939970e-01
1.114354085755756285e-01
1.113961790435841759e-01
1.098976109215017427e-01
1.102349848966302781e-01
1.093405515672193351e-01
1.079047506963242836e-01
1.068298615197521562e-01
1.077949080067475418e-01
1.081165901690792908e-01
1.054332901808482797e-01
1.063848417088384540e-01
1.080538229178926030e-01
1.067984778941587359e-01
1.052136048016946573e-01
1.030402887293554587e-01
1.047742340433879954e-01
1.055274410576283739e-01
1.063434153230553014e-01
1.002314542387509194e-01
1.020046290847750614e-01
1.024675375622769585e-01
1.038327252755875674e-01
1.034561217684673018e-01
9.787768231924996731e-02
9.883707975363846543e-02
9.647326507394764217e-02
9.666156682750783047e-02
9.932132909654389774e-02
9.858381389510029180e-02
9.783845278725823713e-02
9.681848495547448752e-02
9.715585893060314782e-02
9.724216390098479323e-02
9.387627005609812392e-02
9.215017064846403594e-02
9.770507237848655158e-02
9.727354752657806081e-02
9.619081244360762339e-02
9.426856537601514818e-02
9.282491859872109286e-02
9.204032795888743290e-02
9.022007767447325077e-02
9.557098583813893045e-02
9.426856537601500940e-02
9.359475893452588735e-02
9.318583029304457199e-02
9.218155427405758107e-02
8.870581773959432259e-02
9.787768231924996731e-02
9.317798438664610938e-02
9.063591071358510776e-02
8.705817739594369498e-02
8.994547095053155583e-02
8.850182417323762540e-02
8.723863324310543454e-02
9.310737122906111163e-02
8.962378878819980688e-02
8.741124318386886416e-02
9.030638264485503497e-02
8.796830253815071665e-02
8.723078733670712459e-02
8.686987564238363158e-02
8.992977913773463061e-02
8.850182417323748663e-02
8.566160605703981856e-02
8.565376015064149473e-02
8.749754815425035692e-02
8.669726570162021584e-02
8.669726570162021584e-02
8.743478090306396056e-02
8.556745518025972441e-02
8.550468792907303661e-02
8.578714055941319416e-02
8.434349378211926374e-02
8.506531717076622201e-02
8.578714055941319416e-02
8.547330430347975516e-02
8.535561570750470339e-02
8.595190459377829995e-02
8.470440547644274287e-02
8.354321132948898387e-02
8.500254991957954809e-02
8.461025459966264872e-02
8.520654348593623140e-02
8.434349378211926374e-02
8.434349378211926374e-02
8.380997214703221621e-02
8.438272331411099392e-02
8.391196893021063419e-02
8.151896747871809068e-02
7.998901573104252871e-02
8.417872974775415795e-02
8.407673296457573997e-02
8.300968969440193634e-02
8.158236240241589776e-02
8.092267859244423045e-02
8.390412302381246301e-02
8.412380840296579398e-02
8.434349378211926374e-02
8.289984700482533331e-02
8.145620022753140288e-02
8.131497391236083838e-02
8.132281981875943977e-02
8.406888705817756879e-02
8.428857243733089977e-02
8.326075869914881245e-02
8.181711192185489590e-02
7.960456631752395318e-02
7.857204503550291319e-02
7.927503824879360284e-02
8.333921776313242546e-02
8.315091600957194573e-02
8.076576046447757340e-02
7.991055666705892957e-02
7.848260170256163293e-02
7.900043152485204667e-02
7.611313797026418582e-02
8.398258208779578460e-02
8.073437683888416705e-02
8.021654701659404474e-02
7.899258561845358406e-02
7.683496135891100531e-02
7.683496135891100531e-02
8.297046016241034494e-02
8.080498999646959501e-02
8.052253736612929869e-02
7.929857596798856045e-02
7.719587305323435955e-02
7.461456984818175264e-02
8.297046016241034494e-02
8.160527244909973610e-02
7.918088737201364746e-02
7.960456631752395318e-02
7.755678474755811624e-02
7.611313797026390826e-02
7.539131458161681121e-02
7.405751049389988627e-02
7.972225491349886617e-02
7.700757129967443493e-02
7.791769644188145660e-02
7.647404966458752618e-02
7.489702247852177142e-02
7.400258914911152230e-02
7.394766780432315834e-02
7.760386018594787882e-02
7.634098309207139332e-02
7.325722804126960641e-02
7.475579616335190081e-02
7.394766780432315834e-02
7.394766780432315834e-02
7.820014907222175293e-02
7.581499352712711692e-02
7.353183476521116257e-02
7.351614295241466757e-02
7.404181868110353004e-02
7.394766780432315834e-02
7.394766780432315834e-02
7.394766780432315834e-02
7.037778039307993061e-02
7.342983798203302215e-02
7.377505786355972872e-02
7.394766780432315834e-02
7.394766780432315834e-02
7.394766780432315834e-02
6.959318975324628453e-02
7.081715115138687011e-02
7.368875289317795840e-02
7.394766780432315834e-02
6.527794123416141847e-02
7.394766780432315834e-02
6.929504531010961810e-02
7.203106978933744575e-02
7.215880114550238256e-02
7.394766780432315834e-02
7.394766780432315834e-02
6.678435526264202282e-02
6.813385116315585910e-02
6.992271782197663488e-02
7.171158448079739678e-02
7.305731434624006260e-02
7.324153622847283385e-02
6.589776783962968121e-02
6.768663449845045699e-02
6.947550115727123277e-02
6.835353654230988396e-02
7.305323447491290922e-02
6.330077282178044051e-02
6.545055117492469543e-02
6.723941783374533243e-02
6.902828449256610821e-02
6.510533129339771130e-02
6.973441606841615514e-02
6.312816288101702478e-02
6.500333451021957087e-02
6.679220116904020788e-02
6.858106782786098365e-02
6.276725118669339298e-02
6.832999882311423245e-02
6.276725118669339298e-02
6.361460907771374074e-02
6.276725118669339298e-02
6.813385116315585910e-02
6.276725118669339298e-02
6.276725118669339298e-02
6.276725118669339298e-02
6.340276960495871972e-02
6.425012749597905359e-02
6.768663449845045699e-02
6.276725118669339298e-02
6.443842924953981088e-02
6.276725118669339298e-02
6.319093013220371258e-02
6.403828802322404645e-02
6.488564591424438033e-02
6.276725118669339298e-02
6.276725118669339298e-02
6.276725118669339298e-02
6.297909065944855278e-02
6.382644855046902543e-02
6.064885645914241952e-02
6.276725118669339298e-02
6.165313247812954228e-02
6.276725118669339298e-02
6.276725118669339298e-02
6.361460907771374074e-02
6.088423365109252999e-02
5.994272488329209503e-02
6.224942136440299312e-02
6.276725118669339298e-02
6.276725118669339298e-02
6.340276960495871972e-02
6.111961084304249475e-02
6.017810207524233734e-02
6.276725118669339298e-02
6.031148248401416861e-02
6.276725118669339298e-02
6.319093013220357380e-02
6.135498803499274401e-02
6.041347926719217026e-02
5.947197049939201285e-02
6.105684359185566817e-02
6.276725118669339298e-02
6.252402808834482684e-02
6.155741242006997072e-02
6.064885645914241952e-02
5.970734769134226211e-02
5.871091757875359501e-02
5.893844886430580493e-02
6.276725118669339298e-02
6.182574241889282618e-02
6.088423365109266877e-02
5.994272488329209503e-02
5.900121611549193762e-02
5.688282138794095721e-02
5.652190969361774869e-02
6.206111961084307543e-02
6.111961084304249475e-02
6.017810207524233734e-02
5.637283747204969997e-02
5.471735122199992279e-02
5.543917461064730434e-02
6.229649680279331775e-02
6.135498803499274401e-02
6.041347926719217026e-02
5.321878309991776718e-02
5.853046173159143911e-02
5.758895296379128170e-02
6.252402808834482684e-02
6.155113569495126308e-02
6.064885645914241952e-02
5.970734769134184577e-02
5.110823427876524244e-02
5.399552783335351963e-02
6.276725118669339298e-02
6.179435879329955167e-02
4.862892785689050534e-02
5.370554313287102116e-02
5.562119963908795928e-02
5.327370444470627686e-02
5.616099799929454711e-02
5.688282138794095721e-02
5.688282138794095721e-02
5.169667725864037638e-02
4.966458750147159651e-02
5.255188105605889531e-02
5.543917461064730434e-02
5.688282138794095721e-02
6.130791259660269693e-02
4.605547055823691616e-02
5.321878309991776718e-02
5.183005766741262399e-02
5.471735122199992279e-02
5.688282138794095721e-02
5.688282138794095721e-02
4.490996822407936767e-02
4.822094072417795058e-02
5.110823427876524244e-02
5.399552783335351963e-02
5.688282138794095721e-02
3.857047585422403863e-02
4.061041151779058028e-02
4.749911733553056903e-02
5.038641089011799967e-02
5.327370444470627686e-02
5.616099799929454711e-02
5.688282138794095721e-02
4.278372759013104182e-02
4.677729394688332626e-02
4.966458750147159651e-02
5.255188105605889531e-02
5.543917461064730434e-02
3.486720803420786940e-02
4.137931034482800891e-02
4.597701149425359457e-02
4.894276411282421496e-02
5.183005766741262399e-02
5.417598368051470409e-02
3.435722411831717421e-02
3.773880977599922137e-02
4.526303401200452992e-02
4.539641442077706202e-02
5.097485386999341117e-02
