4.823420074349440978e-01
4.441325898389094640e-01
4.154275092936802749e-01
3.877261462205699449e-01
3.751548946716232735e-01
3.501363073110283497e-01
3.581164807930606875e-01
3.289405204460965626e-01
3.336431226765800284e-01
3.087050805452293267e-01
3.268277571251548830e-01
2.928500619578687236e-01
3.004956629491946085e-01
2.780607187112763001e-01
2.986369268897148821e-01
2.673729863692687059e-01
2.766418835192069325e-01
2.528376703841387907e-01
2.552664188351920216e-01
2.471065675340769763e-01
2.552664188351920216e-01
2.416852540272614591e-01
2.196406443618339477e-01
2.290892193308548819e-01
2.007434944237917185e-01
2.196592317224284607e-01
2.007434944237917185e-01
2.044299876084261502e-01
1.964064436183395046e-01
1.999690210656752676e-01
1.942379182156133699e-01
1.974907063197025858e-01
1.942379182156133699e-01
1.953221809169763401e-01
1.942379182156133699e-01
1.934634448574968080e-01
1.911400247831473997e-01
1.878872366790581561e-01
1.911400247831473997e-01
1.868029739776951859e-01
1.827757125154894080e-01
1.854089219330854743e-01
1.827757125154894080e-01
1.823110285006195042e-01
1.827757125154894080e-01
1.824659231722428887e-01
1.824659231722428887e-01
1.826208178438660512e-01
1.793680297397770296e-01
1.771995043370506451e-01
1.793680297397770296e-01
1.768897149938040148e-01
1.793680297397770296e-01
1.745662949194549118e-01
1.768897149938042368e-01
1.737918215613380446e-01
1.748079306071865791e-01
1.728624535315984589e-01
1.744114002478313330e-01
1.710532837670382666e-01
1.744114002478313330e-01
1.727075588599750744e-01
1.744114002478313330e-01
1.714684014869887474e-01
1.710037174721188435e-01
1.660470879801734523e-01
1.719330855018586512e-01
1.655824039653035484e-01
1.685254027261461340e-01
1.637236679058239330e-01
1.685254027261461340e-01
1.640334572490705634e-01
1.685254027261461340e-01
1.637236679058239330e-01
1.564436183395290225e-01
1.615551425030977706e-01
1.564436183395290225e-01
1.617100371747211551e-01
1.675960346964063263e-01
1.592317224287484734e-01
1.555142503097892148e-01
1.590768277571251998e-01
1.555142503097892148e-01
1.584572490706318004e-01
1.555142503097892148e-01
1.553283767038411423e-01
1.555142503097892148e-01
1.572180916976456955e-01
1.555142503097892148e-01
1.542750929368027490e-01
1.555142503097892148e-01
1.514869888475834370e-01
1.555142503097892148e-01
1.514869888475834370e-01
1.465303593556381845e-01
1.507125154894672081e-01
1.474597273853778812e-01
1.502478314745974153e-01
1.465303593556381845e-01
1.510223048327138662e-01
1.465303593556381845e-01
1.466852540272614303e-01
1.465303593556381845e-01
1.465303593556381845e-01
1.465303593556381845e-01
1.466852540272614303e-01
1.465303593556381845e-01
1.452912019826518297e-01
1.465303593556381845e-01
1.452912019826518297e-01
1.459107806691451181e-01
1.456009913258983490e-01
1.459107806691451181e-01
1.434324659231723254e-01
1.459107806691451181e-01
1.448265179677820369e-01
1.431226765799257783e-01
1.434324659231723254e-01
1.465303593556381845e-01
1.431226765799257783e-01
1.431226765799257783e-01
1.431226765799257783e-01
1.431226765799257783e-01
1.426579925650558744e-01
1.431226765799257783e-01
1.421933085501859706e-01
1.431226765799257783e-01
1.381660470879801927e-01
1.431226765799257783e-01
1.380111524163570302e-01
1.431226765799257783e-01
1.378562577447336734e-01
1.431226765799257783e-01
1.369268897149937547e-01
1.431226765799257783e-01
1.361524163568774148e-01
1.431226765799257783e-01
1.347583643122677033e-01
1.431226765799257783e-01
1.361524163568774148e-01
1.431226765799257783e-01
1.347583643122677033e-01
1.431226765799257783e-01
1.338289962825278956e-01
1.431226765799257783e-01
1.347583643122677033e-01
1.431226765799257783e-01
1.342936802973977994e-01
1.431226765799257783e-01
1.325898389095415408e-01
1.263940520446096005e-01
1.332094175960348292e-01
1.263940520446096005e-01
1.322800495662950215e-01
1.263940520446096005e-01
1.302664188351921326e-01
1.263940520446096005e-01
1.299566294919455856e-01
1.263940520446096005e-01
1.273977695167284319e-01
1.263940520446096005e-01
1.265489467162329851e-01
1.263940520446096005e-01
1.299566294919455856e-01
1.263940520446096005e-01
1.265489467162329851e-01
1.263940520446096005e-01
1.290272614622056668e-01
1.263940520446096005e-01
1.265489467162329851e-01
1.263940520446096005e-01
1.262639405204458998e-01
1.263940520446096005e-01
1.263940520446096005e-01
1.263940520446096005e-01
1.239157372986369188e-01
1.263940520446096005e-01
1.222118959107806740e-01
1.263940520446096005e-01
1.239157372986369188e-01
1.263940520446096005e-01
1.239157372986369188e-01
1.263940520446096005e-01
1.215923172242874967e-01
1.263940520446096005e-01
1.222118959107806740e-01
1.263940520446096005e-01
1.215923172242874967e-01
1.263940520446096005e-01
1.215923172242874967e-01
1.214374225526642370e-01
1.215923172242874967e-01
1.217472118959107702e-01
1.215923172242874967e-01
1.217472118959107702e-01
1.215923172242874967e-01
1.214374225526642370e-01
1.196282527881040586e-01
1.167905824039653928e-01
1.191140024783148149e-01
1.167905824039653928e-01
1.205080545229245403e-01
1.167905824039653928e-01
1.184944237918216514e-01
1.167905824039653928e-01
1.167905824039653928e-01
1.167905824039653928e-01
1.184944237918216514e-01
1.167905824039653928e-01
1.184944237918216514e-01
1.167905824039653928e-01
1.184944237918216514e-01
1.167905824039653928e-01
1.167905824039653928e-01
1.167905824039653928e-01
1.167905824039653928e-01
1.167905824039653928e-01
1.167905824039653928e-01
1.167905824039653928e-01
1.167905824039653928e-01
1.167905824039653928e-01
1.167905824039653928e-01
1.167905824039653928e-01
1.167905824039653928e-01
1.167905824039653928e-01
1.167905824039653928e-01
1.167905824039653928e-01
1.167905824039653928e-01
1.167905824039653928e-01
1.127633209417596150e-01
1.167905824039653928e-01
1.104399008674103039e-01
1.167905824039653928e-01
1.129182156133829856e-01
1.167905824039653928e-01
1.104399008674103039e-01
1.167905824039653928e-01
1.166356877323420221e-01
1.167905824039653928e-01
1.104399008674103039e-01
1.167905824039653928e-01
1.122986369268898221e-01
1.167905824039653928e-01
1.098203221809171404e-01
1.167905824039653928e-01
1.104399008674103039e-01
1.167905824039653928e-01
1.098203221809171404e-01
1.167905824039653928e-01
1.102850061957869332e-01
1.155514250309790519e-01
1.098203221809171404e-01
1.155514250309790519e-01
1.098203221809171404e-01
1.167905824039653928e-01
1.098203221809171404e-01
1.155514250309790519e-01
1.098203221809171404e-01
1.155514250309790519e-01
1.092007434944239630e-01
1.155514250309790519e-01
1.088909541511773188e-01
1.028500619578686520e-01
1.092007434944239630e-01
1.040892193308549929e-01
1.088909541511773188e-01
1.028500619578686520e-01
1.098203221809171404e-01
1.028500619578686520e-01
1.092007434944239630e-01
1.028500619578686520e-01
1.092007434944239630e-01
1.028500619578686520e-01
1.088909541511773188e-01
1.028500619578686520e-01
1.082713754646841553e-01
1.028500619578686520e-01
1.098203221809171404e-01
1.028500619578686520e-01
1.098203221809171404e-01
1.028500619578686520e-01
1.088909541511773188e-01
1.028500619578686520e-01
1.034696406443618294e-01
1.028500619578686520e-01
1.082713754646841553e-01
1.028500619578686520e-01
1.028500619578686520e-01
1.028500619578686520e-01
1.082713754646841553e-01
1.028500619578686520e-01
1.028500619578686520e-01
1.028500619578686520e-01
1.082713754646841553e-01
1.028500619578686520e-01
1.028500619578686520e-01
1.028500619578686520e-01
1.028500619578686520e-01
1.028500619578686520e-01
1.028500619578686520e-01
1.028500619578686520e-01
1.028500619578686520e-01
1.028500619578686520e-01
1.028500619578686520e-01
1.028500619578686520e-01
1.028500619578686520e-01
1.028500619578686520e-01
1.028500619578686520e-01
1.028500619578686520e-01
1.009913258983890366e-01
1.028500619578686520e-01
1.028500619578686520e-01
1.028500619578686520e-01
1.028500619578686520e-01
1.028500619578686520e-01
1.028500619578686520e-01
1.028500619578686520e-01
1.028500619578686520e-01
1.028500619578686520e-01
1.028500619578686520e-01
1.028500619578686520e-01
1.016109045848823111e-01
1.028500619578686520e-01
1.028500619578686520e-01
1.028500619578686520e-01
1.009913258983890366e-01
1.028500619578686520e-01
1.009913258983890366e-01
1.028500619578686520e-01
1.000619578686492150e-01
1.028500619578686520e-01
1.009913258983890366e-01
1.028500619578686520e-01
1.016109045848823111e-01
1.028500619578686520e-01
1.009913258983890366e-01
1.028500619578686520e-01
1.000619578686492150e-01
1.028500619578686520e-01
1.016109045848823111e-01
1.028500619578686520e-01
1.000619578686492150e-01
1.028500619578686520e-01
1.009913258983890366e-01
1.028500619578686520e-01
1.009913258983890366e-01
1.028500619578686520e-01
1.000619578686492150e-01
1.028500619578686520e-01
1.000619578686492150e-01
9.727385377942988909e-02
1.000619578686492150e-01
1.028500619578686520e-01
1.000619578686492150e-01
9.913258983890951836e-02
1.000619578686492150e-01
1.028500619578686520e-01
1.000619578686492150e-01
1.009913258983890366e-01
1.000619578686492150e-01
9.727385377942988909e-02
9.913258983890940734e-02
9.727385377942988909e-02
1.000619578686492150e-01
1.009913258983890366e-01
1.000619578686492150e-01
9.727385377942988909e-02
9.938661710037156871e-02
1.009913258983890366e-01
1.000619578686492150e-01
9.727385377942988909e-02
1.000619578686492150e-01
9.727385377942988909e-02
9.913258983890940734e-02
9.727385377942988909e-02
1.000619578686492150e-01
9.727385377942988909e-02
9.913258983890940734e-02
9.727385377942988909e-02
9.835811648079297032e-02
9.727385377942988909e-02
9.913258983890940734e-02
9.727385377942988909e-02
9.820322180916971067e-02
9.727385377942988909e-02
9.913258983890940734e-02
9.727385377942988909e-02
9.835811648079297032e-02
9.727385377942988909e-02
9.820322180916971067e-02
9.727385377942988909e-02
9.928748451053277801e-02
9.727385377942988909e-02
9.913258983890940734e-02
9.727385377942988909e-02
