5.056956875508543670e-01
4.359560618388933495e-01
4.100895036615133660e-01
3.706265256305940059e-01
3.454027664768105077e-01
3.382831570382424102e-01
3.169243287225387840e-01
3.032953620829944019e-01
3.002441008950366141e-01
2.886818551668021704e-01
2.689178193653376514e-01
2.729861676159479611e-01
2.575264442636289175e-01
2.518307567127745505e-01
2.506102522375915354e-01
2.465419039869811146e-01
2.473555736371034208e-01
2.376240846216436942e-01
2.416598860862489151e-01
2.308787632221317165e-01
2.367778681855167155e-01
2.109438567941416820e-01
2.343368592351506019e-01
2.062652563059398092e-01
2.290480065093573325e-01
2.020260374288037064e-01
2.001627339300243447e-01
1.994141578519120772e-01
2.001627339300243447e-01
1.918226200162732598e-01
1.863303498779494971e-01
1.826688364524001185e-01
1.639544344995930714e-01
1.802278275020340326e-01
1.602929210740438593e-01
1.680227827502035198e-01
1.602929210740438593e-01
1.662571196094386194e-01
1.594792514239218306e-01
1.636452400325466849e-01
1.558177379983725908e-01
1.627339300244101117e-01
1.558177379983725908e-01
1.552074857607810277e-01
1.558177379983725908e-01
1.564279902359640151e-01
1.545972335231894923e-01
1.535801464605369704e-01
1.545972335231894923e-01
1.491049633848657296e-01
1.545972335231894923e-01
1.476810414971521379e-01
1.545972335231894923e-01
1.462571196094385184e-01
1.387306753458096287e-01
1.466639544344994772e-01
1.387306753458096287e-01
1.442229454841333636e-01
1.387306753458096287e-01
1.432058584214810082e-01
1.387306753458096287e-01
1.427990235964199384e-01
1.387306753458096287e-01
1.405614320585841515e-01
1.366965012205044738e-01
1.403580146460538247e-01
1.366965012205044738e-01
1.360862489829129107e-01
1.366965012205044738e-01
1.358828315703824174e-01
1.366965012205044738e-01
1.354759967453213476e-01
1.366965012205044738e-01
1.338486574450772626e-01
1.366965012205044738e-01
1.322213181448330666e-01
1.338486574450772626e-01
1.320179007323026010e-01
1.358828315703824174e-01
1.322213181448330666e-01
1.330349877949552340e-01
1.301871440195279117e-01
1.330349877949552340e-01
1.299837266069974462e-01
1.330349877949552340e-01
1.299837266069974462e-01
1.330349877949552340e-01
1.293734743694060219e-01
1.330349877949552340e-01
1.287632221318144587e-01
1.330349877949552340e-01
1.279495524816924301e-01
1.330349877949552340e-01
1.279495524816924301e-01
1.330349877949552340e-01
1.269324654190399082e-01
1.228641171684296124e-01
1.271358828315704015e-01
1.228641171684296124e-01
1.279495524816924301e-01
1.228641171684296124e-01
1.269324654190399082e-01
1.228641171684296124e-01
1.218470301057771044e-01
1.228641171684296124e-01
1.263222131814483451e-01
1.228641171684296124e-01
1.216436126932466250e-01
1.228641171684296124e-01
1.216436126932466250e-01
1.228641171684296124e-01
1.216436126932466250e-01
1.228641171684296124e-01
1.206265256305941308e-01
1.228641171684296124e-01
1.216436126932466250e-01
1.224572823433685148e-01
1.202196908055330332e-01
1.204231082180635126e-01
1.204231082180635126e-01
1.204231082180635126e-01
1.206265256305941308e-01
1.204231082180635126e-01
1.194060211554108658e-01
1.204231082180635126e-01
1.204231082180635126e-01
1.204231082180635126e-01
1.194060211554108658e-01
1.204231082180635126e-01
1.192026037428803864e-01
1.204231082180635126e-01
1.194060211554108658e-01
1.204231082180635126e-01
1.189991863303499209e-01
1.204231082180635126e-01
1.179820992676974128e-01
1.204231082180635126e-01
1.181855166802278784e-01
1.204231082180635126e-01
1.181855166802278784e-01
1.204231082180635126e-01
1.162733930024407447e-01
1.204231082180635126e-01
1.179820992676974128e-01
1.204231082180635126e-01
1.179820992676974128e-01
1.204231082180635126e-01
1.179820992676974128e-01
1.204231082180635126e-01
1.179820992676974128e-01
1.155410903173311604e-01
1.158665581773796610e-01
1.155410903173311604e-01
1.159479251423922580e-01
1.155410903173311604e-01
1.155410903173311604e-01
1.155410903173311604e-01
1.159479251423922580e-01
1.155410903173311604e-01
1.155410903173311604e-01
1.155410903173311604e-01
1.155410903173311604e-01
1.155410903173311604e-01
1.029292107404394391e-01
1.155410903173311604e-01
1.135069161920261582e-01
1.155410903173311604e-01
1.027583401139136182e-01
1.155410903173311604e-01
1.019121236777869310e-01
1.155410903173311604e-01
1.010984540276647498e-01
1.155410903173311604e-01
9.947111472742069249e-02
1.155410903173311604e-01
1.008950366151344230e-01
1.155410903173311604e-01
9.886086248982912938e-02
1.155410903173311604e-01
1.006916192026038048e-01
1.155410903173311604e-01
1.002847843775428599e-01
1.155410903173311604e-01
1.002847843775425685e-01
1.155410903173311604e-01
9.865744507729851120e-02
1.155410903173311604e-01
9.947111472742069249e-02
8.909682668836457764e-02
9.825061025223756628e-02
1.155410903173311604e-01
1.002847843775428599e-01
1.155410903173311604e-01
9.825061025223756628e-02
1.074043938161106937e-01
9.947111472742069249e-02
1.074043938161106937e-01
9.825061025223756628e-02
8.096013018714411091e-02
9.825061025223756628e-02
8.096013018714411091e-02
9.825061025223756628e-02
8.096013018714411091e-02
9.825061025223756628e-02
8.096013018714411091e-02
9.418226200162725659e-02
8.096013018714411091e-02
9.825061025223756628e-02
8.096013018714411091e-02
9.336859235150521408e-02
8.096013018714411091e-02
9.825061025223756628e-02
8.096013018714411091e-02
9.825061025223756628e-02
8.096013018714411091e-02
8.502847843775426795e-02
8.096013018714411091e-02
8.502847843775426795e-02
8.096013018714411091e-02
8.421480878763223932e-02
8.096013018714411091e-02
8.421480878763223932e-02
8.096013018714411091e-02
8.421480878763223932e-02
8.096013018714411091e-02
8.360455655004082887e-02
8.096013018714411091e-02
8.096013018714411091e-02
8.096013018714411091e-02
8.096013018714411091e-02
8.096013018714411091e-02
9.011391375101708567e-02
8.096013018714411091e-02
8.096013018714411091e-02
8.096013018714411091e-02
8.096013018714411091e-02
8.096013018714411091e-02
8.096013018714411091e-02
8.096013018714411091e-02
8.096013018714411091e-02
8.096013018714411091e-02
8.096013018714411091e-02
8.096013018714411091e-02
8.096013018714411091e-02
8.096013018714411091e-02
8.014646053702206840e-02
8.096013018714411091e-02
8.014646053702206840e-02
8.096013018714411091e-02
7.689178193653394000e-02
8.096013018714411091e-02
8.096013018714411091e-02
8.096013018714411091e-02
7.689178193653394000e-02
8.096013018714411091e-02
7.607811228641191137e-02
8.096013018714411091e-02
7.607811228641191137e-02
7.282343368592363031e-02
7.607811228641191137e-02
8.096013018714411091e-02
7.607811228641191137e-02
7.933279088689990100e-02
7.607811228641191137e-02
8.096013018714411091e-02
7.607811228641191137e-02
7.119609438567942039e-02
7.607811228641191137e-02
7.119609438567942039e-02
7.689178193653394000e-02
7.282343368592363031e-02
7.607811228641191137e-02
7.282343368592363031e-02
7.607811228641191137e-02
7.119609438567942039e-02
7.607811228641191137e-02
7.119609438567942039e-02
7.607811228641191137e-02
7.119609438567942039e-02
7.607811228641191137e-02
7.119609438567942039e-02
7.607811228641191137e-02
7.119609438567942039e-02
7.607811228641191137e-02
7.119609438567942039e-02
7.607811228641191137e-02
7.119609438567942039e-02
7.607811228641191137e-02
7.119609438567942039e-02
7.607811228641191137e-02
7.119609438567942039e-02
7.526444263628973008e-02
7.119609438567942039e-02
7.119609438567942039e-02
7.119609438567942039e-02
7.200976403580160168e-02
7.119609438567942039e-02
7.139951179821003857e-02
7.119609438567942039e-02
7.139951179821003857e-02
7.119609438567942039e-02
7.119609438567942039e-02
7.119609438567942039e-02
7.526444263628973008e-02
7.119609438567942039e-02
7.139951179821003857e-02
7.119609438567942039e-02
7.119609438567942039e-02
7.119609438567942039e-02
7.119609438567942039e-02
7.119609438567942039e-02
7.119609438567942039e-02
7.119609438567942039e-02
7.119609438567942039e-02
7.119609438567942039e-02
7.119609438567942039e-02
7.119609438567942039e-02
7.119609438567942039e-02
7.119609438567942039e-02
7.119609438567942039e-02
7.119609438567942039e-02
7.119609438567942039e-02
7.119609438567942039e-02
7.119609438567942039e-02
7.119609438567942039e-02
7.119609438567942039e-02
7.119609438567942039e-02
7.119609438567942039e-02
7.119609438567942039e-02
7.119609438567942039e-02
7.119609438567942039e-02
7.119609438567942039e-02
7.119609438567942039e-02
7.119609438567942039e-02
7.119609438567942039e-02
7.119609438567942039e-02
7.119609438567942039e-02
6.624084621643511195e-02
7.119609438567942039e-02
7.119609438567942039e-02
7.119609438567942039e-02
7.119609438567942039e-02
7.119609438567942039e-02
7.119609438567942039e-02
7.119609438567942039e-02
6.529698942229442138e-02
7.119609438567942039e-02
7.119609438567942039e-02
7.119609438567942039e-02
6.122864117168425740e-02
7.119609438567942039e-02
6.122864117168425740e-02
7.119609438567942039e-02
6.624084621643511195e-02
7.119609438567942039e-02
6.529698942229442138e-02
7.119609438567942039e-02
7.058584214808785728e-02
7.119609438567942039e-02
6.563059397884354884e-02
7.119609438567942039e-02
6.122864117168425740e-02
7.119609438567942039e-02
6.122864117168425740e-02
7.119609438567942039e-02
6.468673718470285827e-02
7.119609438567942039e-02
6.122864117168425740e-02
5.126118795768910136e-02
6.468673718470285827e-02
7.119609438567942039e-02
7.058584214808785728e-02
7.119609438567942039e-02
6.061838893409270124e-02
6.997558991049644683e-02
6.122864117168425740e-02
7.119609438567942039e-02
6.061838893409270124e-02
6.997558991049644683e-02
6.061838893409270124e-02
7.119609438567942039e-02
6.061838893409270124e-02
7.119609438567942039e-02
6.061838893409270124e-02
7.119609438567942039e-02
6.061838893409270124e-02
7.119609438567942039e-02
6.061838893409270124e-02
7.017087062652556384e-02
6.061838893409270124e-02
6.997558991049644683e-02
6.061838893409270124e-02
5.445077298616458894e-02
6.061838893409270124e-02
5.004068348250612086e-02
