4.598391207037914596e-01
4.252620382476123284e-01
3.961256010813924977e-01
3.642874554036385493e-01
3.407450085314778221e-01
3.247501495778579717e-01
3.085159660513663860e-01
2.984590156668956440e-01
2.966959913134043503e-01
2.943913843153768140e-01
2.896048928579344484e-01
2.782325437099739118e-01
2.712602211536331853e-01
2.662485873202296571e-01
2.712566756044055283e-01
2.693731025771711751e-01
2.579387063177256967e-01
2.504930529394818750e-01
2.432025173399515461e-01
2.399007246216234845e-01
2.476344538746204638e-01
2.542823586766237431e-01
2.269958118199748021e-01
2.256520486626629740e-01
2.247656613557292848e-01
2.192922197354132685e-01
2.188268663992731233e-01
2.162253196534226207e-01
2.166552174972855571e-01
2.065504021982405569e-01
2.070538701885788480e-01
2.043122742482327003e-01
2.024287012209985137e-01
2.089436479269618507e-01
2.090987657056753157e-01
1.912602211536333363e-01
1.862521328694572154e-01
1.890442528862985860e-01
1.947135861014469838e-01
1.965191570456711334e-01
1.857646198506436030e-01
1.804906153743875974e-01
1.799144636248808105e-01
1.744427947791787059e-01
1.728455248520839871e-01
1.739535089857511818e-01
1.794934296540872665e-01
1.748398962926848432e-01
1.725131296119838120e-01
1.668624105302812521e-01
1.615219270060051504e-01
1.617656835154119566e-01
1.730006426307974243e-01
1.686644359252773562e-01
1.667516121169145826e-01
1.624083143129390339e-01
1.567221397389586823e-01
1.558712079243025905e-01
1.528574910807277143e-01
1.673277638664215639e-01
1.590178828639174091e-01
1.522370199658739653e-01
1.509074390054732651e-01
1.493784209010127484e-01
1.510403971015134017e-01
1.599707492188711389e-01
1.534558025129079961e-01
1.501983291599265358e-01
1.444288341790943564e-01
1.456777538945642492e-01
1.415755534380747083e-01
1.407139849757351180e-01
1.511733551975535661e-01
1.457663926252575903e-01
1.384093779777073874e-01
1.362820484410663668e-01
1.362820484410663668e-01
1.376772220621800824e-01
1.354178208168058117e-01
1.362820484410663668e-01
1.362820484410663668e-01
1.340660801737318109e-01
1.334899284242250239e-01
1.278392093425222698e-01
1.301588849247678203e-01
1.334899284242250239e-01
1.293017483989629124e-01
1.278392093425220755e-01
1.291466306202492809e-01
1.330245750880847122e-01
1.242936601147872078e-01
1.250914086910273060e-01
1.246482150375606696e-01
1.287699160148025046e-01
1.203492365989320828e-01
1.257118798058812770e-01
1.130143816340549584e-01
1.215458594632924383e-01
1.230057393578121161e-01
1.190639750038779698e-01
1.172025616593170838e-01
1.159305958738672537e-01
1.137456511622753769e-01
1.223214483568596522e-01
1.214572207325990694e-01
1.187555122210648129e-01
1.174463181687236957e-01
1.152525095840626207e-01
1.128814235380148079e-01
1.137899705276219642e-01
1.178451924568439391e-01
1.154519467281226452e-01
1.178895118221907207e-01
1.125047089325682537e-01
1.128149444899949339e-01
1.125490282979146328e-01
1.125711879805879334e-01
1.145212400558423965e-01
1.128592638553415212e-01
1.099448223901431376e-01
1.123939105192013899e-01
1.124603895672212639e-01
1.124603895672212639e-01
1.092693952622596776e-01
1.061005606399715723e-01
1.078733352538391033e-01
1.099120260597867271e-01
1.124160702018744823e-01
1.112637667028607280e-01
1.049039377756110225e-01
1.055687282558113727e-01
1.042524431050145667e-01
1.092915549449331586e-01
1.112637667028607280e-01
1.113275865889598176e-01
1.016243047399562616e-01
1.022669355374829225e-01
1.063886365147249657e-01
1.043499457087773280e-01
1.072750238216586272e-01
1.002947237795553670e-01
1.003833625102487220e-01
1.007157577503488971e-01
1.000952866354953286e-01
1.046158619008574348e-01
9.736964566667406784e-02
9.971857203004837189e-02
9.936401710727491010e-02
1.006049593369820472e-01
1.001617656835152165e-01
1.006935980676754161e-01
9.406785294834561773e-02
9.971857203004837189e-02
9.949697520331506062e-02
9.909810091519460906e-02
9.994016885678189133e-02
9.373545770824544265e-02
9.493208057260599242e-02
9.147517007556428548e-02
9.783233984089320656e-02
9.125357324883097421e-02
9.816739424291436034e-02
9.397921421765224881e-02
9.253883484388489289e-02
9.067742149932399298e-02
9.025638752853044899e-02
9.661621645578015449e-02
9.608438407161995487e-02
9.346954151616553019e-02
9.222859928645819882e-02
9.098765705675086746e-02
8.974671482704353609e-02
9.001263101912364284e-02
9.191836372903132435e-02
9.253883484388489289e-02
9.253883484388489289e-02
9.085469896071092510e-02
8.996831165377705553e-02
8.974671482704353609e-02
9.227291865180478614e-02
9.189620404635782946e-02
9.017661267090627819e-02
9.160812817160443600e-02
9.018990848051038067e-02
8.832849513594948077e-02
8.943647926961685590e-02
8.841713386664284968e-02
8.877168878941650576e-02
8.898530813038749154e-02
8.872736942406972416e-02
8.812905799188945621e-02
8.874952910674321904e-02
8.832849513594948077e-02
8.761938529040254331e-02
8.832849513594948077e-02
8.753074655970917439e-02
8.753074655970917439e-02
8.806257894386956830e-02
8.823985640525611185e-02
8.753074655970917439e-02
8.792962084782941778e-02
8.753074655970917439e-02
8.792962084782941778e-02
8.823985640525611185e-02
8.675515766614197433e-02
8.753074655970917439e-02
8.753074655970917439e-02
8.753074655970917439e-02
8.735346909832243656e-02
8.730914973297565496e-02
8.753074655970917439e-02
8.841713386664284968e-02
8.753074655970917439e-02
8.753074655970917439e-02
8.726483036762908152e-02
8.741994814634251876e-02
8.697675449287547988e-02
8.753074655970917439e-02
8.753074655970917439e-02
8.464998781217446255e-02
8.717619163693571260e-02
8.753074655970917439e-02
8.708755290624214940e-02
8.593524940722838124e-02
8.753074655970917439e-02
8.753074655970917439e-02
8.708755290624234369e-02
8.744210782901580548e-02
8.693243512752890645e-02
8.613468655128840579e-02
8.533693797504809941e-02
8.664435925277551298e-02
8.699891417554897477e-02
8.735346909832243656e-02
8.713187227158893100e-02
8.633412369534862463e-02
8.553637511910812397e-02
8.376360050524080114e-02
8.691027544485560585e-02
8.726483036762908152e-02
8.715403195426241201e-02
8.653356083940864918e-02
8.511534114831478814e-02
8.387439891860745678e-02
8.343120526514062607e-02
8.644492210871528026e-02
8.753074655970917439e-02
8.673299798346867373e-02
8.451702971613431203e-02
8.464998781217446255e-02
8.354200367850728171e-02
8.509318146564129326e-02
8.201298557404655687e-02
8.640060274336870683e-02
8.329824716910047555e-02
8.409599574534076805e-02
8.365280209187413163e-02
8.152547255523294456e-02
8.245617922751338758e-02
8.629689542845732364e-02
8.518182019633485647e-02
8.420679415870743756e-02
8.376360050524080114e-02
8.172490969929316340e-02
8.212378398741321250e-02
8.715403195426241201e-02
8.387439891860745678e-02
8.431759257207428748e-02
8.387439891860745678e-02
8.192434684335318795e-02
8.112659826711268729e-02
8.032884969087239480e-02
8.416247479336085024e-02
8.301017129434688779e-02
8.398519733197430670e-02
8.212378398741321250e-02
8.132603541117292001e-02
8.059210672103152284e-02
8.086068207503259442e-02
8.329824716910047555e-02
8.312096970771373772e-02
8.232322113147344522e-02
8.152547255523294456e-02
8.072772397899263819e-02
8.050612715225913263e-02
8.086068207503259442e-02
8.332040685177376227e-02
8.032884969087239480e-02
8.172490969929316340e-02
8.092716112305266274e-02
8.041748842156576371e-02
8.077204334433922550e-02
8.032884969087239480e-02
8.272209541959349433e-02
8.192434684335318795e-02
8.112659826711268729e-02
8.032884969087239480e-02
8.068340461364585658e-02
8.032884969087239480e-02
8.032884969087239480e-02
8.032884969087239480e-02
8.132603541117292001e-02
8.052828683493241935e-02
8.059476588295248767e-02
8.032884969087239480e-02
8.117091763245946889e-02
8.232322113147344522e-02
8.152547255523294456e-02
8.068340461364605087e-02
8.032884969087239480e-02
8.032884969087239480e-02
8.032884969087239480e-02
8.252265827553346977e-02
8.032884969087239480e-02
8.092716112305266274e-02
8.032884969087239480e-02
8.032884969087239480e-02
8.032884969087239480e-02
8.032884969087239480e-02
8.032884969087239480e-02
7.882199126908495668e-02
8.032884969087239480e-02
8.032884969087239480e-02
8.032884969087239480e-02
8.032884969087239480e-02
8.032884969087239480e-02
7.512132426263665175e-02
8.052828683493241935e-02
8.032884969087239480e-02
8.032884969087239480e-02
8.032884969087239480e-02
8.032884969087239480e-02
7.576395506016352088e-02
7.824583951957816974e-02
8.032884969087239480e-02
8.032884969087239480e-02
8.032884969087239480e-02
8.032884969087239480e-02
7.303831409134224628e-02
7.720433443393087680e-02
8.032884969087239480e-02
8.032884969087239480e-02
8.032884969087239480e-02
8.032884969087239480e-02
7.199680900569493947e-02
7.616282934828376427e-02
8.032884969087239480e-02
8.032884969087239480e-02
6.333237308041750335e-02
8.032884969087239480e-02
7.095530392004782694e-02
7.512132426263665175e-02
7.928734460522528227e-02
8.032884969087239480e-02
8.032884969087239480e-02
6.672280452943912810e-02
6.991379883440071441e-02
7.407981917698934493e-02
7.824583951957816974e-02
7.997429476809891913e-02
8.032884969087239480e-02
6.470627340616479095e-02
6.887229374875361576e-02
7.303831409134224628e-02
7.720433443393087680e-02
8.032884969087239480e-02
8.032884969087239480e-02
6.446251689675798480e-02
6.783078866310650323e-02
7.199680900569493947e-02
7.616282934828376427e-02
8.032884969087239480e-02
5.881179781505541104e-02
8.032884969087239480e-02
6.678928357745919642e-02
7.095530392004782694e-02
7.512132426263665175e-02
7.928734460522528227e-02
8.032884969087239480e-02
6.220222926407702885e-02
6.574777849181188960e-02
6.991379883440071441e-02
7.407981917698934493e-02
7.824583951957816974e-02
5.619695525960059779e-02
5.947658829525555996e-02
6.470627340616479095e-02
6.887229374875361576e-02
7.303831409134224628e-02
7.720433443393087680e-02
5.524408890464685418e-02
5.905555432446221720e-02
6.366476832051767842e-02
6.783078866310650323e-02
6.774214993241294003e-02
