6.781117959617429802e-01
6.435706695005312117e-01
5.876786397449518251e-01
5.482814027630180664e-01
5.053560042507971861e-01
4.922269925611053032e-01
4.737130712008500999e-01
4.644242295430393019e-01
4.475026567481399375e-01
4.145462274176406892e-01
4.077364505844845999e-01
4.005313496280552554e-01
4.015889479277364726e-01
3.834856535600426053e-01
3.751115834218916034e-01
3.631906482465462327e-01
3.592986184909668923e-01
3.531859723698191345e-01
3.500582359192346837e-01
3.447396386822528802e-01
3.436497343251859182e-01
3.490967056323060480e-01
3.431880977683313683e-01
3.347502656748140848e-01
3.316896918172156927e-01
3.297555791710945483e-01
3.261424017003187181e-01
3.292990435706690810e-01
3.256748140276302106e-01
3.177895855472900322e-01
3.162380446333689088e-01
3.138150903294367189e-01
3.151328374070136995e-01
3.204038257173220661e-01
3.140913921360253824e-01
3.062299681190221445e-01
3.028862911795960344e-01
3.012964930924548757e-01
3.035281615302868885e-01
3.050371944739638796e-01
3.079914984059511918e-01
2.892667375132836893e-01
2.891179596174283661e-01
2.932199787460148532e-01
2.919872476089265256e-01
2.756854410201911576e-01
2.784272051009563653e-01
2.826780021253985087e-01
2.845696068012751878e-01
2.819341126461211711e-01
2.751753453772581848e-01
2.756641870350690082e-01
2.729861849096705262e-01
2.776620616365568783e-01
2.724973432518597027e-01
2.736663124335813602e-01
2.737513283740701797e-01
2.726673751328373418e-01
2.717959617428268304e-01
2.734325185972369954e-01
2.714558979808713302e-01
2.715196599362380003e-01
2.628692879914983349e-01
2.676709883103083887e-01
2.717747077577045145e-01
2.713071200850158404e-01
2.716259298618490248e-01
2.688416578108395183e-01
2.614665249734324792e-01
2.656408076514346073e-01
2.645908607863973194e-01
2.715196599362380003e-01
2.703294367693941935e-01
2.600637619553666791e-01
2.604352816153027717e-01
2.610201912858660100e-01
2.521785334750265006e-01
2.571094580233793114e-01
2.544102019128586800e-01
2.562805526036131543e-01
2.568544102019128528e-01
2.598299681190223698e-01
2.511370882040381280e-01
2.505844845908606344e-01
2.509245483528161902e-01
2.551965993623803164e-01
2.543039319872476556e-01
2.547290116896918644e-01
2.486928799149839830e-01
2.501806588735386305e-01
2.562167906482464841e-01
2.513283740701379720e-01
2.517959617428268682e-01
2.481402763018064894e-01
2.481402763018064894e-01
2.493304994686503240e-01
2.481402763018064894e-01
2.506907545164718254e-01
2.497343251859723279e-01
2.473538788522848253e-01
2.459723698193411745e-01
2.470775770456959952e-01
2.482252922422953090e-01
2.471200850159403217e-01
2.485866099893729864e-01
2.457598299681189868e-01
2.438894792773644848e-01
2.421253985122209795e-01
2.460148777895855010e-01
2.465674814027629946e-01
2.457173219978744938e-01
2.453772582359191601e-01
2.410414452709885302e-01
2.414665249734326835e-01
2.386074388947927449e-01
2.463336875664186576e-01
2.447396386822528191e-01
2.431455897980869807e-01
2.422529224229543199e-01
2.415302869287991594e-01
2.389798087141340177e-01
2.359192348565356534e-01
2.439744952178533322e-01
2.434643995749201373e-01
2.411689691817214820e-01
2.384059511158343470e-01
2.379171094580233292e-01
2.431668437832093244e-01
2.443570669500529646e-01
2.427417640807651711e-01
2.407226354941551516e-01
2.386822529224230105e-01
2.351540913921361664e-01
2.335812964930925051e-01
2.360892667375133203e-01
2.421891604675876497e-01
2.394261424017003204e-01
2.389585547290118406e-01
2.355579171094581703e-01
2.304569606801274706e-01
2.336450584484591753e-01
2.337938363443146650e-01
2.346439957492029993e-01
2.367481402763018383e-01
2.178108395324123148e-01
2.279277364505844783e-01
2.327311370882041708e-01
2.332412327311371714e-01
2.337513283740701719e-01
2.372157279489905124e-01
2.129011689691818199e-01
2.236981934112646508e-01
2.304144527098833384e-01
2.329224229543041813e-01
2.331774707757705012e-01
2.327311370882041708e-01
2.117959617428269992e-01
2.200425079702444942e-01
2.280977683315623394e-01
2.328586609989373168e-01
2.331137088204038310e-01
2.327311370882041708e-01
2.093304994686504827e-01
2.151540913921359821e-01
2.257810839532413405e-01
2.326673751328376949e-01
2.324123273113710142e-01
2.327311370882041708e-01
2.000850159404889972e-01
2.109670563230606477e-01
2.221253985122211561e-01
2.327311370882041708e-01
2.324760892667376844e-01
2.322210414452711702e-01
1.965993623804462853e-01
2.081402763018066482e-01
2.188097768331563331e-01
2.294367693942616915e-01
2.325398512221043545e-01
1.848034006376196303e-01
1.946439957492031581e-01
2.045696068012755053e-01
2.129649309245486843e-01
2.261424017003190179e-01
2.323485653560043440e-01
1.814240170031883037e-01
1.912858660998939808e-01
2.019128586609991727e-01
2.105207226354941508e-01
2.228480340063763443e-01
1.673113708820404555e-01
1.780021253985122898e-01
1.886291179596174539e-01
1.992561105207228123e-01
2.098831030818278098e-01
2.174707757704569810e-01
1.631243358129649546e-01
1.748352816153031508e-01
1.859723698193413155e-01
1.906695005313500113e-01
2.020616365568544681e-01
1.647183846971307930e-01
1.631880977683316247e-01
1.712858660998936022e-01
1.729861849096706317e-01
1.873113708820402790e-01
1.945802337938364879e-01
1.635069075451647813e-01
1.632518597236982949e-01
1.685653560042507659e-01
1.798937300743891354e-01
1.904824654622739033e-01
1.927098831030821802e-01
2.001912858660999661e-01
1.633156216790647708e-01
1.658448459086077631e-01
1.767268862911798022e-01
1.784272051009564430e-01
1.891035069075454322e-01
1.636344314558979274e-01
1.633793836344314410e-01
1.631243358129649546e-01
1.740063761955369936e-01
1.751965993623806339e-01
1.631243358129649546e-01
1.636981934112645976e-01
1.631243358129649546e-01
1.626142401700319540e-01
1.631243358129649546e-01
1.718384697130712901e-01
1.683528161530286060e-01
1.580233793836344491e-01
1.600637619553665902e-01
1.621041445270989534e-01
1.631243358129649546e-01
1.631243358129649546e-01
1.631243358129649546e-01
1.631243358129649546e-01
1.591073326248670927e-01
1.615940488841657863e-01
1.629968119022316142e-01
1.631243358129649546e-01
1.631243358129649546e-01
1.631243358129649546e-01
1.585334750265674220e-01
1.610839532412327857e-01
1.631243358129649546e-01
1.630605738575986452e-01
1.631243358129649546e-01
1.631243358129649546e-01
1.579596174282677790e-01
1.602550478214666285e-01
1.621891604675878007e-01
1.627417640807651000e-01
1.527948990435707699e-01
1.550903294367694529e-01
1.573857598299681082e-01
1.571307120085015940e-01
1.612539851222106468e-01
1.631243358129649546e-01
1.631243358129649546e-01
1.542486716259298674e-01
1.568119022316684374e-01
1.561317747077577700e-01
1.489691817215727521e-01
1.629968119022316142e-01
1.516471838469714561e-01
1.539426142401701114e-01
1.553453772582359393e-01
1.585334750265674220e-01
1.487778958554729358e-01
1.487778958554729358e-01
1.614452709883106574e-01
1.523485653560044673e-01
1.549628055260362791e-01
1.541339001062699277e-01
1.581296493092456124e-01
1.487778958554729358e-01
1.501168969181720936e-01
1.519022316684379426e-01
1.486291179596174461e-01
1.573857598299681082e-01
1.571307120085015940e-01
1.487778958554729358e-01
1.496705632306057632e-01
1.514558979808716122e-01
1.541976620616365978e-01
1.521360255047822796e-01
1.561317747077577700e-01
1.487778958554729358e-01
1.492242295430392662e-01
1.510095642933051152e-01
1.527948990435707699e-01
1.478852284803401085e-01
1.471200850159406215e-01
1.487778958554729358e-01
1.487778958554729358e-01
1.505632306057387848e-01
1.477577045696069624e-01
1.486078639744952690e-01
1.473113708820404377e-01
1.487778958554729358e-01
1.487778958554729358e-01
1.501168969181722879e-01
1.478852284803401085e-01
1.473751328374071079e-01
1.468650371944741073e-01
1.487778958554729358e-01
1.487778958554729358e-01
1.485228480340064494e-01
1.480127523910734488e-01
1.475026567481402540e-01
1.469925611052072811e-01
1.469287991498407775e-01
1.487778958554729358e-01
1.486078639744952690e-01
1.481402763018065949e-01
1.476301806588735943e-01
1.471200850159406215e-01
1.466099893730074266e-01
1.462699256110520929e-01
1.487778958554729358e-01
1.482678002125399352e-01
1.477577045696069624e-01
1.472476089266737675e-01
1.467375132837407670e-01
1.465462274176409507e-01
1.453560042507971162e-01
1.483953241232731091e-01
1.478852284803401085e-01
1.473751328374071079e-01
1.468650371944741073e-01
1.438044633368755765e-01
1.458448459086079396e-01
1.485228480340064494e-01
1.477577045696067681e-01
1.475026567481402540e-01
1.423166843783209290e-01
1.464824654622742806e-01
1.446971307120085981e-01
1.486078639744952690e-01
1.479277364505844350e-01
1.476301806588735943e-01
1.471200850159406215e-01
1.466099893730074266e-01
1.443995749202975909e-01
1.455897980871414532e-01
1.455897980871414532e-01
1.477577045696069624e-01
1.417215727948991089e-01
1.429117959617429434e-01
1.441020191285867780e-01
1.452922422954306125e-01
1.455897980871414532e-01
1.475876726886291013e-01
1.473751328374071079e-01
1.468650371944741073e-01
1.438044633368755765e-01
1.449946865037196053e-01
1.455897980871414532e-01
1.455897980871414532e-01
1.464399574920297598e-01
1.417215727948989146e-01
1.435069075451647636e-01
1.446971307120085981e-01
1.455897980871414532e-01
1.422954303931987796e-01
1.455897980871414532e-01
1.420191285866101161e-01
1.432093517534537563e-01
1.443995749202975909e-01
1.455897980871414532e-01
1.455897980871414532e-01
1.401912858660999406e-01
1.417215727948991089e-01
1.429117959617429434e-01
1.441020191285867780e-01
1.452922422954306125e-01
1.362380446333689432e-01
1.379383634431457784e-01
1.409564293304996219e-01
1.426142401700321305e-01
1.438044633368755765e-01
1.434643995749204370e-01
1.369606801275239372e-01
1.375132837407016251e-01
1.392136025504782659e-01
1.417215727948989146e-01
1.435069075451647636e-01
1.446971307120085981e-01
1.455897980871414532e-01
1.370882040382572775e-01
1.387885228480341127e-01
1.414665249734324282e-01
1.363655685441020893e-01
