4.531549144998169854e-01
4.324759838859621452e-01
4.332636560836125583e-01
4.022593458602137240e-01
3.777029044708003491e-01
3.429585598782994293e-01
3.302814322337096486e-01
3.158035890356929443e-01
3.112375693720595971e-01
3.083077443164210507e-01
2.952080457503450384e-01
2.800236639716033871e-01
2.705862467250752523e-01
2.600895850353550642e-01
2.554863791306308252e-01
2.514015268895963828e-01
2.450911344620669841e-01
2.372594867171874955e-01
2.373665380172970685e-01
2.270332704172184357e-01
2.242059892385274145e-01
2.232583035186072040e-01
2.172577964335015155e-01
2.095072823055467159e-01
2.077730512437670207e-01
2.000732456263910608e-01
1.994760120573569051e-01
1.850297208214778943e-01
1.839310364256133701e-01
1.887765163253234402e-01
1.843817787418656484e-01
1.781840718933993817e-01
1.801369129785616308e-01
1.684931120939797966e-01
1.675916274614756007e-01
1.670845423556920895e-01
1.638166605628645078e-01
1.631687184832521509e-01
1.611685494548834585e-01
1.586894667154970517e-01
1.588675099304166227e-01
1.557878130546243023e-01
1.498999915485816348e-01
1.555060991069668053e-01
1.533087303152378955e-01
1.519565033664816989e-01
1.563512409499394629e-01
1.319266416880300052e-01
1.318984702932640696e-01
1.331098402681917259e-01
1.345184100064794330e-01
1.448009690959800033e-01
1.534180353269291863e-01
1.188551145167197065e-01
1.223483674676734273e-01
1.259824773924557162e-01
1.257852776290954988e-01
1.307152717131026265e-01
1.019241062625010907e-01
1.167704313040538178e-01
1.177169901681832526e-01
1.171930022255401604e-01
1.124906330112402514e-01
1.029101050793024691e-01
9.905062399639404103e-02
9.868439586443931988e-02
1.070513001098684081e-01
1.115305518776234933e-01
1.055582161872833796e-01
9.989576583936671250e-02
9.741668309998030573e-02
9.719131194185429146e-02
9.195143251542396701e-02
1.053328450291574903e-01
9.719131194185429146e-02
9.634617009888149508e-02
9.507845733442260583e-02
8.642983914133600676e-02
8.702143843141672830e-02
9.203594669972078868e-02
9.116263346198266726e-02
9.197960391018952797e-02
8.538749753500299300e-02
8.606361100938103581e-02
8.386624221765227871e-02
8.812012282728109991e-02
8.789475166915508564e-02
8.313378595374247559e-02
8.395075640194947508e-02
8.507761219257967134e-02
8.057018903005888633e-02
8.071104600388770423e-02
8.426064174437279675e-02
8.592275403555234281e-02
8.344367129616593604e-02
7.887990534411365440e-02
7.676705073668195489e-02
7.975321858185215051e-02
8.045750345099587919e-02
8.116178832013985767e-02
7.752767839535731897e-02
7.873904837028483650e-02
7.755584979012300484e-02
7.761219257965464025e-02
7.823196326450117255e-02
8.065470321435608270e-02
7.676705073668195489e-02
7.710510747387110120e-02
7.659802236808745113e-02
7.651350818379012986e-02
7.845733442262731172e-02
7.521762402456542984e-02
7.699242189480796916e-02
7.676705073668195489e-02
7.631630842042994023e-02
7.648533678902444399e-02
7.648533678902444399e-02
7.558385215652026201e-02
7.642899399949294736e-02
7.606276586753810132e-02
7.617545144660110845e-02
7.606276586753810132e-02
7.504859565597091220e-02
7.524579541933124061e-02
7.378088289151202295e-02
7.600642307800660469e-02
7.578105191988059042e-02
7.595008028847509418e-02
7.521762402456542984e-02
7.409076823393523359e-02
7.248499873228719803e-02
7.479505310307908716e-02
7.087922923063928737e-02
7.566836634081758328e-02
7.504859565597091220e-02
7.437248218159274449e-02
7.240048454798987676e-02
7.242865594275581242e-02
7.059751528298163770e-02
7.214694199509817663e-02
7.437248218159286939e-02
7.240048454799000166e-02
7.287939825900784097e-02
7.172437107361195885e-02
7.254134152181881956e-02
6.907625996563092341e-02
6.761134743781170575e-02
7.273854128517902307e-02
7.225962757416118376e-02
7.194974223173784822e-02
7.014677296672960916e-02
6.944248809758575558e-02
7.456968194495307289e-02
7.287939825900784097e-02
7.051300109868431643e-02
6.994957320336940565e-02
6.986505901907197336e-02
6.930163112375693768e-02
6.834380370172137009e-02
7.307659802236804447e-02
7.144265712595432305e-02
7.183705665267484108e-02
7.056934388821595183e-02
6.899174578133372704e-02
6.820294672789255219e-02
7.380905428627770881e-02
7.141448573118862331e-02
6.882271741273909837e-02
6.842831788601856646e-02
6.918894554469393054e-02
6.840014649125288060e-02
6.761134743781170575e-02
6.761134743781170575e-02
6.938614530805413405e-02
6.780854720117190926e-02
6.685071977913634167e-02
6.831563230695555933e-02
6.780854720117190926e-02
6.761134743781170575e-02
6.609009212046086656e-02
6.642814885765001287e-02
6.676620559483902040e-02
6.879454601797327373e-02
6.789306138546921665e-02
6.583654956756902765e-02
6.651266304194719536e-02
6.708735949516836383e-02
6.668169141054171301e-02
6.662534862101020250e-02
6.803391835929804843e-02
6.541397864608269885e-02
6.620277769952387370e-02
6.625912048905537033e-02
6.659717722624451663e-02
6.648449164718150950e-02
6.639997746288418823e-02
6.549849283038000625e-02
6.504775051412797771e-02
6.617460630475817396e-02
6.578020677803765592e-02
6.634363467335269160e-02
6.549849283038000625e-02
6.549849283038000625e-02
6.499140772459648108e-02
6.609009212046086656e-02
6.642814885765001287e-02
6.549849283038000625e-02
6.549849283038000625e-02
6.549849283038000625e-02
6.516043609319098484e-02
6.397723751302929196e-02
6.296306730146210284e-02
6.606192072569516682e-02
6.549849283038000625e-02
6.532946446178550248e-02
6.532946446178550248e-02
6.423078006592099209e-02
6.321660985435392788e-02
6.411809448685798496e-02
6.549849283038000625e-02
6.527312167225399198e-02
6.549849283038000625e-02
6.448432261881281713e-02
6.347015240724562801e-02
6.549849283038000625e-02
6.473786517170465604e-02
6.521677888272249535e-02
6.544215004084850962e-02
6.473786517170465604e-02
6.372369496013746692e-02
6.192072569512910296e-02
6.225878243231824927e-02
6.516043609319098484e-02
6.538580725131699911e-02
6.499140772459648108e-02
6.392089472349778145e-02
6.296306730146210284e-02
6.132912640504837448e-02
6.251232498521007430e-02
6.059667014113870320e-02
6.513226469842517408e-02
6.352649519677713852e-02
6.231512522184975283e-02
6.220243964278662080e-02
6.073752711496752804e-02
6.107558385215642455e-02
6.549849283038000625e-02
6.403358030256066369e-02
6.318843845958811711e-02
6.172352593176889946e-02
6.093472687832772461e-02
6.155449756317426385e-02
5.921627179761668192e-02
6.341380961771425628e-02
6.330112403865124915e-02
6.192072569512910296e-02
6.113192664168805301e-02
6.034312758824687817e-02
5.854015832323851420e-02
6.437163703974980999e-02
6.290672451193060621e-02
6.211792545848942443e-02
6.132912640504837448e-02
6.054032735160719964e-02
5.851198692847282834e-02
6.358283798630876005e-02
6.296306730146210284e-02
6.231512522184975283e-02
6.152632616840857799e-02
6.073752711496752804e-02
5.876552948136465337e-02
5.775135926979746426e-02
5.797673042792347853e-02
5.820210158604949280e-02
6.104741245739073174e-02
6.003324224582354263e-02
5.901907203425636045e-02
5.800490182268929623e-02
5.792038763839197496e-02
6.192072569512910296e-02
6.192072569512910296e-02
6.028678479871537460e-02
5.927261458714818548e-02
5.825844437558099637e-02
5.786404484886047139e-02
5.808941600698648566e-02
6.042764177254419250e-02
6.054032735160719964e-02
5.952615714004001746e-02
5.851198692847282834e-02
5.780770205932896783e-02
5.803307321745498210e-02
5.901907203425648535e-02
6.079386990449890671e-02
5.977969969293184249e-02
5.876552948136465337e-02
5.775135926979746426e-02
5.775135926979746426e-02
5.775135926979746426e-02
5.969518550863452816e-02
6.003324224582354263e-02
5.817393019128368203e-02
5.800490182268929623e-02
5.792038763839197496e-02
5.775135926979746426e-02
5.775135926979746426e-02
5.859650111277001777e-02
5.927261458714818548e-02
5.825844437558099637e-02
5.775135926979746426e-02
5.775135926979746426e-02
5.775135926979746426e-02
5.775135926979746426e-02
5.521593374087956085e-02
5.851198692847282834e-02
5.780770205932896783e-02
5.775135926979746426e-02
5.775135926979746426e-02
5.932895737667968905e-02
5.620193255768093227e-02
5.775135926979746426e-02
5.775135926979746426e-02
5.775135926979746426e-02
5.775135926979746426e-02
5.775135926979746426e-02
5.775135926979746426e-02
5.521593374087956085e-02
5.775135926979746426e-02
5.775135926979746426e-02
5.775135926979746426e-02
5.775135926979746426e-02
5.352565005493420403e-02
5.470884863509590385e-02
5.724427416401380725e-02
5.775135926979746426e-02
5.775135926979746426e-02
5.775135926979746426e-02
5.296222215961916835e-02
5.420176352931237174e-02
5.623010395244674997e-02
5.775135926979746426e-02
5.775135926979746426e-02
5.775135926979746426e-02
5.239879426430413267e-02
5.465250584556440028e-02
5.572301884666321786e-02
5.775135926979746426e-02
5.775135926979746426e-02
5.775135926979746426e-02
5.183536636898897210e-02
5.318759331774518262e-02
5.521593374087956085e-02
5.724427416401393215e-02
5.775135926979746426e-02
5.775135926979746426e-02
5.065216778882727228e-02
5.268050821196165051e-02
5.470884863509590385e-02
5.673718905823027514e-02
5.775135926979746426e-02
4.896188410288204729e-02
5.070851057835877584e-02
5.217342310617799350e-02
5.420176352931237174e-02
5.623010395244674997e-02
5.775135926979746426e-02
5.775135926979746426e-02
5.775135926979746426e-02
5.166633800039446139e-02
5.369467842352871473e-02
5.572301884666321786e-02
5.775135926979746426e-02
5.730061695354531082e-02
4.958165478772858653e-02
5.115925289461092929e-02
5.318759331774518262e-02
5.521593374087956085e-02
5.724427416401393215e-02
5.741330253260844285e-02
4.862382736569290098e-02
5.065216778882727228e-02
5.268050821196165051e-02
5.470884863509590385e-02
5.493421979322204302e-02
5.752598811167144999e-02
4.811674225990936887e-02
5.014508268304361527e-02
5.217342310617799350e-02
5.420176352931237174e-02
5.352565005493432893e-02
4.546863115192832649e-02
4.789137110178335460e-02
4.963799757726009010e-02
5.166633800039446139e-02
5.369467842352871473e-02
