4.340198321891685640e-01
3.739511823035850391e-01
3.935926773455376559e-01
3.339054157131958744e-01
3.302822273073989789e-01
3.009153318077803507e-01
2.993897787948132105e-01
2.797482837528604827e-01
2.742181540808542595e-01
2.551487414187642022e-01
2.406559877955758708e-01
2.389397406559876924e-01
2.406559877955758708e-01
2.238749046529366071e-01
2.090007627765065046e-01
2.099847444698700882e-01
2.070938215102974822e-01
2.040427154843631463e-01
1.998474446987032194e-01
1.939359267734554193e-01
1.918382913806255252e-01
1.834477498093058379e-01
1.876430205949656260e-01
1.817315026697177982e-01
1.876430205949656260e-01
1.752479023646071332e-01
1.792524790236460497e-01
1.716247139588100712e-01
1.762013729977115750e-01
1.670480549199084286e-01
1.666666666666665741e-01
1.649504195270785345e-01
1.666666666666665741e-01
1.566514111365369388e-01
1.559877955758962598e-01
1.510297482837527627e-01
1.544622425629290918e-01
1.481693363844394373e-01
1.487414187643021357e-01
1.446681922196794701e-01
1.487414187643021357e-01
1.439740655987795104e-01
1.487414187643021357e-01
1.403508771929824483e-01
1.487414187643021357e-01
1.342486651411136378e-01
1.411136536994661572e-01
1.348512585812356446e-01
1.369183829138062580e-01
1.275743707093822399e-01
1.369183829138062580e-01
1.262395118230358049e-01
1.167048054919909428e-01
1.252860411899313631e-01
1.155606407322654905e-01
1.209000762776507171e-01
1.155606407322654905e-01
1.216628527841343010e-01
1.155606407322654905e-01
1.209000762776507171e-01
1.155606407322654905e-01
1.197559115179252787e-01
1.155606407322654905e-01
1.153699466056446327e-01
1.060259344012204896e-01
1.168954996186116618e-01
1.060259344012204896e-01
1.121281464530891614e-01
1.060259344012204896e-01
1.106025934401221322e-01
1.060259344012204896e-01
1.083447749809305222e-01
1.060259344012204896e-01
1.056445461479786352e-01
1.060259344012204896e-01
1.043096872616324639e-01
1.003051106025935474e-01
1.048817696414951761e-01
9.572845156369190478e-02
1.014492753623188470e-01
9.572845156369190478e-02
1.001144164759725508e-01
9.572845156369190478e-02
9.916094584286809510e-02
9.572845156369190478e-02
9.897025171624709849e-02
9.572845156369190478e-02
9.725400457665907272e-02
9.572845156369190478e-02
9.572845156369190478e-02
9.572845156369190478e-02
9.553775743707103307e-02
9.572845156369190478e-02
9.496567505720832081e-02
9.420289855072473684e-02
9.496567505720832081e-02
9.420289855072473684e-02
9.496567505720832081e-02
9.420289855072473684e-02
9.439359267734559467e-02
9.420289855072473684e-02
9.420289855072473684e-02
9.420289855072473684e-02
9.324942791762015626e-02
9.420289855072473684e-02
9.324942791762015626e-02
9.420289855072473684e-02
9.363081617086201069e-02
9.420289855072473684e-02
9.324942791762015626e-02
9.420289855072473684e-02
9.267734553775756889e-02
9.305873379099928455e-02
9.324942791762015626e-02
9.191456903127384614e-02
9.248665141113657229e-02
9.420289855072473684e-02
9.191456903127384614e-02
9.191456903127384614e-02
9.181540808543094123e-02
9.228070175438565781e-02
9.191456903127384614e-02
9.077040427154840774e-02
8.886346300533937148e-02
9.077040427154840774e-02
9.134248665141112000e-02
9.077040427154840774e-02
8.943554538520209762e-02
9.077040427154840774e-02
8.829138062547665922e-02
9.077040427154840774e-02
9.038901601830653942e-02
9.077040427154840774e-02
8.771929824561393307e-02
9.077040427154840774e-02
8.829138062547665922e-02
9.077040427154840774e-02
8.771929824561393307e-02
9.077040427154840774e-02
8.714721586575120693e-02
9.077040427154840774e-02
8.714721586575120693e-02
9.077040427154840774e-02
8.714721586575120693e-02
8.962623951182309423e-02
8.638443935926776174e-02
8.962623951182309423e-02
8.752860411899307524e-02
9.077040427154840774e-02
8.647597254004571465e-02
8.352402745995428368e-02
8.714721586575120693e-02
8.962623951182309423e-02
8.657513348588861957e-02
8.352402745995428368e-02
8.638443935926776174e-02
8.352402745995428368e-02
8.638443935926790052e-02
8.352402745995428368e-02
8.657513348588861957e-02
8.352402745995428368e-02
8.638443935926776174e-02
8.352402745995428368e-02
8.409610983981687105e-02
8.352402745995428368e-02
8.371472158657528029e-02
8.352402745995428368e-02
8.352402745995428368e-02
8.352402745995428368e-02
8.581235697940517437e-02
8.352402745995428368e-02
8.352402745995428368e-02
8.352402745995428368e-02
8.285278413424865263e-02
8.352402745995428368e-02
8.333333333333328707e-02
8.352402745995428368e-02
8.276125095347069971e-02
8.352402745995428368e-02
8.276125095347069971e-02
8.352402745995428368e-02
8.276125095347069971e-02
8.352402745995428368e-02
8.237986270022898405e-02
8.352402745995428368e-02
8.199847444698711574e-02
8.352402745995428368e-02
8.237986270022898405e-02
8.352402745995428368e-02
8.199847444698711574e-02
8.352402745995428368e-02
8.237986270022898405e-02
8.199847444698711574e-02
8.199847444698711574e-02
8.352402745995428368e-02
8.199847444698711574e-02
8.199847444698711574e-02
8.123569794050339299e-02
8.047292143401980902e-02
8.199847444698711574e-02
8.199847444698697696e-02
8.199847444698711574e-02
8.047292143401980902e-02
8.123569794050339299e-02
8.199847444698697696e-02
8.199847444698711574e-02
8.047292143401980902e-02
8.123569794050353177e-02
8.047292143401980902e-02
8.123569794050353177e-02
8.047292143401980902e-02
8.047292143401980902e-02
8.199847444698697696e-02
8.047292143401980902e-02
8.047292143401980902e-02
8.047292143401980902e-02
8.047292143401980902e-02
8.047292143401980902e-02
8.047292143401980902e-02
8.047292143401980902e-02
8.047292143401980902e-02
8.047292143401980902e-02
8.047292143401980902e-02
8.047292143401980902e-02
8.047292143401980902e-02
8.047292143401980902e-02
8.047292143401980902e-02
8.047292143401980902e-02
8.047292143401980902e-02
8.047292143401980902e-02
8.047292143401980902e-02
7.437070938215113725e-02
8.047292143401980902e-02
7.494279176201372461e-02
8.047292143401980902e-02
8.047292143401980902e-02
8.047292143401980902e-02
8.047292143401980902e-02
8.047292143401980902e-02
7.246376811594211487e-02
8.047292143401980902e-02
7.856598016781078664e-02
8.047292143401980902e-02
7.780320366132720267e-02
8.047292143401980902e-02
7.189168573607924995e-02
8.047292143401980902e-02
7.246376811594211487e-02
8.047292143401980902e-02
7.093821510297480815e-02
8.047292143401980902e-02
7.246376811594211487e-02
8.047292143401980902e-02
7.093821510297480815e-02
8.047292143401980902e-02
7.093821510297480815e-02
7.513348588863459632e-02
7.106025934401204169e-02
8.047292143401980902e-02
7.093821510297480815e-02
8.047292143401980902e-02
7.093821510297480815e-02
8.047292143401980902e-02
7.093821510297480815e-02
6.674294431731503385e-02
7.093821510297480815e-02
7.513348588863459632e-02
7.093821510297480815e-02
6.674294431731503385e-02
7.093821510297480815e-02
6.674294431731503385e-02
7.093821510297480815e-02
6.140350877192980728e-02
7.093821510297480815e-02
6.140350877192980728e-02
7.093821510297480815e-02
6.140350877192980728e-02
6.845919145690319840e-02
6.140350877192980728e-02
6.407322654462241363e-02
6.140350877192980728e-02
6.922196796338664360e-02
6.140350877192980728e-02
6.845919145690319840e-02
6.140350877192980728e-02
6.750572082379847905e-02
6.140350877192980728e-02
6.922196796338664360e-02
6.140350877192980728e-02
6.934401220442387714e-02
6.140350877192980728e-02
6.655225019069403725e-02
6.140350877192980728e-02
6.407322654462241363e-02
6.140350877192980728e-02
6.159420289855080388e-02
6.140350877192980728e-02
6.140350877192980728e-02
6.140350877192980728e-02
6.140350877192980728e-02
6.140350877192980728e-02
6.159420289855080388e-02
6.140350877192980728e-02
6.159420289855080388e-02
6.140350877192980728e-02
6.235697940503424908e-02
6.140350877192980728e-02
6.140350877192980728e-02
6.140350877192980728e-02
6.140350877192980728e-02
6.140350877192980728e-02
6.140350877192980728e-02
6.140350877192980728e-02
6.140350877192980728e-02
6.140350877192980728e-02
6.140350877192980728e-02
6.140350877192980728e-02
6.140350877192980728e-02
6.140350877192980728e-02
6.140350877192980728e-02
6.140350877192980728e-02
6.140350877192980728e-02
6.140350877192980728e-02
6.140350877192980728e-02
6.140350877192980728e-02
6.140350877192980728e-02
6.140350877192980728e-02
6.140350877192980728e-02
6.140350877192980728e-02
6.140350877192980728e-02
6.140350877192980728e-02
6.140350877192980728e-02
6.140350877192980728e-02
6.140350877192980728e-02
6.140350877192980728e-02
6.140350877192980728e-02
6.140350877192980728e-02
6.140350877192980728e-02
6.140350877192980728e-02
6.140350877192980728e-02
6.140350877192980728e-02
5.892448512585819059e-02
6.140350877192980728e-02
6.140350877192980728e-02
6.140350877192980728e-02
6.140350877192980728e-02
6.140350877192980728e-02
6.140350877192980728e-02
6.140350877192980728e-02
6.140350877192980728e-02
6.140350877192980728e-02
5.892448512585819059e-02
6.140350877192980728e-02
6.124332570556807742e-02
6.140350877192980728e-02
5.892448512585819059e-02
6.140350877192980728e-02
6.140350877192980728e-02
6.140350877192980728e-02
5.757437070938184465e-02
6.140350877192980728e-02
5.892448512585819059e-02
6.140350877192980728e-02
5.968726163234164273e-02
6.140350877192980728e-02
5.892448512585819059e-02
6.140350877192980728e-02
5.720823798627002604e-02
6.140350877192980728e-02
5.720823798627002604e-02
6.140350877192980728e-02
5.968726163234164273e-02
6.140350877192980728e-02
5.720823798627002604e-02
5.644546147978644207e-02
5.720823798627002604e-02
5.644546147978644207e-02
5.720823798627002604e-02
6.140350877192980728e-02
5.720823798627002604e-02
6.140350877192980728e-02
5.968726163234164273e-02
6.140350877192980728e-02
5.720823798627002604e-02
6.140350877192980728e-02
5.720823798627002604e-02
5.797101449275361001e-02
5.720823798627002604e-02
5.301296720061024481e-02
5.720823798627002604e-02
5.301296720061024481e-02
5.720823798627002604e-02
5.797101449275361001e-02
5.720823798627002604e-02
6.140350877192980728e-02
