5.801716350496839425e-01
5.083739837398374428e-01
5.112917795844624802e-01
4.465130984643178036e-01
4.593495934959348492e-01
4.150858175248421378e-01
4.342818428184282431e-01
3.817750677506775436e-01
4.141824751580848174e-01
3.500451671183376634e-01
3.346883468834688236e-01
3.354787714543813193e-01
3.218157181571815739e-01
3.089430894308944353e-01
3.150406504065039748e-01
2.855691056910569792e-01
2.940379403794038393e-01
2.773261065943992687e-01
2.678410117434507631e-01
2.586946702800362319e-01
2.678410117434507631e-01
2.485501355013550184e-01
2.472899728997290658e-01
2.357723577235773527e-01
2.384823848238481203e-01
2.231436314363143825e-01
2.369015356820233786e-01
2.184959349593496858e-01
2.357723577235771861e-01
2.078816621499547934e-01
2.357723577235771861e-01
2.020099367660341816e-01
2.219963866305330880e-01
1.961382113821140416e-01
2.219963866305330880e-01
1.916214995483287997e-01
2.129629629629631038e-01
1.802168021680216059e-01
1.614724480578140220e-01
1.727642276422763912e-01
1.702800361336948010e-01
1.719738030713640897e-01
1.580849141824751669e-01
1.663279132791329884e-01
1.580849141824751669e-01
1.578590785907859617e-01
1.463414634146340820e-01
1.467931345980126312e-01
1.463414634146340820e-01
1.481255645889793249e-01
1.355013550135501232e-01
1.411472448057813911e-01
1.355013550135501232e-01
1.368563685636856875e-01
1.262420957542909616e-01
1.355013550135499845e-01
1.246612466124660257e-01
1.254516711833784937e-01
1.154019873532068502e-01
1.254516711833784937e-01
1.154019873532068502e-01
1.196160794941282246e-01
1.154019873532068502e-01
1.224028906955736545e-01
1.154019873532068502e-01
1.176603432700993879e-01
1.086269196025294037e-01
1.135953026196928894e-01
1.086269196025294037e-01
1.123532068654020111e-01
1.086269196025294037e-01
1.135953026196928894e-01
1.086269196025294037e-01
1.088527551942187754e-01
1.086269196025294037e-01
1.064814814814813992e-01
1.036585365853657653e-01
1.048961156278228612e-01
1.029810298102981497e-01
1.046928635953025266e-01
1.036585365853657653e-01
1.033197831978320408e-01
9.801264679313451134e-02
1.029810298102981497e-01
9.801264679313451134e-02
1.023035230352303815e-01
9.801264679313451134e-02
1.022086720867209503e-01
9.801264679313451134e-02
9.993224932249315795e-02
9.801264679313451134e-02
9.936766034327022823e-02
9.801264679313451134e-02
9.914182475158085650e-02
9.733514001806689575e-02
9.767389340560078681e-02
9.733514001806689575e-02
9.767389340560078681e-02
9.733514001806689575e-02
9.767389340560078681e-02
9.733514001806689575e-02
9.767389340560078681e-02
9.733514001806689575e-02
9.688346883468831883e-02
9.733514001806689575e-02
9.643179765130990844e-02
9.733514001806689575e-02
9.643179765130990844e-02
9.733514001806689575e-02
9.598012646793134539e-02
9.733514001806689575e-02
9.598012646793134539e-02
9.733514001806689575e-02
9.564137308039762086e-02
9.733514001806689575e-02
9.530261969286356327e-02
9.552845528455293500e-02
9.451219512195126182e-02
9.394760614272817945e-02
9.564137308039762086e-02
9.575429087624214020e-02
9.473803071364063355e-02
9.394760614272817945e-02
9.394760614272817945e-02
9.394760614272817945e-02
9.451219512195126182e-02
9.394760614272817945e-02
9.236675700090342389e-02
9.394760614272817945e-02
9.089882565492318767e-02
9.394760614272817945e-02
9.067299006323398247e-02
9.394760614272817945e-02
8.999548328816636689e-02
9.394760614272817945e-02
9.089882565492318767e-02
9.394760614272817945e-02
9.089882565492318767e-02
9.394760614272817945e-02
9.067299006323398247e-02
9.394760614272817945e-02
8.976964769647716169e-02
9.349593495934960252e-02
8.954381210478778996e-02
9.394760614272817945e-02
8.976964769647716169e-02
9.394760614272817945e-02
8.864046973803080265e-02
8.559168925022581087e-02
8.976964769647716169e-02
8.604336043360438779e-02
8.954381210478778996e-02
8.559168925022581087e-02
8.909214092140921304e-02
8.559168925022581087e-02
8.818879855465223960e-02
8.559168925022581087e-02
8.705962059620589444e-02
8.559168925022581087e-02
8.649503161698279818e-02
8.559168925022581087e-02
8.615627822944890712e-02
8.559168925022581087e-02
8.344625112917795906e-02
8.559168925022581087e-02
8.501806684733484443e-02
8.559168925022581087e-02
8.423667570009026051e-02
8.559168925022581087e-02
8.423667570009026051e-02
8.559168925022581087e-02
8.344625112917795906e-02
8.559168925022581087e-02
8.344625112917795906e-02
8.559168925022581087e-02
8.322041553748860121e-02
8.559168925022581087e-02
8.344625112917795906e-02
8.084914182475154421e-02
8.209123757904257523e-02
8.559168925022581087e-02
8.325654923215879133e-02
8.559168925022581087e-02
8.325654923215879133e-02
8.084914182475154421e-02
8.322041553748860121e-02
8.559168925022581087e-02
8.186540198735320351e-02
8.160794941282677184e-02
8.186540198735320351e-02
8.084914182475154421e-02
7.983288166215003756e-02
8.288166214995486281e-02
8.186540198735320351e-02
7.813911472448059614e-02
8.118789521228543526e-02
7.813911472448059614e-02
7.983288166215003756e-02
7.813911472448059614e-02
7.983288166215003756e-02
7.813911472448059614e-02
7.971996386630535170e-02
7.813911472448059614e-02
7.971996386630535170e-02
7.813911472448059614e-02
7.983288166215003756e-02
7.813911472448059614e-02
7.983288166215003756e-02
7.813911472448059614e-02
7.915537488708225544e-02
7.813911472448059614e-02
7.881662149954837826e-02
7.813911472448059614e-02
7.813911472448059614e-02
7.813911472448059614e-02
7.813911472448059614e-02
7.813911472448059614e-02
7.847786811201448720e-02
7.813911472448059614e-02
7.813911472448059614e-02
7.813911472448059614e-02
7.813911472448059614e-02
7.813911472448059614e-02
7.813911472448059614e-02
7.813911472448059614e-02
7.813911472448059614e-02
7.813911472448059614e-02
7.813911472448059614e-02
7.813911472448059614e-02
7.757452574525749989e-02
7.813911472448059614e-02
7.813911472448059614e-02
7.813911472448059614e-02
7.813911472448059614e-02
7.813911472448059614e-02
7.542908762420964808e-02
7.813911472448059614e-02
7.813911472448059614e-02
7.813911472448059614e-02
7.746160794941281402e-02
7.813911472448059614e-02
7.734869015356814204e-02
7.813911472448059614e-02
7.542908762420964808e-02
7.813911472448059614e-02
7.542908762420964808e-02
7.407407407407409772e-02
7.542908762420964808e-02
7.813911472448059614e-02
7.542908762420964808e-02
7.813911472448059614e-02
7.542908762420964808e-02
7.407407407407409772e-02
7.542908762420964808e-02
7.407407407407409772e-02
7.542908762420964808e-02
7.678410117434504578e-02
7.542908762420964808e-02
7.271906052393854736e-02
7.542908762420964808e-02
7.678410117434504578e-02
7.542908762420964808e-02
7.407407407407409772e-02
7.475158084914187984e-02
7.271906052393854736e-02
7.542908762420964808e-02
7.271906052393854736e-02
7.475158084914187984e-02
7.271906052393854736e-02
7.475158084914187984e-02
7.271906052393854736e-02
7.429990966576330291e-02
7.271906052393854736e-02
7.475158084914187984e-02
7.271906052393854736e-02
7.475158084914187984e-02
7.271906052393854736e-02
7.271906052393854736e-02
7.271906052393854736e-02
7.271906052393854736e-02
7.271906052393854736e-02
7.271906052393854736e-02
7.271906052393854736e-02
7.362240289069552079e-02
7.271906052393854736e-02
7.271906052393854736e-02
7.271906052393854736e-02
7.362240289069552079e-02
7.271906052393854736e-02
7.362240289069552079e-02
7.271906052393854736e-02
7.271906052393854736e-02
7.271906052393854736e-02
7.271906052393854736e-02
7.271906052393854736e-02
7.271906052393854736e-02
7.271906052393854736e-02
7.271906052393854736e-02
7.271906052393854736e-02
7.271906052393854736e-02
7.271906052393854736e-02
7.158988256549235485e-02
7.271906052393854736e-02
7.271906052393854736e-02
7.271906052393854736e-02
7.271906052393854736e-02
7.271906052393854736e-02
7.271906052393854736e-02
7.271906052393854736e-02
7.046070460704600968e-02
7.271906052393854736e-02
7.271906052393854736e-02
7.271906052393854736e-02
7.158988256549235485e-02
7.271906052393854736e-02
7.113821138211379180e-02
7.271906052393854736e-02
7.113821138211379180e-02
7.271906052393854736e-02
7.113821138211379180e-02
7.271906052393854736e-02
7.113821138211379180e-02
7.271906052393854736e-02
7.249322493224917563e-02
7.271906052393854736e-02
7.113821138211379180e-02
7.271906052393854736e-02
6.933152664859981718e-02
7.271906052393854736e-02
7.057362240289069555e-02
7.271906052393854736e-02
7.249322493224917563e-02
7.271906052393854736e-02
7.271906052393854736e-02
7.271906052393854736e-02
6.933152664859981718e-02
7.271906052393854736e-02
7.000903342366759929e-02
7.271906052393854736e-02
6.933152664859981718e-02
6.820234869015347201e-02
6.933152664859981718e-02
7.271906052393854736e-02
6.933152664859981718e-02
7.271906052393854736e-02
7.046070460704600968e-02
7.271906052393854736e-02
6.933152664859981718e-02
7.271906052393854736e-02
6.933152664859981718e-02
7.046070460704600968e-02
6.933152664859981718e-02
7.046070460704600968e-02
6.933152664859981718e-02
7.271906052393854736e-02
6.933152664859981718e-02
7.271906052393854736e-02
6.933152664859981718e-02
7.046070460704600968e-02
6.933152664859981718e-02
6.820234869015347201e-02
6.933152664859981718e-02
6.820234869015347201e-02
6.933152664859981718e-02
6.594399277326094821e-02
6.933152664859981718e-02
6.594399277326094821e-02
6.933152664859981718e-02
7.046070460704600968e-02
6.933152664859981718e-02
7.046070460704600968e-02
6.820234869015347201e-02
6.594399277326094821e-02
6.933152664859981718e-02
6.594399277326094821e-02
6.933152664859981718e-02
6.820234869015347201e-02
6.885727190605238357e-02
6.594399277326094821e-02
6.876693766937673480e-02
6.594399277326094821e-02
6.933152664859981718e-02
6.594399277326094821e-02
6.763775971093038963e-02
6.594399277326094821e-02
6.661698283649494789e-02
7.046070460704600968e-02
6.876693766937673480e-02
6.594399277326094821e-02
6.876693766937673480e-02
6.594399277326094821e-02
6.820234869015347201e-02
6.594399277326094821e-02
6.820234869015347201e-02
6.594399277326094821e-02
