4.519536997678450518e-01
4.332472288526307280e-01
4.332465748945490969e-01
3.813608867671582914e-01
3.532354576071672914e-01
3.286433639603700274e-01
3.242945427198116182e-01
3.143739986266880782e-01
2.919922832946407198e-01
2.802700846875716412e-01
2.677892947062091022e-01
2.598665925514173081e-01
2.509891115979466791e-01
2.427328908216983550e-01
2.338227119641631269e-01
2.296766177288036004e-01
2.291436418925545393e-01
2.221659091652223861e-01
2.166236144263154473e-01
2.075499460484582781e-01
2.034300101363503976e-01
1.957787005852924533e-01
1.872608965765295008e-01
1.850047411960892840e-01
1.848085537717032156e-01
1.852434358957590066e-01
1.814733675571394977e-01
1.668737533924075089e-01
1.656802798940587573e-01
1.646339469639995501e-01
1.644214105875814735e-01
1.607101984762777658e-01
1.594016283556221047e-01
1.536311022463459075e-01
1.538599875747963808e-01
1.520943007553215709e-01
1.533531700617989935e-01
1.537782428146354241e-01
1.507863845927475965e-01
1.489553019651440602e-01
1.501814733675570779e-01
1.459143968871595420e-01
1.448844129091326205e-01
1.402576594840270474e-01
1.397181440669652275e-01
1.459196285518095659e-01
1.348788542654416056e-01
1.366445410849164432e-01
1.324958310172316966e-01
1.347480626491842359e-01
1.349004348821240540e-01
1.337344276231894336e-01
1.341758493280581499e-01
1.266546774351763327e-01
1.295654448549847237e-01
1.284739888173167810e-01
1.308733610175586981e-01
1.289932315338586377e-01
1.230258640421148242e-01
1.240394990681096127e-01
1.248569466697184716e-01
1.231893535624366265e-01
1.241866396363991293e-01
1.236144263152730433e-01
1.219304842559590513e-01
1.230912598502435090e-01
1.220710852434358090e-01
1.215498806526501135e-01
1.205244743811920982e-01
1.181865742405910497e-01
1.203982604715037874e-01
1.222084164405061041e-01
1.123499983651049111e-01
1.154562992512181280e-01
1.154072523951214374e-01
1.166170748455022943e-01
1.191838603145538578e-01
1.090802079586698919e-01
1.109766863944022380e-01
1.119739724683647547e-01
1.133799823431316939e-01
1.156688356276362045e-01
1.150874668933719730e-01
1.089003694863158039e-01
1.085570414936402051e-01
1.114508060033350678e-01
1.119085766602360560e-01
1.086714841578654556e-01
1.079684792204818333e-01
1.087368799659941404e-01
1.077886407481281894e-01
1.068404015302617943e-01
1.099140045123107451e-01
1.077232449399993519e-01
1.075270575156131309e-01
1.070856358107445672e-01
1.062681882091358471e-01
1.067259588660365438e-01
1.040963934211816683e-01
1.072491253310662307e-01
1.062681882091358471e-01
1.064316777294576494e-01
1.062845371611679940e-01
1.056632769839453423e-01
1.034234705555373973e-01
1.027695124742503408e-01
1.059412091684922425e-01
1.061700944969427435e-01
1.060229539286532269e-01
1.054507406075271270e-01
1.031945852270869102e-01
1.018539711604486558e-01
1.057286727920740410e-01
1.059248602164601094e-01
1.054997874636235400e-01
1.055978811758165048e-01
1.032436320831834620e-01
1.013308046954189690e-01
9.989209691658761103e-02
9.881306608246397116e-02
1.055161364156556730e-01
1.054507406075269882e-01
1.036196579799233269e-01
1.017885753523198183e-01
9.974495634829809443e-02
9.804466533695181674e-02
1.053689958473661564e-01
1.054670895595592739e-01
1.040774286368243151e-01
1.020174606807703055e-01
1.000555864369092607e-01
9.825720171337017084e-02
1.053526468953340234e-01
1.050420168067227045e-01
1.044044076774677809e-01
1.023771376254780374e-01
1.005460549978745288e-01
9.840434228165968744e-02
9.673674917437782850e-02
1.050420168067227045e-01
1.047313867181113717e-01
1.023019324461301172e-01
1.007749403263250160e-01
9.887846189059280866e-02
9.724356668737522968e-02
9.500376025896742349e-02
1.050420168067227045e-01
1.023607886734460432e-01
1.012490599352581372e-01
9.935258149952579110e-02
9.719451983127881667e-02
9.523264558741777186e-02
9.333616715168556455e-02
1.014295523656931763e-01
1.001209822450380982e-01
9.822450380930575209e-02
9.768498839224408481e-02
9.572311414838304000e-02
9.382663571265083269e-02
9.281300068665589154e-02
1.008239871824214290e-01
9.784847791256573446e-02
9.817545695320920029e-02
9.621358270934829426e-02
9.425170846548740211e-02
9.279665173462375849e-02
9.286204754275244333e-02
9.799561848085540372e-02
9.569041624431876003e-02
9.333616715168556455e-02
9.474217702645265637e-02
9.278030278259161157e-02
1.013798515515155207e-01
9.758689468005096734e-02
9.640977013373437654e-02
9.278030278259161157e-02
9.523264558741777186e-02
9.327077134355687971e-02
9.278030278259161157e-02
9.689827682045550061e-02
9.712912402315013183e-02
9.425170846548724946e-02
9.278030278259161157e-02
9.376123990452213397e-02
9.278030278259161157e-02
9.278030278259161157e-02
9.278030278259161157e-02
9.278030278259161157e-02
9.278030278259161157e-02
9.425170846548740211e-02
9.255141745414112442e-02
9.278030278259161157e-02
9.278030278259161157e-02
9.374489095249000092e-02
9.281300068665603031e-02
9.278030278259161157e-02
9.278030278259161157e-02
9.278030278259161157e-02
9.278030278259161157e-02
9.278030278259161157e-02
9.251871955007684445e-02
9.147238662001763720e-02
9.251871955007684445e-02
9.209364679724027503e-02
9.117810548343845134e-02
9.278030278259161157e-02
9.090017329889155118e-02
9.121080338750287009e-02
9.225713631756207733e-02
9.232253212569077605e-02
9.140699081188895236e-02
9.278030278259161157e-02
9.013177255337924410e-02
9.094922015498810297e-02
9.199555308504731022e-02
9.255141745414112442e-02
9.163587614033930073e-02
9.072033482653761582e-02
9.278030278259161157e-02
9.068763692247319708e-02
9.173396985253240432e-02
9.278030278259161157e-02
9.186476146878978788e-02
9.094922015498810297e-02
9.278030278259161157e-02
9.042605368995842996e-02
9.147238662001763720e-02
9.251871955007684445e-02
9.209364679724027503e-02
9.117810548343845134e-02
8.660039891442959659e-02
9.016447045744366284e-02
9.110093842984669232e-02
9.225713631756207733e-02
9.232253212569077605e-02
9.140699081188895236e-02
8.656770101036517784e-02
8.669849262662256140e-02
9.026256416963676643e-02
9.199555308504731022e-02
9.237157898178718907e-02
9.163587614033930073e-02
8.653500310630089787e-02
8.666579472255828143e-02
9.068763692247319708e-02
8.575025340875645774e-02
9.278030278259161157e-02
8.643690939410779428e-02
8.663309681849401533e-02
8.663309681849401533e-02
9.042605368995842996e-02
8.542327436811299191e-02
9.072033482653761582e-02
9.209364679724027503e-02
8.646960729817206037e-02
8.660039891442959659e-02
8.673119053068698014e-02
8.215348396167797274e-02
8.640421149004351431e-02
9.117810548343860400e-02
8.643690939410779428e-02
8.656770101036517784e-02
8.669849262662256140e-02
8.212078605761370664e-02
8.607723244939990970e-02
8.078017199097529966e-02
8.182650492103452078e-02
8.653500310630089787e-02
8.666579472255828143e-02
8.234967138606405501e-02
8.143413007226237010e-02
8.705816957133043210e-02
8.552136808030595672e-02
8.506359742340512120e-02
8.349409802831637972e-02
8.257855671451454216e-02
8.166301540071271847e-02
8.074747408691103356e-02
8.130333845600483389e-02
8.646960729817206037e-02
8.660039891442959659e-02
8.673119053068698014e-02
8.189190072916320562e-02
8.097635941536138193e-02
8.104175522349006677e-02
8.208808815354928790e-02
8.444233724618246950e-02
8.051858875846053254e-02
8.212078605761370664e-02
8.120524474381186908e-02
8.078017199097529966e-02
8.182650492103452078e-02
8.256220776248240911e-02
8.326521269986587870e-02
8.234967138606405501e-02
8.143413007226237010e-02
8.051858875846053254e-02
8.156492168851975366e-02
8.051858875846053254e-02
8.349409802831637972e-02
8.051858875846053254e-02
8.166301540071271847e-02
8.074747408691103356e-02
8.130333845600498655e-02
8.051858875846053254e-02
8.372298335676686687e-02
8.051858875846053254e-02
8.051858875846053254e-02
8.097635941536138193e-02
8.104175522349006677e-02
8.051858875846053254e-02
8.051858875846053254e-02
8.051858875846053254e-02
8.051858875846053254e-02
7.816433966582748971e-02
8.051858875846053254e-02
8.051858875846053254e-02
8.051858875846053254e-02
8.051858875846053254e-02
8.051858875846053254e-02
8.143413007226237010e-02
8.051858875846053254e-02
8.051858875846053254e-02
8.051858875846053254e-02
8.051858875846053254e-02
8.257855671451454216e-02
8.051858875846053254e-02
7.996272438936673221e-02
8.051858875846053254e-02
8.051858875846053254e-02
8.051858875846053254e-02
7.659484027073859558e-02
7.581009057319415545e-02
7.940686002027262658e-02
8.051858875846053254e-02
8.051858875846053254e-02
8.051858875846053254e-02
7.554850734067952711e-02
7.502534087564985410e-02
7.816433966582748971e-02
8.051858875846053254e-02
8.051858875846053254e-02
8.051858875846053254e-02
7.450217441062031987e-02
7.424059117810540009e-02
7.737958996828303571e-02
8.051858875846053254e-02
8.051858875846053254e-02
8.051858875846053254e-02
7.345584148056109874e-02
7.345584148056109874e-02
7.659484027073873436e-02
7.973383906091623119e-02
8.051858875846053254e-02
8.051858875846053254e-02
8.051858875846053254e-02
7.659484027073859558e-02
7.581009057319415545e-02
7.894908936337179106e-02
8.051858875846053254e-02
6.717784390020596630e-02
7.136317562044267038e-02
7.188634208547235727e-02
7.502534087564985410e-02
7.816433966582748971e-02
8.033875028610659719e-02
6.613151097014689783e-02
6.796259359775026765e-02
7.110159238792790326e-02
7.424059117810540009e-02
7.737958996828303571e-02
8.051858875846053254e-02
6.436582415067193530e-02
6.717784390020596630e-02
7.345584148056109874e-02
7.345584148056109874e-02
7.659484027073873436e-02
7.872020403492129004e-02
6.403884511002846947e-02
6.822417683026517354e-02
6.953209299283900913e-02
7.267109178301665862e-02
7.581009057319415545e-02
7.894908936337179106e-02
8.015891181375266183e-02
6.560834450511722482e-02
6.874734329529470778e-02
7.188634208547235727e-02
7.502534087564985410e-02
6.089984631985083385e-02
8.033875028610659719e-02
6.482359480757277082e-02
6.796259359775026765e-02
7.110159238792790326e-02
7.424059117810540009e-02
