4.219576476522459707e-01
4.208933445023914643e-01
4.186008052530602597e-01
3.942360454328459607e-01
3.654353680835157325e-01
3.559416686933103424e-01
3.484998333648589020e-01
3.381342268579816124e-01
3.326848073787841975e-01
3.245342772988892288e-01
3.162464758919483199e-01
3.135965267832213077e-01
3.089736176038767601e-01
3.076715216040207812e-01
3.048071986380955223e-01
3.024119761126272676e-01
2.884139036758812669e-01
2.824060312913773685e-01
2.834418713576709603e-01
2.861710847497319632e-01
2.867115230451895980e-01
2.880085749542878881e-01
2.788211239315084300e-01
2.733356752326135952e-01
2.687549202403148874e-01
2.724079228254114304e-01
2.801938372019707746e-01
2.774721899460462771e-01
2.709937759522972889e-01
2.630673476189189786e-01
2.573026724673710408e-01
2.600408931643561905e-01
2.614370254276217609e-01
2.721827402023039855e-01
2.676700804352328267e-01
2.586447609010905646e-01
2.531953414218933163e-01
2.544743787211429242e-01
2.408967672782626468e-01
2.562264796750167717e-01
2.619594491132312131e-01
2.530602318480285606e-01
2.489258788877780071e-01
2.414498158006141426e-01
2.368831122039973813e-01
2.490519811567181441e-01
2.490519811567181441e-01
2.464578773385215638e-01
2.384161555021121759e-01
2.329649345619298206e-01
2.328388322929895171e-01
2.349555489501980732e-01
2.476378342836041413e-01
2.368470829843001280e-01
2.363606885183882900e-01
2.258311490618888084e-01
2.243341349834715448e-01
2.214806207834552065e-01
2.182019617910126164e-01
2.375586600733192444e-01
2.329198980373081429e-01
2.238009025319533940e-01
2.152205438610711730e-01
2.156528944974375472e-01
2.151394781167525749e-01
2.123111843705244028e-01
2.256780248781760090e-01
2.224714243251275925e-01
2.128696372758307476e-01
2.117167022455211378e-01
2.086902477909584885e-01
2.118968483440069051e-01
2.179407499482077515e-01
2.123562208951457753e-01
2.021329298060726698e-01
2.016645499500093752e-01
2.041055295844928508e-01
2.090685545977792326e-01
1.990884607416613383e-01
1.999711766242421307e-01
1.983858909575664797e-01
1.963592473496001689e-01
1.968366345105879156e-01
1.985119932265066167e-01
1.973230289764999201e-01
1.937020923969340058e-01
1.899190243287305346e-01
1.944226767908772413e-01
1.893785860332728999e-01
1.934859170787504856e-01
1.886219724196320779e-01
1.896488051810017172e-01
1.867293575089396251e-01
1.822988443627779898e-01
1.841723637870311681e-01
1.846407436430947957e-01
1.817223768476234347e-01
1.827492096089929074e-01
1.787859954423038356e-01
1.773808558741141184e-01
1.786418785635149886e-01
1.800109889120076190e-01
1.824519685464909557e-01
1.705353041316509388e-01
1.725709550445411744e-01
1.726430134839355146e-01
1.758352023491043248e-01
1.777231334612371094e-01
1.725860873168138521e-01
1.675268642869366664e-01
1.694003837111900113e-01
1.689320038551264114e-01
1.733095540483331198e-01
1.749128543248574807e-01
1.797227551544304247e-01
1.657524252168509626e-01
1.681213464119399592e-01
1.661577539384440361e-01
1.655092279838949743e-01
1.655092279838949743e-01
1.694003837111900113e-01
1.655092279838949743e-01
1.650408481278316797e-01
1.599066843209839550e-01
1.655092279838949743e-01
1.560155285936893899e-01
1.655092279838949743e-01
1.651849650066205266e-01
1.632123652282000126e-01
1.601498815539402765e-01
1.560421902162651975e-01
1.552409003701997192e-01
1.605822321903060124e-01
1.648607020293459124e-01
1.628070365066069392e-01
1.608074148134137904e-01
1.529890741391267683e-01
1.545923744156509627e-01
1.591050341827222603e-01
1.584565082281736703e-01
1.570243467452103192e-01
1.584384936183244885e-01
1.534304320804172339e-01
1.553399807243671937e-01
1.475302870628080465e-01
1.574026535520307302e-01
1.655092279838949743e-01
1.556372217868689789e-01
1.491879914610747537e-01
1.482152025292509112e-01
1.451527188549912029e-01
1.420902351807313002e-01
1.558353824952039557e-01
1.543221552679221453e-01
1.479449833815224269e-01
1.464317561542412549e-01
1.431260752470250586e-01
1.393970510083675507e-01
1.372713270462347368e-01
1.535475270444324747e-01
1.492960791201661808e-01
1.344015996973544624e-01
1.409729690779220890e-01
1.436214770178614875e-01
1.358571801731202622e-01
1.385863935651812651e-01
1.501517730879738388e-01
1.289215553814146709e-01
1.254252799020006415e-01
1.318489294818098179e-01
1.350555300348582344e-01
1.382621305879068174e-01
1.382621305879068174e-01
1.153385395555795723e-01
1.251528990010896958e-01
1.310472793435479566e-01
1.342538798965963731e-01
1.374244512299477028e-01
1.382621305879068174e-01
1.123210924059412086e-01
1.237693769647182501e-01
1.225894200196356587e-01
1.288585042469450881e-01
1.365867718719884216e-01
1.051332630763559817e-01
1.104295583718399587e-01
1.179956945082463876e-01
1.212473315859161627e-01
1.272912331901171756e-01
1.344790625197033462e-01
1.010349393358009051e-01
1.078174399437953068e-01
1.131857936786739433e-01
1.194548779059820681e-01
1.254357283757130126e-01
1.301555561560427399e-01
9.908035416722958677e-02
1.030550976842217609e-01
1.116185226218460169e-01
1.178876068491554463e-01
1.238324280991889570e-01
9.908035416722958677e-02
9.984597508579436120e-02
1.037821673377110898e-01
1.094027256104701668e-01
1.163203357923275200e-01
9.908035416722958677e-02
9.908035416722958677e-02
9.908035416722958677e-02
1.010439466407259818e-01
1.084839805081924402e-01
1.142126264400430968e-01
1.043103556984709412e-01
9.908035416722958677e-02
9.897226650813799320e-02
1.000621504039781867e-01
1.039893353509700052e-01
1.126093261635192078e-01
1.139424072923145986e-01
9.718773925653663437e-02
9.893623728844090637e-02
9.908035416722958677e-02
1.022509255005809026e-01
9.439655560659696021e-02
9.205465632628032080e-02
9.908035416722958677e-02
9.890020806874365300e-02
9.904432494753249994e-02
1.012331000441358680e-01
1.051422703812792958e-01
9.908035416722958677e-02
9.741400275623547655e-02
9.886417884904656617e-02
9.900829572783524657e-02
1.002152745876909862e-01
9.556750524675494685e-02
9.322560596643864050e-02
9.088370668612247294e-02
9.364894929788056266e-02
9.863179038199963722e-02
9.849487934715027426e-02
9.615298006683395404e-02
9.381108078651763382e-02
9.146918150620131360e-02
9.496401581682724358e-02
9.893623728844090637e-02
9.908035416722958677e-02
9.673845488691326655e-02
9.439655560659662714e-02
9.158627647021701235e-02
9.570261482061903635e-02
8.719071166716189925e-02
9.890921537366809124e-02
9.732392970699227375e-02
9.498203042667595353e-02
9.213572207059925190e-02
8.993793966907176474e-02
8.774015726754365307e-02
9.873807658010642918e-02
9.432449716720181510e-02
9.535132992857192624e-02
9.268516767098099185e-02
9.048738526945351857e-02
9.139856423559490628e-02
8.609182046639825281e-02
9.753109772025085611e-02
9.525224957440460438e-02
9.323461327136291221e-02
9.103683086983527240e-02
8.822655173345581026e-02
8.610082777132252452e-02
8.354275317282318369e-02
9.583772439448393077e-02
9.349582511416729136e-02
9.158627647021701235e-02
8.881202655353465092e-02
8.647012727321849723e-02
8.412822799290217701e-02
8.365084083191476338e-02
9.408129993424677040e-02
9.173940065393045018e-02
8.993793966907129289e-02
8.705560209329733790e-02
8.624494465011071920e-02
8.361481161221752390e-02
9.428846794750520011e-02
9.232487547400929084e-02
8.998297619369313716e-02
8.764107691337681694e-02
8.529917763306049672e-02
8.357878239252042318e-02
8.372289927130910359e-02
9.258608731681368387e-02
9.056845101377197782e-02
8.822655173345581026e-02
8.588465245313949004e-02
8.354275317282318369e-02
8.368687005161186410e-02
8.354275317282318369e-02
9.072157519748492993e-02
8.823555903837992931e-02
8.647012727321849723e-02
8.399311841903744913e-02
8.365084083191476338e-02
8.354275317282318369e-02
8.354275317282318369e-02
8.885706307815602334e-02
8.705560209329780974e-02
8.471370281298118421e-02
8.354275317282318369e-02
8.354275317282318369e-02
8.354275317282318369e-02
8.354275317282318369e-02
8.699255095882726940e-02
8.489384891146727063e-02
8.354275317282318369e-02
8.354275317282318369e-02
8.354275317282318369e-02
8.354275317282318369e-02
8.354275317282318369e-02
8.588465245313901819e-02
8.354275317282318369e-02
8.354275317282318369e-02
8.354275317282318369e-02
8.354275317282318369e-02
8.232676700804349157e-02
8.647012727321849723e-02
8.399311841903744913e-02
8.354275317282318369e-02
8.354275317282318369e-02
8.354275317282318369e-02
8.273209572963688418e-02
8.354275317282318369e-02
8.444348366525235294e-02
8.354275317282318369e-02
8.354275317282318369e-02
8.354275317282318369e-02
8.205654786031467418e-02
8.604678394177656120e-02
8.313742445122995761e-02
8.354275317282318369e-02
8.354275317282318369e-02
8.354275317282318369e-02
8.192143828645043202e-02
8.246187658190790026e-02
8.300231487736570157e-02
8.354275317282318369e-02
8.354275317282318369e-02
8.185550481440417858e-02
8.354275317282318369e-02
8.290323452319822706e-02
8.286720530350112635e-02
8.340764359895892766e-02
8.354275317282318369e-02
8.354275317282318369e-02
8.204754055539040247e-02
8.273209572963688418e-02
8.273209572963671765e-02
8.327253402509436631e-02
8.354275317282318369e-02
8.354275317282318369e-02
8.187640176182905960e-02
8.205654786031467418e-02
8.259698615577247549e-02
8.313742445122995761e-02
8.350672395312593033e-02
8.102070779402092970e-02
8.354275317282318369e-02
8.192143828645043202e-02
8.246187658190790026e-02
8.300231487736570157e-02
8.354275317282318369e-02
8.084956900045958683e-02
8.354275317282318369e-02
8.178632871258602333e-02
8.232676700804349157e-02
8.286720530350112635e-02
8.340764359895892766e-02
8.343466551373159013e-02
8.111078084326397986e-02
8.165121913872161463e-02
8.219165743417924941e-02
8.273209572963671765e-02
8.269606650993979735e-02
8.347069473342884349e-02
8.097567126939957116e-02
8.151610956485720594e-02
8.205654786031467418e-02
8.259698615577247549e-02
8.313742445122995761e-02
8.030012340007751381e-02
8.084056169553514859e-02
8.105673701371818307e-02
8.192143828645043202e-02
8.246187658190790026e-02
