4.879882277200405793e-01
4.567571047548976138e-01
4.546086636622826971e-01
4.242398602041754785e-01
3.832348018026301983e-01
3.545111744688678179e-01
3.459174100984089284e-01
3.530668628713325430e-01
3.248097121309665991e-01
2.983169318495354494e-01
2.841570863607099651e-01
2.705012416076518211e-01
2.663110457095559380e-01
2.648615837395381090e-01
2.629633035960636245e-01
2.361813666881266982e-01
2.290996045249699409e-01
2.248873356019497893e-01
2.230847052331464409e-01
2.158741837579325751e-01
2.146049848247954805e-01
2.101535914650970449e-01
2.015635059321254086e-01
1.926791134001654415e-01
1.959201692265244710e-01
1.929550262117170067e-01
1.916968637910420326e-01
1.902510806585117620e-01
1.742554952634968457e-01
1.752414237101076466e-01
1.758852202703945489e-01
1.737625310401914314e-01
1.707348477880988868e-01
1.688402464821115723e-01
1.680345810723810063e-01
1.638951531316103494e-01
1.610411110089212949e-01
1.538489837211441669e-01
1.555596431527638823e-01
1.618504552561390863e-01
1.560011036512461424e-01
1.541580060700816490e-01
1.495263496735031727e-01
1.459210889358963370e-01
1.480165547686927985e-01
1.526165731628803535e-01
1.531316104111100085e-01
1.482755449278027882e-01
1.442840062540236834e-01
1.408810815782213233e-01
1.370918789662465553e-01
1.366688126552010329e-01
1.486434286765381529e-01
1.457923296238387567e-01
1.412121769520830739e-01
1.388945093350502369e-01
1.334498298537662719e-01
1.319782948588246740e-01
1.288976363469141462e-01
1.434194794444957344e-01
1.363016646739629023e-01
1.317943529844569084e-01
1.292743493056194015e-01
1.288512829945737126e-01
1.275269014991262384e-01
1.441184585670928220e-01
1.255403292559549855e-01
1.253931757564608340e-01
1.260185781293111928e-01
1.255035408810817044e-01
1.263128851282994680e-01
1.264600386277936195e-01
1.167626230111278585e-01
1.166191483491215847e-01
1.200772555872344494e-01
1.225972592660719424e-01
1.191943345902695822e-01
1.129770992366411209e-01
1.132530120481928387e-01
1.161960820380758819e-01
1.166191483491215847e-01
1.105490664949875801e-01
1.166375425365584750e-01
1.134553481099971756e-01
1.109537386185964064e-01
1.108801618688493307e-01
1.099972408718844635e-01
1.074956313804836944e-01
1.072013243814954053e-01
1.072381127563690334e-01
1.085073116895061418e-01
1.110089211809067444e-01
1.043318311413594518e-01
1.064655568840245231e-01
1.079003035040926733e-01
1.072013243814955719e-01
1.030074496459119915e-01
1.085808884392532175e-01
1.040007357674975347e-01
1.064471626965879658e-01
1.051779637634506909e-01
1.036512462061989076e-01
1.032281798951532048e-01
1.034489101443944181e-01
1.030074496459119915e-01
1.017198565253381454e-01
1.038351880805666733e-01
1.020325577117631721e-01
1.031546031454061291e-01
1.015543088384071174e-01
1.014807320886598752e-01
9.997240871884482960e-02
1.007081762163157118e-01
1.006897820288788215e-01
1.009105122781200348e-01
1.005426285293846700e-01
1.010760599650510627e-01
9.789386553848992978e-02
1.007081762163157118e-01
9.682700266715729698e-02
9.991722615653464423e-02
1.007081762163157118e-01
9.945737147061532724e-02
9.798583647567372934e-02
9.097765106226435305e-02
9.473006529936550679e-02
9.730525154051318515e-02
1.000275912811551676e-01
9.949415984548894143e-02
9.787547135105303941e-02
9.083049756277021547e-02
9.003954750298898135e-02
9.574174560838778769e-02
9.905269934700651480e-02
8.590085532971575288e-02
8.678377632668077268e-02
8.663662282718663510e-02
8.998436494067864333e-02
9.491400717373310592e-02
9.822496091235166649e-02
9.989883196909792040e-02
8.350961096293567365e-02
8.617676814126730422e-02
8.728041938747355122e-02
8.641589257794525525e-02
8.691253563873803378e-02
8.369355283730342543e-02
8.317851558907392306e-02
8.590085532971590554e-02
8.509151108249796147e-02
8.678377632668077268e-02
7.560011036512455374e-02
7.497470799227436145e-02
8.330727490113118416e-02
8.140531592016879425e-02
8.466844477145225867e-02
8.636071001563506988e-02
7.600478248873353271e-02
7.482755449278020998e-02
8.325209233882099880e-02
7.692449186057216670e-02
7.817529660627238475e-02
8.189092246850009083e-02
7.554419203531663463e-02
7.479076611790659579e-02
7.425733468224036959e-02
7.449645911891847327e-02
7.640945461234249780e-02
7.357674974707982540e-02
7.681412673595131024e-02
7.460682424353899667e-02
7.357674974707982540e-02
7.357674974707982540e-02
7.648303136208957353e-02
7.685091511082493831e-02
7.225236825163237897e-02
7.486434286765383805e-02
7.346638462245930201e-02
7.357674974707982540e-02
7.357674974707982540e-02
7.282258806217238589e-02
7.210521475213822751e-02
7.335601949783861209e-02
7.350317299733276355e-02
7.357674974707982540e-02
7.357674974707982540e-02
7.136944725466751183e-02
7.195806125264408992e-02
7.048652625770249203e-02
7.111192863055268432e-02
7.317207762347084643e-02
7.063367975719662961e-02
7.122229375517337424e-02
7.181090775314993846e-02
6.989791225972591393e-02
6.989791225972591393e-02
6.989791225972591393e-02
7.048652625770249203e-02
7.107514025567922278e-02
7.166375425365580087e-02
6.989791225972591393e-02
6.989791225972591393e-02
6.989791225972591393e-02
6.912535638738157018e-02
7.092798675618508519e-02
7.151660075416164941e-02
7.025108065851159989e-02
6.989791225972591393e-02
6.989791225972591393e-02
6.938287501149641157e-02
6.835280051503724030e-02
6.989791225972591393e-02
6.989791225972591393e-02
6.989791225972591393e-02
6.901499126276104679e-02
6.964039363561107254e-02
6.787455164168118560e-02
6.989791225972591393e-02
6.949324013611693496e-02
6.886783776326674267e-02
6.989791225972591393e-02
6.989791225972591393e-02
6.827922376529016457e-02
6.666053527085442909e-02
6.989791225972591393e-02
6.706520739446339419e-02
6.842637726478431603e-02
6.960360526073762488e-02
6.868389588889914354e-02
6.706520739446339419e-02
6.544651890002765871e-02
6.493148165179798981e-02
6.813207026579602699e-02
6.930929826174933583e-02
6.908856801250812252e-02
6.746987951807222050e-02
6.290812103375327535e-02
6.305527453324741294e-02
6.493148165179815634e-02
6.132622091419114713e-02
6.949324013611693496e-02
6.612710383518803636e-02
6.169410466292633843e-02
6.463717465280970076e-02
6.390140715533898508e-02
6.590858088843905283e-02
6.989791225972591393e-02
6.827922376529016457e-02
6.283454428400619962e-02
6.121585578957061680e-02
6.077439529108802363e-02
6.033293479260559700e-02
6.022256966798490707e-02
6.840798307734757833e-02
6.279775590913275196e-02
6.132622091419114713e-02
6.088476041570871355e-02
6.000183941874368682e-02
6.890462613814035686e-02
6.618228639749854092e-02
6.187804653729410409e-02
6.143658603881167052e-02
6.099512554032923695e-02
6.003862779361714141e-02
5.967074404488178357e-02
6.233790122321342109e-02
6.152855697599547008e-02
6.154695116343236044e-02
6.110549066494992687e-02
6.066403016646733370e-02
5.404212268923021950e-02
5.242343419479447708e-02
6.173089303779995957e-02
6.092154879058216815e-02
6.011220454336437674e-02
6.011220454336437674e-02
5.444679481283919154e-02
5.323277844201226155e-02
5.330635519175933729e-02
5.448358318771264613e-02
6.132622091419114713e-02
5.950519635795091522e-02
5.956037892026126018e-02
5.323277844201226155e-02
5.301204819277104824e-02
5.418927618872436403e-02
5.941322542076694913e-02
5.808884392531965535e-02
5.525613906005698295e-02
5.363745056562124053e-02
5.271774119378275919e-02
5.389496918973607498e-02
5.389496918973590844e-02
5.608387749471166472e-02
5.566081118366596192e-02
5.404212268923021950e-02
5.242343419479447708e-02
5.360066219074778593e-02
5.477789018670110172e-02
5.658052055550444326e-02
5.606548330727494089e-02
5.444679481283919154e-02
5.282810631840344912e-02
5.330635519175949688e-02
5.242343419479447708e-02
5.242343419479447708e-02
5.509059137312611459e-02
5.485146693644817051e-02
5.323277844201226155e-02
5.301204819277104824e-02
5.279131794352983492e-02
5.242343419479447708e-02
5.558723443391888619e-02
5.360066219074778593e-02
5.220270394555325683e-02
5.271774119378275919e-02
5.242343419479447708e-02
5.242343419479447708e-02
5.242343419479447708e-02
5.242343419479447708e-02
5.242343419479447708e-02
5.242343419479447708e-02
5.242343419479447708e-02
5.242343419479447708e-02
5.242343419479447708e-02
5.242343419479447708e-02
5.242343419479447708e-02
5.275452956865638032e-02
5.242343419479447708e-02
5.242343419479447708e-02
5.242343419479447708e-02
5.242343419479447708e-02
5.310401912995501433e-02
5.308562494251812397e-02
5.242343419479447708e-02
5.242343419479447708e-02
5.242343419479447708e-02
5.242343419479447708e-02
5.242343419479447708e-02
5.220270394555325683e-02
5.242343419479447708e-02
5.242343419479447708e-02
5.242343419479447708e-02
5.242343419479447708e-02
5.183482019681773939e-02
5.212912719580618803e-02
5.242343419479447708e-02
5.242343419479447708e-02
5.242343419479447708e-02
5.242343419479447708e-02
5.176124344707066366e-02
5.205555044605911230e-02
5.234985744504740135e-02
5.242343419479447708e-02
5.242343419479447708e-02
5.242343419479447708e-02
5.242343419479447708e-02
5.198197369631187698e-02
5.227628069530033256e-02
5.242343419479447708e-02
5.242343419479447708e-02
5.242343419479447708e-02
5.161408994757651914e-02
5.190839694656480818e-02
5.220270394555325683e-02
5.233146325761067752e-02
5.242343419479447708e-02
5.242343419479447708e-02
5.154051319782945034e-02
5.183482019681773939e-02
5.212912719580618803e-02
5.242343419479447708e-02
5.205555044605911230e-02
5.242343419479447708e-02
5.146693644808237461e-02
5.176124344707066366e-02
5.205555044605911230e-02
5.227628069530033256e-02
5.242343419479447708e-02
5.177963763450755402e-02
5.139335969833530582e-02
5.168766669732359487e-02
5.198197369631187698e-02
5.227628069530033256e-02
5.223949232042671142e-02
5.102547594959994798e-02
5.131978294858823703e-02
5.161408994757651914e-02
5.190839694656480818e-02
5.198197369631204351e-02
5.056562126368062404e-02
5.196357950887515315e-02
5.124620619884116129e-02
5.154051319782945034e-02
5.183482019681773939e-02
