4.807011864250896327e-01
4.578313253012048500e-01
4.449553940954658060e-01
4.256311965418926868e-01
3.929329531867928882e-01
3.538121953462707303e-01
3.394647291455898941e-01
3.473006529936541464e-01
3.137489193414879085e-01
2.974156166651338862e-01
2.817989515313161220e-01
2.701186425089671106e-01
2.696874827554490706e-01
2.704460590453418023e-01
2.587510346730432786e-01
2.364388853122413592e-01
2.313069070173824071e-01
2.251448542260644503e-01
2.230295226708359224e-01
2.224041202979857301e-01
2.135933045157730192e-01
2.165915570679665669e-01
2.025383978662743945e-01
1.974616021337257665e-01
1.873690793709186786e-01
1.893365216591556544e-01
1.930469971489009728e-01
1.908080566540972522e-01
1.746160213372572878e-01
1.727265704037523331e-01
1.685827278579969113e-01
1.708820012875930106e-01
1.692817069805941654e-01
1.702749931021795560e-01
1.668168858640670105e-01
1.608571691345535293e-01
1.592164076151937058e-01
1.517704405407891144e-01
1.623654925043687691e-01
1.598638830129680000e-01
1.574086268739074979e-01
1.521199301020877415e-01
1.489561298629633324e-01
1.485330635519176157e-01
1.489745240503999035e-01
1.526165731628803535e-01
1.494527729237561109e-01
1.482755449278027882e-01
1.438241515681045468e-01
1.401821024556239026e-01
1.394463349581532008e-01
1.360250160949139364e-01
1.490481008001471319e-01
1.439109721328059865e-01
1.410282350777153082e-01
1.364664765933965296e-01
1.322542076703760727e-01
1.324381495447438106e-01
1.285201876207117955e-01
1.439896992550354082e-01
1.354180079095006484e-01
1.341855973512369737e-01
1.299181458659063315e-01
1.278763910604248932e-01
1.274717189368159143e-01
1.264784328152303572e-01
1.387841442104295331e-01
1.230755081394279971e-01
1.227628069530028176e-01
1.240687942610135402e-01
1.266807688770348328e-01
1.264600386277936195e-01
1.248214844109261645e-01
1.167663018486157223e-01
1.234985744504735333e-01
1.170937183849899282e-01
1.207173733100338209e-01
1.128299457371469833e-01
1.132530120481928387e-01
1.136760783592383889e-01
1.151292191667432629e-01
1.122045433642967910e-01
1.149276188724363407e-01
1.117262944909407363e-01
1.109537386185964064e-01
1.108801618688493307e-01
1.122045433642967910e-01
1.098132989975167118e-01
1.072013243814954053e-01
1.072381127563690334e-01
1.086360710015635556e-01
1.106410374321713797e-01
1.078635151292192257e-01
1.057113951991170836e-01
1.047732916398418784e-01
1.035224868941414939e-01
1.085257058769428656e-01
1.053435114503815662e-01
1.063735859468407235e-01
1.058769428860481115e-01
1.041662834544284100e-01
1.032649682700266525e-01
1.030810263956590672e-01
1.034489101443944181e-01
1.041478892669915196e-01
1.048100800147154926e-01
1.042950427664858237e-01
1.024924123976824891e-01
1.011496367147981384e-01
1.023636530856250754e-01
1.012600018394188284e-01
1.008921180906833109e-01
1.007081762163157118e-01
9.829853766209890875e-02
1.013335785891657376e-01
1.006338636990709023e-01
1.019037983997057445e-01
1.006154695116343312e-01
1.007081762163157118e-01
9.789386553848992978e-02
9.932861215855806614e-02
1.007081762163157118e-01
9.960452497010946482e-02
9.798583647567372934e-02
9.274349305619424000e-02
9.458291179987136921e-02
9.730525154051318515e-02
9.988043778166103004e-02
9.949415984548894143e-02
8.864158925779462572e-02
8.774027407339286821e-02
9.390232686471082502e-02
9.489561298629621555e-02
9.905269934700651480e-02
8.719139152027954864e-02
8.590085532971575288e-02
8.645268095281886944e-02
8.755633219902511644e-02
9.458291179987120267e-02
9.866642141083425965e-02
8.439253195990069345e-02
8.553297158098038810e-02
8.617676814126730422e-02
8.671019957693369695e-02
8.880272233974070839e-02
8.779545663570305358e-02
8.369355283730342543e-02
8.317851558907392306e-02
8.590085532971590554e-02
8.509151108249796147e-02
8.877034856985187294e-02
8.663662282718663510e-02
8.354639933780928784e-02
8.143106778258060729e-02
8.078727122229384383e-02
8.466844477145225867e-02
8.341764002575187409e-02
7.600478248873353271e-02
7.482755449278020998e-02
7.493791961740089991e-02
7.828566173089292202e-02
8.019865722431711308e-02
8.242214660167392071e-02
7.640945461234249780e-02
7.434930561942416916e-02
7.425733468224036959e-02
7.964683160121414918e-02
7.558171617768781603e-02
7.469879518072279623e-02
7.563689873999800140e-02
7.460682424353899667e-02
7.357674974707982540e-02
7.357674974707982540e-02
7.721879885956028922e-02
7.685091511082493831e-02
7.225236825163237897e-02
7.486434286765383805e-02
7.383426837119466679e-02
7.309850087372393723e-02
7.357674974707982540e-02
7.403660443299930893e-02
7.210521475213822751e-02
7.353407523222643682e-02
7.320886599834430797e-02
7.173733100340287661e-02
7.078083325669093373e-02
7.247309850087374494e-02
7.195806125264408992e-02
6.997148900947282313e-02
7.346638462245913548e-02
7.041294950795541630e-02
7.063367975719662961e-02
7.263864618780462024e-02
7.181090775314993846e-02
7.239952175112651656e-02
7.342959624758568782e-02
6.989791225972591393e-02
7.048652625770249203e-02
7.107514025567922278e-02
6.989791225972591393e-02
6.989791225972591393e-02
6.989791225972591393e-02
6.989791225972591393e-02
6.912535638738157018e-02
7.092798675618508519e-02
6.989791225972591393e-02
6.989791225972591393e-02
6.989791225972591393e-02
6.989791225972591393e-02
6.938287501149641157e-02
6.835280051503724030e-02
6.585119102363647114e-02
6.868389588889914354e-02
6.989791225972591393e-02
6.989791225972591393e-02
6.964039363561107254e-02
6.787455164168118560e-02
6.625586314724545012e-02
6.829761795272688840e-02
6.802170514117533706e-02
6.989791225972591393e-02
6.989791225972591393e-02
6.886783776326674267e-02
6.666053527085442909e-02
6.504184677641867973e-02
6.596155614825699454e-02
6.989791225972591393e-02
6.960360526073762488e-02
6.868389588889914354e-02
6.623746895980872629e-02
6.989791225972591393e-02
6.713878414421030338e-02
6.112388485238681723e-02
6.930929826174933583e-02
6.908856801250812252e-02
6.544651890002749217e-02
6.585119102363647114e-02
6.621907477237183592e-02
6.493148165179815634e-02
6.879426101351966694e-02
6.940126919893313540e-02
6.787455164168118560e-02
6.287133265887964728e-02
6.787455164168118560e-02
6.233790122321342109e-02
6.184125816242064949e-02
6.989791225972591393e-02
6.791134001655464714e-02
6.165731628805305037e-02
6.121585578957061680e-02
6.077439529108802363e-02
6.235629541065015186e-02
6.953002851099054915e-02
6.356442564149698826e-02
6.706520739446339419e-02
6.132622091419114713e-02
6.088476041570871355e-02
6.044329991722627998e-02
6.040651154235266579e-02
6.106870229007631268e-02
6.684447714522202821e-02
6.143658603881167052e-02
6.099512554032923695e-02
6.055366504184681031e-02
6.110549066494976728e-02
5.354547962843744097e-02
6.152855697599547008e-02
6.154695116343236044e-02
6.110549066494992687e-02
6.066403016646733370e-02
6.022256966798490707e-02
5.242343419479447708e-02
5.369484043042398180e-02
6.165731628805305037e-02
6.011220454336437674e-02
6.011220454336437674e-02
5.444679481283919154e-02
5.282810631840344912e-02
5.330635519175933729e-02
6.112388485238649111e-02
6.031454060516870663e-02
6.014899291823783134e-02
5.485146693644817051e-02
5.323277844201226155e-02
5.301204819277104824e-02
5.418927618872436403e-02
5.941322542076694913e-02
5.889818817253744676e-02
5.525613906005698295e-02
5.363745056562124053e-02
5.271774119378275919e-02
5.389496918973607498e-02
5.507219718568938382e-02
5.727949967810170434e-02
6.007541616849076255e-02
5.404212268923021950e-02
5.242343419479447708e-02
5.264416444403569040e-02
5.242343419479447708e-02
5.242343419479447708e-02
5.242343419479447708e-02
5.444679481283919154e-02
5.282810631840344912e-02
5.330635519175949688e-02
5.448358318771264613e-02
5.376547411018092054e-02
5.509059137312611459e-02
5.485146693644817051e-02
5.323277844201226155e-02
5.301204819277104824e-02
5.279131794352983492e-02
5.242343419479447708e-02
5.242343419479447708e-02
5.360066219074778593e-02
5.363745056562124053e-02
5.242343419479447708e-02
5.242343419479447708e-02
5.242343419479447708e-02
5.608387749471166472e-02
5.409730525154056446e-02
5.374781569024193045e-02
5.242343419479447708e-02
5.242343419479447708e-02
5.242343419479447708e-02
5.658052055550444326e-02
5.606548330727494089e-02
5.242343419479447708e-02
5.275452956865638032e-02
5.242343419479447708e-02
5.242343419479447708e-02
5.242343419479447708e-02
5.242343419479447708e-02
5.242343419479447708e-02
5.227628069530033256e-02
5.242343419479447708e-02
5.242343419479447708e-02
5.242343419479447708e-02
5.242343419479447708e-02
5.190839694656480818e-02
5.220270394555325683e-02
5.242343419479447708e-02
5.242343419479447708e-02
5.242343419479447708e-02
5.242343419479447708e-02
5.183482019681773939e-02
5.212912719580618803e-02
5.242343419479447708e-02
5.242343419479447708e-02
5.242343419479447708e-02
5.242343419479447708e-02
5.242343419479447708e-02
5.205555044605911230e-02
5.234985744504740135e-02
5.242343419479447708e-02
5.242343419479447708e-02
5.242343419479447708e-02
5.168766669732359487e-02
5.198197369631187698e-02
5.227628069530033256e-02
5.242343419479447708e-02
5.242343419479447708e-02
5.242343419479447708e-02
5.161408994757651914e-02
5.190839694656480818e-02
5.220270394555325683e-02
5.242343419479447708e-02
5.242343419479447708e-02
5.124620619884116129e-02
5.154051319782945034e-02
5.183482019681773939e-02
5.212912719580618803e-02
5.242343419479447708e-02
5.087832245010563692e-02
5.227628069530033256e-02
5.146693644808237461e-02
5.176124344707066366e-02
5.205555044605911230e-02
5.234985744504740135e-02
5.242343419479447708e-02
5.242343419479447708e-02
5.139335969833530582e-02
5.168766669732359487e-02
5.198197369631187698e-02
5.227628069530033256e-02
5.113584107422031177e-02
5.102547594959994798e-02
5.131978294858823703e-02
5.161408994757651914e-02
5.190839694656480818e-02
5.058401545111735481e-02
5.085992826266891309e-02
5.242343419479447708e-02
5.124620619884116129e-02
5.154051319782945034e-02
5.183482019681773939e-02
