3.624816640986130989e-01
3.531587057010783792e-01
3.509531587057010960e-01
3.453827426810475720e-01
3.229661016949150754e-01
2.892009244992296280e-01
2.750770416024653775e-01
2.585208012326656868e-01
2.439904468412940897e-01
2.476733436055470194e-01
2.466486902927581548e-01
2.449275808936825505e-01
2.235399075500769106e-01
2.167719568567026689e-01
2.138828967642527612e-01
2.029275808936825964e-01
2.085516178736518123e-01
2.056548536209552858e-01
1.917334360554699135e-01
1.844684129429891573e-01
1.875654853620954965e-01
1.816255778120184905e-01
1.697072419106318564e-01
1.752080123266564204e-01
1.738828967642526702e-01
1.702157164869028128e-01
1.676040061633281564e-01
1.628505392912173444e-01
1.574345146379044491e-01
1.552234206471495293e-01
1.576206471494606964e-01
1.463020030816641615e-01
1.501463790446838642e-01
1.533359013867487963e-01
1.498844375963017950e-01
1.454160246533126033e-01
1.423343605546996682e-01
1.399614791987673912e-01
1.341910631741141113e-01
1.398382126348226007e-01
1.474499229583975113e-01
1.402927580893680859e-01
1.349845916795069656e-01
1.308859784283511740e-01
1.318181818181818343e-01
1.265177195685670830e-01
1.244221879815100296e-01
1.381047765793525783e-01
1.342906009244991539e-01
1.253041602465327087e-01
1.186286594761172125e-01
1.199537750385205465e-01
1.240832049306625356e-01
1.212711864406779277e-01
1.159861325115562058e-01
1.124884437596301023e-01
1.143682588597841887e-01
1.144453004622494746e-01
1.139845916795067249e-01
1.220647149460707681e-01
1.064098613251155401e-01
1.080123266563945278e-01
1.098597842835131594e-01
1.087211093990754357e-01
9.754237288135578221e-02
9.328967642526968251e-02
1.065870570107858017e-01
1.047476117103235821e-01
1.048767334360554693e-01
1.029352850539291264e-01
9.427580893682581398e-02
9.264252696456090619e-02
9.671802773497673034e-02
9.282742681047781441e-02
9.850539291217264015e-02
9.640986132511558671e-02
9.375963020030833595e-02
8.861325115562389276e-02
9.051617873651779389e-02
9.249614791987670337e-02
9.251155624037001035e-02
8.886748844375998158e-02
8.728043143297375961e-02
8.777349768875195024e-02
8.732665639445298666e-02
8.678736517719569388e-02
8.567026194144866658e-02
8.802003081664099005e-02
8.714946070878272499e-02
8.684129429892115115e-02
8.482280431432966117e-02
8.532357473035438733e-02
8.470724191063166986e-02
8.353620955315861629e-02
8.629429892141762815e-02
8.208782742681047795e-02
8.493836671802766636e-02
8.117873651771964627e-02
8.308936825885965272e-02
8.244221879815100129e-02
8.124036979969176397e-02
8.281972265023120061e-02
7.954545454545446093e-02
7.953004622496143150e-02
8.121725731895221290e-02
7.916024653312787873e-02
8.054699537750388549e-02
7.999229583975342450e-02
7.912942989214181988e-02
7.855932203389832946e-02
7.749614791987649576e-02
7.823574730354386497e-02
7.939137134052387523e-02
7.905238828967639519e-02
7.754237288135586159e-02
7.676425269645618943e-02
7.731124807395998999e-02
7.768104776579354276e-02
7.620184899845920679e-02
7.684899845916798311e-02
7.684899845916798311e-02
7.684899845916798311e-02
7.601694915254229856e-02
7.444530046224964726e-02
7.684899845916798311e-02
7.273497688751916213e-02
7.607858243451469382e-02
7.673343605547011670e-02
7.622496147919875786e-02
7.261941448382117081e-02
7.462249614791989505e-02
7.530816640986139066e-02
7.592449922958396935e-02
7.615562403697997973e-02
7.516949152542384827e-02
7.267334360554704442e-02
7.216640986132465130e-02
7.348998459167943587e-02
7.442218798150995740e-02
6.942989214175648849e-02
7.234976887519259381e-02
7.003081664098605164e-02
7.251155624036981218e-02
7.109399075500774656e-02
7.081664098613250913e-02
6.825885978428358758e-02
7.299691833590137013e-02
7.241140215716485029e-02
6.751155624036955794e-02
6.939137134052378308e-02
6.818952234206454577e-02
6.698767334360543335e-02
6.661016949152523403e-02
6.727334360554658443e-02
7.111710323574728376e-02
6.969183359013869650e-02
6.848998459167959796e-02
6.646594761171009669e-02
6.616332819722639536e-02
6.579352850539298136e-02
6.795839753466853539e-02
6.764252696456059255e-02
6.879044684129423382e-02
6.758859784283512140e-02
6.650231124807402805e-02
6.548536209553156018e-02
6.791217257318903078e-02
6.548536209553156018e-02
6.332819722650251393e-02
6.634822804314330358e-02
6.591679506933736943e-02
6.548536209553156018e-02
6.548536209553156018e-02
6.423728813559322071e-02
6.483050847457640098e-02
6.645608628659466222e-02
6.602465331278885297e-02
6.543913713405247190e-02
6.548536209553156018e-02
6.348998459167960740e-02
6.278890600924495746e-02
6.355932203389824675e-02
6.613251155624033650e-02
6.539291217257310607e-02
6.548536209553156018e-02
6.182588597842836320e-02
6.259630200308166637e-02
6.336671802773495565e-02
6.122650231124778658e-02
6.534668721109400391e-02
6.057010785824351595e-02
5.970724191063162684e-02
6.215716486902947424e-02
6.317411402157166456e-02
6.271186440677965768e-02
6.289676425269644100e-02
6.067026194144835294e-02
5.928351309707247108e-02
6.156394453004616213e-02
6.097842835130991984e-02
6.067026194144835294e-02
6.067026194144835294e-02
6.067026194144835294e-02
5.963020030816634093e-02
6.201848998459165430e-02
5.894453004622498410e-02
6.067026194144835294e-02
6.067026194144835294e-02
6.067026194144835294e-02
5.997688751926021078e-02
5.859013867488432892e-02
6.171032357473022617e-02
5.494607087827416830e-02
6.067026194144835294e-02
6.020801232665634606e-02
6.032357473035421247e-02
5.797380585516147267e-02
5.581664098613230152e-02
5.726502311248043292e-02
5.943759630200304983e-02
6.005392912172576730e-02
6.067026194144835294e-02
5.851309707241917485e-02
5.635593220338986492e-02
5.810477657935236850e-02
5.474576271186409188e-02
5.061633281972238024e-02
6.051617873651777418e-02
5.905238828967633580e-02
5.689522342064702587e-02
5.469953775038527422e-02
5.529429892141769082e-02
5.974576271186447796e-02
6.036209553158706359e-02
5.923728813559297340e-02
5.743451463790431866e-02
5.527734976887500179e-02
5.142526964560852065e-02
5.198767334360549636e-02
6.020801232665634606e-02
6.013097072419078259e-02
5.797380585516147267e-02
5.581664098613230152e-02
5.181047765793510285e-02
5.267334360554685319e-02
4.993066255778115525e-02
6.067026194144835294e-02
5.604776579352857557e-02
5.471432973805876593e-02
5.219568567026181688e-02
5.065485362095509259e-02
5.061633281972238024e-02
4.757318952234190768e-02
5.566255778120186154e-02
5.412172573189513031e-02
5.258089368258866969e-02
5.104006163328207724e-02
4.949922958397507539e-02
4.501540832049270857e-02
5.569337442218792039e-02
5.566255778120186154e-02
5.296610169491511311e-02
5.142526964560852065e-02
4.988443759630206698e-02
4.585516178736532417e-02
4.368258859784298481e-02
4.410631741140214057e-02
5.175654853620936108e-02
5.181047765793510285e-02
5.026964560862851039e-02
4.752696456086267368e-02
4.333590138674884434e-02
5.361325115562403515e-02
5.231895223420619800e-02
5.034668721109379630e-02
4.818952234206448637e-02
4.687981510015403613e-02
4.387519260400599835e-02
4.379815100154085122e-02
5.288135593220331249e-02
5.023882896764258338e-02
4.872881355932177916e-02
4.657164869029246923e-02
4.441448382126329114e-02
4.364406779661027247e-02
4.426040061633285116e-02
5.119414483821251721e-02
5.142526964560852065e-02
4.711093990755017141e-02
4.495377503852086148e-02
4.348998459167955494e-02
4.410631741140214057e-02
4.472265023112485804e-02
4.333590138674884434e-02
4.765023112480733236e-02
4.549306625577801549e-02
4.333590138674884434e-02
4.395223420647142304e-02
4.456856702619414745e-02
4.333590138674884434e-02
4.818952234206448637e-02
4.603235747303530828e-02
4.387519260400572774e-02
4.379815100154085122e-02
4.333590138674884434e-02
4.893682588597850908e-02
4.607087827426775001e-02
4.657164869029287863e-02
4.441448382126329114e-02
4.364406779661013369e-02
4.333590138674884434e-02
4.333590138674884434e-02
4.678736517719571386e-02
4.392141756548495479e-02
4.495377503852086148e-02
4.348998459167955494e-02
4.333590138674884434e-02
4.333590138674884434e-02
4.750385208012367771e-02
4.333590138674884434e-02
4.333590138674884434e-02
4.333590138674884434e-02
4.333590138674884434e-02
4.333590138674884434e-02
4.333590138674884434e-02
4.333590138674884434e-02
4.333590138674884434e-02
4.357473035439122372e-02
4.333590138674884434e-02
4.333590138674884434e-02
4.333590138674884434e-02
4.333590138674884434e-02
4.333590138674884434e-02
4.273497688751942691e-02
4.333590138674884434e-02
4.333590138674884434e-02
4.333590138674884434e-02
4.333590138674884434e-02
4.123266563944554680e-02
4.243451463790437472e-02
4.333590138674884434e-02
4.333590138674884434e-02
4.333590138674884434e-02
4.173343605547040480e-02
4.093220338983050155e-02
4.213405238828987764e-02
4.333590138674884434e-02
4.333590138674884434e-02
4.333590138674884434e-02
4.127889060092464202e-02
4.063174114021558814e-02
4.183359013867496423e-02
4.303543913713434033e-02
4.333590138674884434e-02
4.333590138674884434e-02
4.082434514637901107e-02
4.117873651771980503e-02
4.153312788906005082e-02
4.273497688751942691e-02
4.333590138674884434e-02
4.333590138674884434e-02
3.882896764252720401e-02
4.057781201848997821e-02
4.123266563944554680e-02
4.243451463790437472e-02
4.333590138674884434e-02
4.333590138674884434e-02
3.852850539291229059e-02
3.973035439137166669e-02
4.093220338983050155e-02
4.213405238828987764e-02
4.333590138674884434e-02
4.333590138674884434e-02
3.822804314329737718e-02
3.942989214175662144e-02
4.063174114021558814e-02
4.183359013867496423e-02
4.288135593220376157e-02
4.333590138674884434e-02
3.792758089368274133e-02
3.912942989214170803e-02
4.033127889060108412e-02
4.153312788906005082e-02
4.244221879815116699e-02
3.607087827426806725e-02
3.762711864406782791e-02
3.882896764252720401e-02
4.003081664098617071e-02
4.123266563944554680e-02
4.199537750385205770e-02
4.315870570107844389e-02
3.732665639445291450e-02
3.852850539291229059e-02
3.973035439137166669e-02
4.093220338983050155e-02
