4.387005649717513611e-01
3.723163841807909935e-01
3.779661016949153463e-01
3.257288135593219280e-01
3.381355932203390924e-01
2.933841807909605692e-01
2.720338983050848425e-01
2.661016949152543165e-01
2.364406779661016311e-01
2.362994350282486555e-01
2.257062146892654109e-01
2.240112994350284548e-01
2.163841807909603621e-01
2.094632768361579800e-01
1.870056497175142662e-01
1.951977401129942613e-01
1.836158192090395491e-01
1.851694915254237239e-01
1.827683615819208907e-01
1.751412429378531865e-01
1.627118644067796216e-01
1.682203389830508045e-01
1.612994350282486167e-01
1.632768361581921346e-01
1.596045197740112720e-01
1.627118644067796216e-01
1.596045197740112720e-01
1.546610169491523801e-01
1.593220338983050988e-01
1.522598870056495468e-01
1.593220338983050988e-01
1.488700564971750240e-01
1.499999999999998557e-01
1.474576271186440468e-01
1.449152542372880159e-01
1.463276836158192151e-01
1.449152542372880159e-01
1.446327683615818427e-01
1.437853107344631842e-01
1.391242937853106598e-01
1.420903954802260338e-01
1.395480225988700029e-01
1.420903954802260338e-01
1.344632768361581354e-01
1.353107344632768216e-01
1.334745762711862793e-01
1.336158192090394770e-01
1.329322033898304167e-01
1.336158192090394770e-01
1.320621468926553022e-01
1.336158192090394770e-01
1.251412429378531144e-01
1.333333333333333037e-01
1.241525423728812444e-01
1.307909604519774671e-01
1.240112994350282688e-01
1.305084745762713216e-01
1.227401129943502534e-01
1.305084745762713216e-01
1.125706214689265461e-01
1.305084745762713216e-01
1.108757062146891875e-01
1.146892655367232339e-01
1.108757062146891875e-01
1.305084745762713216e-01
1.108757062146891875e-01
1.146892655367232339e-01
1.100282485875705152e-01
1.146892655367232339e-01
1.028248587570621680e-01
1.146892655367232339e-01
1.028248587570621680e-01
1.146892655367232339e-01
1.045197740112995127e-01
1.146892655367232339e-01
9.901129943502832986e-02
1.070621468926553493e-01
9.901129943502832986e-02
1.070621468926553493e-01
9.717514124293799571e-02
9.096045197740110222e-02
8.985310734463271276e-02
9.096045197740110222e-02
9.138418079096044533e-02
9.096045197740110222e-02
9.194915254237295832e-02
9.096045197740110222e-02
8.884180790960460872e-02
9.096045197740110222e-02
8.884180790960460872e-02
9.096045197740110222e-02
8.488700564971739249e-02
9.096045197740110222e-02
8.573446327683625912e-02
7.966101694915254938e-02
8.008474576271208678e-02
6.920903954802268276e-02
8.008474576271208678e-02
6.920903954802268276e-02
7.895480225988706080e-02
6.920903954802268276e-02
7.528248587570619821e-02
6.920903954802268276e-02
7.514124293785301445e-02
6.920903954802268276e-02
7.161016949152533562e-02
6.920903954802268276e-02
7.372881355932202341e-02
6.920903954802268276e-02
6.920903954802268276e-02
6.920903954802268276e-02
7.062146892655367381e-02
6.920903954802268276e-02
6.567796610169500393e-02
6.101694915254247953e-02
6.511299435028268523e-02
6.101694915254247953e-02
6.440677966101698848e-02
5.960451977401128726e-02
6.426553672316380472e-02
5.960451977401128726e-02
6.370056497175148602e-02
5.960451977401128726e-02
6.370056497175148602e-02
5.960451977401128726e-02
6.355932203389810797e-02
5.960451977401128726e-02
6.031073446327678278e-02
5.960451977401128726e-02
6.355932203389810797e-02
5.960451977401128726e-02
5.960451977401128726e-02
5.960451977401128726e-02
5.918079096045214538e-02
5.960451977401128726e-02
5.960451977401128726e-02
5.960451977401128726e-02
5.819209039548028928e-02
5.960451977401128726e-02
5.748587570621479376e-02
5.536723163841810597e-02
5.734463276836161694e-02
5.960451977401128726e-02
5.734463276836161694e-02
5.960451977401128726e-02
5.748587570621479376e-02
5.932203389830492668e-02
5.734463276836161694e-02
5.536723163841810597e-02
5.734463276836161694e-02
5.508474576271174539e-02
5.734463276836161694e-02
5.508474576271174539e-02
5.720338983050844012e-02
5.536723163841810597e-02
5.508474576271174539e-02
5.508474576271174539e-02
5.579096045197744214e-02
5.508474576271174539e-02
5.508474576271174539e-02
5.508474576271174539e-02
5.508474576271174539e-02
5.508474576271174539e-02
5.508474576271174539e-02
5.508474576271174539e-02
5.531638418079090624e-02
5.508474576271174539e-02
5.522598870056492915e-02
5.508474576271174539e-02
5.508474576271174539e-02
5.508474576271174539e-02
5.508474576271174539e-02
5.508474576271174539e-02
5.437853107344624987e-02
5.508474576271174539e-02
5.028248587570624539e-02
5.508474576271174539e-02
5.028248587570624539e-02
5.508474576271174539e-02
4.971751412429393363e-02
5.508474576271174539e-02
5.014124293785306857e-02
5.508474576271174539e-02
4.971751412429393363e-02
5.508474576271174539e-02
4.816384180790955760e-02
5.508474576271174539e-02
4.816384180790955760e-02
5.508474576271174539e-02
4.872881355932207753e-02
5.508474576271174539e-02
4.802259887005638078e-02
5.084745762711856409e-02
4.802259887005638078e-02
5.084745762711856409e-02
4.802259887005638078e-02
4.096045197740121047e-02
4.802259887005638078e-02
4.519774011299439176e-02
4.802259887005638078e-02
4.519774011299439176e-02
4.731638418079088526e-02
4.519774011299439176e-02
4.717514124293770150e-02
4.096045197740121047e-02
4.661016949152538280e-02
4.096045197740121047e-02
4.717514124293770150e-02
4.096045197740121047e-02
4.731638418079088526e-02
4.096045197740121047e-02
4.717514124293770150e-02
4.096045197740121047e-02
4.802259887005638078e-02
4.096045197740121047e-02
4.675141242937856656e-02
4.096045197740121047e-02
4.307909604519770397e-02
4.096045197740121047e-02
4.435028248587551819e-02
4.096045197740121047e-02
4.096045197740121047e-02
4.096045197740121047e-02
4.505649717514121494e-02
4.096045197740121047e-02
4.279661016949134339e-02
4.096045197740121047e-02
4.279661016949134339e-02
4.096045197740121047e-02
4.096045197740121047e-02
4.096045197740121047e-02
4.096045197740121047e-02
4.096045197740121047e-02
4.096045197740121047e-02
4.096045197740121047e-02
4.096045197740121047e-02
4.096045197740121047e-02
4.011299435028253813e-02
4.096045197740121047e-02
4.096045197740121047e-02
4.096045197740121047e-02
4.096045197740121047e-02
4.096045197740121047e-02
4.096045197740121047e-02
4.096045197740121047e-02
4.039548022598869748e-02
4.096045197740121047e-02
4.096045197740121047e-02
4.096045197740121047e-02
4.039548022598869748e-02
4.096045197740121047e-02
4.039548022598869748e-02
4.096045197740121047e-02
4.011299435028253813e-02
4.096045197740121047e-02
3.954802259887001820e-02
4.096045197740121047e-02
4.039548022598869748e-02
4.096045197740121047e-02
3.954802259887001820e-02
4.096045197740121047e-02
3.954802259887001820e-02
4.096045197740121047e-02
3.954802259887001820e-02
4.001129943502813174e-02
3.954802259887001820e-02
3.813559322033902715e-02
3.954802259887001820e-02
3.926553672316385885e-02
3.954802259887001820e-02
3.813559322033902715e-02
3.954802259887001820e-02
3.926553672316385885e-02
3.954802259887001820e-02
3.813559322033902715e-02
3.954802259887001820e-02
3.813559322033902715e-02
3.954802259887001820e-02
3.813559322033902715e-02
3.954802259887001820e-02
3.813559322033902715e-02
3.870056497175133892e-02
3.813559322033902715e-02
3.954802259887001820e-02
3.813559322033902715e-02
3.954802259887001820e-02
3.813559322033902715e-02
3.898305084745769949e-02
3.813559322033902715e-02
3.870056497175133892e-02
3.813559322033902715e-02
3.870056497175133892e-02
3.813559322033902715e-02
3.898305084745769949e-02
3.813559322033902715e-02
3.954802259887001820e-02
3.813559322033902715e-02
3.898305084745769949e-02
3.813559322033902715e-02
3.813559322033902715e-02
3.813559322033902715e-02
3.813559322033902715e-02
3.813559322033902715e-02
3.813559322033902715e-02
3.813559322033902715e-02
3.813559322033902715e-02
3.813559322033902715e-02
3.813559322033902715e-02
3.813559322033902715e-02
3.813559322033902715e-02
3.813559322033902715e-02
3.813559322033902715e-02
3.813559322033902715e-02
3.813559322033902715e-02
3.813559322033902715e-02
3.813559322033902715e-02
3.813559322033902715e-02
3.813559322033902715e-02
3.813559322033902715e-02
3.813559322033902715e-02
3.813559322033902715e-02
3.813559322033902715e-02
3.813559322033902715e-02
3.813559322033902715e-02
3.813559322033902715e-02
3.813559322033902715e-02
3.813559322033902715e-02
3.813559322033902715e-02
3.813559322033902715e-02
3.813559322033902715e-02
3.813559322033902715e-02
3.813559322033902715e-02
3.813559322033902715e-02
3.813559322033902715e-02
3.813559322033902715e-02
3.813559322033902715e-02
3.813559322033902715e-02
3.813559322033902715e-02
3.813559322033902715e-02
3.813559322033902715e-02
3.813559322033902715e-02
3.601129943502802411e-02
3.813559322033902715e-02
3.813559322033902715e-02
3.813559322033902715e-02
3.714689265536737228e-02
3.813559322033902715e-02
3.714689265536737228e-02
3.813559322033902715e-02
3.658192090395485235e-02
3.813559322033902715e-02
3.658192090395485235e-02
3.813559322033902715e-02
3.714689265536737228e-02
3.813559322033902715e-02
3.587570621468915560e-02
3.813559322033902715e-02
3.658192090395485235e-02
3.813559322033902715e-02
3.516949152542366008e-02
3.813559322033902715e-02
3.432203389830498080e-02
3.813559322033902715e-02
3.432203389830498080e-02
3.813559322033902715e-02
3.432203389830498080e-02
3.502824858757067755e-02
3.432203389830498080e-02
3.813559322033902715e-02
3.432203389830498080e-02
3.813559322033902715e-02
3.432203389830498080e-02
3.813559322033902715e-02
3.432203389830498080e-02
3.813559322033902715e-02
3.432203389830498080e-02
3.813559322033902715e-02
3.432203389830498080e-02
3.813559322033902715e-02
3.432203389830498080e-02
3.361581920903948528e-02
3.432203389830498080e-02
3.813559322033902715e-02
3.432203389830498080e-02
3.050847457627113915e-02
3.432203389830498080e-02
3.050847457627113915e-02
3.432203389830498080e-02
3.813559322033902715e-02
3.432203389830498080e-02
3.502824858757067755e-02
3.432203389830498080e-02
3.502824858757067755e-02
3.432203389830498080e-02
3.050847457627113915e-02
