4.563008105308064555e-01
4.315721047392691578e-01
4.224120909257113032e-01
3.651630202937413139e-01
3.523294127206612059e-01
3.357165783005260917e-01
3.218396408475022175e-01
3.161476425538832791e-01
3.131712271720804575e-01
2.772665407195239462e-01
2.719710727852603371e-01
2.648099620127166709e-01
2.612387510918805500e-01
2.584963536270745710e-01
2.496613646982347723e-01
2.398074227558046334e-01
2.339163467202960422e-01
2.272533365835820995e-01
2.219310540963292944e-01
2.216466573222014014e-01
2.230686411928414492e-01
2.188839458021006046e-01
2.067158266804803857e-01
1.990623032075892473e-01
1.996262213825748533e-01
2.006012960367277720e-01
2.062892315192882686e-01
2.016982550226501247e-01
1.838422004184697700e-01
1.871997074776038383e-01
1.820139354419324507e-01
1.843500518008409639e-01
1.816889105572147278e-01
1.802872407418693312e-01
1.799305259308915661e-01
1.753102971946290667e-01
1.689113697767485600e-01
1.703942958132732000e-01
1.673675015743393002e-01
1.666361955837244724e-01
1.666361955837243058e-01
1.648485587177767608e-01
1.620249050317915107e-01
1.597497308387674231e-01
1.595465902858187734e-01
1.612529709305868808e-01
1.655595506530969652e-01
1.592475673918783419e-01
1.543868202409246493e-01
1.535336299185406095e-01
1.503849513478376643e-01
1.498161577995814897e-01
1.544274483515144514e-01
1.532289190891178987e-01
1.487191988136591647e-01
1.491051658642614797e-01
1.464643386759297283e-01
1.454892640217766153e-01
1.439047677087777477e-01
1.514209681678753694e-01
1.454908891462000642e-01
1.414873951286896026e-01
1.421983870640094461e-01
1.412029983545615430e-01
1.407764031933695925e-01
1.404513783086518974e-01
1.401669815345238101e-01
1.354338066508218030e-01
1.335852276189896659e-01
1.393137912121397703e-01
1.387043695532939880e-01
1.401669815345238101e-01
1.330976902919131233e-01
1.330367481260285034e-01
1.305787474353505839e-01
1.329611798403315392e-01
1.357994596461291337e-01
1.269019034269812662e-01
1.279785483576086069e-01
1.264549942104943592e-01
1.283442013529161041e-01
1.302130944400430590e-01
1.283645154082109219e-01
1.257236882198793371e-01
1.254555426899870707e-01
1.244439027363031663e-01
1.269628455928655253e-01
1.216405631056127340e-01
1.238751091880471861e-01
1.249517541186747072e-01
1.201170089584984724e-01
1.229487882666017162e-01
1.248501838422004795e-01
1.227578361468300572e-01
1.226765799256504530e-01
1.189997359172811492e-01
1.198529262396653833e-01
1.182278018160766997e-01
1.229203485891889047e-01
1.188372234749223016e-01
1.192028764702297988e-01
1.184309423690251689e-01
1.192435045808194205e-01
1.179637190972434302e-01
1.188372234749223016e-01
1.188372234749223016e-01
1.188372234749223016e-01
1.183496861478455647e-01
1.195279013549474939e-01
1.177808925995897649e-01
1.160745119548216575e-01
1.135555690982591182e-01
1.174964958254615111e-01
1.167497511528222398e-01
1.178012066548845826e-01
1.161354541207059166e-01
1.142665610335791421e-01
1.122351555040933258e-01
1.153228919089118454e-01
1.176996363784101607e-01
1.158713714018728275e-01
1.157901151806934037e-01
1.139212220935664488e-01
1.123976679464523537e-01
1.124277327482882671e-01
1.109350559652223511e-01
1.156885449042191621e-01
1.155260324618603146e-01
1.143884453653481875e-01
1.116663619558371789e-01
1.094318158734027130e-01
1.110163121864017749e-01
1.074004103439169105e-01
1.157494870701037820e-01
1.145306437524122173e-01
1.126008084994006564e-01
1.095943283157615605e-01
1.077660633392244077e-01
1.080910882239422832e-01
1.149978670241939560e-01
1.147947264712454868e-01
1.122351555040931453e-01
1.101631218640177212e-01
1.078879476709934532e-01
1.055924594226745616e-01
1.030735165661122027e-01
1.152822637983220433e-01
1.128445771629391081e-01
1.104068905275559925e-01
1.082129725557113287e-01
1.058565421415076507e-01
1.028906900684583570e-01
1.009405407601519783e-01
1.112600808499400462e-01
1.108741137993377313e-01
1.088020801592621267e-01
1.061409389156357241e-01
1.030125744002274024e-01
1.013265078107542932e-01
1.005952018201392850e-01
1.115038495134783175e-01
1.089849066569159586e-01
1.063440794685841934e-01
1.029719462896377807e-01
1.015905905295873823e-01
1.005748877648444672e-01
1.005545737095496633e-01
1.058971702520974528e-01
1.044345582708674364e-01
1.033172852296504740e-01
1.019359294695998952e-01
1.005545737095496633e-01
9.551668799642476504e-02
1.031750868425862638e-01
1.045564426026368426e-01
1.030125744002275828e-01
1.022812684096125746e-01
9.978263960834521384e-02
9.525260527759149554e-02
9.630893615292419885e-02
1.049424096532391576e-01
9.974201149775523134e-02
1.005748877648442868e-01
9.901070550714040353e-02
9.498852255875840644e-02
9.604485343409094322e-02
9.689804375647517731e-02
9.787311841062827644e-02
9.939667255774271848e-02
9.868568062242252803e-02
9.468381172933533485e-02
9.567920043878361258e-02
9.665427509293671171e-02
9.941698661303753626e-02
9.937635850244791458e-02
9.596359721291150557e-02
9.446035712109206173e-02
9.527291933288649373e-02
9.641050642939844040e-02
9.738558108355171994e-02
9.446035712109206173e-02
9.659333292705228613e-02
9.504946472464302631e-02
9.506977877993764980e-02
9.616673776586016908e-02
9.446035712109206173e-02
9.435878684461782018e-02
9.446035712109206173e-02
9.470412578463033304e-02
9.486663822698918058e-02
9.592296910232188389e-02
9.446035712109206173e-02
9.446035712109206173e-02
9.785280435533345866e-02
9.533386149877091931e-02
9.466349767404053095e-02
9.425721656814339822e-02
9.446035712109206173e-02
9.275397647632395437e-02
9.446035712109206173e-02
9.446035712109206173e-02
9.446035712109206173e-02
9.429784467873321419e-02
9.413533223637435277e-02
9.397281979401550522e-02
9.446035712109206173e-02
9.242895159160624541e-02
9.405407601519492899e-02
9.433847278932283587e-02
9.417596034696397445e-02
9.123042232920949846e-02
9.344465435634914663e-02
9.202267048570894614e-02
9.364779490929781014e-02
9.364779490929781014e-02
9.421658845755377654e-02
9.039754606212044297e-02
8.942247140796716343e-02
9.161638937981181341e-02
9.324151380340049700e-02
9.405407601519492899e-02
9.425721656814339822e-02
8.978812440327466060e-02
8.958498385032601097e-02
9.121010827391469455e-02
9.283523269750337814e-02
9.446035712109206173e-02
9.429784467873321419e-02
8.917870274442887824e-02
8.869116541735233561e-02
9.015377739858217165e-02
9.242895159160624541e-02
9.334308407987491896e-02
8.523777601722631880e-02
8.856928108558310975e-02
8.832551242204482456e-02
8.978812440327466060e-02
8.698478477258404784e-02
9.222581103865759578e-02
9.364779490929781014e-02
8.795985942673750779e-02
8.795985942673732738e-02
8.373453592540686108e-02
9.088508338919698559e-02
9.021471956446677765e-02
8.393767647835533030e-02
8.613159445019999416e-02
8.694415666199442616e-02
8.905681841265965237e-02
8.483149491132900566e-02
8.345013915127878767e-02
8.328762670891992625e-02
8.491275113250860984e-02
8.653787555609729343e-02
8.381579214658628485e-02
8.375484998070167886e-02
8.349076726186858977e-02
8.391736242306052640e-02
8.450647002661149099e-02
8.613159445020017457e-02
8.832551242204482456e-02
8.592845389725152494e-02
8.353139537245821145e-02
8.336888293009936390e-02
8.410018892071417784e-02
8.572531334430304184e-02
8.795985942673732738e-02
8.373453592540686108e-02
8.357202348304801354e-02
8.340951104068916599e-02
8.369390781481705899e-02
8.531903223840574257e-02
8.328762670891992625e-02
8.328762670891992625e-02
8.361265159363763522e-02
8.345013915127878767e-02
8.328762670891992625e-02
8.491275113250860984e-02
8.328762670891992625e-02
8.328762670891992625e-02
8.328762670891992625e-02
8.349076726186858977e-02
8.332825481950974222e-02
8.328762670891992625e-02
8.328762670891992625e-02
8.328762670891992625e-02
8.328762670891992625e-02
8.328762670891992625e-02
8.194689905945932995e-02
8.410018892071417784e-02
8.328762670891992625e-02
8.328762670891992625e-02
8.328762670891992625e-02
8.328762670891992625e-02
8.149592703191321785e-02
8.369390781481705899e-02
8.328762670891992625e-02
8.328762670891992625e-02
8.328762670891992625e-02
8.328762670891992625e-02
8.328762670891992625e-02
8.328762670891992625e-02
8.328762670891992625e-02
8.328762670891992625e-02
8.328762670891992625e-02
8.328762670891992625e-02
8.328762670891992625e-02
8.332825481950974222e-02
8.308448615597127662e-02
8.328762670891992625e-02
8.328762670891992625e-02
8.328762670891992625e-02
8.328762670891992625e-02
8.186564283827990618e-02
8.328762670891992625e-02
8.328762670891992625e-02
8.328762670891992625e-02
8.328762670891992625e-02
8.328762670891992625e-02
8.115465090295988226e-02
8.328762670891992625e-02
8.328762670891992625e-02
8.328762670891992625e-02
8.328762670891992625e-02
8.328762670891992625e-02
8.044365896763987223e-02
8.328762670891992625e-02
8.328762670891992625e-02
8.328762670891992625e-02
7.404473154975937943e-02
7.708046397302283081e-02
7.973266703231968178e-02
8.257663477359991622e-02
8.308448615597127662e-02
8.328762670891992625e-02
8.328762670891992625e-02
7.617770735571942342e-02
7.902167509699965786e-02
8.186564283827990618e-02
8.255632071830511232e-02
8.328762670891992625e-02
8.328762670891992625e-02
7.546671542039941338e-02
7.831068316167946741e-02
8.115465090295988226e-02
8.328762670891992625e-02
6.805208523777600549e-02
7.556828569687364106e-02
7.516200459097652220e-02
7.759969122635945737e-02
8.044365896763987223e-02
8.328762670891992625e-02
8.328762670891992625e-02
7.120076380847914499e-02
7.404473154975937943e-02
7.688869929103943346e-02
7.973266703231968178e-02
8.257663477359991622e-02
8.308448615597127662e-02
7.048977187315912107e-02
7.333373961443918898e-02
7.617770735571942342e-02
7.902167509699965786e-02
8.186564283827990618e-02
8.255632071830511232e-02
7.002254860137738235e-02
7.262274767911916507e-02
7.546671542039941338e-02
7.831068316167946741e-02
8.115465090295988226e-02
6.626444837182829395e-02
6.927092855546757022e-02
6.927092855546757022e-02
7.475572348507938947e-02
7.759969122635945737e-02
