4.540594447895890395e-01
4.270346270804041833e-01
4.266893372134842877e-01
3.845927476048785487e-01
3.574685282673381037e-01
3.282836870156621289e-01
3.228918026354510307e-01
3.132491907268743492e-01
2.923356112873164991e-01
2.787332831965469992e-01
2.724716345682241525e-01
2.556976097832129313e-01
2.504097047379262864e-01
2.416375110355427347e-01
2.328044992315990991e-01
2.431442304548277200e-01
2.241441323611157166e-01
2.176862963084066627e-01
2.149723702710655826e-01
2.099532419971878727e-01
2.049583101723179701e-01
1.957787005852924533e-01
1.897295883333877942e-01
1.856586992773763545e-01
1.858058398456658711e-01
1.837295229375795758e-01
1.848249027237353348e-01
1.720138639113232282e-01
1.647346565085178738e-01
1.660890036948632076e-01
1.694098028316384785e-01
1.632442860412647578e-01
1.603178236275054624e-01
1.569172416048130458e-01
1.553640911617564513e-01
1.543504561357616489e-01
1.531079357813163733e-01
1.533368211097667078e-01
1.511787594415198721e-01
1.479253179871169999e-01
1.498871922309779059e-01
1.466500997286074304e-01
1.413530392701828342e-01
1.442795016839421018e-01
1.410424091815714875e-01
1.438472353922110869e-01
1.348788542654416056e-01
1.365954942288198914e-01
1.337344276231892948e-01
1.363993068044337953e-01
1.338979171435110971e-01
1.338979171435110971e-01
1.316090638590067252e-01
1.265408887290323248e-01
1.280449923159923953e-01
1.278815027956707318e-01
1.311185952980414848e-01
1.291567210541804400e-01
1.233201451786940100e-01
1.239087074518522291e-01
1.248732956217506185e-01
1.231893535624366265e-01
1.230258640421148242e-01
1.234908282379097999e-01
1.214230127848807128e-01
1.226498381453748066e-01
1.213909688388973840e-01
1.207206618055781805e-01
1.205244743811920982e-01
1.180230847202693861e-01
1.202465421966450593e-01
1.222084164405061041e-01
1.139848935683221987e-01
1.163391426609553941e-01
1.154399502991858562e-01
1.170584965503711494e-01
1.191838603145538578e-01
1.090802079586698919e-01
1.099794003204394299e-01
1.127227544714383273e-01
1.133799823431316939e-01
1.159958146682796565e-01
1.086387862538010368e-01
1.090311611025731875e-01
1.085570414936402051e-01
1.098159108001176276e-01
1.119085766602360560e-01
1.086714841578654556e-01
1.079684792204819860e-01
1.085570414936402051e-01
1.069711931465193305e-01
1.074943596115490035e-01
1.111892227708203007e-01
1.087041820619297217e-01
1.076578491318705144e-01
1.070856358107445672e-01
1.062681882091358471e-01
1.070365889546478766e-01
1.035542621717947809e-01
1.068240525782296613e-01
1.065624693457150329e-01
1.065951672497793129e-01
1.064316777294575106e-01
1.056305790798809235e-01
1.039956838766634833e-01
1.020011117287381724e-01
1.070038910505835966e-01
1.061700944969427435e-01
1.063008861132001270e-01
1.054507406075271270e-01
1.033253768433444325e-01
1.018539711604486558e-01
1.013798515515155207e-01
1.060393028806853599e-01
1.055488343197200918e-01
1.052382042311087729e-01
1.035706111238269139e-01
1.013308046954189690e-01
9.969590949220152876e-02
1.058758133603636964e-01
1.054507406075269882e-01
1.054507406075269882e-01
1.033907726514729786e-01
1.017885753523198183e-01
9.999019062878057584e-02
9.842069123369182049e-02
9.662230651015257799e-02
1.054343916554948551e-01
1.039793349246312115e-01
1.016970212209396124e-01
1.000555864369092607e-01
9.825720171337017084e-02
9.642611908576650959e-02
1.054180427034627082e-01
1.042298008697641332e-01
1.012981067913545502e-01
1.005460549978745288e-01
9.840434228165968744e-02
9.673674917437782850e-02
1.050420168067227045e-01
1.049602720465617200e-01
1.023444397214139101e-01
1.010365235588397831e-01
9.887846189059280866e-02
9.670405127031356241e-02
9.474217702645265637e-02
1.050420168067227045e-01
1.023607886734460432e-01
9.941797730765448982e-02
9.703103031095701436e-02
9.719451983127881667e-02
9.555962462806137647e-02
9.330870091227144725e-02
1.030310957067651079e-01
9.945067521171890856e-02
9.982670110845891231e-02
9.768498839224408481e-02
9.572311414838304000e-02
9.382663571265083269e-02
1.032109341791190432e-01
1.008239871824214290e-01
9.784847791256573446e-02
9.497106235490300474e-02
9.621358270934829426e-02
9.425170846548740211e-02
9.279665173462375849e-02
9.286204754275244333e-02
9.856783180198148975e-02
9.572442206454565006e-02
9.670405127031356241e-02
9.474217702645265637e-02
9.278030278259161157e-02
9.284569859072031028e-02
9.758689468005096734e-02
9.640977013373437654e-02
9.353235457607164682e-02
9.278030278259161157e-02
9.327077134355687971e-02
9.278030278259161157e-02
9.278030278259161157e-02
9.515090082725695397e-02
9.425170846548724946e-02
9.278030278259161157e-02
9.361409933623247859e-02
9.278030278259161157e-02
9.278030278259161157e-02
9.278030278259161157e-02
9.497106235490300474e-02
9.278030278259161157e-02
9.425170846548740211e-02
9.255141745414112442e-02
9.278030278259161157e-02
9.278030278259161157e-02
9.335251610371771147e-02
9.281300068665603031e-02
9.173396985253240432e-02
9.278030278259161157e-02
9.278030278259161157e-02
9.278030278259161157e-02
9.278030278259161157e-02
9.278030278259161157e-02
9.147238662001763720e-02
9.251871955007684445e-02
9.209364679724027503e-02
9.278030278259161157e-02
9.278030278259161157e-02
9.278030278259161157e-02
9.121080338750287009e-02
9.225713631756207733e-02
9.232253212569077605e-02
9.140699081188895236e-02
9.049144949808711480e-02
9.278030278259161157e-02
9.094922015498810297e-02
9.199555308504731022e-02
9.255141745414112442e-02
9.278030278259161157e-02
9.072033482653761582e-02
9.278030278259161157e-02
9.068763692247319708e-02
9.173396985253240432e-02
9.278030278259161157e-02
9.186476146878978788e-02
9.094922015498810297e-02
9.003367884118627928e-02
9.042605368995842996e-02
9.147238662001763720e-02
9.212634470130455500e-02
9.209364679724027503e-02
9.117810548343845134e-02
8.660039891442959659e-02
9.016447045744366284e-02
9.000098093712199931e-02
9.225713631756207733e-02
9.232253212569077605e-02
9.140699081188895236e-02
8.656770101036517784e-02
8.669849262662256140e-02
8.702547166726616601e-02
8.953732465748903691e-02
9.255141745414112442e-02
9.163587614033930073e-02
8.653500310630089787e-02
8.666579472255828143e-02
9.068763692247319708e-02
9.173396985253240432e-02
9.278030278259161157e-02
9.186476146878978788e-02
8.951051237615659240e-02
8.663309681849401533e-02
8.676388843475124624e-02
8.542327436811299191e-02
8.673119053068682749e-02
8.584834712094956133e-02
8.646960729817206037e-02
8.660039891442959659e-02
8.673119053068698014e-02
8.509629532746953995e-02
8.437694143805378466e-02
8.594644083314252614e-02
8.535787855998430707e-02
8.656770101036517784e-02
8.669849262662256140e-02
8.212078605761370664e-02
8.303632737141553033e-02
8.705816957133043210e-02
8.550501912827382367e-02
8.653500310630089787e-02
8.666579472255828143e-02
8.234967138606405501e-02
8.339600431612326226e-02
8.051858875846053254e-02
8.565215969656334027e-02
8.650230520223663178e-02
8.663309681849401533e-02
8.257855671451454216e-02
8.297093156328684549e-02
8.074747408691103356e-02
8.130333845600483389e-02
8.234967138606405501e-02
8.372298335676686687e-02
8.280744204296504318e-02
8.189190072916320562e-02
8.097635941536138193e-02
8.104175522349006677e-02
8.208808815354928790e-02
8.395186868521721524e-02
8.051858875846053254e-02
8.212078605761370664e-02
8.120524474381186908e-02
8.078017199097529966e-02
8.182650492103452078e-02
8.226792662590322325e-02
8.326521269986587870e-02
8.234967138606405501e-02
8.143413007226237010e-02
8.051858875846053254e-02
8.156492168851975366e-02
8.051858875846053254e-02
8.051858875846053254e-02
8.257855671451454216e-02
8.166301540071271847e-02
8.074747408691103356e-02
8.051858875846053254e-02
8.051858875846053254e-02
8.174476016087368901e-02
7.888369355524309234e-02
8.189190072916320562e-02
7.940686002027262658e-02
8.051858875846053254e-02
8.051858875846053254e-02
8.051858875846053254e-02
8.051858875846053254e-02
8.051858875846053254e-02
8.120524474381186908e-02
8.051858875846053254e-02
8.051858875846053254e-02
8.051858875846053254e-02
8.051858875846053254e-02
8.051858875846053254e-02
8.143413007226237010e-02
8.051858875846053254e-02
8.051858875846053254e-02
8.051858875846053254e-02
8.051858875846053254e-02
8.051858875846053254e-02
8.166301540071271847e-02
7.996272438936673221e-02
8.051858875846053254e-02
8.051858875846053254e-02
8.051858875846053254e-02
8.051858875846053254e-02
7.581009057319415545e-02
7.894908936337179106e-02
8.051858875846053254e-02
8.051858875846053254e-02
8.051858875846053254e-02
8.051858875846053254e-02
7.973383906091609241e-02
7.816433966582748971e-02
8.051858875846053254e-02
8.051858875846053254e-02
7.031684269038346313e-02
7.450217441062031987e-02
7.868750613085702394e-02
7.737958996828303571e-02
8.051858875846053254e-02
8.051858875846053254e-02
8.051858875846053254e-02
7.345584148056109874e-02
7.345584148056109874e-02
7.659484027073873436e-02
7.973383906091623119e-02
8.051858875846053254e-02
8.051858875846053254e-02
7.240950855050173884e-02
7.267109178301665862e-02
7.581009057319415545e-02
7.894908936337179106e-02
8.051858875846053254e-02
8.051858875846053254e-02
7.136317562044267038e-02
7.188634208547235727e-02
7.502534087564985410e-02
7.816433966582748971e-02
8.051858875846053254e-02
8.051858875846053254e-02
7.031684269038346313e-02
7.110159238792790326e-02
7.424059117810540009e-02
7.737958996828303571e-02
8.051858875846053254e-02
8.051858875846053254e-02
6.717784390020596630e-02
7.031684269038360191e-02
7.345584148056109874e-02
7.659484027073873436e-02
7.973383906091623119e-02
6.403884511002846947e-02
6.822417683026517354e-02
6.953209299283900913e-02
7.267109178301665862e-02
7.581009057319415545e-02
7.894908936337179106e-02
8.015891181375266183e-02
6.560834450511722482e-02
6.874734329529470778e-02
7.188634208547235727e-02
7.502534087564985410e-02
7.512343458784295769e-02
6.176634077755610575e-02
6.392440244580323283e-02
6.796259359775026765e-02
7.110159238792790326e-02
7.424059117810540009e-02
