4.435028248587569721e-01
3.733050847457626276e-01
3.779661016949153463e-01
3.294463276836155918e-01
3.322033898305085109e-01
2.978813559322033289e-01
2.751412429378531921e-01
2.725988700564971334e-01
2.364406779661016311e-01
2.447740112994352124e-01
2.262711864406779239e-01
2.271186440677968044e-01
2.163841807909603621e-01
2.082146892655364068e-01
2.031073446327683052e-01
1.976214689265535507e-01
1.861581920903955800e-01
1.888418079096045865e-01
1.827683615819208907e-01
1.805084745762711995e-01
1.672316384180791426e-01
1.694915254237288338e-01
1.612994350282486167e-01
1.625706214689264240e-01
1.612994350282486167e-01
1.592259887005650076e-01
1.596045197740112720e-01
1.579096045197741216e-01
1.593220338983050988e-01
1.555084745762710663e-01
1.593220338983050988e-01
1.508474576271187362e-01
1.593220338983050988e-01
1.474576271186440468e-01
1.542372881355932590e-01
1.442090395480227216e-01
1.449152542372880159e-01
1.394067796610170273e-01
1.432203389830508655e-01
1.384180790960449492e-01
1.420903954802260338e-01
1.379943502824858281e-01
1.420903954802260338e-01
1.368644067796609964e-01
1.336158192090394770e-01
1.362994350282486777e-01
1.336158192090394770e-01
1.283898305084746339e-01
1.336158192090394770e-01
1.322033898305082777e-01
1.333333333333333037e-01
1.241525423728812444e-01
1.333333333333333037e-01
1.240112994350282688e-01
1.305084745762713216e-01
1.226214689265537200e-01
1.305084745762713216e-01
1.146892655367232339e-01
1.305084745762713216e-01
1.165254237288135680e-01
1.305084745762713216e-01
1.110169491525423713e-01
1.146892655367232339e-01
1.121468926553672030e-01
1.305084745762713216e-01
1.110169491525423713e-01
1.146892655367232339e-01
1.107344632768362119e-01
1.146892655367232339e-01
1.026836158192091925e-01
1.146892655367232339e-01
1.023050847457627338e-01
1.146892655367232339e-01
1.062146892655368713e-01
1.070621468926553493e-01
1.012711864406779932e-01
9.096045197740110222e-02
9.830508474576282740e-02
9.096045197740110222e-02
9.830508474576282740e-02
9.096045197740110222e-02
9.194915254237295832e-02
9.096045197740110222e-02
9.562146892655362662e-02
9.096045197740110222e-02
8.954802259887011118e-02
9.096045197740110222e-02
9.124293785310745586e-02
9.096045197740110222e-02
8.742937853107342339e-02
9.096045197740110222e-02
8.389830508474573068e-02
9.096045197740110222e-02
8.403954802259910872e-02
8.050847457627123560e-02
8.008474576271208678e-02
7.966101694915254938e-02
7.895480225988706080e-02
6.920903954802268276e-02
7.528248587570619821e-02
6.920903954802268276e-02
7.895480225988706080e-02
6.920903954802268276e-02
7.528248587570619821e-02
6.920903954802268276e-02
7.302259887005632666e-02
6.920903954802268276e-02
7.062146892655367381e-02
6.920903954802268276e-02
6.567796610169500393e-02
6.920903954802268276e-02
6.567796610169500393e-02
6.920903954802268276e-02
6.920903954802268276e-02
6.101694915254247953e-02
6.920903954802268276e-02
6.101694915254247953e-02
6.440677966101698848e-02
5.960451977401128726e-02
6.440677966101698848e-02
5.960451977401128726e-02
6.440677966101698848e-02
5.960451977401128726e-02
6.440677966101698848e-02
5.960451977401128726e-02
6.440677966101698848e-02
5.960451977401128726e-02
6.426553672316361043e-02
5.960451977401128726e-02
6.412429378531062096e-02
5.960451977401128726e-02
6.214689265536711693e-02
5.960451977401128726e-02
5.819209039548028928e-02
5.960451977401128726e-02
5.906214689265541079e-02
5.960451977401128726e-02
5.748587570621479376e-02
5.960451977401128726e-02
5.748587570621479376e-02
5.960451977401128726e-02
5.734463276836161694e-02
5.960451977401128726e-02
5.734463276836161694e-02
5.536723163841810597e-02
5.734463276836161694e-02
5.536723163841810597e-02
5.720338983050844012e-02
5.960451977401128726e-02
5.734463276836161694e-02
5.932203389830492668e-02
5.720338983050844012e-02
5.536723163841810597e-02
5.720338983050844012e-02
5.536723163841810597e-02
5.522598870056492915e-02
5.508474576271174539e-02
5.508474576271174539e-02
5.508474576271174539e-02
5.601694915254228774e-02
5.508474576271174539e-02
5.579096045197744214e-02
5.508474576271174539e-02
5.508474576271174539e-02
5.508474576271174539e-02
5.508474576271174539e-02
5.508474576271174539e-02
5.508474576271174539e-02
5.508474576271174539e-02
5.437853107344624987e-02
5.508474576271174539e-02
5.437853107344624987e-02
5.508474576271174539e-02
5.508474576271174539e-02
5.508474576271174539e-02
5.508474576271174539e-02
5.508474576271174539e-02
5.366666666666643909e-02
5.508474576271174539e-02
5.014124293785306857e-02
5.508474576271174539e-02
4.816384180790955760e-02
5.508474576271174539e-02
4.980790960451991073e-02
5.508474576271174539e-02
4.816384180790955760e-02
5.508474576271174539e-02
4.816384180790955760e-02
5.508474576271174539e-02
4.816384180790955760e-02
5.508474576271174539e-02
4.802259887005638078e-02
4.519774011299439176e-02
4.802259887005638078e-02
4.519774011299439176e-02
4.802259887005638078e-02
4.096045197740121047e-02
4.802259887005638078e-02
4.096045197740121047e-02
4.802259887005638078e-02
4.096045197740121047e-02
4.802259887005638078e-02
4.096045197740121047e-02
4.731638418079088526e-02
4.096045197740121047e-02
4.802259887005638078e-02
4.519774011299439176e-02
4.745762711864406208e-02
4.096045197740121047e-02
4.717514124293770150e-02
4.096045197740121047e-02
4.745762711864406208e-02
4.096045197740121047e-02
4.661016949152538280e-02
4.096045197740121047e-02
4.717514124293770150e-02
4.096045197740121047e-02
4.449152542372889624e-02
4.096045197740121047e-02
4.590395480225988728e-02
4.096045197740121047e-02
4.505649717514121494e-02
4.096045197740121047e-02
4.251412429378538527e-02
4.096045197740121047e-02
4.096045197740121047e-02
4.096045197740121047e-02
4.251412429378538527e-02
4.096045197740121047e-02
4.096045197740121047e-02
4.096045197740121047e-02
4.096045197740121047e-02
4.096045197740121047e-02
4.096045197740121047e-02
4.096045197740121047e-02
4.096045197740121047e-02
4.096045197740121047e-02
4.096045197740121047e-02
4.096045197740121047e-02
4.096045197740121047e-02
4.096045197740121047e-02
4.096045197740121047e-02
4.096045197740121047e-02
4.096045197740121047e-02
4.096045197740121047e-02
4.096045197740121047e-02
4.096045197740121047e-02
3.963841807909599529e-02
4.096045197740121047e-02
4.039548022598869748e-02
4.096045197740121047e-02
3.954802259887001820e-02
4.096045197740121047e-02
4.096045197740121047e-02
4.096045197740121047e-02
3.954802259887001820e-02
4.096045197740121047e-02
4.039548022598869748e-02
4.096045197740121047e-02
3.954802259887001820e-02
4.096045197740121047e-02
3.954802259887001820e-02
3.926553672316385885e-02
3.954802259887001820e-02
3.926553672316385885e-02
3.954802259887001820e-02
4.096045197740121047e-02
3.954802259887001820e-02
4.096045197740121047e-02
3.954802259887001820e-02
4.096045197740121047e-02
3.954802259887001820e-02
3.926553672316385885e-02
3.954802259887001820e-02
4.096045197740121047e-02
3.954802259887001820e-02
3.813559322033902715e-02
3.898305084745769949e-02
3.813559322033902715e-02
3.954802259887001820e-02
3.813559322033902715e-02
3.954802259887001820e-02
3.813559322033902715e-02
3.813559322033902715e-02
3.813559322033902715e-02
3.954802259887001820e-02
3.926553672316385885e-02
3.954802259887001820e-02
3.813559322033902715e-02
3.870056497175133892e-02
3.813559322033902715e-02
3.898305084745769949e-02
3.813559322033902715e-02
3.813559322033902715e-02
3.813559322033902715e-02
3.813559322033902715e-02
3.813559322033902715e-02
3.813559322033902715e-02
3.813559322033902715e-02
3.813559322033902715e-02
3.813559322033902715e-02
3.813559322033902715e-02
3.813559322033902715e-02
3.898305084745769949e-02
3.813559322033902715e-02
3.813559322033902715e-02
3.813559322033902715e-02
3.898305084745769949e-02
3.813559322033902715e-02
3.813559322033902715e-02
3.813559322033902715e-02
3.813559322033902715e-02
3.813559322033902715e-02
3.813559322033902715e-02
3.813559322033902715e-02
3.813559322033902715e-02
3.813559322033902715e-02
3.813559322033902715e-02
3.813559322033902715e-02
3.813559322033902715e-02
3.813559322033902715e-02
3.813559322033902715e-02
3.813559322033902715e-02
3.813559322033902715e-02
3.813559322033902715e-02
3.813559322033902715e-02
3.813559322033902715e-02
3.813559322033902715e-02
3.813559322033902715e-02
3.813559322033902715e-02
3.813559322033902715e-02
3.813559322033902715e-02
3.813559322033902715e-02
3.813559322033902715e-02
3.813559322033902715e-02
3.813559322033902715e-02
3.813559322033902715e-02
3.813559322033902715e-02
3.813559322033902715e-02
3.672316384180782795e-02
3.813559322033902715e-02
3.813559322033902715e-02
3.813559322033902715e-02
3.813559322033902715e-02
3.813559322033902715e-02
3.658192090395485235e-02
3.813559322033902715e-02
3.714689265536737228e-02
3.813559322033902715e-02
3.714689265536737228e-02
3.813559322033902715e-02
3.488700564971750073e-02
3.813559322033902715e-02
3.714689265536737228e-02
3.813559322033902715e-02
3.573446327683617307e-02
3.813559322033902715e-02
3.587570621468915560e-02
3.813559322033902715e-02
3.516949152542366008e-02
3.813559322033902715e-02
3.432203389830498080e-02
3.502824858757067755e-02
3.432203389830498080e-02
3.813559322033902715e-02
3.432203389830498080e-02
3.813559322033902715e-02
3.516949152542366008e-02
3.813559322033902715e-02
3.488700564971750073e-02
3.813559322033902715e-02
3.432203389830498080e-02
3.813559322033902715e-02
3.432203389830498080e-02
3.813559322033902715e-02
3.432203389830498080e-02
3.502824858757067755e-02
3.587570621468915560e-02
3.361581920903948528e-02
3.432203389830498080e-02
3.502824858757067755e-02
3.432203389830498080e-02
3.050847457627113915e-02
3.432203389830498080e-02
3.502824858757067755e-02
3.432203389830498080e-02
3.813559322033902715e-02
3.432203389830498080e-02
3.502824858757067755e-02
3.432203389830498080e-02
3.050847457627113915e-02
3.432203389830498080e-02
3.050847457627113915e-02
3.432203389830498080e-02
3.361581920903948528e-02
