4.293686780606906783e-01
3.648692012556679076e-01
3.704220439483779659e-01
3.153679804673873432e-01
3.093826299267526947e-01
2.792117195674922447e-01
2.615974886641087016e-01
2.441576560865016676e-01
2.420648761771887203e-01
2.331705615626090689e-01
2.284618067666550623e-01
2.120683641437041411e-01
2.071852110219742082e-01
2.005580746424834304e-01
1.991628880362748821e-01
1.852110219741889829e-01
1.914893617021277139e-01
1.738751307987443095e-01
1.750959190791768205e-01
1.641088245552843328e-01
1.621904429717475338e-01
1.587024764562260382e-01
1.594000697593301874e-01
1.510568538542028660e-01
1.548657132891523291e-01
1.461457970003487150e-01
1.276595744680850963e-01
1.378025810952213936e-01
1.276595744680850963e-01
1.355005231949771294e-01
1.259155912103243624e-01
1.260899895361005107e-01
1.259155912103243624e-01
1.248692012556678749e-01
1.238228113010115261e-01
1.238228113010115261e-01
1.238228113010115261e-01
1.185908615277292827e-01
1.126613184513428761e-01
1.154516916637599727e-01
1.109173351935821283e-01
1.149284966864317359e-01
1.091733519358213805e-01
1.091733519358213805e-01
1.088245552842693059e-01
1.079525636553888557e-01
1.070805720265085442e-01
1.049877921171957218e-01
1.070805720265085442e-01
1.006278339727939147e-01
1.070805720265085442e-01
9.958144401813744107e-02
1.049877921171957218e-01
9.870945238925700471e-02
1.032298569933725457e-01
9.766306243460051717e-02
1.028950122078827745e-01
9.434949424485530867e-02
1.028950122078827745e-01
9.469829089640738329e-02
1.028950122078827745e-01
9.260551098709456086e-02
1.028950122078827745e-01
8.882455528426931590e-02
8.301360306941062139e-02
8.964073944890128820e-02
8.301360306941062139e-02
8.859434949424481454e-02
8.301360306941062139e-02
8.545517963027539354e-02
8.301360306941062139e-02
8.458318800139508209e-02
8.301360306941062139e-02
8.301360306941062139e-02
8.301360306941062139e-02
8.161841646320194821e-02
8.022322985699338604e-02
8.144401813742603580e-02
7.708405999302408995e-02
8.004883153121734873e-02
7.708405999302408995e-02
7.795605162190440141e-02
7.708405999302408995e-02
7.801185908615274056e-02
7.708405999302408995e-02
7.481688175793510531e-02
7.708405999302408995e-02
7.568887338681554167e-02
7.708405999302408995e-02
7.377049180327875655e-02
7.708405999302408995e-02
7.254970352284612067e-02
7.568887338681541677e-02
7.254970352284612067e-02
6.801534705266826242e-02
7.254970352284612067e-02
6.801534705266826242e-02
7.202650854551788384e-02
6.801534705266826242e-02
7.185211021974197143e-02
6.801534705266826242e-02
7.167771189396580922e-02
6.801534705266826242e-02
6.923613533310077339e-02
6.801534705266826242e-02
6.801534705266838732e-02
6.801534705266826242e-02
7.063132193930933556e-02
6.801534705266826242e-02
6.740146494593643456e-02
6.801534705266826242e-02
6.731775374956398827e-02
6.801534705266826242e-02
6.679455877223575144e-02
6.662016044645971413e-02
6.679455877223575144e-02
6.801534705266826242e-02
6.574816881757927778e-02
6.696895709801178875e-02
6.627136379490751461e-02
6.557377049180324047e-02
6.417858388559469218e-02
6.557377049180324047e-02
6.557377049180324047e-02
6.557377049180324047e-02
6.539937216602720316e-02
6.557377049180324047e-02
6.208580397628186281e-02
6.557377049180324047e-02
6.557377049180324047e-02
6.557377049180324047e-02
6.365538890826645535e-02
6.557377049180324047e-02
6.086501569584935184e-02
6.557377049180324047e-02
6.156260899895362598e-02
6.557377049180324047e-02
6.086501569584935184e-02
6.557377049180324047e-02
6.138821067317746377e-02
6.557377049180324047e-02
6.138821067317746377e-02
6.557377049180324047e-02
6.086501569584922694e-02
6.557377049180324047e-02
5.946982908964067865e-02
6.278339727938614390e-02
5.946982908964067865e-02
6.278339727938614390e-02
6.086501569584922694e-02
5.894663411231244182e-02
6.086501569584922694e-02
6.278339727938614390e-02
5.859783746076024230e-02
5.894663411231244182e-02
5.946982908964067865e-02
5.615626089989533831e-02
5.670735960934768227e-02
5.615626089989533831e-02
5.807464248343212343e-02
5.615626089989533831e-02
5.807464248343212343e-02
5.615626089989533831e-02
5.284269271014987307e-02
5.615626089989533831e-02
5.336588768747810990e-02
5.615626089989533831e-02
5.755144750610388660e-02
5.615626089989533831e-02
5.319148936170207259e-02
5.615626089989533831e-02
5.284269271014987307e-02
5.615626089989533831e-02
5.144750610394132478e-02
5.615626089989533831e-02
5.615626089989533831e-02
5.615626089989533831e-02
5.199860481339379364e-02
5.615626089989533831e-02
5.074991280083705064e-02
5.615626089989533831e-02
5.092431112661308795e-02
5.615626089989533831e-02
5.092431112661308795e-02
5.615626089989533831e-02
4.935472619462850236e-02
5.615626089989533831e-02
4.935472619462850236e-02
5.615626089989533831e-02
4.952912452040453967e-02
5.615626089989533831e-02
5.074991280083705064e-02
5.615626089989533831e-02
4.813393791419598444e-02
5.615626089989533831e-02
4.813393791419598444e-02
4.290198814091373408e-02
4.813393791419598444e-02
4.011161492849663751e-02
4.813393791419598444e-02
4.011161492849663751e-02
4.813393791419598444e-02
4.011161492849663751e-02
4.813393791419598444e-02
4.011161492849663751e-02
4.761074293686774761e-02
4.011161492849663751e-02
4.813393791419598444e-02
4.011161492849663751e-02
4.813393791419598444e-02
4.011161492849663751e-02
4.761074293686774761e-02
4.011161492849663751e-02
4.726194628531567299e-02
4.011161492849663751e-02
4.659225671433550597e-02
4.011161492849663751e-02
4.656435298221139885e-02
4.011161492849663751e-02
4.080920823160091165e-02
4.011161492849663751e-02
4.726194628531567299e-02
4.011161492849663751e-02
4.673875130798743616e-02
4.011161492849663751e-02
4.656435298221139885e-02
4.011161492849663751e-02
4.011161492849663751e-02
4.011161492849663751e-02
4.011161492849663751e-02
4.011161492849663751e-02
4.011161492849663751e-02
4.011161492849663751e-02
4.011161492849663751e-02
4.011161492849663751e-02
4.011161492849663751e-02
4.011161492849663751e-02
4.011161492849663751e-02
4.011161492849663751e-02
4.011161492849663751e-02
4.011161492849663751e-02
4.011161492849663751e-02
4.011161492849663751e-02
4.011161492849663751e-02
4.011161492849663751e-02
4.011161492849663751e-02
4.011161492849663751e-02
4.011161492849663751e-02
4.011161492849663751e-02
4.011161492849663751e-02
4.011161492849663751e-02
3.958841995116839374e-02
3.906522497384015691e-02
3.941402162539235643e-02
4.011161492849663751e-02
3.941402162539235643e-02
4.011161492849663751e-02
3.941402162539235643e-02
4.011161492849663751e-02
3.941402162539235643e-02
3.906522497384015691e-02
4.011161492849663751e-02
4.011161492849663751e-02
3.941402162539235643e-02
3.906522497384015691e-02
3.941402162539235643e-02
4.011161492849663751e-02
3.941402162539235643e-02
4.011161492849663751e-02
3.941402162539235643e-02
3.871642832228808229e-02
3.941402162539235643e-02
4.011161492849663751e-02
3.941402162539235643e-02
3.871642832228808229e-02
3.941402162539235643e-02
3.871642832228808229e-02
3.941402162539235643e-02
3.871642832228808229e-02
3.941402162539235643e-02
3.871642832228808229e-02
3.923962329961631912e-02
3.871642832228808229e-02
3.923962329961631912e-02
3.871642832228808229e-02
3.923962329961631912e-02
3.871642832228808229e-02
3.941402162539235643e-02
3.871642832228808229e-02
3.923962329961631912e-02
3.871642832228808229e-02
3.871642832228808229e-02
3.871642832228808229e-02
3.923962329961631912e-02
3.871642832228808229e-02
3.906522497384028181e-02
3.871642832228808229e-02
3.871642832228808229e-02
3.871642832228808229e-02
3.871642832228808229e-02
3.871642832228808229e-02
3.871642832228808229e-02
3.871642832228808229e-02
3.871642832228808229e-02
3.871642832228808229e-02
3.871642832228808229e-02
3.871642832228808229e-02
3.871642832228808229e-02
3.871642832228808229e-02
3.871642832228808229e-02
3.871642832228808229e-02
3.871642832228808229e-02
3.871642832228808229e-02
3.906522497384028181e-02
3.871642832228808229e-02
3.871642832228808229e-02
3.871642832228808229e-02
3.871642832228808229e-02
3.871642832228808229e-02
3.871642832228808229e-02
3.871642832228808229e-02
3.871642832228808229e-02
3.871642832228808229e-02
3.871642832228808229e-02
3.871642832228808229e-02
3.871642832228808229e-02
3.871642832228808229e-02
3.871642832228808229e-02
3.871642832228808229e-02
3.871642832228808229e-02
3.871642832228808229e-02
3.871642832228808229e-02
3.871642832228808229e-02
3.871642832228808229e-02
3.871642832228808229e-02
3.871642832228808229e-02
3.871642832228808229e-02
3.871642832228808229e-02
3.871642832228808229e-02
3.871642832228808229e-02
3.871642832228808229e-02
3.871642832228808229e-02
3.871642832228808229e-02
3.871642832228808229e-02
3.871642832228808229e-02
3.871642832228808229e-02
3.871642832228808229e-02
3.871642832228808229e-02
3.871642832228808229e-02
3.854202999651204498e-02
3.871642832228808229e-02
3.836763167073600767e-02
3.871642832228808229e-02
3.856993372863615210e-02
3.871642832228808229e-02
3.871642832228808229e-02
3.871642832228808229e-02
3.836763167073600767e-02
3.871642832228808229e-02
3.819323334495997035e-02
3.871642832228808229e-02
3.871642832228808229e-02
3.871642832228808229e-02
3.819323334495997035e-02
3.871642832228808229e-02
3.836763167073600767e-02
3.871642832228808229e-02
3.836763167073600767e-02
3.871642832228808229e-02
3.819323334495997035e-02
3.871642832228808229e-02
3.819323334495997035e-02
3.871642832228808229e-02
3.819323334495997035e-02
3.871642832228808229e-02
3.819323334495997035e-02
3.871642832228808229e-02
3.819323334495997035e-02
3.871642832228808229e-02
3.819323334495997035e-02
3.871642832228808229e-02
3.819323334495997035e-02
3.871642832228808229e-02
3.819323334495997035e-02
3.801883501918380814e-02
3.819323334495997035e-02
3.871642832228808229e-02
3.819323334495997035e-02
3.836763167073600767e-02
3.819323334495997035e-02
3.801883501918380814e-02
3.819323334495997035e-02
3.836763167073600767e-02
3.801883501918393304e-02
3.836763167073600767e-02
