6.182192217249488086e-01
5.891678677084123406e-01
4.852849882424334904e-01
4.278485928847758912e-01
4.035045133884549440e-01
3.748609572934840095e-01
3.609952211181065573e-01
3.407060608359249732e-01
3.342183114617309214e-01
3.252522187665932707e-01
3.092922703481757463e-01
2.964423879238412551e-01
2.846083592505497806e-01
2.819843738147615464e-01
2.776472730031100400e-01
2.682090571190169359e-01
2.578320564363195677e-01
2.552378062656451840e-01
2.462717135705073945e-01
2.400819236896003239e-01
2.378821209132974956e-01
2.260486990821512776e-01
2.269601759842216626e-01
2.251572479708716379e-01
2.230751725707351418e-01
2.153476446939239508e-01
2.118637639384054749e-01
2.070241978305393804e-01
2.076310399757262948e-01
2.059773951300918338e-01
1.971023287567321425e-01
1.999544868391110453e-01
1.987863157096260158e-01
1.981036182962907510e-01
1.879086702571493572e-01
1.892437229765606965e-01
1.888037624213002308e-01
1.841159068497307816e-01
1.855874990518091572e-01
1.847621937343548459e-01
1.845103542441022260e-01
1.797011302434954050e-01
1.746327846468936351e-01
1.776682090571190253e-01
1.757869984070393188e-01
1.755897747098535966e-01
1.767427747857088782e-01
1.713570507471744164e-01
1.662595767276037750e-01
1.709322612455435875e-01
1.684138663430175265e-01
1.661078661913069909e-01
1.674732610179777426e-01
1.653644845634529015e-01
1.590684973071379571e-01
1.572783129788363488e-01
1.614958658878858921e-01
1.573693393006144470e-01
1.629978001972236801e-01
1.540772206629750507e-01
1.546082075400136424e-01
1.539103390730486298e-01
1.537737995903814547e-01
1.524690889782295278e-01
1.520291284229690343e-01
1.524539179245998910e-01
1.514829704923008058e-01
1.509671546688917398e-01
1.461882727755443312e-01
1.437305620875369838e-01
1.490106955928086896e-01
1.517105362967458015e-01
1.497079572176287232e-01
1.480391413183644866e-01
1.436850489266479347e-01
1.404536145035272243e-01
1.396495486611545878e-01
1.377683380110748812e-01
1.464753091102177496e-01
1.432402336342256943e-01
1.406204960934536730e-01
1.399529697337480727e-01
1.367670484715162726e-01
1.359781536827732729e-01
1.358567852537359011e-01
1.358416142001062643e-01
1.384358643707805092e-01
1.368429037396645953e-01
1.369946142759614072e-01
1.349010088750663416e-01
1.355230220738830316e-01
1.319881665781687252e-01
1.358264431464766275e-01
1.341879693544715535e-01
1.329136008495788723e-01
1.302343927785784561e-01
1.297125085337176020e-01
1.303193506789046552e-01
1.297125085337176020e-01
1.299704164454221489e-01
1.317302586664644559e-01
1.294090874611240061e-01
1.297883638018659247e-01
1.301676401426078433e-01
1.260714556625956995e-01
1.269058636122278871e-01
1.272851399529695282e-01
1.279981794735643164e-01
1.248577713722218568e-01
1.287415611014184058e-01
1.292573769248273330e-01
1.262990214670408340e-01
1.255404687855571078e-01
1.202306000151709825e-01
1.264355609497078425e-01
1.203519684442083681e-01
1.222028369870288012e-01
1.230675870439201236e-01
1.227186528104376173e-01
1.192596525828717863e-01
1.200030342107258619e-01
1.202306000151709825e-01
1.208981263748765966e-01
1.226579685959187788e-01
1.193203367973904722e-01
1.179245998634604331e-01
1.196237578699840681e-01
1.187438367594628313e-01
1.194720473336872701e-01
1.213987711446559009e-01
1.183342183114616392e-01
1.173480998255327923e-01
1.160282181597513534e-01
1.163619813396039593e-01
1.190927709929453515e-01
1.175149814154592270e-01
1.165136918759007573e-01
1.178335735416824598e-01
1.158309944625653676e-01
1.155275733899719104e-01
1.183342183114616392e-01
1.178032314344230475e-01
1.163923234468633716e-01
1.153000075855267897e-01
1.159068497307138290e-01
1.156034286581202469e-01
1.183342183114616392e-01
1.167564287339756535e-01
1.162709550178259860e-01
1.153000075855267897e-01
1.153000075855267897e-01
1.084730334521732398e-01
1.162102708033071613e-01
1.152544944246377268e-01
1.161495865887886003e-01
1.155136160206324120e-01
9.785329591140111416e-02
1.060456648714253047e-01
1.139346127588561491e-01
1.152696654782673774e-01
1.144807706895243776e-01
1.139346127588560242e-01
1.000379276340741530e-01
1.039975726314191495e-01
1.117348099825530711e-01
1.152848365318971391e-01
1.152241523173783144e-01
1.140711522415231716e-01
9.782295380414157693e-02
9.988621709777735502e-02
1.075931123416521418e-01
1.153000075855267897e-01
1.148315254494424315e-01
8.545854509595690596e-02
9.104392020025789400e-02
9.771675642873396683e-02
1.056663885306835110e-01
1.132215732382613610e-01
1.148903891375255837e-01
8.262155806720776485e-02
9.020708488204502717e-02
9.398467723583409095e-02
1.016005461579307656e-01
1.089129940074338443e-01
1.150269286201926061e-01
7.840400515815822147e-02
8.503375559432606312e-02
9.219449290753248261e-02
9.935523022073876331e-02
6.603959644997342560e-02
1.148903891375255837e-01
7.551847075779394292e-02
8.324357126602445478e-02
9.040430857923073549e-02
9.756504589243716885e-02
1.036941515588256923e-01
6.371842524463322555e-02
7.348190851854662087e-02
7.926875521504968269e-02
8.861412425092940470e-02
9.577486156413556051e-02
1.016460593188195510e-01
1.097625730106955300e-01
6.949859667753911785e-02
7.775164985208225799e-02
8.603504513388426922e-02
9.246757187286666624e-02
6.453766214063563766e-02
6.399150420996740918e-02
6.757187286657048708e-02
7.587043920200267633e-02
8.192368960024261348e-02
8.852309792915130648e-02
6.467420162330278499e-02
6.412804369263443161e-02
6.564514905560185631e-02
7.092467571872870802e-02
6.371842524463322555e-02
6.371842524463322555e-02
6.481074110596980742e-02
6.426458317530145403e-02
6.371842524463322555e-02
6.823939922627636490e-02
7.655313661533792724e-02
8.250018963817051798e-02
6.494728058863682985e-02
6.440112265796861524e-02
6.370325419100344999e-02
6.616096487901067247e-02
7.119775468406275287e-02
6.371842524463322555e-02
6.371842524463322555e-02
6.362739892285512733e-02
6.368808313737395199e-02
6.408253053174524372e-02
6.893726769324139136e-02
6.371842524463322555e-02
6.371842524463322555e-02
6.371842524463322555e-02
6.367291208374417644e-02
6.371842524463322555e-02
6.371842524463322555e-02
6.371842524463322555e-02
6.371842524463322555e-02
6.250474095425925802e-02
6.311158309944631117e-02
6.371842524463322555e-02
6.371842524463322555e-02
6.371842524463322555e-02
6.371842524463322555e-02
6.235303041796246698e-02
6.295987256314951319e-02
6.338466206478035603e-02
6.289918834863082731e-02
6.371842524463322555e-02
6.159447773647875463e-02
6.220131988166580084e-02
6.280816202685271521e-02
6.305089888492762529e-02
6.317226731396501094e-02
6.083592505499504227e-02
6.076006978684657389e-02
6.004703026625191065e-02
6.265645149055591723e-02
6.271713570507475577e-02
6.173101721914577705e-02
6.235303041796246698e-02
6.101797769855111381e-02
6.189789880907221181e-02
6.104831980581052614e-02
6.238337252522187931e-02
5.992566183721453194e-02
6.262610938329664367e-02
6.113934612758849946e-02
5.951604338921332588e-02
6.071455662595765662e-02
5.992566183721453194e-02
5.992566183721453194e-02
5.956155655010238192e-02
5.907608283395284626e-02
6.159447773647875463e-02
5.947053022832440861e-02
6.144276720018208848e-02
5.992566183721453194e-02
5.968292497913976064e-02
5.919745126299023191e-02
6.076006978684657389e-02
6.204960934536900979e-02
6.138208298566326382e-02
5.992566183721453194e-02
5.980429340817714629e-02
5.931881969202747878e-02
5.746795114920731640e-02
6.189789880907221181e-02
5.992566183721453194e-02
5.992566183721453194e-02
5.992566183721453194e-02
5.944018812106499627e-02
5.895471440491532877e-02
5.842372752787674400e-02
5.678525373587193364e-02
5.992566183721453194e-02
5.358416142001051069e-02
5.956155655010238192e-02
5.907608283395284626e-02
5.692179321853895607e-02
5.628460896609262937e-02
5.555639839186832935e-02
5.406963513616017819e-02
5.960646286884616063e-02
5.828718804520972158e-02
5.719487218387313970e-02
5.610255632253655089e-02
5.596601683986952847e-02
5.992566183721453194e-02
5.980429340817714629e-02
5.856026701054376643e-02
5.746795114920731640e-02
5.637563528787059575e-02
5.637563528787073452e-02
5.919745126299009313e-02
5.992566183721453194e-02
5.883334597587794312e-02
5.774103011454136125e-02
5.664871425320477938e-02
5.555639839186819057e-02
5.446408253053160869e-02
5.350830615186218109e-02
5.892437229765591644e-02
5.758931957824470205e-02
5.692179321853895607e-02
5.582947735720237420e-02
5.364484563452920352e-02
5.355381931275123714e-02
5.655768793142680606e-02
5.828718804520972158e-02
5.719487218387313970e-02
5.610255632253655089e-02
5.501024046119996902e-02
5.378138511719636472e-02
5.959189865736166242e-02
5.856026701054376643e-02
5.746795114920731640e-02
5.637563528787059575e-02
5.528331942653414571e-02
5.419100356519756384e-02
5.309868770386098197e-02
5.364848668739975734e-02
5.774103011454136125e-02
5.664871425320477938e-02
5.391792459986338715e-02
5.355381931275109836e-02
5.318971402563908712e-02
5.309868770386098197e-02
5.758931957824470205e-02
5.692179321853895607e-02
5.582947735720237420e-02
5.364484563452920352e-02
5.328074034741705350e-02
5.309868770386098197e-02
5.828718804520972158e-02
5.537434574831211903e-02
5.610255632253655089e-02
5.373587195630730867e-02
5.337176666919515866e-02
5.309868770386098197e-02
5.309868770386098197e-02
5.692179321853895607e-02
5.419100356519743200e-02
5.382689827808541383e-02
5.346279299097313198e-02
5.309868770386098197e-02
4.988242433436991530e-02
5.000379276340730095e-02
5.428202988697553716e-02
5.391792459986338715e-02
5.355381931275109836e-02
5.318971402563908712e-02
4.954866115451718456e-02
4.982174011985122941e-02
5.054995069407566127e-02
5.309868770386098197e-02
5.364484563452920352e-02
5.328074034741705350e-02
4.921489797466417626e-02
5.309868770386098197e-02
5.036789805051958974e-02
5.409997724341945868e-02
5.359933247364028625e-02
5.337176666919515866e-02
5.309868770386098197e-02
5.021618751422279175e-02
5.018584540696337942e-02
5.091405598118781128e-02
5.164226655541224315e-02
