8.657513348588864455e-01
7.358886346300533843e-01
7.234935163996947249e-01
6.624999999999997558e-01
6.384439359267733982e-01
5.852402745995426425e-01
5.713196033562167875e-01
5.427345537757435334e-01
5.415713196033562493e-01
5.095633104500382204e-01
5.041952707856599547e-01
4.744469870327993055e-01
4.858886346300534953e-01
4.509916094584285329e-01
4.504195270785659733e-01
4.309687261632340616e-01
4.298245614035087758e-01
4.195270785659800383e-01
4.279176201372997257e-01
4.119183829138060027e-01
4.000762776506482932e-01
4.000810450038138621e-01
3.935926773455376559e-01
3.789092295957285361e-01
3.855835240274599340e-01
3.678537376048816587e-01
3.840579710144926273e-01
3.528032036613269473e-01
3.737604881769640564e-01
3.505196414950417227e-01
3.482074752097635284e-01
3.375762776506479601e-01
3.478260869565217850e-01
3.319984744469871019e-01
3.299008390541572355e-01
3.224637681159421287e-01
3.196033562166286646e-01
3.081617086193747523e-01
3.150266971777270220e-01
2.913806254767354886e-01
2.993897787948132105e-01
2.879481311975592983e-01
2.814645308924486056e-01
2.875667429443174439e-01
2.814645308924486056e-01
2.782370327993897718e-01
2.742181540808542595e-01
2.784229595728451301e-01
2.715484363081616115e-01
2.591676201372996591e-01
2.742181540808542595e-01
2.526697177726925925e-01
2.513348588863463240e-01
2.505720823798627261e-01
2.471395881006863970e-01
2.389540427154842051e-01
2.326468344774980102e-01
2.427536231884057372e-01
2.406559877955758708e-01
2.367038520213569919e-01
2.261632341723874839e-01
2.316933638443937071e-01
2.181540808543096510e-01
2.250476735316551680e-01
2.151029748283753151e-01
2.195032418001523211e-01
2.170099160945843375e-01
2.160564454614798957e-01
2.139588100686500016e-01
2.114797864225782531e-01
2.139588100686500016e-01
2.095728451563692307e-01
2.120518688024409792e-01
2.084572845156365262e-01
2.090007627765065046e-01
2.114797864225782531e-01
2.070938215102974822e-01
2.038520213577421358e-01
2.070938215102974822e-01
2.019593821510297649e-01
1.998474446987032194e-01
2.025171624713959784e-01
2.070938215102974822e-01
2.009916094584288104e-01
1.998474446987032194e-01
1.994660564454616425e-01
1.998474446987032194e-01
1.958428680396644417e-01
1.998474446987032194e-01
1.952707856598017155e-01
1.929824561403508387e-01
1.952707856598017155e-01
1.918382913806255252e-01
1.918382913806253864e-01
1.918382913806255252e-01
1.908848207475209446e-01
1.918382913806255252e-01
1.882151029748283244e-01
1.918382913806255252e-01
1.874570938215101568e-01
1.876430205949656260e-01
1.874523264683447543e-01
1.906941266209000729e-01
1.863415331807781183e-01
1.876430205949656260e-01
1.834477498093059766e-01
1.876430205949656260e-01
1.834477498093059766e-01
1.876430205949656260e-01
1.834477498093059766e-01
1.792524790236460497e-01
1.792524790236460497e-01
1.830663615560639834e-01
1.786803966437834623e-01
1.792524790236460497e-01
1.819221967963386699e-01
1.792524790236460497e-01
1.783133104500379817e-01
1.792524790236460497e-01
1.767829900839055224e-01
1.792524790236460497e-01
1.767734553775743012e-01
1.792524790236460497e-01
1.737223493516399653e-01
1.792524790236460497e-01
1.729595728451562564e-01
1.666666666666665741e-01
1.729595728451562564e-01
1.666666666666665741e-01
1.683829138062548914e-01
1.666666666666665741e-01
1.652078565980165115e-01
1.666666666666665741e-01
1.666714340198322541e-01
1.666666666666665741e-01
1.666666666666665741e-01
1.666666666666665741e-01
1.632341723874905226e-01
1.666666666666665741e-01
1.605644546147977636e-01
1.666666666666665741e-01
1.609458428680396180e-01
1.666666666666665741e-01
1.605644546147977636e-01
1.559877955758962598e-01
1.584668192219678695e-01
1.544622425629290918e-01
1.584668192219678695e-01
1.544622425629290918e-01
1.577040427154842994e-01
1.544622425629290918e-01
1.577040427154842994e-01
1.544622425629290918e-01
1.556064073226544053e-01
1.544622425629290918e-01
1.544622425629290918e-01
1.544622425629290918e-01
1.536994660564455217e-01
1.502669717772693037e-01
1.516018306636156276e-01
1.544622425629290918e-01
1.536994660564455217e-01
1.529366895499619239e-01
1.516018306636156276e-01
1.544622425629290918e-01
1.516018306636156276e-01
1.502669717772693037e-01
1.477927154843631241e-01
1.487414187643021357e-01
1.495041952707855948e-01
1.487414187643021357e-01
1.487414187643021357e-01
1.487414187643021357e-01
1.487414187643021357e-01
1.487414187643021357e-01
1.449275362318839522e-01
1.487414187643021357e-01
1.456903127383677998e-01
1.487414187643021357e-01
1.466437833714721306e-01
1.487414187643021357e-01
1.443554538520212260e-01
1.487414187643021357e-01
1.464530892448512589e-01
1.487414187643021357e-01
1.414950419527079006e-01
1.411136536994661572e-01
1.430205949656750686e-01
1.411136536994661572e-01
1.407847063310448954e-01
1.487414187643021357e-01
1.401744851258578117e-01
1.369183829138062580e-01
1.401601830663614656e-01
1.369183829138062580e-01
1.270499618611747039e-01
1.369183829138062580e-01
1.428299008390540581e-01
1.369183829138062580e-01
1.300533943554537386e-01
1.369183829138062580e-01
1.379099923722343912e-01
1.369183829138062580e-01
1.289092295957285639e-01
1.369183829138062580e-01
1.369183829138062580e-01
1.369183829138062580e-01
1.268115942028985310e-01
1.369183829138062580e-01
1.268115942028985310e-01
1.357742181540808057e-01
1.304347826086957318e-01
1.369183829138062580e-01
1.268115942028985310e-01
1.167048054919909428e-01
1.292906178489702795e-01
1.369183829138062580e-01
1.256674294431730787e-01
1.155606407322654905e-01
1.262395118230358049e-01
1.167048054919909428e-01
1.262395118230358049e-01
1.155606407322654905e-01
1.235888634630053773e-01
1.155606407322654905e-01
1.256674294431730787e-01
1.358028222730735535e-01
1.182446605644544707e-01
1.155606407322654905e-01
1.222349351639970272e-01
1.155606407322654905e-01
1.188024408848206981e-01
1.155606407322654905e-01
1.155606407322654905e-01
1.155606407322654905e-01
1.155606407322654905e-01
1.155606407322654905e-01
1.153699466056446327e-01
1.155606407322654905e-01
1.238081617086193714e-01
1.155606407322654905e-01
1.155606407322654905e-01
1.155606407322654905e-01
1.147978642257819065e-01
1.155606407322654905e-01
1.153699466056446327e-01
1.155606407322654905e-01
1.147978642257819065e-01
1.155606407322654905e-01
1.147978642257819065e-01
1.155606407322654905e-01
1.107932875667429901e-01
1.155606407322654905e-01
1.107932875667429901e-01
1.140350877192983226e-01
1.107932875667429901e-01
1.075514874141876576e-01
1.107932875667429901e-01
1.060259344012204896e-01
1.107932875667429901e-01
1.155606407322654905e-01
1.100305110602594061e-01
1.060640732265441810e-01
1.113653699466057162e-01
1.140350877192983226e-01
1.107932875667429901e-01
1.060259344012204896e-01
1.079328756674295120e-01
1.060259344012204896e-01
1.060259344012204896e-01
1.060259344012204896e-01
1.060259344012204896e-01
1.060259344012204896e-01
1.060259344012204896e-01
1.060259344012204896e-01
1.100305110602594061e-01
1.060259344012204896e-01
1.060259344012204896e-01
1.060259344012204896e-01
1.060259344012204896e-01
1.060259344012204896e-01
1.045146834477495568e-01
1.060259344012204896e-01
1.071700991609459280e-01
1.060259344012204896e-01
1.045003813882531829e-01
1.060259344012204896e-01
1.045003813882531829e-01
1.060259344012204896e-01
1.037376048817697377e-01
1.060259344012204896e-01
1.031655225019070116e-01
1.060259344012204896e-01
1.050963005339432266e-01
1.060259344012204896e-01
1.037376048817697377e-01
1.060259344012204896e-01
1.008771929824562597e-01
1.060259344012204896e-01
1.031655225019070116e-01
1.060259344012204896e-01
1.031655225019070116e-01
1.060259344012204896e-01
1.037566742944315140e-01
1.003051106025935474e-01
1.008771929824562597e-01
1.003051106025935474e-01
1.008771929824562597e-01
1.014492753623188470e-01
1.008771929824562597e-01
1.014492753623188470e-01
1.008771929824562597e-01
1.060259344012204896e-01
1.008771929824562597e-01
1.003051106025935474e-01
1.008771929824562597e-01
1.003051106025935474e-01
9.858886346300538284e-02
9.572845156369190478e-02
1.008771929824562597e-01
9.572845156369190478e-02
9.725400457665907272e-02
9.572845156369190478e-02
9.858886346300538284e-02
9.572845156369190478e-02
1.008771929824562597e-01
9.572845156369190478e-02
1.001144164759725508e-01
9.572845156369190478e-02
9.858886346300538284e-02
9.572845156369190478e-02
1.001144164759725508e-01
9.572845156369190478e-02
9.858886346300538284e-02
9.572845156369190478e-02
9.725400457665907272e-02
9.572845156369190478e-02
9.572845156369190478e-02
9.572845156369190478e-02
9.572845156369190478e-02
9.572845156369190478e-02
9.572845156369190478e-02
9.572845156369190478e-02
9.572845156369190478e-02
9.572845156369190478e-02
9.572845156369190478e-02
9.572845156369190478e-02
9.572845156369190478e-02
9.572845156369190478e-02
9.572845156369190478e-02
9.572845156369190478e-02
9.496567505720832081e-02
9.572845156369190478e-02
9.572845156369190478e-02
9.572845156369190478e-02
9.572845156369190478e-02
9.572845156369190478e-02
9.572845156369190478e-02
9.572845156369190478e-02
9.572845156369190478e-02
9.572845156369190478e-02
9.496567505720832081e-02
9.572845156369190478e-02
9.572845156369190478e-02
9.572845156369190478e-02
9.572845156369190478e-02
9.572845156369190478e-02
9.496567505720832081e-02
9.572845156369190478e-02
9.496567505720832081e-02
9.572845156369190478e-02
9.572845156369190478e-02
9.572845156369190478e-02
9.496567505720832081e-02
9.420289855072473684e-02
9.496567505720832081e-02
9.420289855072473684e-02
9.496567505720832081e-02
9.572845156369190478e-02
9.572845156369190478e-02
9.420289855072473684e-02
9.496567505720832081e-02
9.420289855072473684e-02
9.420289855072473684e-02
9.424103737604841435e-02
9.496567505720832081e-02
9.420289855072473684e-02
9.496567505720832081e-02
9.420289855072473684e-02
9.496567505720832081e-02
9.420289855072473684e-02
9.420289855072473684e-02
9.420289855072473684e-02
9.420289855072473684e-02
9.420289855072473684e-02
