9.699251642887483094e-01
9.070269358586739994e-01
8.968916318932556031e-01
8.543520901526697742e-01
7.566496339421797668e-01
6.864408685440144264e-01
6.615276979585716921e-01
6.328758651707852012e-01
6.081326053821741739e-01
6.005347192723818894e-01
5.629619449788854091e-01
5.264829714399938965e-01
5.024049873816246459e-01
4.803746782938957960e-01
4.841645636041075895e-01
4.844000649658927182e-01
4.426613527897854117e-01
4.272569401064439942e-01
4.021794807725941334e-01
4.030846305689507192e-01
3.903075885160289804e-01
3.935433897203968190e-01
3.862996926613519455e-01
3.602858499287874272e-01
3.429699407810898326e-01
3.361766322680587171e-01
3.360735613802752764e-01
3.411971215112064026e-01
3.273031658379348952e-01
3.152394992628870241e-01
2.991179630693884817e-01
2.867432098148469111e-01
2.873791259588714952e-01
2.644361710102194896e-01
2.900227380625171048e-01
2.723645086329676834e-01
2.644861447739935145e-01
2.483945928387597257e-01
2.478729916793681876e-01
2.471989705404661064e-01
2.247070288098748370e-01
2.291297069038754075e-01
2.273106619025007380e-01
2.242722570650408087e-01
2.222539416806173507e-01
2.164363709052747331e-01
2.173858724169810963e-01
1.984770495489867892e-01
2.018746408135728698e-01
2.019689662926963114e-01
1.997595012618373911e-01
1.970215636790686731e-01
1.989368081757075801e-01
1.856812673346494025e-01
1.883511156642762308e-01
1.812048674445914664e-01
1.829227155743234634e-01
1.783101371779814148e-01
1.816046575547835829e-01
1.708353114614829249e-01
1.719672172109640851e-01
1.692861247844880679e-01
1.595837185477618214e-01
1.776567302166362217e-01
1.686614527373126171e-01
1.683616101546686616e-01
1.652882236825665707e-01
1.583168836360909215e-01
1.536943104869944177e-01
1.484970390544964880e-01
1.516453861722595331e-01
1.393018665200769779e-01
1.636141025961368456e-01
1.580170410534468273e-01
1.535943629594461735e-01
1.488468554009144684e-01
1.421753579370829967e-01
1.392269058744158849e-01
1.381293570875290755e-01
1.470709127707951758e-01
1.479723145348690871e-01
1.446740461257838839e-01
1.415007121261338818e-01
1.385622548162213086e-01
1.377526798430823429e-01
1.380562704580094446e-01
1.349291621898503213e-01
1.356375402913469752e-01
1.340296344419180941e-01
1.354788735913645681e-01
1.319057494815223663e-01
1.330551460483246629e-01
1.290822318282901227e-01
1.321056445366182996e-01
1.296319432298044805e-01
1.305064840958496675e-01
1.318058019539742332e-01
1.305196022088404018e-01
1.306064316233978007e-01
1.275830189150696237e-01
1.288823367731941893e-01
1.295569825841434153e-01
1.313310511981210515e-01
1.238249918792632132e-01
1.236850653406961487e-01
1.238599735139051389e-01
1.230697633742284247e-01
1.240098948052272831e-01
1.298568251667875928e-01
1.231103670572948339e-01
1.223182829014767686e-01
1.201869018765149011e-01
1.212363509157692865e-01
1.196621773568877084e-01
1.211863771519951644e-01
1.196621773568877084e-01
1.175632792783789238e-01
1.201419254891182009e-01
1.193123610104695059e-01
1.179130956247970152e-01
1.186127283176331981e-01
1.161890007745932929e-01
1.159891057194971237e-01
1.171884760500737782e-01
1.135903650583443836e-01
1.161890007745932929e-01
1.151895254991130296e-01
1.161390270108192818e-01
1.160390794832712458e-01
1.157504809974763405e-01
1.133904700032483392e-01
1.130656405387170799e-01
1.149896304440169714e-01
1.145398665700507468e-01
1.121910996726719068e-01
1.113415456885136906e-01
1.114414932160616017e-01
1.099922540666151138e-01
1.126658504285249773e-01
1.111916243971915325e-01
1.108168211688863730e-01
1.119412308538018375e-01
1.078183953424452640e-01
1.089178181454736605e-01
1.058194447914845154e-01
1.069188675945128009e-01
1.068189200669648897e-01
1.046950351065689400e-01
1.024961895005121332e-01
1.051947727443092867e-01
1.027710452012693815e-01
1.061942480197895500e-01
1.060193398465805598e-01
1.009538742160366181e-01
1.031708353114614840e-01
1.026211239099473344e-01
1.043202318782637805e-01
1.011219109967267243e-01
9.967267184728012541e-02
1.003223307763425054e-01
1.011219109967267243e-01
9.932597886109800767e-02
1.000174908173198929e-01
9.932285550086203396e-02
9.984758002048922665e-02
9.942280302841005613e-02
9.832338022538165967e-02
9.864071362534652943e-02
9.542490192648855896e-02
9.932285550086203396e-02
9.802353764273746828e-02
9.932285550086203396e-02
9.852327528047770400e-02
9.932285550086203396e-02
9.869818345368691626e-02
9.320106943854469805e-02
9.132705329701903962e-02
9.849828839859064988e-02
9.872317033557376220e-02
9.557482321781081425e-02
9.257639739136948320e-02
9.109280127932831150e-02
8.740411284075862153e-02
9.737387871367540748e-02
9.120211888758406049e-02
9.375078084005895873e-02
8.920316833662331191e-02
8.840358811623899582e-02
8.760400789585466585e-02
9.120211888758406049e-02
9.070238124984382477e-02
8.982784038379854064e-02
8.940306339171937011e-02
8.860348317133504015e-02
8.780390295095083508e-02
8.500537217960577041e-02
8.620474251018218903e-02
8.790385047849874622e-02
8.370605432148098268e-02
8.620474251018218903e-02
8.350615926638525754e-02
8.470552959696146800e-02
8.590489992753810866e-02
8.717923090377550921e-02
7.948327128257659524e-02
8.118237925089326346e-02
8.208190699882561558e-02
8.350615926638514652e-02
8.452562404737481994e-02
7.471077684215761405e-02
7.670972739311858468e-02
7.870867794407933327e-02
8.115739236900630649e-02
8.275655280977484152e-02
7.371130156667735078e-02
7.496064566102779436e-02
7.620998975537845999e-02
7.581019964518635745e-02
7.840883536143525290e-02
7.788910821818427477e-02
7.389370580444983017e-02
7.371130156667735078e-02
7.371130156667735078e-02
7.770920266859884795e-02
7.775917643237297006e-02
7.371130156667735078e-02
8.295644786487101074e-02
7.371130156667735078e-02
7.348641962969423846e-02
7.668474051123153057e-02
7.371130156667735078e-02
7.371130156667735078e-02
7.281177381874512355e-02
7.341145898403328429e-02
7.356138027535531754e-02
7.326153769271123717e-02
7.571025211763809937e-02
7.371130156667735078e-02
7.371130156667735078e-02
7.221208865345674077e-02
7.358636715724227451e-02
7.333649833837220522e-02
7.066352664850915344e-02
7.093775767721935410e-02
7.251193123610104319e-02
6.995827190724861200e-02
7.188413582868984075e-02
7.321656130531455087e-02
7.056295444891419466e-02
7.088278653706768517e-02
6.876389895304961530e-02
7.246195747232692108e-02
7.111266585042856636e-02
7.183728542515169235e-02
7.013817745683513516e-02
7.023812498438306018e-02
6.883885959871069438e-02
6.853901701606650299e-02
6.823917443342242262e-02
6.838909572474445586e-02
6.898878089003261660e-02
6.808925314210037549e-02
6.891382024437164855e-02
6.861397766172756818e-02
6.831413507908350169e-02
6.823917443342253364e-02
6.883885959871069438e-02
6.943854476399884124e-02
6.898878089003272762e-02
6.743959421303809265e-02
6.838909572474445586e-02
6.808925314210037549e-02
6.868893830738853623e-02
6.808925314210037549e-02
6.808925314210037549e-02
6.808925314210037549e-02
6.784875440393803303e-02
6.816421378776145457e-02
6.808925314210037549e-02
6.808925314210037549e-02
6.808925314210037549e-02
6.634017141000958517e-02
6.808925314210037549e-02
6.743959421303820367e-02
6.798930561455235333e-02
6.779690662402233781e-02
6.808925314210037549e-02
6.579046000849556042e-02
6.628395092576327974e-02
6.688988281152406790e-02
5.859423802503688911e-02
6.808925314210037549e-02
6.808925314210037549e-02
6.329177181979467326e-02
6.544064366207735794e-02
6.649009270133174332e-02
6.808925314210037549e-02
6.788935808700433117e-02
6.129282126883393161e-02
6.229229654431430591e-02
6.449114215037099473e-02
6.609030259113964079e-02
6.768946303190827296e-02
6.808925314210026447e-02
6.808925314210037549e-02
6.249219159941024615e-02
6.409135204017889220e-02
6.569051248094752438e-02
6.678993528397604573e-02
5.879413308013282935e-02
6.019339846580541720e-02
6.159266385147800504e-02
6.369156192998677579e-02
6.354164063866463152e-02
5.809450038729664645e-02
5.844431673371473790e-02
5.984358211938732575e-02
6.124284750505991359e-02
5.744484145823436361e-02
5.809450038729664645e-02
5.809450038729664645e-02
5.809450038729664645e-02
5.949376577296923430e-02
6.089303115864182214e-02
6.289198170960257073e-02
5.810824317233419939e-02
5.809450038729664645e-02
5.664526123785004058e-02
5.914394942655114285e-02
5.774468404087855500e-02
5.754478898578250373e-02
5.734489393068633450e-02
5.759476274955651481e-02
5.809450038729664645e-02
5.699507758426824305e-02
5.779465780465256608e-02
5.759476274955651481e-02
5.739486769446035253e-02
5.719497263936430126e-02
5.699507758426824305e-02
5.724494640313831234e-02
5.684515629294620287e-02
5.764473651333052590e-02
5.684515629294620287e-02
5.724494640313831234e-02
5.604557607256199780e-02
5.684515629294620287e-02
5.684515629294620287e-02
5.769471027710453698e-02
5.749481522200837469e-02
5.729492016691232342e-02
5.709502511181627216e-02
5.664526123785004058e-02
5.684515629294620287e-02
5.684515629294620287e-02
5.684515629294620287e-02
5.684515629294620287e-02
5.714499887559028324e-02
5.644536618275410034e-02
5.684515629294620287e-02
5.684515629294620287e-02
5.684515629294620287e-02
5.739486769446035253e-02
5.544589090727372604e-02
5.624547112765793805e-02
5.684515629294620287e-02
5.684515629294620287e-02
5.684515629294620287e-02
5.384673046650519795e-02
5.484620574198546122e-02
5.604557607256199780e-02
5.059843582119401273e-02
5.684515629294620287e-02
5.579570725369181750e-02
5.359686164763501764e-02
5.459633692311550296e-02
5.559581219859576623e-02
5.664526123785004058e-02
5.684515629294620287e-02
5.684515629294620287e-02
5.334699282876506632e-02
5.434646810424532959e-02
5.534594337972559286e-02
5.634541865520607123e-02
5.189775367931834943e-02
5.209764873441462274e-02
5.309712400989488601e-02
5.409659928537514928e-02
5.509607456085563459e-02
5.074835711251604597e-02
5.084830464006418610e-02
5.184777991554444937e-02
5.284725519102471264e-02
5.384673046650519795e-02
5.059843582119401273e-02
