1.027257933279088986e+00
8.790174938974770757e-01
9.088689991863304618e-01
7.721775834011390671e-01
7.786818551668025501e-01
7.131916192026038770e-01
6.786004882017903084e-01
6.418124491456467240e-01
6.045565500406833159e-01
5.858472335231897921e-01
5.968266883645241272e-01
5.533004475183075366e-01
5.528885272579333598e-01
5.120016273393003248e-01
5.305126118795768786e-01
4.912683075671276933e-01
5.056956875508543670e-01
4.676973148901541477e-01
4.747762408462165573e-01
4.424430431244913975e-01
4.548413344182263840e-01
4.229200569568754564e-01
4.316517493897477631e-01
4.037886493083808759e-01
4.100895036615133660e-01
3.978844589096827700e-01
3.860862489829128830e-01
3.848657445077299233e-01
3.649308380797395834e-01
3.675905207485761772e-01
3.551668022782750733e-01
3.545565500406836490e-01
3.437754271765662839e-01
3.443856794141578748e-01
3.425956061838891786e-01
3.354556550040683760e-01
3.405207485760781694e-01
3.295463791700570799e-01
3.299633848657444468e-01
3.285343775427174151e-01
3.291293734743694355e-01
3.207892595606183228e-01
3.116354759967453480e-01
3.148952400325467638e-01
3.120423108218062791e-01
3.063720504475183626e-01
3.112286411716842505e-01
2.984489422294549499e-01
3.112286411716842505e-01
2.945687550854352299e-01
2.957689178193653179e-01
2.886493083807973870e-01
2.957689178193653179e-01
2.856336452400319859e-01
2.705451586655817087e-01
2.756305939788445403e-01
2.689178193653376514e-01
2.801108624898290822e-01
2.591537835638729748e-01
2.748169243287225116e-01
2.575264442636289175e-01
2.622050447518306515e-01
2.575264442636289175e-01
2.565449552481690043e-01
2.575264442636289175e-01
2.573230268510983132e-01
2.554922701383237627e-01
2.546836859235150352e-01
2.554922701383237627e-01
2.542819365337673498e-01
2.575264442636289175e-01
2.514239218877136195e-01
2.506102522375915354e-01
2.514239218877136195e-01
2.473555736371034208e-01
2.469487388120421845e-01
2.416598860862489151e-01
2.485760781122862695e-01
2.469487388120423510e-01
2.443043124491456330e-01
2.416598860862489151e-01
2.441008950366151398e-01
2.416598860862489151e-01
2.412530512611879563e-01
2.416598860862489151e-01
2.388120423108218704e-01
2.416598860862489151e-01
2.392188771358829402e-01
2.367778681855167155e-01
2.373881204231081121e-01
2.416598860862489151e-01
2.355573637103337281e-01
2.408462164361268865e-01
2.361676159479251524e-01
2.367778681855167155e-01
2.349471114727421650e-01
2.367778681855167155e-01
2.245728234336857865e-01
2.367778681855167155e-01
2.219283970707892073e-01
2.290480065093573325e-01
2.235557363710334033e-01
2.290480065093573325e-01
2.286411716842962349e-01
2.343368592351506019e-01
2.190805532953621626e-01
2.290480065093573325e-01
2.146053702196907553e-01
2.290480065093573325e-01
2.089096826688363884e-01
2.229454841334418680e-01
2.046379170056956132e-01
2.062652563059398092e-01
2.070789259560616991e-01
2.001627339300243447e-01
2.070789259560616991e-01
2.001627339300243447e-01
2.036208299430430912e-01
2.001627339300243447e-01
2.034224979658257604e-01
1.863303498779494971e-01
2.015917412530513764e-01
2.001627339300243447e-01
2.044344995931651199e-01
2.001627339300243447e-01
1.914157851912123010e-01
2.001627339300243447e-01
1.932465419039868515e-01
1.863303498779494971e-01
1.820585842148085554e-01
2.001627339300243447e-01
1.798515052888520760e-01
1.863303498779494971e-01
1.751423921887712287e-01
1.863303498779494971e-01
1.820585842148085554e-01
1.863303498779494971e-01
1.745779088689990988e-01
1.863303498779494971e-01
1.751423921887712287e-01
1.863303498779494971e-01
1.733116354759966782e-01
1.639544344995930714e-01
1.733116354759966782e-01
1.603844589096824480e-01
1.722945484133440175e-01
1.639544344995930714e-01
1.621236777868185486e-01
1.602929210740438593e-01
1.714808787632221276e-01
1.602929210740438593e-01
1.714808787632221276e-01
1.602929210740438593e-01
1.702908868999183090e-01
1.602929210740438593e-01
1.617168429617574510e-01
1.602929210740438593e-01
1.598860862489829004e-01
1.566314076484946471e-01
1.598962571196094751e-01
1.594792514239218306e-01
1.581010984540269504e-01
1.602929210740438593e-01
1.623270951993491529e-01
1.559092758340100415e-01
1.580553295362082389e-01
1.594792514239218306e-01
1.580553295362082389e-01
1.558177379983725908e-01
1.576484947111471413e-01
1.558177379983725908e-01
1.558177379983725908e-01
1.558177379983725908e-01
1.558177379983725908e-01
1.558177379983725908e-01
1.576484947111471413e-01
1.558177379983725908e-01
1.558177379983725908e-01
1.558177379983725908e-01
1.558177379983725908e-01
1.558177379983725908e-01
1.552074857607810277e-01
1.558177379983725908e-01
1.552074857607810277e-01
1.545972335231894923e-01
1.552074857607810277e-01
1.546277461350690496e-01
1.552074857607810277e-01
1.558177379983725908e-01
1.552074857607810277e-01
1.545972335231894923e-01
1.552074857607810277e-01
1.545972335231894923e-01
1.545972335231894923e-01
1.545972335231894923e-01
1.545972335231894923e-01
1.545972335231894923e-01
1.545972335231894923e-01
1.545972335231894923e-01
1.505288852725793214e-01
1.545972335231894923e-01
1.545972335231894923e-01
1.545972335231894923e-01
1.525681448331976109e-01
1.545972335231894923e-01
1.545972335231894923e-01
1.545972335231894923e-01
1.466639544344994772e-01
1.545972335231894923e-01
1.466690398698127507e-01
1.427990235964197718e-01
1.486981285598046321e-01
1.387306753458096287e-01
1.460537021969079141e-01
1.545972335231894923e-01
1.466639544344994772e-01
1.506305939788444848e-01
1.466639544344994772e-01
1.505288852725793214e-01
1.466639544344994772e-01
1.545972335231894923e-01
1.466639544344994772e-01
1.505288852725793214e-01
1.456468673718469831e-01
1.387306753458096287e-01
1.460740439381607858e-01
1.387306753458096287e-01
1.452400325467860243e-01
1.387306753458096287e-01
1.456570382424735577e-01
1.387306753458096287e-01
1.403580146460536859e-01
1.387306753458096287e-01
1.387306753458096287e-01
1.387306753458096287e-01
1.440246135069161992e-01
1.387306753458096287e-01
1.387306753458096287e-01
1.387306753458096287e-01
1.387306753458096287e-01
1.387306753458096287e-01
1.387306753458096287e-01
1.387306753458096287e-01
1.387306753458096287e-01
1.387306753458096287e-01
1.377135882831571068e-01
1.387306753458096287e-01
1.377237591537836814e-01
1.387306753458096287e-01
1.387306753458096287e-01
1.387306753458096287e-01
1.383238405207486699e-01
1.379170056956875723e-01
1.377135882831571068e-01
1.387306753458096287e-01
1.377135882831571068e-01
1.379170056956875723e-01
1.377135882831571068e-01
1.387306753458096287e-01
1.377135882831571068e-01
1.387306753458096287e-01
1.377135882831571068e-01
1.366965012205044738e-01
1.377135882831571068e-01
1.387306753458096287e-01
1.373067534580960092e-01
1.366965012205044738e-01
1.369100895036613752e-01
1.366965012205044738e-01
1.366965012205044738e-01
1.366965012205044738e-01
1.373067534580960092e-01
1.366965012205044738e-01
1.373067534580960092e-01
1.366965012205044738e-01
1.371084214808787061e-01
1.366965012205044738e-01
1.368999186330349394e-01
1.366965012205044738e-01
1.366965012205044738e-01
1.366965012205044738e-01
1.358828315703822787e-01
1.366965012205044738e-01
1.366965012205044738e-01
1.366965012205044738e-01
1.366965012205044738e-01
1.366965012205044738e-01
1.366965012205044738e-01
1.366965012205044738e-01
1.366965012205044738e-01
1.366965012205044738e-01
1.366965012205044738e-01
1.366965012205044738e-01
1.366965012205044738e-01
1.366965012205044738e-01
1.352827502034174290e-01
1.366965012205044738e-01
1.362896663954433762e-01
1.358828315703824174e-01
1.352725793327908543e-01
1.366965012205044738e-01
1.348657445077297845e-01
1.366965012205044738e-01
1.334418226200161928e-01
1.339198535394628686e-01
1.348657445077297845e-01
1.366965012205044738e-01
1.334418226200161928e-01
1.358828315703824174e-01
1.348657445077297845e-01
1.366965012205044738e-01
1.348657445077297845e-01
1.330349877949552340e-01
1.352725793327908543e-01
1.338486574450772626e-01
1.348657445077297845e-01
1.358828315703824174e-01
1.348657445077297845e-01
1.338486574450772626e-01
1.348657445077297845e-01
1.330349877949552340e-01
1.334418226200161928e-01
1.330349877949552340e-01
1.344589096826688257e-01
1.358828315703824174e-01
1.330349877949552340e-01
1.330349877949552340e-01
1.344589096826688257e-01
1.330349877949552340e-01
1.330349877949552340e-01
1.330349877949552340e-01
1.330349877949552340e-01
1.330349877949552340e-01
1.330349877949552340e-01
1.330349877949552340e-01
1.330349877949552340e-01
1.330349877949552340e-01
1.330349877949552340e-01
1.330349877949552340e-01
1.330349877949552340e-01
1.330349877949552340e-01
1.330349877949552340e-01
1.330349877949552340e-01
1.330349877949552340e-01
1.330349877949552340e-01
1.330349877949552340e-01
1.330349877949552340e-01
1.291751423921886910e-01
1.330349877949552340e-01
1.293734743694060219e-01
1.330349877949552340e-01
1.293734743694060219e-01
1.330349877949552340e-01
1.330349877949552340e-01
1.330349877949552340e-01
1.330349877949552340e-01
1.330349877949552340e-01
1.330349877949552340e-01
1.330349877949552340e-01
1.279495524816924301e-01
1.330349877949552340e-01
1.330349877949552340e-01
1.330349877949552340e-01
1.330349877949552340e-01
1.330349877949552340e-01
1.279495524816924301e-01
1.228641171684296124e-01
1.279495524816924301e-01
1.330349877949552340e-01
1.330349877949552340e-01
1.228641171684296124e-01
1.279495524816924301e-01
1.330349877949552340e-01
1.279495524816924301e-01
1.228641171684296124e-01
1.279495524816924301e-01
1.228641171684296124e-01
1.279495524816924301e-01
1.228641171684296124e-01
1.279495524816924301e-01
1.330349877949552340e-01
1.279495524816924301e-01
1.228641171684296124e-01
1.279495524816924301e-01
1.228641171684296124e-01
1.279495524816924301e-01
1.228641171684296124e-01
1.279495524816924301e-01
1.228641171684296124e-01
1.277461350691619646e-01
1.228641171684296124e-01
1.277461350691619646e-01
1.330349877949552340e-01
1.279495524816924301e-01
1.228641171684296124e-01
