9.572982914884660133e-01
8.489485230571497398e-01
8.392575398320294422e-01
7.803310656591396777e-01
6.990609834467167438e-01
6.659832251202163489e-01
6.375590001551177943e-01
6.036319719901610537e-01
5.858637844306069375e-01
5.566069093890575470e-01
5.256398608371927184e-01
5.159909810091520832e-01
5.077453630864006140e-01
4.870033461120836793e-01
4.799122476566136108e-01
4.647993440733930171e-01
4.567110598976221736e-01
4.413765594876682408e-01
4.343076207148714452e-01
4.248908635628336206e-01
4.216101225430452515e-01
4.070041217009717771e-01
4.020209630598090000e-01
3.967912779488997899e-01
3.871739756686685130e-01
3.863319077270814250e-01
3.768558734238924290e-01
3.728366609790149111e-01
3.664546723690916274e-01
3.689886320827884814e-01
3.684268841270194050e-01
3.596516497883751051e-01
3.607153145566954766e-01
3.605158774126354659e-01
3.585215059720345265e-01
3.541782081680589500e-01
3.511284818401397834e-01
3.482222394575309465e-01
3.440517871784075088e-01
3.432773062689744026e-01
3.528264675249849769e-01
3.484610100383361275e-01
3.384669931526582132e-01
3.342189819841780429e-01
3.353197642209762019e-01
3.352316794823499424e-01
3.384891528353314860e-01
3.249495867219183154e-01
3.238194429055777368e-01
3.243551532342056065e-01
3.260575708555854546e-01
3.236532452855273578e-01
3.332151483590756746e-01
3.171394065636977122e-01
3.126066434728654309e-01
3.105408070556426314e-01
3.066900081990825977e-01
3.093934894852305439e-01
3.106787510802843655e-01
3.089536197841641907e-01
3.073326389966095640e-01
2.892724976178328022e-01
2.921560263257029222e-01
3.000072018968685250e-01
3.011944068960931697e-01
3.070888824872026190e-01
2.927294081148758553e-01
2.871634498193985641e-01
2.763988299687547556e-01
2.676668070113235043e-01
2.596893212489197467e-01
2.891838588871407656e-01
2.846632836217786178e-01
2.738271987945131714e-01
2.703924479801450009e-01
2.656619097214528158e-01
2.553903428102911599e-01
2.385268242958760165e-01
2.385556318833508549e-01
2.628581558712078103e-01
2.618609701509074794e-01
2.508476078622553507e-01
2.427814833691581964e-01
2.355131074523011403e-01
2.330755423582334673e-01
2.348039976067544110e-01
2.519555919959227119e-01
2.360006204711147526e-01
2.422053316196510209e-01
2.333414585503135741e-01
2.295521528131716782e-01
2.307930950428790096e-01
2.360006204711147526e-01
2.317459613978327670e-01
2.281117734394043362e-01
2.280231347087109672e-01
2.271367474017771115e-01
2.290867994770315608e-01
2.288208832849514540e-01
2.273361845458373165e-01
2.265384359695968297e-01
2.259179648547432750e-01
2.270702683537570155e-01
2.259401245374165479e-01
2.260952423161301794e-01
2.254747712012764305e-01
2.227048108671085824e-01
2.256298889799898677e-01
2.251202162785029548e-01
2.239457530968159138e-01
2.254747712012764305e-01
2.248266004830808407e-01
2.225940124537417186e-01
2.210528065238103190e-01
2.224200589447558607e-01
2.197132537062070068e-01
2.205996410131406682e-01
2.193808584661068317e-01
2.216854654641347566e-01
2.199126908502670175e-01
2.196467746581869385e-01
2.193808584661068317e-01
2.192922197354132685e-01
2.189155051299664922e-01
2.178518403616458987e-01
2.147051654220310801e-01
2.165000997185721199e-01
2.183171936977864325e-01
2.187825470339265499e-01
2.053316196512065261e-01
2.069492764863606060e-01
2.090766060230018208e-01
2.110011744631817010e-01
2.171205708334258688e-01
2.038247612294192823e-01
2.020298269328782703e-01
2.054202583819000894e-01
2.066623085957404460e-01
2.041000952866344198e-01
1.987889733419015703e-01
1.988609923105901789e-01
2.014315155006982105e-01
2.042818046845566449e-01
1.981740421477165282e-01
2.035810047200122819e-01
1.941852992665144273e-01
1.994371440600971601e-01
1.976422097635561204e-01
1.951824849868149525e-01
1.944512154585945340e-01
1.924568440179934836e-01
1.943404170452278645e-01
1.980410840516765858e-01
1.927006005274004841e-01
1.904624725773926275e-01
1.926784408447270169e-01
1.942296186318612228e-01
1.943182573625543974e-01
1.941852992665144273e-01
1.944512154585945340e-01
1.929221973541338231e-01
1.889112947902584216e-01
1.907948678174928026e-01
1.889112947902584216e-01
1.889112947902584216e-01
1.887561770115451787e-01
1.889389943935996519e-01
1.875152347818378473e-01
1.872049992244109728e-01
1.841026436501429497e-01
1.884681011367916048e-01
1.889112947902584216e-01
1.874044363684709835e-01
1.858975779466835732e-01
1.843907195248963293e-01
1.836965674651539204e-01
1.800474217209209749e-01
1.861679260752981679e-01
1.860083763600506312e-01
1.862742925521305160e-01
1.832162563432090663e-01
1.804906153743877917e-01
1.810889268065680735e-01
1.865191570456709580e-01
1.856095020719303601e-01
1.773882598001197686e-01
1.823741884016219783e-01
1.824185077669687738e-01
1.802690185476542861e-01
1.848782325437099416e-01
1.768342677332860879e-01
1.772774613867529048e-01
1.827509030070689489e-01
1.783632858377467989e-01
1.782524874243801571e-01
1.765866332794109872e-01
1.767234693199194184e-01
1.837480887273692798e-01
1.721668845702129247e-01
1.774768985308129432e-01
1.780973696456666922e-01
1.765018724931859129e-01
1.765018724931859129e-01
1.767234693199194184e-01
1.767234693199194184e-01
1.708289937288098581e-01
1.725131296119840063e-01
1.753938883595187181e-01
1.766348305892260495e-01
1.762802756664525738e-01
1.687238238748421382e-01
1.704079597580163141e-01
1.701420435659362074e-01
1.715630332173639361e-01
1.735324750149580264e-01
1.765018724931859129e-01
1.683027899040485942e-01
1.681936534668815875e-01
1.662496953043624548e-01
1.661976200500809020e-01
1.703924479801443570e-01
1.661976200500809020e-01
1.678817559332550502e-01
1.677931172025616813e-01
1.689454207015756437e-01
1.626520708223458400e-01
1.653112327431472128e-01
1.661976200500809020e-01
1.667959314822611561e-01
1.651782746471070762e-01
1.661976200500809020e-01
1.661976200500809020e-01
1.661976200500809020e-01
1.619972521993484904e-01
1.657544263966140574e-01
1.648680390896802017e-01
1.639816517827465403e-01
1.661976200500809020e-01
1.636049371772995698e-01
1.661976200500809020e-01
1.659760232233473687e-01
1.650896359164137073e-01
1.642032486094798516e-01
1.611895317659051696e-01
1.610122543045182653e-01
1.631983070002437641e-01
1.606576993817447896e-01
1.632725419371995890e-01
1.606576993817447896e-01
1.583530923837170590e-01
1.590622022292639826e-01
1.603253041416446145e-01
1.606133800163979941e-01
1.567891727790453604e-01
1.615291289028731314e-01
1.581758149223303211e-01
1.584417311144104279e-01
1.609236155738248963e-01
1.566689565005428830e-01
1.609236155738250906e-01
1.572894276153966597e-01
1.562257628470760662e-01
1.586633279411439335e-01
1.577769406342102720e-01
1.607906574777849262e-01
1.564135661577324143e-01
1.571121501540097276e-01
1.562257628470760662e-01
1.588849247678774390e-01
1.579985374609435833e-01
1.552507368094488138e-01
1.562257628470760662e-01
1.562434905932144624e-01
1.562257628470760662e-01
1.562257628470760662e-01
1.562257628470760662e-01
1.562257628470760662e-01
1.564473596738095718e-01
1.562257628470760662e-01
1.562257628470760662e-01
1.562257628470760662e-01
1.542313914064750158e-01
1.562257628470760662e-01
1.552950561747956093e-01
1.565803177698495141e-01
1.562257628470760662e-01
1.562257628470760662e-01
1.511068761495334978e-01
1.529682894940943838e-01
1.548297028386554919e-01
1.456555942118907543e-01
1.562257628470760662e-01
1.503756066213130516e-01
1.529461298114210832e-01
1.525029361579542664e-01
1.542779267400890553e-01
1.562257628470760662e-01
1.439714583287167726e-01
1.419327675227689545e-01
1.501761694772530409e-01
1.520375828218139269e-01
1.538989961663750350e-01
1.557604095109359210e-01
1.435947437232698298e-01
1.422862144614086000e-01
1.516608682163669841e-01
1.418219691094024792e-01
1.534336428302346955e-01
1.445919294435703550e-01
1.442816938861434528e-01
1.432401888004961599e-01
1.412679770425687986e-01
1.397555787001128480e-01
1.529682894940943838e-01
1.532342056861746848e-01
1.444368116648571121e-01
1.438163405500033354e-01
1.416003722826689737e-01
1.353895672213971946e-01
1.482482770846720588e-01
1.447741928335560258e-01
1.445919294435703550e-01
1.414009351386087410e-01
1.382099408336471547e-01
1.445919294435703550e-01
1.318279522237241486e-01
1.286369579187625622e-01
1.445919294435703550e-01
1.431072307044562175e-01
1.422651627628693238e-01
1.358166951049260551e-01
1.326257007999644688e-01
1.294347064950030768e-01
1.445919294435703550e-01
1.424867595896024408e-01
1.398054379861279617e-01
1.366975424911915926e-01
1.334234493762049556e-01
1.318495579143306451e-01
1.445919294435703550e-01
1.433288275311897231e-01
1.406031865623684485e-01
1.374121922574068622e-01
1.342211979524452481e-01
1.310302036474838561e-01
1.277505706118287065e-01
1.246482150375606696e-01
1.395395217940478549e-01
1.382099408336471547e-01
1.350189465286855683e-01
1.316285150796639436e-01
1.285261595053959205e-01
1.256454007578611809e-01
1.255567620271678397e-01
1.357502160569059868e-01
1.306978084073836810e-01
1.324041039732309355e-01
1.245152569415205190e-01
1.261993928246946950e-01
1.246482150375606696e-01
1.246482150375606696e-01
1.319609103197643130e-01
1.244044585281538634e-01
1.300773372925299320e-01
1.264874686994480746e-01
1.246482150375606696e-01
1.246482150375606696e-01
1.246482150375606696e-01
1.243822988454805767e-01
1.244709375761739317e-01
1.277505706118287065e-01
1.246482150375606696e-01
1.246482150375606696e-01
1.242715004321137129e-01
1.243601391628070818e-01
1.241030868437961732e-01
1.280829658519288816e-01
1.248919715469672814e-01
1.246482150375606696e-01
1.242493407494404262e-01
1.246482150375606696e-01
1.240942229707269751e-01
1.245152569415205190e-01
1.246038956722138880e-01
1.241385423360737567e-01
1.242271810667671256e-01
1.243158197974604945e-01
1.244044585281538634e-01
1.244930972588472323e-01
1.240942229707269751e-01
1.246482150375606696e-01
1.242050213840936446e-01
1.242936601147872078e-01
1.243822988454805767e-01
1.240942229707269751e-01
