6.779507694163289244e-01
6.361907107175522880e-01
6.180868118724305305e-01
5.891889718668019693e-01
5.539465881336000930e-01
5.309487792865684730e-01
5.141721361731210749e-01
5.049906524208220837e-01
5.005729161431686780e-01
4.888009970751122646e-01
4.764051522248244352e-01
4.613558010272285625e-01
4.536724427335134813e-01
4.492758138927135936e-01
4.509360143128522957e-01
4.441426862731301939e-01
4.237632047119839762e-01
4.140977575861132798e-01
4.063684152335388378e-01
3.968801198098320659e-01
3.918304168216218963e-01
4.053130433908593844e-01
3.719130373601631234e-01
3.694454774803751507e-01
3.699731634017147663e-01
3.630416319064037611e-01
3.555296458976186513e-01
3.500402046416259960e-01
3.505844749776361180e-01
3.416489933762853481e-01
3.399558754058156773e-01
3.356082459719976763e-01
3.335816807550430751e-01
3.348725010302440186e-01
3.263310249168265287e-01
3.254867274426833101e-01
3.208330401744881599e-01
3.171899970851634332e-01
3.178991064518398857e-01
3.132544652280105923e-01
3.174357479571015550e-01
3.101788101436311340e-01
3.081886803831501154e-01
3.076124976128492006e-01
3.026889366877405507e-01
3.005945261380427169e-01
3.088219034887577652e-01
2.970223437295831936e-01
2.963305726146083785e-01
2.898352614809381333e-01
2.938456744831189904e-01
2.916419575640009088e-01
2.934674995728255298e-01
2.948105858821400416e-01
2.868902714818424293e-01
2.783166316551244357e-01
2.807942426953191628e-01
2.826888864319384020e-01
2.799449196409725116e-01
2.710395915208409501e-01
2.691097687227989033e-01
2.657526811470382611e-01
2.604436582203409900e-01
2.696223779035288870e-01
2.688685408730436821e-01
2.685167502588173827e-01
2.609783799539657778e-01
2.587470223437294825e-01
2.549778371913036801e-01
2.512589078409100951e-01
2.498999909539551811e-01
2.633404026494858274e-01
2.557718788634146811e-01
2.491783176367707020e-01
2.507166477369811020e-01
2.482134062377501504e-01
2.411775939532220525e-01
2.396196640902190922e-01
2.505410037088774966e-01
2.464444020062116492e-01
2.387150596536370128e-01
2.381119900292488767e-01
2.427254726558178699e-01
2.385944457287593190e-01
2.370867716677891035e-01
2.368455438180336881e-01
2.356997115316962210e-01
2.326642610889427254e-01
2.315385311234181565e-01
2.345840327265781011e-01
2.362223718728324595e-01
2.332371772321113756e-01
2.317832768793156861e-01
2.291956056326703850e-01
2.285533364826968783e-01
2.273554894412547767e-01
2.319305263792704186e-01
2.272868902714817174e-01
2.225249017499067450e-01
2.246534862449867387e-01
2.264023881557125362e-01
2.264526439577449479e-01
2.270456624217263020e-01
2.235076539586494382e-01
2.180900784995626340e-01
2.173864972711100352e-01
2.127328100029148850e-01
2.250198510418027487e-01
2.228844820134485705e-01
2.198490315706947140e-01
2.161301022203009625e-01
2.132856238252706371e-01
2.098581781266646851e-01
2.052748489813148169e-01
1.993949201435302743e-01
2.192057573046804209e-01
2.158486697289201117e-01
2.116975404810484962e-01
2.088329597652045511e-01
2.042194771386355301e-01
1.997467107577569345e-01
1.965001859464675371e-01
1.966207998713452310e-01
2.093656712667474051e-01
2.080791227347195405e-01
1.944195957423285048e-01
1.990217708134403851e-01
1.971535113728877520e-01
1.965001859464675371e-01
1.939572423636309328e-01
2.022393985385611270e-01
1.941884190529797050e-01
1.908129881094758895e-01
1.960378325677699651e-01
1.914243499412007776e-01
1.928315123981065304e-01
1.921279311696537373e-01
1.915248615452654068e-01
1.895146294639716567e-01
1.904795408629927633e-01
1.908715361188450255e-01
1.913238383371361484e-01
1.897455548743103848e-01
1.913336382185325257e-01
1.900774944467340521e-01
1.880773135258465567e-01
1.907207687127479845e-01
1.888814063583639791e-01
1.886803831502347206e-01
1.893940155390939628e-01
1.879566996009688629e-01
1.864992813420308648e-01
1.879868530821882100e-01
1.868812254374767057e-01
1.876250113075554338e-01
1.868508206772467595e-01
1.870520951643868113e-01
1.861100501552905573e-01
1.859665698404885381e-01
1.861072860861786027e-01
1.864289232191855827e-01
1.859464675196751127e-01
1.859464675196751127e-01
1.821169754048104494e-01
1.854539606597580270e-01
1.856147792262617113e-01
1.846900724688664008e-01
1.789493522027120753e-01
1.777007468012185010e-01
1.799157712757938898e-01
1.829311193977345151e-01
1.859464675196751127e-01
1.846197143460212853e-01
1.711210059201333511e-01
1.736036425405314831e-01
1.791619342453088792e-01
1.797147480676647979e-01
1.851926304891901021e-01
1.693017458865626323e-01
1.722366847252514988e-01
1.717441778653345796e-01
1.707189595038744734e-01
1.730392698837085463e-01
1.597410821079285337e-01
1.661758350001505680e-01
1.638439657858498655e-01
1.713220291282629981e-01
1.711511594013528925e-01
1.727015508940507593e-01
1.749102933933720794e-01
1.595621714526940793e-01
1.606175432953728111e-01
1.588083344222090687e-01
1.627885939431705786e-01
1.614618407695167512e-01
1.590495622719642899e-01
1.588083344222090687e-01
1.588083344222090687e-01
1.588083344222090687e-01
1.657637374234859629e-01
1.593510970841583718e-01
1.591098692344031229e-01
1.588686413846479017e-01
1.588083344222090687e-01
1.563256978018112975e-01
1.550089957885637248e-01
1.560945211124623311e-01
1.571800464363611316e-01
1.585470042516409495e-01
1.523052336392236306e-01
1.481963192650591898e-01
1.547376144575891566e-01
1.473952417806603798e-01
1.569086651053863968e-01
1.589892553095254291e-01
1.513302710797957418e-01
1.533807078027158155e-01
1.463263008714332236e-01
1.555517584505132223e-01
1.520238011478424467e-01
1.520238011478424467e-01
1.520238011478424467e-01
1.492496808756570703e-01
1.477721602959063685e-01
1.527977404991409105e-01
1.543757726829564081e-01
1.520238011478424467e-01
1.518328291001196373e-01
1.499432109437034144e-01
1.452694213546953661e-01
1.414097757586113557e-01
1.408670130966620526e-01
1.336904845664426411e-01
1.520238011478424467e-01
1.485662019680166201e-01
1.462343327537160842e-01
1.423746871576321016e-01
1.364143490365961608e-01
1.356404096852982522e-01
1.513604245610154497e-01
1.507875084178460778e-01
1.444854308429901202e-01
1.433395985566530140e-01
1.372877948759168576e-01
1.340925309827017131e-01
1.309967735775093567e-01
1.520238011478424467e-01
1.481641555517584641e-01
1.427164266114519520e-01
1.379622277391919782e-01
1.348664703339996218e-01
1.317707129288072654e-01
1.244233146716784699e-01
1.245137751153370109e-01
1.244635193133046130e-01
1.383140183534189993e-01
1.356404096852982522e-01
1.323637313927888137e-01
1.250565377772859532e-01
1.235086590746901497e-01
1.393492878752848607e-01
1.395101064417885173e-01
1.364143490365961608e-01
1.298810947723914033e-01
1.260214491763074207e-01
1.233176870269673264e-01
1.240815752178589665e-01
1.303333969906819989e-01
1.276497371621549692e-01
1.231267149792443227e-01
1.269863605753283331e-01
1.231267149792443227e-01
1.238906031701359628e-01
1.231267149792443227e-01
1.291574112231250182e-01
1.231267149792443227e-01
1.231267149792443227e-01
1.240614728970459019e-01
1.236996311224131395e-01
1.231267149792443227e-01
1.231267149792443227e-01
1.231267149792443227e-01
1.229457940919279485e-01
1.231749605491946203e-01
1.231267149792443227e-01
1.231267149792443227e-01
1.231267149792443227e-01
1.227950266858309075e-01
1.229156406107084348e-01
1.230362545355861287e-01
1.231267149792443227e-01
1.204129016694974325e-01
1.226442592797338665e-01
1.227648732046113939e-01
1.228854871294891016e-01
1.230061010543666150e-01
1.231267149792443227e-01
1.209556643314470964e-01
1.226141057985143529e-01
1.162215677800000208e-01
1.228553336482695740e-01
1.223728779487591178e-01
1.226241569589213293e-01
1.208350504065692083e-01
1.231267149792443227e-01
1.227045662421725469e-01
1.228251801670502408e-01
1.223728779487591178e-01
1.223728779487591178e-01
1.220411896553458830e-01
1.223728779487591178e-01
1.172467861414595997e-01
1.147742006814686522e-01
1.223728779487591178e-01
1.223728779487591178e-01
1.220512408157519713e-01
1.198098320451096294e-01
1.177593953221897499e-01
1.227648732046113939e-01
1.223728779487591178e-01
1.223728779487591178e-01
1.223728779487591178e-01
1.203224412258392384e-01
1.180307766531646652e-01
1.158597260053670780e-01
1.223728779487591178e-01
1.163421817048773677e-01
1.223728779487591178e-01
1.208350504065692083e-01
1.170256606125170823e-01
1.164024886673165754e-01
1.142314380195189882e-01
1.223728779487591178e-01
1.096380577137630319e-01
1.209054085294150455e-01
1.088038114000260959e-01
1.169452513292655177e-01
1.147742006814686522e-01
1.126031500336708846e-01
1.090148857685619838e-01
1.088339648812454291e-01
1.196590646390125884e-01
1.154978842307341491e-01
1.153169633434174141e-01
1.131459126956205485e-01
1.090852438914070993e-01
1.088038114000260959e-01
1.088038114000260959e-01
1.084975022866390276e-01
1.158597260053670780e-01
1.099194902051442296e-01
1.091556020142525757e-01
1.088741695228712114e-01
1.088038114000260959e-01
1.018484083987500899e-01
1.139701078489512298e-01
1.100664884260887100e-01
1.092259601370977051e-01
1.089445276457166878e-01
1.088038114000260959e-01
1.088038114000260959e-01
1.088038114000260959e-01
1.099998994883959608e-01
1.092963182599430011e-01
1.090148857685619838e-01
1.088038114000260959e-01
1.088038114000260959e-01
1.012521233076359578e-01
1.031349569307781489e-01
1.050245750871938305e-01
1.068478555849268347e-01
1.088038114000260959e-01
9.900393000371923713e-02
1.007729342352573915e-01
1.026625523916737809e-01
1.045521705480896429e-01
1.091556020142525757e-01
1.083314068609224357e-01
9.841091153973734185e-02
1.003005296961537451e-01
1.073564443014947273e-01
1.040797660089859966e-01
1.059693841654016783e-01
1.078590023218182481e-01
9.799881396307182080e-02
9.982812515704954370e-02
1.017177433134659470e-01
1.036073614698816286e-01
1.054969796262981985e-01
9.699369792242513999e-02
9.746685629856004229e-02
9.935572061794518961e-02
1.012453387743615790e-01
1.031349569307781489e-01
1.047833472374386093e-01
