9.062892638814544766e-01
8.361762965884435017e-01
8.140723159703635581e-01
7.418676226159957032e-01
6.986956644223454305e-01
6.556645632025239756e-01
6.421880722314557977e-01
6.211968617066229159e-01
6.127278361551680153e-01
6.015656252641067292e-01
5.770290447080033136e-01
5.525889511789729980e-01
5.351198692847283223e-01
5.336274896470123430e-01
5.326654365157620363e-01
5.123066738034199874e-01
4.886328422120179704e-01
4.811674225990930642e-01
4.819287545426373942e-01
4.740964025128884263e-01
4.706594923514663131e-01
4.739837169338252942e-01
4.600445108037299335e-01
4.322308927514998400e-01
4.262944755894859661e-01
4.249035129729267779e-01
4.191023185057892730e-01
4.272755444122037782e-01
4.138096177141729060e-01
4.065723863988504050e-01
4.033157731639294141e-01
3.819055131419556992e-01
3.903991886638307762e-01
3.848775952897428021e-01
3.902048060399466722e-01
3.750387356678027140e-01
3.711581260388200354e-01
3.661154463757501643e-01
3.623207595008028914e-01
3.585394540383692319e-01
3.584669126968473840e-01
3.480716680282835429e-01
3.381975941628870830e-01
3.383947939262471616e-01
3.469814350508488299e-01
3.269374876750146819e-01
3.303096036284755010e-01
3.231963264501225841e-01
3.259148660450178481e-01
3.193791024593625738e-01
3.164225145786968008e-01
3.170690480885708928e-01
3.170690480885707818e-01
3.164774487984899354e-01
3.095902470631317627e-01
3.086429839141332510e-01
3.027016367580357414e-01
2.974617573316054586e-01
3.026452939685044807e-01
2.994661520691889733e-01
2.988139842803616553e-01
2.922782206947066030e-01
2.917711355889229807e-01
2.843057159759979080e-01
2.903907372454010427e-01
2.885321294757302035e-01
2.794602360762881155e-01
2.755725835986138628e-01
2.696565906978053984e-01
2.702707271036985937e-01
2.599656308983856468e-01
2.810096627884046683e-01
2.695720765135080632e-01
2.658534524044284808e-01
2.641631687184832211e-01
2.581626616333774216e-01
2.541059807871086651e-01
2.543595233400003930e-01
2.608861312223566542e-01
2.433029551793104706e-01
2.460489618841028014e-01
2.394603769332617205e-01
2.502887567963486548e-01
2.447530777248780876e-01
2.461053046736343120e-01
2.319350931064594890e-01
2.362171451108545095e-01
2.359917739527283564e-01
2.340761191086568604e-01
2.409781108262669946e-01
2.286672113136319073e-01
2.270720060850211219e-01
2.239625883877510437e-01
2.243006451249400790e-01
2.197735019860833916e-01
2.240752739668141758e-01
2.197368791728879223e-01
2.211736203059412043e-01
2.210891061216440079e-01
2.197368791728879223e-01
2.224413330704003433e-01
2.187508803560865300e-01
2.195396794095275939e-01
2.110812181311093882e-01
2.065244950277489167e-01
2.106375186635491559e-01
2.084788855396228491e-01
2.097642054258107847e-01
2.146660281150520877e-01
2.089754063723694988e-01
2.058497901231086114e-01
2.050877538946953849e-01
1.971715919655182003e-01
1.931712539087810654e-01
2.081866073189283239e-01
2.075104938445502811e-01
2.008620446798322356e-01
2.001577598106883960e-01
1.940973885117048547e-01
1.905231428008000438e-01
1.838746936360819983e-01
1.795926416316872276e-01
1.825224666873258017e-01
1.816209820548216058e-01
1.933121108826097723e-01
1.903541144322055123e-01
1.811420683438036416e-01
1.802405837112995846e-01
1.806068118432544167e-01
1.816815505535678277e-01
1.764374454179226670e-01
1.759303603121390169e-01
1.752739668140958773e-01
1.777333295771473531e-01
1.748598473110404283e-01
1.744654477843197993e-01
1.748035045215089456e-01
1.771135588923008208e-01
1.739583626785362602e-01
1.741837338366622745e-01
1.738175057047074423e-01
1.743809336000226029e-01
1.790292137363720670e-01
1.721272220187622104e-01
1.715637941234470498e-01
1.710003662281320003e-01
1.739583626785362602e-01
1.713384229653210356e-01
1.728315068879060501e-01
1.722680789925908895e-01
1.717046510972758677e-01
1.711412232019607071e-01
1.698735104375018179e-01
1.711130518071950213e-01
1.704369383328168397e-01
1.704369383328168397e-01
1.594500943741725407e-01
1.618164915344959265e-01
1.675634560667099149e-01
1.693664253317181678e-01
1.699016818322675038e-01
1.704369383328168397e-01
1.530833591571118812e-01
1.634504324309095369e-01
1.657041440121699294e-01
1.699150632447812281e-01
1.704369383328168397e-01
1.423782291461249683e-01
1.535622728681296234e-01
1.578161534777586805e-01
1.641265459052877185e-01
1.704369383328168397e-01
1.351663520860917900e-01
1.433078851733949610e-01
1.435050849367551784e-01
1.489421641265459562e-01
1.625489477984054798e-01
1.680987125672592786e-01
1.687466546468714967e-01
1.382933769050905259e-01
1.424627433304223034e-01
1.480406794940417603e-01
1.508014761810858029e-01
1.309969856607600125e-01
1.330816688734259012e-01
1.323492126095163479e-01
1.414204017240894284e-01
1.403843986815787315e-01
1.456179395441867530e-01
1.192213426486745387e-01
1.320111558723272016e-01
1.360678367185959581e-01
1.401245175648645758e-01
1.240386511536186454e-01
1.218976251514212739e-01
1.203200270445389242e-01
1.176155731470265031e-01
1.176155731470265031e-01
1.251971997633603839e-01
1.242358509169788489e-01
1.224328816519706098e-01
1.202918556497732244e-01
1.181508296475758529e-01
1.223483674676731775e-01
1.207482322449755646e-01
1.251091641547173450e-01
1.177388229991265106e-01
1.208271121503225742e-01
1.186860861481251889e-01
1.176155731470265031e-01
1.176155731470265031e-01
1.176155731470265031e-01
1.231089951263486526e-01
1.213623686508719240e-01
1.186015719638278815e-01
1.175874017522606924e-01
1.176155731470265031e-01
1.176155731470265031e-01
1.176155731470265031e-01
1.176155731470265031e-01
1.158126038820182641e-01
1.176155731470265031e-01
1.175028875679634960e-01
1.176155731470265031e-01
1.176155731470265031e-01
1.135588923007577467e-01
1.176155731470265031e-01
1.171648308307744746e-01
1.175310589627291818e-01
1.174183733836661747e-01
1.173056878046031676e-01
1.126855790630193893e-01
1.149111192495139572e-01
1.167140885145223211e-01
1.169112882778826495e-01
1.174465447784319855e-01
1.105727244555878147e-01
1.172211736203059712e-01
1.144603769332619286e-01
1.162633461982702926e-01
1.175874017522606924e-01
1.158126038820178894e-01
1.173620305941346781e-01
1.118404372200467040e-01
1.135307209059920608e-01
1.152210045919374176e-01
1.176155731470265031e-01
1.080372989266699113e-01
1.097275826126151294e-01
1.114178662985604862e-01
1.131081499845057181e-01
1.153618615657661106e-01
1.166591542947290477e-01
1.069949573203368975e-01
1.087979265853452615e-01
1.070513001098684081e-01
1.126855790630193893e-01
1.126855790630193893e-01
1.056990731611121975e-01
1.065442150040848690e-01
1.083471842690932330e-01
1.101501535341014720e-01
1.085443840324535614e-01
1.117890244245992731e-01
1.057272445558780083e-01
1.060934726878327294e-01
1.078964419528410795e-01
1.096994112178494435e-01
1.081218131109672187e-01
1.110516381666056540e-01
1.057554159506437080e-01
1.056427303715807009e-01
1.074456996365890510e-01
1.092486689015972900e-01
1.056427303715807009e-01
1.056427303715807009e-01
1.057835873454095188e-01
1.053891878186889869e-01
1.032854889145562033e-01
1.056427303715807009e-01
1.066569005831478761e-01
1.056427303715807009e-01
1.056427303715807009e-01
1.051356452657971619e-01
1.040651322646984761e-01
1.057103417190175670e-01
1.056427303715807009e-01
1.025438769473476230e-01
1.036707327379778193e-01
1.048187170746820301e-01
1.048539313181395261e-01
1.016987351043749516e-01
9.589542778262859224e-02
9.538834267684592749e-02
1.033890187903203084e-01
1.045158745809505046e-01
1.056427303715807009e-01
1.024875341578161264e-01
9.862805307490769835e-02
1.056427303715807009e-01
1.031073048426627836e-01
1.042341606332929799e-01
1.053610164239231761e-01
9.782657689382179278e-02
9.505028593965690609e-02
1.016987351043750765e-01
1.028255908950052727e-01
9.872101867763304062e-02
9.859988168014201249e-02
1.040651322646984761e-01
9.555737104544057003e-02
9.352903062230606690e-02
9.119855199030901804e-02
1.036707327379778193e-01
1.047975885286080155e-01
9.809279657435834854e-02
9.606445615122397030e-02
9.403611572808971697e-02
9.200777530495535261e-02
9.020480603994711355e-02
9.859988168014201249e-02
9.859988168014201249e-02
9.657154125700763425e-02
9.454320083387338092e-02
9.141617601487449229e-02
8.597909682508385332e-02
8.282390061131927883e-02
9.859988168014201249e-02
9.707862636279115942e-02
9.505028593965690609e-02
8.992309209228958877e-02
8.676789587852501429e-02
8.361269966476045368e-02
8.045750345099587919e-02
9.685325520466527005e-02
7.888201819872101006e-02
9.310645970081984912e-02
8.755669493196606423e-02
8.440149871820162852e-02
8.116178832013973277e-02
9.745189734343753796e-02
7.887990534411365440e-02
9.150069019917181357e-02
8.834549398540723908e-02
8.519029777164267847e-02
9.859988168014201249e-02
9.859988168014201249e-02
7.887990534411365440e-02
9.228948925261298841e-02
8.913429303884828903e-02
8.597909682508385332e-02
8.268304363749046093e-02
8.066315463278549147e-02
7.887990534411365440e-02
9.307828830605403836e-02
8.899343606501959603e-02
8.676789587852501429e-02
8.344367129616593604e-02
8.040116066146436868e-02
7.887990534411365440e-02
7.887990534411365440e-02
8.986674930275796724e-02
8.724680958954274257e-02
8.420429895484130012e-02
7.930247626559974727e-02
7.887990534411365440e-02
7.887990534411365440e-02
9.150069019917181357e-02
8.800743724821821767e-02
8.352818548046313241e-02
8.192241597881509685e-02
7.887990534411365440e-02
7.887990534411365440e-02
7.887990534411365440e-02
7.851367721215882223e-02
7.862636279122182936e-02
7.845733442262731172e-02
7.958419021325750797e-02
7.887990534411365440e-02
7.837282023833012923e-02
7.848550581739313636e-02
7.859819139645614350e-02
8.183790179451790048e-02
7.975321858185202561e-02
7.823196326450129745e-02
7.834464884356430459e-02
7.817562047496980082e-02
7.817562047496980082e-02
7.817562047496980082e-02
7.879539115981633313e-02
7.820379186973561159e-02
7.831647744879861872e-02
7.842916302786162586e-02
7.854184860692463299e-02
7.865453418598764013e-02
