1.001027421442862275e+00
8.521850849319367871e-01
7.797046016241027111e-01
7.271452669569652416e-01
6.699105566670587875e-01
6.500778706210037505e-01
6.340786944411754833e-01
6.312686830646107028e-01
6.226324977443016273e-01
6.037066023302339879e-01
5.794290141618612111e-01
5.520772037189596304e-01
5.322278451218075412e-01
5.269614765995839223e-01
5.256925973873132207e-01
5.164440390726138252e-01
5.022625632576203092e-01
4.891479345651406074e-01
4.796437958495155529e-01
4.760660625318740014e-01
4.635910713585186804e-01
4.589855243026950693e-01
4.553999450786551662e-01
4.517090345612178037e-01
4.413916676474048950e-01
4.339588482209406628e-01
4.321917539523753571e-01
4.369989408026356825e-01
4.286222588364521635e-01
4.132125063747988380e-01
4.148723078733671521e-01
3.859587697618764301e-01
4.090149464516890099e-01
4.158173472990469577e-01
4.114012788827430822e-01
3.949201679023968126e-01
3.704837001294575827e-01
3.618296653720920464e-01
3.596585069240123556e-01
3.435814601231808596e-01
3.168024008473577791e-01
3.636577615629044136e-01
3.466478364913107013e-01
3.423325879722252663e-01
3.427072300027461660e-01
3.144529441763756483e-01
3.146208465733003612e-01
3.059879957632105074e-01
3.093954729120081959e-01
3.076017025616882838e-01
3.053312933976697896e-01
3.011396179043585031e-01
2.904633007728217864e-01
2.874269349966654397e-01
2.935467419873680206e-01
2.849947040131811660e-01
2.878800360911695222e-01
2.819216586246121037e-01
2.768955709858362813e-01
2.839472755090030054e-01
2.796202581303203760e-01
2.774714605154761093e-01
2.721274175199090428e-01
2.681495429759522819e-01
2.658350005884427825e-01
2.592052096818485696e-01
2.599741085088854708e-01
2.583578517908280969e-01
2.607900827743125372e-01
2.646581146286925423e-01
2.613236044093992794e-01
2.569534345455257718e-01
2.578321760621395398e-01
2.573300380526458708e-01
2.575183398062060869e-01
2.558157781177670675e-01
2.558157781177669565e-01
2.565376015064143589e-01
2.567180573535756682e-01
2.570005099839158258e-01
2.533443176022909249e-01
2.462937899650858853e-01
2.485740065121023468e-01
2.538464556117845938e-01
2.497234317994579400e-01
2.522929661449139216e-01
2.366325369738340456e-01
2.409242477737242316e-01
2.415283825663959993e-01
2.475854223059121562e-01
2.493272135263427391e-01
2.299242870032560671e-01
2.334166960888155173e-01
2.359107135851868098e-01
2.374955866776511659e-01
2.227452826487780480e-01
2.224314463928445951e-01
2.246596838099721716e-01
2.293672276489744921e-01
2.224314463928445951e-01
2.285590992899456109e-01
2.222352987328860829e-01
2.199207563453769998e-01
2.209093405515674957e-01
2.206268879212271994e-01
2.197795300302065880e-01
2.200384449413519128e-01
2.200776744733436430e-01
2.178651288690127141e-01
2.201561335373269646e-01
2.202502844141070726e-01
2.196853791534267575e-01
2.192773920207132243e-01
2.158722686438351024e-01
2.166019379388808008e-01
2.159742654270133955e-01
2.165470165940920066e-01
2.157624259542583744e-01
2.164842493429054715e-01
2.140677101722177067e-01
2.152602879447650108e-01
2.157624259542583744e-01
2.162331803381585815e-01
2.154485896983249493e-01
2.130085128084422130e-01
2.095912282766466961e-01
2.110156525832646013e-01
2.148130712800597475e-01
2.108744262680947168e-01
2.094857008355890393e-01
2.123651484837785763e-01
2.080342081518969100e-01
2.092267859244441031e-01
2.089914087324938607e-01
2.099093797810991924e-01
1.976854576124910112e-01
2.094857008355890393e-01
2.047703110901888113e-01
2.045977011494252429e-01
2.082068180926603396e-01
1.932272174492956629e-01
1.890510376211211319e-01
2.007594837393591736e-01
2.006355184182655460e-01
2.038994154799733671e-01
2.066297909065945848e-01
2.094857008355890393e-01
1.881919108705030486e-01
1.859254246596832860e-01
1.998980032168219401e-01
2.027068377074264793e-01
1.910478207994978916e-01
1.910870503314896218e-01
1.882703699344866477e-01
1.852732336903219201e-01
1.943274096740025270e-01
1.937762347495191884e-01
1.596916558785455853e-01
1.910164371739046241e-01
1.890157310423281334e-01
1.851947746263385985e-01
1.744144992350239176e-01
1.681926954611430713e-01
1.909379781099211637e-01
1.906555254795811449e-01
1.897454003373742759e-01
1.824173237613269105e-01
1.758267623867241503e-01
1.692362010121215010e-01
1.629594758934523047e-01
1.548938841159623325e-01
1.906555254795811449e-01
1.811859087521088818e-01
1.740549605743194617e-01
1.706955396022117877e-01
1.616805931505232163e-01
1.557490879133808515e-01
1.504452551881053646e-01
1.825091208661877296e-01
1.739594366639206080e-01
1.644188144835434240e-01
1.624102624455691923e-01
1.570750460946994387e-01
1.517398297438306842e-01
1.490722215683967233e-01
1.763445922090145501e-01
1.441293005374447156e-01
1.501906555254793607e-01
1.584088501824173489e-01
1.520850496253580986e-01
1.404417245302264361e-01
1.389510023145421602e-01
1.439409987838846383e-01
1.451178847436350450e-01
1.446471303597344216e-01
1.408340198501431828e-01
1.408340198501431828e-01
1.421521321250637515e-01
1.434702443999842925e-01
1.408340198501431828e-01
1.442548350398171197e-01
1.436977756855363497e-01
1.424973520065901667e-01
1.396571338903926374e-01
1.431407163312542197e-01
1.408340198501431828e-01
1.376956572908082932e-01
1.408340198501431828e-01
1.401278882742929832e-01
1.393903730728489887e-01
1.384802479306420919e-01
1.315385822447138198e-01
1.369502961829665300e-01
1.401573104232863298e-01
1.276372052881411534e-01
1.399788160527241088e-01
1.314973912361225572e-01
1.286885567455179069e-01
1.272135263426306950e-01
1.257384959397433444e-01
1.310109450394255637e-01
1.320073751520143834e-01
1.379467262955553220e-01
1.316935388960809583e-01
1.275999372327454306e-01
1.261072535404651473e-01
1.389902318465341957e-01
1.168685026087576406e-01
1.150209877996155039e-01
1.294260719469616239e-01
1.279510415440743010e-01
1.263190930132204459e-01
1.305270487623066133e-01
1.154054372131336492e-01
1.227884351339688096e-01
1.160801851633909837e-01
1.280844219528460004e-01
1.268447687419088921e-01
1.190145541563688986e-01
1.160801851633909837e-01
1.143148562237653043e-01
1.157271193754659672e-01
1.262488721509545109e-01
1.226236710996035650e-01
1.197363775450157181e-01
1.167863167392411694e-01
1.139617904358400102e-01
1.153740535875405204e-01
1.139617904358400102e-01
1.217449295829896860e-01
1.183241143933149164e-01
1.174924483150913690e-01
1.146679220116901959e-01
1.139617904358400102e-01
1.139617904358400102e-01
1.139617904358400102e-01
1.138048723078733671e-01
1.138676395590600410e-01
1.150131418932169025e-01
1.136950296182964865e-01
1.131615079832097165e-01
1.139617904358400102e-01
1.139617904358400102e-01
1.138519477462632684e-01
1.135694951159232496e-01
1.135851869287198834e-01
1.139617904358400102e-01
1.125102977521477560e-01
1.137734886822799468e-01
1.138362559334666346e-01
1.124867600329528122e-01
1.135694951159232496e-01
1.130987407320230287e-01
1.136950296182966252e-01
1.137577968694833130e-01
1.135694951159232496e-01
1.135694951159232496e-01
1.135694951159232496e-01
1.132164293279980943e-01
1.127456749440980122e-01
1.121023106194343755e-01
1.135694951159232496e-01
1.135694951159232496e-01
1.128633635400730639e-01
1.133341179239731461e-01
1.128633635400729252e-01
1.122356910282060610e-01
1.135694951159232496e-01
1.111686477580322574e-01
1.125124553764072916e-01
1.133105802047779109e-01
1.129025930720646553e-01
1.123690714369777466e-01
1.118355498018908517e-01
1.135694951159232496e-01
1.121572319642227394e-01
1.135694951159232496e-01
1.130359734808363409e-01
1.125024518457494460e-01
1.073790749676356987e-01
1.082578164842494389e-01
1.118041661762975703e-01
1.100152995174769471e-01
1.102349848966302781e-01
1.126358322545211316e-01
1.121023106194343755e-01
1.080381311050959692e-01
1.089168726217095845e-01
1.096230041975601865e-01
1.102685261464826649e-01
1.057814522772740351e-01
1.055274410576282351e-01
1.078184457259424994e-01
1.086971872425563923e-01
1.117413989251110212e-01
1.102349848966302781e-01
1.102349848966302781e-01
1.045859322898279320e-01
1.075987603467890297e-01
1.084775018634027699e-01
1.093562433800166628e-01
1.102349848966302781e-01
1.028206033502022665e-01
1.042328665019026379e-01
1.056843591855948783e-01
1.070573928053037971e-01
1.082342787650544813e-01
1.097124475305017444e-01
1.024675375622769585e-01
1.038798007139777463e-01
1.052920638656781316e-01
1.080381311050959692e-01
1.022086226511317586e-01
1.016751010160448498e-01
1.021144717743516506e-01
1.035267349260524522e-01
1.024204621238873208e-01
1.054019065552548595e-01
1.071593895884826453e-01
1.018084814248166742e-01
1.017614059864267728e-01
1.031736691381271442e-01
1.014083401985014649e-01
1.014083401985014649e-01
1.014083401985014649e-01
1.014083401985014649e-01
1.014083401985014649e-01
1.028206033502022665e-01
1.014083401985014649e-01
1.014083401985014649e-01
1.014083401985014649e-01
1.014083401985014649e-01
1.014083401985014649e-01
1.024675375622769585e-01
1.014083401985014649e-01
1.014083401985014649e-01
1.014083401985014649e-01
1.014083401985014649e-01
1.012357302577380491e-01
1.018320191440116318e-01
1.018869404888001484e-01
1.014083401985014649e-01
1.014083401985014649e-01
1.014083401985014649e-01
1.014083401985014649e-01
1.014083401985014649e-01
1.007022086226511404e-01
1.014083401985014649e-01
1.014083401985014649e-01
1.014083401985014649e-01
1.010631203169747583e-01
1.014083401985014649e-01
1.008434349378211498e-01
1.014083401985014649e-01
9.971362441646065833e-02
1.006315954650661287e-01
1.009768153465929741e-01
1.013220352281198194e-01
1.009846612529912979e-01
1.004197559923109828e-01
1.002000706131576518e-01
1.014083401985014649e-01
1.008905103762112038e-01
1.012357302577380491e-01
9.914087324938229695e-02
1.014083401985014649e-01
9.870150249107535745e-02
1.004589855243027130e-01
1.008042054058295584e-01
1.011494252873564037e-01
1.012671138833313167e-01
1.007022086226511404e-01
9.875642383586358264e-02
1.001373033619706865e-01
1.007179004354479129e-01
