8.484746576987750588e-01
7.427396108575549105e-01
7.456161422051407195e-01
6.370586115781885495e-01
6.027023780927109886e-01
5.630614941148210928e-01
5.366322363680039453e-01
5.138181599807831734e-01
4.972375690607735987e-01
4.669769397069421513e-01
4.650492433341340548e-01
4.429497958203219010e-01
4.367042997838098128e-01
4.261349987989431765e-01
4.304588037472977247e-01
3.843502282008166571e-01
3.987509007926976490e-01
3.740211386019695050e-01
3.862599087196733061e-01
3.572003362959404460e-01
3.526303146769156904e-01
3.367823684842662924e-01
3.353350948834975531e-01
3.226098967091040604e-01
3.233245255825126785e-01
3.072363680038434075e-01
3.151573384578428838e-01
3.050984866682678320e-01
2.844102810473215781e-01
2.901753543117943646e-01
2.844102810473215781e-01
2.851309152053806972e-01
2.680759067979823218e-01
2.702378092721593461e-01
2.680759067979823218e-01
2.651933701657460118e-01
2.680759067979823218e-01
2.635118904636081227e-01
2.647129473937065436e-01
2.553747297621902779e-01
2.623108335335095354e-01
2.488589959164064502e-01
2.594282969012730589e-01
2.478981503723276802e-01
2.459764592841699737e-01
2.486247898150371616e-01
2.450156137400912038e-01
2.390103290895987664e-01
2.450156137400912038e-01
2.313235647369684400e-01
2.354071582993033374e-01
2.274801825606533601e-01
2.354071582993033374e-01
2.197934182080232279e-01
2.238770117703579587e-01
2.166826807590681303e-01
2.166706701897671006e-01
2.210064857074225120e-01
2.166706701897671006e-01
2.078008647609895787e-01
2.128272880134518541e-01
2.077828489070381868e-01
2.061013692049002977e-01
2.087436944511171233e-01
2.061013692049002977e-01
1.986668268075906518e-01
2.008167187124669795e-01
1.967331251501322487e-01
1.936103771318761213e-01
1.880855152534229857e-01
1.873648810953640331e-01
1.854431900072063266e-01
1.873648810953640331e-01
1.885659380254622874e-01
1.835214989190487866e-01
1.815998078308912467e-01
1.835214989190487866e-01
1.794379053567140836e-01
1.835214989190487866e-01
1.811193850588517784e-01
1.767955801104972302e-01
1.724957963007441031e-01
1.758347345664184880e-01
1.664664905116501059e-01
1.758347345664184880e-01
1.647850108095123833e-01
1.758347345664184880e-01
1.691088157578669315e-01
1.489310593322122622e-01
1.623828969493153751e-01
1.522940187364880404e-01
1.585515253423009918e-01
1.522940187364880404e-01
1.580590920009608269e-01
1.489310593322122622e-01
1.510929618063896196e-01
1.479942349267350521e-01
1.513331731924094370e-01
1.479702137881334922e-01
1.479702137881334922e-01
1.460485226999759523e-01
1.467811674273359346e-01
1.460485226999759523e-01
1.474897910160940240e-01
1.460485226999759523e-01
1.436464088397787775e-01
1.460485226999759523e-01
1.431659860677396423e-01
1.460485226999759523e-01
1.436464088397789440e-01
1.460485226999759523e-01
1.426975738650010372e-01
1.460485226999759523e-01
1.426855632957001740e-01
1.393226038914243958e-01
1.422051405236607058e-01
1.450876771558971823e-01
1.393226038914243958e-01
1.393226038914243958e-01
1.361998558731684350e-01
1.393226038914243958e-01
1.361998558731682685e-01
1.393226038914243958e-01
1.357194331011288002e-01
1.388421811193849276e-01
1.328368964688926568e-01
1.325966850828728394e-01
1.309152053807349503e-01
1.330771078549123076e-01
1.309152053807349503e-01
1.325966850828728394e-01
1.292337256785970612e-01
1.325966850828728394e-01
1.275522459764593664e-01
1.325966850828728394e-01
1.273120345904397155e-01
1.325966850828728394e-01
1.244294979582033916e-01
1.325966850828728394e-01
1.246817199135239196e-01
1.265073264472712511e-01
1.244294979582033916e-01
1.225078068700456851e-01
1.193850588517897243e-01
1.162623108335336108e-01
1.179918328128746335e-01
1.162623108335336108e-01
1.189046360797502561e-01
1.162623108335336108e-01
1.170309872687958636e-01
1.162623108335336108e-01
1.172231563776123670e-01
1.162623108335336108e-01
1.121787172711987135e-01
1.162623108335336108e-01
1.145808311313955413e-01
1.162623108335336108e-01
1.157818880614941287e-01
1.162623108335336108e-01
1.116982944991592314e-01
1.162623108335336108e-01
1.116982944991592314e-01
1.162623108335336108e-01
1.116982944991592314e-01
1.153014652894548409e-01
1.116982944991592314e-01
1.071342781647850462e-01
1.090559692529427527e-01
1.071342781647850462e-01
1.112178717271199435e-01
1.080951237088638162e-01
1.025702618304108471e-01
1.071342781647850462e-01
1.071342781647850462e-01
1.071342781647850462e-01
1.025702618304108471e-01
1.071342781647850462e-01
1.040115301465289188e-01
1.071342781647850462e-01
1.020898390583713788e-01
1.071342781647850462e-01
1.020898390583713788e-01
1.071342781647850462e-01
1.016094162863320771e-01
1.028104732164304980e-01
1.004083593562336563e-01
9.272159500360316331e-02
9.992793658419418801e-02
1.071342781647850462e-01
9.685923612779172298e-02
9.729762190727464510e-02
9.992793658419418801e-02
9.272159500360316331e-02
1.020898390583713788e-01
1.071342781647850462e-01
9.320201777564246504e-02
1.028104732164304980e-01
9.320201777564246504e-02
9.272159500360316331e-02
9.320201777564246504e-02
9.272159500360316331e-02
9.272159500360316331e-02
9.272159500360316331e-02
9.296180638962281417e-02
9.272159500360316331e-02
8.962887340859913843e-02
9.272159500360316331e-02
9.272159500360316331e-02
9.272159500360316331e-02
9.248138361758351245e-02
9.272159500360316331e-02
8.792337256785984212e-02
9.272159500360316331e-02
8.791736728320932726e-02
8.791736728320932726e-02
9.272159500360316331e-02
9.272159500360316331e-02
9.031948114340633549e-02
8.791736728320932726e-02
8.575546480903213642e-02
8.791736728320932726e-02
8.575546480903196989e-02
8.359356233485461252e-02
8.575546480903213642e-02
7.878933461446076258e-02
8.575546480903213642e-02
7.878933461446076258e-02
8.575546480903213642e-02
7.878933461446076258e-02
8.119144847465777082e-02
7.878933461446076258e-02
8.119144847465777082e-02
7.878933461446076258e-02
8.002041796781143856e-02
7.878933461446076258e-02
8.575546480903213642e-02
7.878933461446076258e-02
8.119144847465777082e-02
7.878933461446076258e-02
7.881936103771285118e-02
7.878933461446076258e-02
8.359356233485477905e-02
7.878933461446076258e-02
7.878933461446076258e-02
7.878933461446076258e-02
7.662743214028357175e-02
7.457362478981355292e-02
7.830891184242146086e-02
7.446552966610621438e-02
7.878933461446076258e-02
7.446552966610621438e-02
7.662743214028357175e-02
7.878933461446076258e-02
7.878933461446076258e-02
7.446552966610621438e-02
7.662743214028357175e-02
7.446552966610621438e-02
7.662743214028357175e-02
7.878933461446076258e-02
7.662743214028357175e-02
7.446552966610621438e-02
7.666946913283637088e-02
7.878933461446076258e-02
7.662743214028357175e-02
7.446552966610621438e-02
7.662743214028357175e-02
7.446552966610621438e-02
7.542637521018498437e-02
7.446552966610621438e-02
7.662743214028357175e-02
7.446552966610621438e-02
7.446552966610621438e-02
7.446552966610621438e-02
7.446552966610621438e-02
7.446552966610621438e-02
7.662743214028357175e-02
7.446552966610621438e-02
7.446552966610621438e-02
7.446552966610621438e-02
7.446552966610621438e-02
7.446552966610621438e-02
7.182320441988938875e-02
7.446552966610621438e-02
7.182320441988938875e-02
7.446552966610621438e-02
7.662743214028357175e-02
7.446552966610621438e-02
7.446552966610621438e-02
7.446552966610621438e-02
7.182320441988938875e-02
7.446552966610621438e-02
7.446552966610621438e-02
7.446552966610621438e-02
7.062214748979096790e-02
6.931299543598351542e-02
7.446552966610621438e-02
7.446552966610621438e-02
7.327648330530867060e-02
7.446552966610621438e-02
7.182320441988938875e-02
7.446552966610621438e-02
7.182320441988938875e-02
6.918087917367272965e-02
7.182320441988938875e-02
6.918087917367272965e-02
7.062214748979096790e-02
6.918087917367272965e-02
7.062214748979096790e-02
7.446552966610621438e-02
7.062214748979096790e-02
6.918087917367272965e-02
6.942109055969238052e-02
6.918087917367272965e-02
7.062214748979096790e-02
6.677876531347572142e-02
6.942109055969238052e-02
7.206341580590920615e-02
7.014172471775166617e-02
6.677876531347572142e-02
6.942109055969238052e-02
6.677876531347572142e-02
6.942109055969238052e-02
6.677876531347572142e-02
6.797982224357430880e-02
6.677876531347572142e-02
6.942109055969238052e-02
6.677876531347572142e-02
6.797982224357430880e-02
6.677876531347572142e-02
6.942109055969238052e-02
6.677876531347572142e-02
6.797982224357430880e-02
6.677876531347572142e-02
6.677876531347572142e-02
6.677876531347572142e-02
6.677876531347572142e-02
6.677876531347572142e-02
6.677876531347572142e-02
6.677876531347572142e-02
6.629834254143641969e-02
6.677876531347572142e-02
6.677876531347572142e-02
6.677876531347572142e-02
6.677876531347572142e-02
6.677876531347572142e-02
6.677876531347572142e-02
6.677876531347572142e-02
6.677876531347572142e-02
6.677876531347572142e-02
6.509728561133783231e-02
6.677876531347572142e-02
6.629834254143641969e-02
6.677876531347572142e-02
6.461686283929853059e-02
6.677876531347572142e-02
6.629834254143641969e-02
6.341580590920010974e-02
6.509728561133783231e-02
6.677876531347572142e-02
6.629834254143641969e-02
6.677876531347572142e-02
6.461686283929853059e-02
6.581791976939695143e-02
6.581791976939711797e-02
6.677876531347572142e-02
6.581791976939711797e-02
6.677876531347572142e-02
6.509728561133783231e-02
6.677876531347572142e-02
6.509728561133783231e-02
6.245496036512134669e-02
6.461686283929853059e-02
6.677876531347572142e-02
6.461686283929853059e-02
6.581791976939695143e-02
6.461686283929853059e-02
6.581791976939695143e-02
6.297742012971360714e-02
6.245496036512134669e-02
6.461686283929853059e-02
6.245496036512134669e-02
6.461686283929853059e-02
6.581791976939695143e-02
6.413644006725906233e-02
6.245496036512134669e-02
6.461686283929853059e-02
6.581791976939695143e-02
6.461686283929853059e-02
6.245496036512134669e-02
6.414845063656010593e-02
6.245496036512134669e-02
6.293538313716082189e-02
6.245496036512134669e-02
6.413644006725906233e-02
6.245496036512134669e-02
