1.311544633368755930e+00
1.235541976620616156e+00
1.193316684378320724e+00
1.134125929861849569e+00
1.008777895855472728e+00
9.378602550478212230e-01
8.808873538788518642e-01
8.351487778958552877e-01
8.069096705632303745e-01
8.115090329436767114e-01
7.889107332624868407e-01
7.459325185972365269e-01
7.114909670563228650e-01
6.710579171094581685e-01
6.425781083953240325e-01
6.331578108395324866e-01
6.289213602550477455e-01
6.080552603613178508e-01
6.013809776833153320e-01
5.966206163655685124e-01
5.848124335812963093e-01
5.823591923485653687e-01
5.726748140276295418e-01
5.606556854410198465e-01
5.538788522848033802e-01
5.461280552603612337e-01
5.427284803400637125e-01
5.409564293304993665e-01
5.355366631243357878e-01
5.219580233793826851e-01
5.178746014877790849e-01
5.081827842720511024e-01
5.049521785334750712e-01
4.992603613177466482e-01
4.701168969181722668e-01
4.743039319872476289e-01
4.646307120085013675e-01
4.666737513283741312e-01
4.552391073326249038e-01
4.563868225292243008e-01
4.591285866099895085e-01
4.519659936238044629e-01
4.468012752391072873e-01
4.397236981934112832e-01
4.358884165781081732e-01
4.484803400637620840e-01
4.426142401700318696e-01
4.275451647183847736e-01
4.202125398512220888e-01
4.225292242295431433e-01
4.181774707757704990e-01
4.144527098831031209e-01
4.139001062699256273e-01
4.117321997874601180e-01
4.046758767268862633e-01
3.996439957492020079e-01
3.960680127523911187e-01
3.971726886291176983e-01
3.817258235919235854e-01
3.967481402763017861e-01
3.962380446333687578e-01
3.882040382571732562e-01
3.863336875664187819e-01
3.839957492029754116e-01
3.777290116896916405e-01
3.772794899043568906e-01
3.776833156216790610e-01
3.776833156216790610e-01
3.781083953241232698e-01
3.745164718384695890e-01
3.755366631243357567e-01
3.772582359192347412e-01
3.764718384697131048e-01
3.746014877789585751e-01
3.721147715196599370e-01
3.677492029755572434e-01
3.675876726886290746e-01
3.726673751328374307e-01
3.662274176408075732e-01
3.637566418703507276e-01
3.599362380446334275e-01
3.635573857598299874e-01
3.571944739638682198e-01
3.667587672688626954e-01
3.656323060573857253e-01
3.624442082890542705e-01
3.532412327311370559e-01
3.559091392136025100e-01
3.473538788522847476e-01
3.494218916046758494e-01
3.571477151965962160e-01
3.469739638682252658e-01
3.517545164718384743e-01
3.474293304994683362e-01
3.470600425079695683e-01
3.467460148777894990e-01
3.363443145589797290e-01
3.357598299681187615e-01
3.334537725823592536e-01
3.424867162592985514e-01
3.398512221041443682e-01
3.359192348565355757e-01
3.325207226354942036e-01
3.341339001062698655e-01
3.312008501594048693e-01
3.339638682252922264e-01
3.293304994686503950e-01
3.343889479277363797e-01
3.301806588735387016e-01
3.314133900106270847e-01
3.306907545164718965e-01
3.270988310308182156e-01
3.281190223166843833e-01
3.251859723698192206e-01
3.249734325185972272e-01
3.312906482465462488e-01
3.219978746014877102e-01
3.232518597236980207e-01
3.257385759829968808e-01
3.213177470775770428e-01
3.203894792773643307e-01
3.219978746014877102e-01
3.219978746014877102e-01
3.205526036131773893e-01
3.200223166843780831e-01
3.178836344314554530e-01
3.198804463336876180e-01
3.199383634431455237e-01
3.211477151965994037e-01
3.197236981934112321e-01
3.187035069075450089e-01
3.148777895855474074e-01
3.143464399574920631e-01
3.177895855472900322e-01
3.198299681190222010e-01
3.191073326248670128e-01
3.021253985122210328e-01
3.066312433581295238e-01
3.113071200850156539e-01
3.143464399574920631e-01
3.194686503719447179e-01
3.172157279489903892e-01
3.002125398512220378e-01
3.044633368756641811e-01
3.087141339001062135e-01
3.124548352816152175e-01
2.879914984059510075e-01
2.926673751328373596e-01
2.973432518597237117e-01
3.011902231668436847e-01
3.074612114771519411e-01
2.885228480340063517e-01
2.880765143464398270e-01
2.909670563230605245e-01
2.954303931987246612e-01
3.008501594048883510e-01
3.047821466524971989e-01
2.879914984059510075e-01
2.880765143464398270e-01
2.901168969181719959e-01
2.943320935175345321e-01
2.995749202975558911e-01
2.865037194473961657e-01
2.878427205100955177e-01
2.878002125398511635e-01
2.886291179596175427e-01
2.874601487778956632e-01
2.870350690754515099e-01
2.863549415515408425e-01
2.865249734325185371e-01
2.858448459086078697e-01
2.879914984059510075e-01
2.860148777895855088e-01
2.863761955366632139e-01
2.861849096705632034e-01
2.857173219978745293e-01
2.858660998937300191e-01
2.849734325185971917e-01
2.848682252922422609e-01
2.849521785334750423e-01
2.850371944739638619e-01
2.854410201912858658e-01
2.851859723698193516e-01
2.841657810839531839e-01
2.848034006376194971e-01
2.848034006376194971e-01
2.841657810839531839e-01
2.843358129649308230e-01
2.837407013815090306e-01
2.840595111583422150e-01
2.845270988310308891e-01
2.840595111583422150e-01
2.839744952178531734e-01
2.842933049946865243e-01
2.845908607863975592e-01
2.837407013815090306e-01
2.837407013815090306e-01
2.828905419766205021e-01
2.833368756641870267e-01
2.839744952178533399e-01
2.837407013815090306e-01
2.837407013815090306e-01
2.837407013815090306e-01
2.829117959617428735e-01
2.840170031880978607e-01
2.821891604675876852e-01
2.837407013815090306e-01
2.836131774707756903e-01
2.832093517534536864e-01
2.832731137088203566e-01
2.820828905419767163e-01
2.809776833156216735e-01
2.796386822529223215e-01
2.795111583421892032e-01
2.779171094580233370e-01
2.768756641870351864e-01
2.812964930924546914e-01
2.809139213602550034e-01
2.798937300743890022e-01
2.788735387885228345e-01
2.832093517534536864e-01
2.837407013815090306e-01
2.818703506907545009e-01
2.815090329436768513e-01
2.801487778958553498e-01
2.787885228480340150e-01
2.752417640807652277e-01
2.769511158342186641e-01
2.763655685441019916e-01
2.814240170031880317e-01
2.804038257173220305e-01
2.747130712008485354e-01
2.779596174282676913e-01
2.768544102019128705e-01
2.823166843783210256e-01
2.805313496280552044e-01
2.787460148777894942e-01
2.793411264612113420e-01
2.749202975557916706e-01
2.768124335812965908e-01
2.763230605738575263e-01
2.773645058448458434e-01
2.763023379383633960e-01
2.696918172157280469e-01
2.763018065887353214e-01
2.751115834218915146e-01
2.763018065887353214e-01
2.763018065887353214e-01
2.670563230605738636e-01
2.763018065887353214e-01
2.711370882040381458e-01
2.748140276301807017e-01
2.759420828905417844e-01
2.763018065887353214e-01
2.763018065887353214e-01
2.682736450584484178e-01
2.705632306057385028e-01
2.728586609989371858e-01
2.754091392136024941e-01
2.631030818278426442e-01
2.643783209351753261e-01
2.676939426142401768e-01
2.699893730074388598e-01
2.722848034006374873e-01
2.743889479277365484e-01
2.763018065887353214e-01
2.763018065887353214e-01
2.662911795961741546e-01
2.694155154091391613e-01
2.712008501594048160e-01
2.737539851222103859e-01
2.763018065887353214e-01
2.634856535600424987e-01
2.650159404888416947e-01
2.682678002125398198e-01
2.705696068012751199e-01
2.720510095642933446e-01
2.619553666312433582e-01
2.631030818278426442e-01
2.646333687566418402e-01
2.667587672688628286e-01
2.705632306057385028e-01
2.619553666312433582e-01
2.619553666312433582e-01
2.627205100956428452e-01
2.630393198724759740e-01
2.600425079702443076e-01
2.592773645058448206e-01
2.604463336875663115e-01
2.617640807651435142e-01
2.623379383634431572e-01
2.609989373007438607e-01
2.602337938363443182e-01
2.594686503719446646e-01
2.587035069075451776e-01
2.590435706695005114e-01
2.571732199787459816e-01
2.621487778958552783e-01
2.604250797024441622e-01
2.596599362380446752e-01
2.613815090329436597e-01
2.595111583421891854e-01
2.575770456960679855e-01
2.613815090329436597e-01
2.585334750265674830e-01
2.598512221041445192e-01
2.590860786397450322e-01
2.579383634431454686e-01
2.574282678002124958e-01
2.609776833156216558e-01
2.590223166843783620e-01
2.600425079702443076e-01
2.574495217853346452e-01
2.580658873538788645e-01
2.573007438894793220e-01
2.571732199787459816e-01
2.582359192348565036e-01
2.592136025504781505e-01
2.587035069075450111e-01
2.575132837407013153e-01
2.563443145589796579e-01
2.571732199787459816e-01
2.558342189160466851e-01
2.560892667375131437e-01
2.588310308182785180e-01
2.558342189160466851e-01
2.573857598299681970e-01
2.557704569606800149e-01
2.571732199787459816e-01
2.560255047821466956e-01
2.555791710945801709e-01
2.555791710945801709e-01
2.579383634431454686e-01
2.555791710945801709e-01
2.557066950053135113e-01
2.559617428267800254e-01
2.562167906482464841e-01
2.555791710945801709e-01
2.561317747077576645e-01
2.555791710945801709e-01
2.553453772582358061e-01
2.555791710945801709e-01
2.561530286928798139e-01
2.555791710945801709e-01
2.555791710945801709e-01
2.555791710945801709e-01
2.555791710945801709e-01
2.555791710945801709e-01
2.560892667375131437e-01
2.555791710945801709e-01
2.555791710945801709e-01
2.555791710945801709e-01
2.555791710945801709e-01
2.546865037194473436e-01
2.555791710945801709e-01
2.555791710945801709e-01
2.555791710945801709e-01
2.555791710945801709e-01
2.555791710945801709e-01
2.555791710945801709e-01
2.555791710945801709e-01
2.555791710945801709e-01
2.555791710945801709e-01
2.549840595111583230e-01
2.555791710945801709e-01
2.552816153028691359e-01
2.555791710945801709e-01
2.555791710945801709e-01
2.555791710945801709e-01
2.555791710945801709e-01
2.552391073326248372e-01
2.555791710945801709e-01
2.543889479277363086e-01
2.531987247608926683e-01
2.555791710945801709e-01
2.548140276301806839e-01
2.551540913921360176e-01
2.554941551540913514e-01
2.546865037194473436e-01
2.540488841657809749e-01
2.550903294367693475e-01
2.547290116896918644e-01
2.555791710945801709e-01
2.554091392136024763e-01
2.549840595111583230e-01
2.537938363443145162e-01
2.542003188097768374e-01
2.555366631243358166e-01
2.549840595111583230e-01
2.553241232731136567e-01
2.552816153028691359e-01
2.540913921360253291e-01
2.515409139213601319e-01
2.506907545164718254e-01
2.498405951115833246e-01
