1.052664188351920549e+00
8.937538723667901586e-01
8.612143742255264911e-01
7.842355947955388373e-01
7.769516728624535906e-01
6.945825588599746636e-01
7.019826517967783230e-01
6.522730793060719234e-01
6.177199504337052005e-01
5.932775712515484523e-01
6.034696406443618155e-01
5.811880421313502243e-01
5.892193308550185415e-01
5.393548636926888129e-01
5.396530359355637962e-01
5.068153655514251454e-01
4.882280049566295466e-01
4.764560099132590376e-01
4.711895910780667940e-01
4.513901796778186370e-01
4.377323420074348825e-01
4.368378252788100435e-01
4.175960346964064374e-01
4.169764560099133988e-01
4.077834572490706688e-01
4.053709727385373940e-01
4.058240396530358729e-01
3.912678128872364436e-01
4.005576208178438513e-01
3.849132589838909491e-01
3.751548946716232735e-01
3.703570322180915197e-01
3.748451053283766155e-01
3.740706319702600813e-01
3.736059479553902607e-01
3.694237918215613203e-01
3.658612143742255851e-01
3.596654275092937558e-01
3.587360594795538371e-01
3.494423791821561487e-01
3.581164807930606875e-01
3.488266728624535018e-01
3.460346964064435760e-01
3.373760842627011036e-01
3.370508054522923791e-01
3.333720570012391748e-01
3.317843866171004130e-01
3.322490706319702891e-01
3.317843866171004130e-01
3.276022304832714727e-01
3.318308550185867234e-01
3.195515799256503642e-01
3.119578686493185704e-01
3.184634448574969467e-01
3.150557620817844295e-01
3.142812887236677843e-01
3.119578686493185704e-01
3.077757125154896301e-01
3.035935563816605787e-01
3.052973977695166430e-01
3.004956629491946085e-01
3.035935563816605787e-01
2.989467162329616512e-01
2.994114002478316383e-01
3.001858736059478949e-01
2.944547707558858307e-01
2.989467162329616512e-01
2.970879801734820358e-01
2.986369268897148821e-01
2.877942998760840143e-01
2.986369268897148821e-01
2.860904584882277835e-01
2.921313506815364502e-01
2.811531908302352667e-01
2.921313506815364502e-01
2.788104089219328729e-01
2.921313506815364502e-01
2.781908302354397788e-01
2.890334572490705911e-01
2.693618339529120220e-01
2.766418835192069325e-01
2.656443618339529023e-01
2.766418835192069325e-01
2.568192379182154816e-01
2.766418835192069325e-01
2.575898389095414576e-01
2.556304213135063841e-01
2.505382589838907603e-01
2.552664188351920216e-01
2.465961895910780965e-01
2.552664188351920216e-01
2.446019206939279989e-01
2.552664188351920216e-01
2.416356877323418972e-01
2.484510532837670149e-01
2.386926889714992006e-01
2.196406443618339477e-01
2.357729244114002143e-01
2.196406443618339477e-01
2.228934324659231636e-01
2.196406443618339477e-01
2.281598513011151852e-01
2.168525402726144968e-01
2.260106877323420360e-01
2.168525402726144968e-01
2.173133519206917053e-01
2.168525402726144968e-01
2.247521685254026957e-01
2.168525402726144968e-01
2.092627013630730670e-01
2.007434944237917185e-01
2.087980173482030521e-01
2.007434944237917185e-01
2.078686493184633555e-01
2.007434944237917185e-01
2.055452292441140305e-01
1.988847583643122141e-01
1.998141263940521328e-01
2.007434944237917185e-01
1.995043370508053637e-01
1.988847583643122141e-01
1.988847583643123251e-01
1.964064436183395046e-01
1.973358116480792290e-01
1.964064436183395046e-01
1.974907063197025858e-01
1.964064436183395046e-01
1.964103159851300073e-01
1.964064436183395046e-01
1.964064436183395046e-01
1.964064436183395046e-01
1.953221809169763401e-01
1.942379182156133699e-01
1.953221809169763401e-01
1.942921313506806857e-01
1.953221809169763401e-01
1.942379182156133699e-01
1.953221809169763401e-01
1.942379182156133699e-01
1.942379182156133699e-01
1.942379182156133699e-01
1.926889714993803848e-01
1.942379182156133699e-01
1.934634448574970300e-01
1.942379182156133699e-01
1.937732342007433550e-01
1.942379182156133699e-01
1.926889714993803848e-01
1.911400247831473997e-01
1.911400247831473997e-01
1.942379182156133699e-01
1.911400247831473997e-01
1.911400247831473997e-01
1.926889714993803848e-01
1.911400247831473997e-01
1.911400247831473997e-01
1.911400247831473997e-01
1.911400247831473997e-01
1.911400247831473997e-01
1.871127633209417329e-01
1.911400247831473997e-01
1.871127633209417329e-01
1.911400247831473997e-01
1.886617100371746070e-01
1.911400247831473997e-01
1.869578686493185704e-01
1.908302354399008527e-01
1.869578686493185704e-01
1.911400247831473997e-01
1.869578686493185704e-01
1.830855018587359551e-01
1.868029739776951859e-01
1.827757125154894080e-01
1.869578686493185704e-01
1.827757125154894080e-01
1.868029739776951859e-01
1.830855018587359551e-01
1.840148698884757628e-01
1.830855018587359551e-01
1.827757125154894080e-01
1.830855018587359551e-01
1.869578686493185704e-01
1.827757125154894080e-01
1.827757125154894080e-01
1.827757125154894080e-01
1.810757434944236521e-01
1.824659231722428887e-01
1.826208178438660512e-01
1.827757125154894080e-01
1.826208178438660512e-01
1.796778190830235489e-01
1.821561338289961474e-01
1.827757125154894080e-01
1.796778190830235489e-01
1.796778190830235489e-01
1.826208178438660512e-01
1.827757125154894080e-01
1.798636926889712884e-01
1.793680297397770296e-01
1.826208178438660512e-01
1.793680297397770296e-01
1.795229244114001921e-01
1.793680297397770296e-01
1.796778190830235489e-01
1.793680297397770296e-01
1.798327137546467114e-01
1.793680297397770296e-01
1.784386617100372219e-01
1.793680297397770296e-01
1.785935563816603844e-01
1.793680297397770296e-01
1.781288723667905638e-01
1.793680297397770296e-01
1.781288723667905638e-01
1.793680297397770296e-01
1.793680297397770296e-01
1.793680297397770296e-01
1.784386617100369998e-01
1.793680297397770296e-01
1.781288723667904528e-01
1.793680297397770296e-01
1.768897149938040148e-01
1.793680297397770296e-01
1.781288723667904528e-01
1.793680297397770296e-01
1.768897149938040148e-01
1.768897149938041258e-01
1.768897149938040148e-01
1.768897149938042368e-01
1.768897149938040148e-01
1.744114002478313330e-01
1.768897149938040148e-01
1.744114002478313330e-01
1.745701672862451925e-01
1.768897149938042368e-01
1.744114002478313330e-01
1.744114002478313330e-01
1.744114002478313330e-01
1.744114002478313330e-01
1.756505576208176600e-01
1.744114002478313330e-01
1.744114002478313330e-01
1.744114002478313330e-01
1.744114002478313330e-01
1.744114002478313330e-01
1.744114002478313330e-01
1.744114002478313330e-01
1.741016109045847859e-01
1.744114002478313330e-01
1.714684014869887474e-01
1.744114002478313330e-01
1.731722428748449782e-01
1.744114002478313330e-01
1.727075588599750744e-01
1.744114002478313330e-01
1.727075588599750744e-01
1.744114002478313330e-01
1.727075588599750744e-01
1.744114002478313330e-01
1.727075588599750744e-01
1.710037174721188435e-01
1.702292441140023926e-01
1.685254027261461340e-01
1.710037174721188435e-01
1.744114002478313330e-01
1.714684014869887474e-01
1.744114002478313330e-01
1.714684014869887474e-01
1.719950433705071668e-01
1.697645600991324888e-01
1.719330855018586512e-01
1.685254027261461340e-01
1.685254027261461340e-01
1.714684014869887474e-01
1.710037174721188435e-01
1.697645600991324888e-01
1.685254027261461340e-01
1.685254027261461340e-01
1.685254027261461340e-01
1.685254027261461340e-01
1.685254027261461340e-01
1.685254027261461340e-01
1.685254027261461340e-01
1.685254027261461340e-01
1.685254027261461340e-01
1.714684014869887474e-01
1.685254027261461340e-01
1.685254027261461340e-01
1.685254027261461340e-01
1.624845105328375783e-01
1.685254027261461340e-01
1.685254027261461340e-01
1.685254027261461340e-01
1.685254027261461340e-01
1.685254027261461340e-01
1.641883519206938369e-01
1.685254027261461340e-01
1.685254027261461340e-01
1.685254027261461340e-01
1.680607187112762302e-01
1.685254027261461340e-01
1.685254027261461340e-01
1.685254027261461340e-01
1.624845105328375783e-01
1.685254027261461340e-01
1.641883519206938369e-01
1.685254027261461340e-01
1.620198265179676744e-01
1.564436183395290225e-01
1.685254027261461340e-01
1.685254027261461340e-01
1.620198265179676744e-01
1.555142503097892148e-01
1.624845105328375783e-01
1.685254027261461340e-01
1.620198265179676744e-01
1.558162949194543123e-01
1.615551425030977706e-01
1.555142503097892148e-01
1.620198265179676744e-01
1.676192688971495093e-01
1.620198265179676744e-01
1.675960346964063263e-01
1.620198265179676744e-01
1.555142503097892148e-01
1.559789343246591187e-01
1.555374845105323700e-01
1.615551425030977706e-01
1.555142503097892148e-01
1.555142503097892148e-01
1.555142503097892148e-01
1.615551425030977706e-01
1.555142503097892148e-01
1.555142503097892148e-01
1.555142503097892148e-01
1.555142503097892148e-01
1.564436183395290225e-01
1.559789343246591187e-01
1.555142503097892148e-01
1.615551425030977706e-01
1.555142503097892148e-01
1.610904584882278667e-01
1.555142503097892148e-01
1.555142503097892148e-01
1.555142503097892148e-01
1.555142503097892148e-01
1.555142503097892148e-01
1.555142503097892148e-01
1.555142503097892148e-01
1.555142503097892148e-01
1.555142503097892148e-01
1.555142503097892148e-01
1.474597273853778812e-01
1.555142503097892148e-01
1.555142503097892148e-01
1.555142503097892148e-01
1.555142503097892148e-01
1.550495662949193110e-01
1.555142503097892148e-01
1.514986059479549174e-01
1.555142503097892148e-01
1.514869888475834370e-01
1.555142503097892148e-01
1.555142503097892148e-01
1.555142503097892148e-01
1.514869888475834370e-01
1.555142503097892148e-01
1.514869888475834370e-01
1.555142503097892148e-01
1.510223048327135331e-01
1.465303593556381845e-01
1.510223048327135331e-01
1.474597273853778812e-01
1.514869888475834370e-01
1.474597273853778812e-01
1.550495662949193110e-01
1.476610904584851613e-01
1.510223048327135331e-01
1.545848822800495181e-01
1.510223048327135331e-01
1.555142503097892148e-01
1.510223048327135331e-01
1.465303593556381845e-01
1.505576208178437403e-01
1.465303593556381845e-01
1.510223048327135331e-01
1.545848822800495181e-01
1.469950433705079773e-01
1.465303593556381845e-01
1.510223048327135331e-01
1.465303593556381845e-01
1.505692379182154150e-01
1.545848822800495181e-01
1.510223048327135331e-01
1.465303593556381845e-01
