8.334654185957179884e-01
8.177387643288922536e-01
7.795453167013727258e-01
7.439050401310070004e-01
7.149103875624204241e-01
6.975835472979804441e-01
6.824305541515879314e-01
6.712229343145381666e-01
6.722701817520166934e-01
6.613456017629341099e-01
6.326777085902595132e-01
6.110211167943716548e-01
6.378209469704627654e-01
6.317825950710632688e-01
6.298157208418414532e-01
6.197865070861044989e-01
5.918792835048418688e-01
5.789226290358450155e-01
5.604694418049855908e-01
5.443902512989508002e-01
5.505979216788304820e-01
5.557184157855366013e-01
5.595010411822979313e-01
5.325005559711296632e-01
5.092089036249317635e-01
5.214807027475082402e-01
5.129629723227463467e-01
4.929950164769625331e-01
5.027138972565338149e-01
4.770846390231081591e-01
4.733517983138907925e-01
4.710718112528558543e-01
4.785713563673856807e-01
4.649776095263125630e-01
4.548061177041422543e-01
4.570385945049835197e-01
4.510947576976731543e-01
4.491968744313926676e-01
4.507813921517093148e-01
4.494483250106143246e-01
4.481526595637143617e-01
4.369983624123081611e-01
4.257722944423096290e-01
4.334568263146191813e-01
4.283302670683136193e-01
4.293006894042010746e-01
4.250652002506923877e-01
4.165967490851741339e-01
4.053534965529790868e-01
4.006125790995287428e-01
3.940331662050420847e-01
3.739158562966254928e-01
4.220831732810385040e-01
4.066069587368333349e-01
3.956593817601034568e-01
3.812445666457752180e-01
3.725044477690395706e-01
3.701299456159145018e-01
3.512663506055030416e-01
3.993075632290794541e-01
3.868750379071221879e-01
3.769484260962738809e-01
3.623516567939670252e-01
3.515658168732185285e-01
3.431251642641975907e-01
3.448638376159958163e-01
3.396983603905949778e-01
3.399611831065646461e-01
3.497664921254268200e-01
3.454905687079230514e-01
3.353216040272525844e-01
3.368679619109234413e-01
3.309645593676079911e-01
3.320967187594767167e-01
3.331581181893536470e-01
3.311060792915918038e-01
3.205552635303154374e-01
3.231380021430164118e-01
3.147807452034855347e-01
3.182775508966295686e-01
3.119116814588682174e-01
3.149488001132156878e-01
3.185815660190445819e-01
3.143056426015404803e-01
3.128297919657117010e-01
3.116147423326526833e-01
3.096759193740773464e-01
3.096511533873804733e-01
3.080181145502699502e-01
3.097668964680667658e-01
3.040959909427248808e-01
3.023977518549219035e-01
3.052888017305864232e-01
2.942181529628198344e-01
3.004771243151446725e-01
3.053312577077815226e-01
3.075531205143237079e-01
2.980187210642298856e-01
2.947961102238034203e-01
2.946748074318177868e-01
2.974546630814951520e-01
2.935135859127023794e-01
2.997998503932233771e-01
2.830600650991648704e-01
2.834239734751227147e-01
2.857691607868507733e-01
2.786325131916781994e-01
2.827871338171966120e-01
2.825647453652224139e-01
2.984554111153792100e-01
2.826686108808603159e-01
2.788953359076479788e-01
2.800982552615085552e-01
2.666639710490669724e-01
2.626003275175381457e-01
2.610031740897237329e-01
2.804621636374663440e-01
2.776823079877886458e-01
2.703434890726403861e-01
2.666033196530739890e-01
2.611143683157105544e-01
2.575157188201281366e-01
2.598507975658572167e-01
2.728099791763539117e-01
2.678769989689261388e-01
2.636516183814162639e-01
2.597901461698643999e-01
2.579099528940821950e-01
2.575157188201281366e-01
2.657744172411700689e-01
2.682613771910318246e-01
2.641873723793539130e-01
2.627923902715157412e-01
2.560803024482947721e-01
2.572933303681538830e-01
2.569496391241936628e-01
2.561005195802923406e-01
2.570102905201867016e-01
2.570102905201867016e-01
2.549289367810282370e-01
2.559488910903095493e-01
2.432500050542828751e-01
2.507844247215089695e-01
2.486403978731578646e-01
2.495400602470532192e-01
2.542203263045105244e-01
2.542304348705091699e-01
2.565250793522428352e-01
2.558781311283179760e-01
2.468511816913654677e-01
2.489537634191215099e-01
2.450316398115766348e-01
2.522794816327358913e-01
2.542304348705091699e-01
2.416755958999655118e-01
2.460222792794612146e-01
2.379051007824028729e-01
2.507126539029171375e-01
2.510159108828828867e-01
2.381881406303702764e-01
2.409781048460465924e-01
2.398307826051796765e-01
2.367931585225319380e-01
2.375715181044416313e-01
2.363382730525846742e-01
2.374603238784544212e-01
2.390941208580158184e-01
2.367931585225319380e-01
2.367931585225319380e-01
2.367931585225319380e-01
2.367931585225319380e-01
2.367931585225319380e-01
2.366718557305459159e-01
2.366617471645472981e-01
2.364292501465740937e-01
2.344277540788064496e-01
2.354790449426843735e-01
2.354312819683402058e-01
2.324060408790410148e-01
2.365808786365565242e-01
2.298890079453329294e-01
2.337100458928895730e-01
2.303474314133796275e-01
2.302225906232941710e-01
2.313850757131596658e-01
2.300406364353153321e-01
2.299193336433293378e-01
2.297980308513433434e-01
2.296767280593575156e-01
2.295554252673714934e-01
2.297272708893515203e-01
2.307785617532298050e-01
2.294644481733820740e-01
2.298283565493399183e-01
2.294606574611329497e-01
2.295857509653680961e-01
2.302225906232941710e-01
2.294644481733820740e-01
2.203060873784440654e-01
2.165861350908763472e-01
2.294644481733820740e-01
2.245150415462067450e-01
2.283929401775065537e-01
2.287972828174594242e-01
2.116329377514504506e-01
2.184865454986554267e-01
2.195580534945309747e-01
2.237025655540507696e-01
2.272607807856381890e-01
2.294644481733820740e-01
2.098841558336536073e-01
2.156068677597395844e-01
2.185674140266462284e-01
2.225299718981864905e-01
2.261589470917653166e-01
2.057295352081356943e-01
2.091790833552354956e-01
2.116127206194531873e-01
2.175767745587612878e-01
2.128863999353055314e-01
2.046984614762548393e-01
2.046984614762548393e-01
2.077714655398983923e-01
2.089541677617611226e-01
2.151767482764899708e-01
2.085397165558101895e-01
2.046984614762548393e-01
2.045872672502678236e-01
2.070032145239875110e-01
2.031417423124354527e-01
2.115925034874550359e-01
2.035865192163839044e-01
2.040312961203323561e-01
2.044760730242806135e-01
2.028182682004726622e-01
2.029698966904556201e-01
2.024745769565127751e-01
2.003618866627579209e-01
2.009077492266946041e-01
1.995633099488506312e-01
2.037583648383633761e-01
2.035865192163837101e-01
2.009178577926933884e-01
2.004730808887449645e-01
2.000283039847966793e-01
1.997048298728340554e-01
2.019186058265773076e-01
2.009380749246911790e-01
2.029193538604610603e-01
2.020298000525643511e-01
2.001394982107835285e-01
1.974708367870932069e-01
2.019186058265773076e-01
1.966924772051835135e-01
2.011402462446676143e-01
1.975820310130804169e-01
2.002506924367709051e-01
1.976932252390674327e-01
1.968643228271635404e-01
2.002608010027693564e-01
1.975213796170872393e-01
1.974708367870932069e-01
1.963588945272222719e-01
1.983993085740849982e-01
1.970260598831449494e-01
1.963588945272222719e-01
1.969148656571577394e-01
1.963588945272222719e-01
1.963588945272222719e-01
1.981380021430158844e-01
1.972484483351189810e-01
1.963588945272222719e-01
1.963588945272222719e-01
1.963588945272222719e-01
1.963588945272222719e-01
1.963588945272222719e-01
1.949083153063906892e-01
1.953884721913349554e-01
1.966924772051835135e-01
1.963588945272222719e-01
1.963588945272222719e-01
1.905464690778969628e-01
1.963588945272222719e-01
1.948628267593960628e-01
1.949234781553885465e-01
1.962780259992314702e-01
1.818025594889109697e-01
1.963588945272222719e-01
1.895659381760102791e-01
1.934476275195599337e-01
1.956411863413052288e-01
1.775064189394096326e-01
1.808321371530236532e-01
1.847138264965733079e-01
1.885955158401229625e-01
1.924772051836726172e-01
1.963588945272222719e-01
1.963588945272222719e-01
1.793418818106457535e-01
1.837434041606861579e-01
1.853506661544997436e-01
1.915067828477854672e-01
1.951357580413652093e-01
1.963588945272222719e-01
1.746456947617413269e-01
1.827729818247981197e-01
1.883225845581550650e-01
1.837570507247835161e-01
1.720983361300364722e-01
1.726037644299777407e-01
1.745284353961532586e-01
1.746254776297435363e-01
1.721210804035338826e-01
1.895659381760108342e-01
1.720983361300364722e-01
1.723510502800073008e-01
1.739178780098253052e-01
1.743727634797727355e-01
1.750197117036974281e-01
1.743727634797727355e-01
1.720983361300364722e-01
1.720983361300364722e-01
1.731091927299193700e-01
1.707986272567369734e-01
1.636948325010607885e-01
1.720983361300364722e-01
1.577441724117012445e-01
1.720983361300364722e-01
1.728564785799485692e-01
1.738673351798314670e-01
1.642035460849523565e-01
1.613327133412848780e-01
1.584618805976184819e-01
1.555910478539510033e-01
1.706629197582032742e-01
1.736146210298606385e-01
1.649212542708683171e-01
1.620504215272019211e-01
1.591795887835346368e-01
1.720983361300364722e-01
1.541556314821178053e-01
1.656793967207814966e-01
1.541556314821178053e-01
1.627681297131180760e-01
1.598972969694516799e-01
1.570264642257842014e-01
1.541556314821178053e-01
1.669631846026313760e-01
1.663566706427025976e-01
1.634858378990351191e-01
1.606150051553687230e-01
1.564806016618479068e-01
1.546206255180634925e-01
1.541556314821178053e-01
1.608475021733404842e-01
1.642035460849523565e-01
1.516284899824111021e-01
1.569455956977943156e-01
1.550856195540097349e-01
1.541556314821178053e-01
1.624547641671547915e-01
1.649212542708683171e-01
1.513757758324402736e-01
1.574105897337400028e-01
1.555506135899559772e-01
1.541556314821178053e-01
1.541556314821178053e-01
1.541556314821178053e-01
1.511230616824698336e-01
1.578755837696862452e-01
1.560156076259016644e-01
1.541556314821178053e-01
1.541556314821178053e-01
1.498594909326161073e-01
1.508703475324990051e-01
1.518812041323815420e-01
1.483937488627865009e-01
1.546206255180634925e-01
1.541556314821178053e-01
1.541556314821178053e-01
1.506176333825282043e-01
1.516284899824111021e-01
1.479578169540866073e-01
1.532862948062188868e-01
1.483432060327919411e-01
1.493540626326748388e-01
1.503649192325577366e-01
1.513757758324402736e-01
1.478377777328506726e-01
1.478377777328506726e-01
1.480904918828215011e-01
1.491013484827040381e-01
1.501122050825869358e-01
1.511230616824698336e-01
1.478377777328506726e-01
