1.184303883736564256e+00
1.180087906724012425e+00
1.183870566673727254e+00
1.100811836324955717e+00
1.074193919746547543e+00
1.014972002468203405e+00
9.784861071458179627e-01
9.657859109789007634e-01
9.625993497941630617e-01
9.505286376069476129e-01
9.022545380867739162e-01
8.635488713494995361e-01
8.204446450115582268e-01
7.862326281762004321e-01
7.948347316749704294e-01
7.572687670955324801e-01
7.858269402565829509e-01
7.290336246672991516e-01
7.164379587588990406e-01
6.813438815262339299e-01
6.727696374135438973e-01
6.766837660364152240e-01
6.505010084637272705e-01
6.592774058076460442e-01
6.317327617170589438e-01
6.264263545187465088e-01
6.197677310026616926e-01
6.015527578489791027e-01
5.866864368535932295e-01
5.961908621213655168e-01
5.807093322036082084e-01
5.717413728000295681e-01
5.525736546909681968e-01
5.272623663440200170e-01
5.222368554351131120e-01
5.495897072231789027e-01
5.417729621204445678e-01
5.227065508698575114e-01
5.130015840708778141e-01
5.032464243283812921e-01
4.990737329735390193e-01
4.938709350623036731e-01
4.808115600335233220e-01
4.929039150495940769e-01
4.797340234479329224e-01
4.878438677116621047e-01
4.812075777530139264e-01
4.586714065996815304e-01
4.506405356369899140e-01
4.522430259437658639e-01
4.554572162717235861e-01
4.486972858971642886e-01
4.483381070353009146e-01
4.489735773293669907e-01
4.344107164236838403e-01
4.333539016955085810e-01
4.252125141599359393e-01
4.308304399480574198e-01
4.236081819102787138e-01
4.211786592497766546e-01
4.201287518074064975e-01
4.137924682955581579e-01
4.169898508947237903e-01
4.152936517438594599e-01
4.137874029526345532e-01
4.153489100302998338e-01
4.098322911006529456e-01
4.039380738803290960e-01
4.009923467273279196e-01
3.953267606671512224e-01
4.061484053379505466e-01
4.052274338972749468e-01
3.969617152172112973e-01
3.950414897634026978e-01
3.916154760040893579e-01
3.888617713964691025e-01
3.818347593041139243e-01
3.839161547600412616e-01
3.741814866320996580e-01
3.939086948913715358e-01
3.838885256168206861e-01
3.815791897293268065e-01
3.757563477956549214e-01
3.724408506092227178e-01
3.662335030990688800e-01
3.717715346147125732e-01
3.638309188532067862e-01
3.637837190668717358e-01
3.684254151278768541e-01
3.632495556312798080e-01
3.625772464795865013e-01
3.568764332618047375e-01
3.579723892762086690e-01
3.613247253202678255e-01
3.567935458321438436e-01
3.490946850738156915e-01
3.488179331558928231e-01
3.488179331558928231e-01
3.541135189397777716e-01
3.522439469152062186e-01
3.493981451635184698e-01
3.513897459039793669e-01
3.485969000101307169e-01
3.485876902957240064e-01
3.487534651550455167e-01
3.459813411186120069e-01
3.459629216897985304e-01
3.478140742855564960e-01
3.437157513745500159e-01
3.439275748059054116e-01
3.447380296737000416e-01
3.453723487534656189e-01
3.436236542304823005e-01
3.437525902321769133e-01
3.416804044906568971e-01
3.442591245245486542e-01
3.435223473720080967e-01
3.440196719499729050e-01
3.402989473296433864e-01
3.402068501855758931e-01
3.414501616304880249e-01
3.435223473720080967e-01
3.413488547720135990e-01
3.422737403413120272e-01
3.414501616304880249e-01
3.397307079507466132e-01
3.401930356139655776e-01
3.411186119118448934e-01
3.412291284847258632e-01
3.348007478288098082e-01
3.332454573083687421e-01
3.380425672999882725e-01
3.346167837835351544e-01
3.381162450152423449e-01
3.338153083872870686e-01
3.315589283576317881e-01
3.349112644016909446e-01
3.340363415330491748e-01
3.301774711966182774e-01
3.329311758042383662e-01
3.321851889372908762e-01
3.321943986516979752e-01
3.320838820788168388e-01
3.304648142861101312e-01
3.262172940017131761e-01
3.296433077610263496e-01
3.329311758042383662e-01
3.290170471813669284e-01
3.231320396754500113e-01
3.265212145771363983e-01
3.244582385500227595e-01
3.273132500161172187e-01
3.278382037373024360e-01
3.290170471813669284e-01
3.198994299186782020e-01
3.189692487635958917e-01
3.239517042576510186e-01
3.210225545905818212e-01
3.166668201619067813e-01
3.173667584568204414e-01
3.189968779068162452e-01
3.182877298974958746e-01
3.102108103627706504e-01
3.163536898720771817e-01
3.151380075703854033e-01
3.157918972932651780e-01
3.135447269780163304e-01
3.138025989814053895e-01
3.088938212026046126e-01
3.192915887678325904e-01
3.135318333778470135e-01
3.163536898720771817e-01
3.141065195568286117e-01
3.085070131975207741e-01
3.023088754017738689e-01
3.112975566627681490e-01
3.122093183890370383e-01
3.156445418627570887e-01
3.038284782788887028e-01
3.060203903076965104e-01
3.002458993746603966e-01
3.023088754017738689e-01
3.023088754017738689e-01
3.023272948305873453e-01
3.011300319577088769e-01
3.042185096840149816e-01
3.023088754017738689e-01
3.007059246092779747e-01
2.921966089831555258e-01
2.895073723763827434e-01
2.888258535102826152e-01
2.882640609314706115e-01
2.993709765060186268e-01
2.991038947882228016e-01
2.927584015619675295e-01
2.899218095246868243e-01
2.882640609314706115e-01
2.973080004789054320e-01
2.972987907644985550e-01
3.003932548051684859e-01
2.919939952662067295e-01
2.903362466729906832e-01
2.877022683526584967e-01
2.867115333253516529e-01
2.882640609314706115e-01
2.875825420653705944e-01
2.855932437535113055e-01
2.895257918051960533e-01
2.890929352280785514e-01
2.881351249297759987e-01
2.882640609314706115e-01
2.860537294738490499e-01
2.866431511958815181e-01
2.903270369585839727e-01
2.849575432165847300e-01
2.882640609314706115e-01
2.849946123170720713e-01
2.859063740433409606e-01
2.850590803179195443e-01
2.846188559692764408e-01
2.868273454840165604e-01
2.845801751687680459e-01
2.849117248874111219e-01
2.852432746060545865e-01
2.863484403348653951e-01
2.835026385831775908e-01
2.845801751687680459e-01
2.844604488814801435e-01
2.843867711662261266e-01
2.841288991628370675e-01
2.854919368950369352e-01
2.836131551560586161e-01
2.838618174450410758e-01
2.845801751687680459e-01
2.847459500280897782e-01
2.841933671636842074e-01
2.821396008509777786e-01
2.823606339967398848e-01
2.837420911577532290e-01
2.842209963069045608e-01
2.817896317035211706e-01
2.842578351645315138e-01
2.839999631611424546e-01
2.823053757102992889e-01
2.825264088560614506e-01
2.815870179865723744e-01
2.815870179865723744e-01
2.843223031653788202e-01
2.820290842780966423e-01
2.822501174238587485e-01
2.805555299730156382e-01
2.817435831314875072e-01
2.815870179865723744e-01
2.807765631187779110e-01
2.818448899899616000e-01
2.821948591374181525e-01
2.824158922831803142e-01
2.803621259704737190e-01
2.801042539670846043e-01
2.802147705399657962e-01
2.829684751475857185e-01
2.799753179653899915e-01
2.806844659747102511e-01
2.804265939713210254e-01
2.801687219679319107e-01
2.800950442526778938e-01
2.805739494018292257e-01
2.820843425645371827e-01
2.799753179653899915e-01
2.804910619721683318e-01
2.802331899687792172e-01
2.799753179653899915e-01
2.799753179653899915e-01
2.799753179653899915e-01
2.799753179653899915e-01
2.799753179653899915e-01
2.799753179653899915e-01
2.791832825264091711e-01
2.799753179653899915e-01
2.799962700656653536e-01
2.808778699772521703e-01
2.799753179653899915e-01
2.748362973264203979e-01
2.801042539670846043e-01
2.799753179653899915e-01
2.799753179653899915e-01
2.799753179653899915e-01
2.799753179653899915e-01
2.739797938865916049e-01
2.774058076459049449e-01
2.799753179653899915e-01
2.786399093764100332e-01
2.667741133347457660e-01
2.708116521306676572e-01
2.731232904467634781e-01
2.765493042060768181e-01
2.799753179653899915e-01
2.624676508781462747e-01
2.799753179653899915e-01
2.625413285934006802e-01
2.719352372882920532e-01
2.756928007662485247e-01
2.790819756679354113e-01
2.784004568018346171e-01
2.608835800001844674e-01
2.679842698077933294e-01
2.631675891730601013e-01
2.737311315976090897e-01
2.585627319696817694e-01
2.592258314069679770e-01
2.605520302815410583e-01
2.618782291561141395e-01
2.585627319696817694e-01
2.585627319696817694e-01
2.585627319696817694e-01
2.588942816883251785e-01
2.602204805628979267e-01
2.615466794374710080e-01
2.544020132435688142e-01
2.627255228815355004e-01
2.585627319696817694e-01
2.585627319696817694e-01
2.591153148340871182e-01
2.612151297188275989e-01
2.522632873154602717e-01
2.719352372882913871e-01
2.585627319696817694e-01
2.585627319696817694e-01
2.589771691179857949e-01
2.548880559213855812e-01
2.527882410366456001e-01
2.506884261519048418e-01
2.489754192722485882e-01
2.464920197824663761e-01
2.575128245273116678e-01
2.554130096425709096e-01
2.533131947578301513e-01
2.512133798730902257e-01
2.491135649883494396e-01
2.470137501036094863e-01
2.462953923798828770e-01
2.518396404527496468e-01
2.609572577154385398e-01
2.517383335942748879e-01
2.496385187095347957e-01
2.473913483942859481e-01
2.454388889400540841e-01
2.564629170849409556e-01
2.491596135603834361e-01
2.522632873154602717e-01
2.498319227120768815e-01
2.478794632578442125e-01
2.459638426612387740e-01
2.454388889400540841e-01
2.454388889400540841e-01
2.527882410366456001e-01
2.503200375756346463e-01
2.483675781214027822e-01
2.464151186671701133e-01
2.454388889400540841e-01
2.499963161142355061e-01
2.454388889400540841e-01
2.450336615061567691e-01
2.488556929849602140e-01
2.469032335307283499e-01
2.454388889400540841e-01
2.454388889400540841e-01
2.454388889400540841e-01
2.450914524640577241e-01
2.460559398053066282e-01
2.452915335095459948e-01
2.454388889400540841e-01
2.454388889400540841e-01
2.448126283603944964e-01
2.454388889400540841e-01
2.445179174993783178e-01
2.452546946519189031e-01
2.459270038036118489e-01
2.454388889400540841e-01
2.454388889400540841e-01
2.449231449332756327e-01
2.450705003637838886e-01
2.452178557942919501e-01
2.455678249417483638e-01
2.445915952146323624e-01
2.447389506451404517e-01
2.448863060756486798e-01
2.450336615061567691e-01
2.453744209392062781e-01
2.445179174993783178e-01
2.454112597968342024e-01
2.447021117875134988e-01
2.448494672180215881e-01
2.445179174993783178e-01
2.445179174993783178e-01
