1.181515015566157789e+00
1.161480212624223407e+00
1.146485038813437107e+00
1.074108514485364818e+00
1.024467419824081516e+00
9.596816074608802705e-01
9.313950405807741584e-01
8.927862066152770781e-01
9.192085729434316121e-01
9.045328792637000737e-01
8.850143426186495299e-01
8.255553516320676133e-01
8.269913128594150731e-01
7.866280571529562504e-01
7.859088869856030168e-01
7.769501882893539157e-01
7.491469200755875857e-01
7.551150808216757770e-01
7.256212868931575244e-01
7.001689166224833727e-01
7.185040172927117386e-01
6.889215166469542240e-01
6.837476378862640258e-01
6.605081773318650651e-01
6.587588536780998316e-01
6.450140707206655222e-01
6.480008700735484517e-01
6.583873730576289551e-01
6.257868047908424769e-01
6.190080481803228452e-01
6.006770259798523970e-01
5.979716410402817761e-01
5.907799393667495513e-01
5.885996574085399224e-01
5.629443832673980408e-01
5.665674239025518810e-01
5.656871541797515723e-01
5.543320146281116578e-01
5.534755359789007567e-01
5.522360210449052120e-01
5.482279048900853269e-01
5.475379637559988355e-01
5.279035305953205803e-01
5.309759778131245556e-01
5.327705045067091527e-01
5.310847370066753559e-01
5.332599208776868105e-01
5.122938673409735966e-01
5.024946640020663269e-01
5.047650121674349677e-01
5.115084220400507586e-01
4.995445708770069881e-01
4.961920687358105098e-01
4.929918294655843414e-01
4.854874451105944400e-01
4.800630803322592510e-01
4.686365675598503366e-01
4.754680044047470688e-01
4.896767132971709402e-01
4.839787511725598956e-01
4.775018013241422721e-01
4.542735565615782511e-01
4.510250553992141698e-01
4.475984610574112454e-01
4.554563127914406651e-01
4.528053074486454443e-01
4.609350571665505880e-01
4.463970118411569321e-01
4.424731840613400635e-01
4.186314694726537278e-01
4.416031105129357148e-01
4.537297605938251377e-01
4.242288293432300295e-01
4.205983115135187300e-01
4.152969805728888297e-01
4.048543986296340713e-01
4.048560979920333702e-01
3.996077871582575658e-01
4.194407058471653071e-01
3.924439550280733879e-01
3.852158869991975099e-01
3.951595361420392472e-01
4.004217817474887142e-01
3.937898500482619468e-01
3.791889283140963407e-01
3.848987859755019780e-01
3.709980015498189343e-01
3.593176040349661537e-01
3.655967481001128339e-01
3.764155688785569831e-01
3.453841918512173259e-01
3.532634555514770347e-01
3.450657313376019886e-01
3.576216403605367300e-01
3.601696643419382005e-01
3.251084193210704854e-01
3.101846187310390857e-01
3.389344318011883184e-01
3.374661826882552895e-01
3.203502046032327133e-01
3.222534904903680553e-01
3.163159182674661341e-01
3.061435349456882449e-01
3.081691749255682788e-01
3.061027502481070139e-01
3.173457318813981964e-01
3.158095082724958758e-01
3.082235545223428463e-01
3.074214554699078450e-01
3.039411612762893400e-01
3.034789347036991325e-01
3.024185325665811330e-01
3.030710877278845472e-01
3.074258738121457002e-01
3.001345895020189891e-01
3.042266541593592888e-01
3.004472721834768878e-01
3.017659774052776078e-01
2.995907935342661532e-01
2.951180716994984410e-01
2.999170711149177215e-01
2.950093125059477517e-01
2.983400628084341144e-01
2.979594056310073680e-01
2.971437116793779754e-01
2.870603749473196742e-01
2.895713528284187821e-01
2.965999157116246954e-01
2.907133243606998541e-01
2.914474489171663962e-01
2.895713528284187821e-01
2.895713528284188931e-01
2.911755509332899505e-01
2.900335794010086010e-01
2.887556588767893895e-01
2.887627961988657455e-01
2.889595823646967654e-01
2.887692537759832812e-01
2.883342170017810235e-01
2.878991802275787659e-01
2.892450752477668252e-01
2.876255828813031878e-01
2.804083907717825341e-01
2.775806517394674988e-01
2.802180621830691054e-01
2.801636825862937052e-01
2.895713528284187821e-01
2.765610342999306748e-01
2.768329322838071205e-01
2.730209225498595460e-01
2.760542844324813117e-01
2.780836630096389928e-01
2.752967086749052439e-01
2.756773658523322124e-01
2.654404067593839622e-01
2.711502644207893775e-01
2.717892246828987335e-01
2.658482537351986585e-01
2.657938741384225367e-01
2.654404067593839622e-01
2.623271748439988671e-01
2.633875769811165890e-01
2.661881262150441740e-01
2.659162282311676173e-01
2.648286362956619455e-01
2.653078564922441429e-01
2.646247128077543476e-01
2.630341096020773484e-01
2.581807305898828897e-01
2.627452179942083021e-01
2.614163165980127324e-01
2.569435947632449091e-01
2.583030846826271376e-01
2.596625746020093661e-01
2.574873907309981336e-01
2.569435947632449091e-01
2.569435947632449091e-01
2.566716967793685189e-01
2.575553652269669813e-01
2.583302744810148655e-01
2.569435947632449091e-01
2.542246149244803410e-01
2.569435947632449091e-01
2.563997987954920732e-01
2.560191416180647161e-01
2.561279008116155165e-01
2.555841048438626806e-01
2.569435947632449091e-01
2.535176801664016932e-01
2.561279008116155165e-01
2.564813681906550902e-01
2.525949263836210212e-01
2.557200538358008757e-01
2.525660372228338835e-01
2.524572780292833052e-01
2.546324619002950373e-01
2.467474203678780287e-01
2.538602716260858205e-01
2.539527169406040619e-01
2.517775330695924407e-01
2.523213290373454432e-01
2.474781461995451404e-01
2.472912163356308646e-01
2.479845561945158983e-01
2.491945022227661788e-01
2.467474203678780287e-01
2.521853800454069150e-01
2.475631143195074213e-01
2.470193183517543356e-01
2.472912163356310034e-01
2.483788082711367862e-01
2.515056350857160505e-01
2.482428592791983968e-01
2.452485827317587297e-01
2.471552673436927250e-01
2.470193183517545854e-01
2.454559049444652585e-01
2.459861060130238142e-01
2.467474203678780287e-01
2.460948652065745035e-01
2.464211427872262106e-01
2.467474203678780287e-01
2.467474203678780287e-01
2.449257038759057314e-01
2.467474203678780287e-01
2.447897548839677029e-01
2.456598284323723569e-01
2.465299019807768999e-01
2.427777098032819492e-01
2.428320894000570995e-01
2.420163954484278457e-01
2.445722364968664353e-01
2.454423100452712281e-01
2.413094606903490313e-01
2.422882934323044024e-01
2.407058471661427390e-01
2.422814959827070125e-01
2.443547181097653065e-01
2.452247916581699605e-01
2.413098005628288856e-01
2.412007014967983420e-01
2.407656647225961954e-01
2.425058118194052814e-01
2.386992400451349305e-01
2.413094606903490313e-01
2.413094606903490313e-01
2.413094606903490313e-01
2.408744239161466349e-01
2.404393871419443773e-01
2.374593852386581716e-01
2.413094606903490313e-01
2.355146349089813351e-01
2.407248800250148257e-01
2.409831831096972132e-01
2.390255176257868597e-01
2.396236931903151235e-01
2.338322661337466080e-01
2.359258806095950733e-01
2.401402993596805091e-01
2.410919423032477915e-01
2.393517952064385668e-01
2.380466848838315164e-01
2.333564446619629529e-01
2.372173960330084819e-01
2.395557186943459149e-01
2.409831831096971022e-01
2.331525211740554937e-01
2.383729624644832235e-01
2.328806231901792978e-01
2.310860964965945619e-01
2.389711380290115983e-01
2.185380045406963290e-01
2.217464007504383328e-01
2.345154098182350710e-01
2.297945810731814309e-01
2.308277934119119523e-01
2.291420259118780167e-01
2.323504221216201315e-01
2.403306279483936880e-01
2.226300691980369062e-01
2.295362779884986826e-01
2.305694903272294261e-01
2.316027026659598365e-01
2.315483230691847971e-01
2.331525211740554937e-01
2.220454885327027006e-01
2.185380045406963290e-01
2.237856356295118976e-01
2.313443995812770881e-01
2.195168372826516723e-01
2.191225852060310342e-01
2.214609078673683562e-01
2.185380045406963290e-01
2.261375531900432501e-01
2.232554345609529534e-01
2.282148537868591842e-01
2.185380045406963290e-01
2.208763272020337898e-01
2.232146498633715836e-01
2.185380045406963290e-01
2.185380045406963290e-01
2.269668420408666731e-01
2.188642821213477863e-01
2.202917465366994454e-01
2.185380045406963290e-01
2.185380045406963290e-01
2.218687548431835244e-01
2.185380045406963290e-01
2.191905597019997431e-01
2.186467637342470183e-01
2.185380045406963290e-01
2.185380045406963290e-01
2.185380045406963290e-01
2.185380045406963290e-01
2.195168372826516723e-01
2.185380045406963290e-01
2.185380045406963290e-01
2.185380045406963290e-01
2.185380045406963290e-01
2.141876367986732532e-01
2.163628206696852074e-01
2.185380045406963290e-01
2.185380045406963290e-01
2.157102655083810716e-01
2.093478526856722699e-01
2.185380045406963290e-01
2.158190247019320107e-01
2.179942085729439649e-01
2.169474013350189412e-01
2.148265970607824982e-01
2.173552483108337485e-01
2.105849885123098897e-01
2.152752287341788140e-01
2.174504126051907682e-01
2.049995241785282918e-01
2.185380045406963290e-01
2.103810650244033742e-01
2.125562488954144957e-01
2.147314327664264499e-01
2.062210258710931443e-01
2.055412809114025019e-01
2.158869991979010805e-01
2.050654594396182639e-01
2.114142773631338956e-01
2.141876367986732532e-01
2.065337085525507932e-01
2.185380045406963290e-01
2.073358076049869880e-01
2.050518645404243445e-01
2.111240262653450717e-01
2.126650080889648242e-01
2.152752287341791748e-01
2.049431053468739050e-01
2.049838900444552747e-01
2.050382696412307859e-01
2.050926492380059640e-01
2.131000448631676925e-01
2.049431053468739050e-01
2.049431053468739050e-01
2.064229101241211173e-01
1.994575635221643439e-01
2.050790543388121834e-01
1.975202903870467430e-01
1.953994861128100502e-01
2.049431053468739050e-01
2.034612613347465959e-01
1.944070584716612871e-01
2.050654594396182639e-01
2.038147287137866137e-01
1.959296871813696050e-01
1.938088829071329122e-01
2.049431053468739050e-01
1.949372595402191211e-01
2.032029582500644582e-01
1.986863928653966604e-01
1.964598882499288823e-01
1.943390839756922173e-01
1.922182797014555244e-01
2.033525021411965172e-01
1.954946504071676805e-01
1.991108935927241308e-01
1.969900893184874380e-01
1.948692850442514946e-01
1.927484807700148295e-01
1.916880786328969688e-01
1.917971776989257915e-01
1.996410946612826864e-01
1.975202903870467430e-01
1.953994861128100502e-01
1.932786818385743566e-01
1.916880786328969688e-01
1.922318746006495549e-01
1.916880786328969688e-01
1.916880786328969688e-01
1.959296871813696050e-01
