1.639344262295081789e+00
1.357898027229785365e+00
1.323145318143928995e+00
1.177868852459016180e+00
1.120644623506529269e+00
1.061148930258404732e+00
1.022506251736593264e+00
9.613989997221447092e-01
9.524868018894137034e-01
9.033342595165322342e-01
9.280355654348428907e-01
8.558141150319531487e-01
8.469019171992219208e-01
8.152264517921645748e-01
8.338566268407888726e-01
7.868852459016393297e-01
7.913309252570157604e-01
7.530564045568203246e-01
7.535426507363156556e-01
7.080230619616556531e-01
7.502083912197832216e-01
6.857529869408166556e-01
6.896360100027785212e-01
6.579674909697137419e-01
6.357877188107806665e-01
6.365865518199499418e-01
6.296193387051957080e-01
5.952000555709915375e-01
6.296193387051957080e-01
5.732147818838566611e-01
5.873853848291191726e-01
5.701861628230063817e-01
5.351486524034454462e-01
5.521047513198108492e-01
5.351486524034454462e-01
5.304251180883579053e-01
5.262572936926924738e-01
5.149138649624889208e-01
5.095859961100305258e-01
5.165740483467630151e-01
5.090302861906085274e-01
5.073631564323423104e-01
5.079188663517644198e-01
4.943039733259237956e-01
5.041261461517072551e-01
4.962489580439010672e-01
4.984717977215892271e-01
4.818005001389273345e-01
4.891497638232840672e-01
4.701305918310639820e-01
4.890247290914142009e-01
4.487913309252563043e-01
4.695748819116419837e-01
4.606974159488745890e-01
4.695748819116419837e-01
4.406918588496805955e-01
4.634620727979993360e-01
4.348430119477632028e-01
4.634620727979993360e-01
4.201236454570713708e-01
4.601278132814669020e-01
4.040150041678243209e-01
4.223395387607667417e-01
4.123437065851622285e-01
4.223395387607667417e-01
3.953876076687967700e-01
4.223395387607667417e-01
3.948318977493746051e-01
3.784384551264241003e-01
3.812170047235342585e-01
3.734370658516255603e-01
3.687135315365380750e-01
3.589886079466518831e-01
3.756599055293135536e-01
3.589886079466518831e-01
3.612114476243398764e-01
3.734370658516255603e-01
3.651153098082800530e-01
3.589886079466518831e-01
3.492636843567657468e-01
3.573214781883857216e-01
3.378716310086135044e-01
3.395387607668796659e-01
3.484301194776326382e-01
3.378716310086135044e-01
3.331480966935257970e-01
3.378716310086135044e-01
3.342595165323701267e-01
3.378716310086135044e-01
3.334259516532370182e-01
3.284245623784383672e-01
3.231453181439287170e-01
3.289802722978604765e-01
3.284245623784383672e-01
3.284245623784383672e-01
3.186996387885522308e-01
3.284245623784383672e-01
3.184217838288412317e-01
3.284245623784383672e-01
3.184217838288412317e-01
3.084190052792441517e-01
3.106418449569322560e-01
3.084190052792441517e-01
3.064809669352595578e-01
3.084190052792441517e-01
3.106418449569322560e-01
3.084190052792441517e-01
2.901361489302582974e-01
3.084190052792441517e-01
2.939705473742705855e-01
3.073075854404000440e-01
2.939705473742705855e-01
3.073075854404000440e-01
2.928591275354264778e-01
3.084190052792441517e-01
2.873367602111696062e-01
2.928591275354264778e-01
2.867463184217838301e-01
2.928591275354264778e-01
2.795220894692970748e-01
2.845234787440956148e-01
2.836899138649622842e-01
2.928591275354264778e-01
2.836899138649625063e-01
2.580577938316169773e-01
2.753542650736316433e-01
2.661850514031675052e-01
2.753542650736316433e-01
2.578494026118366422e-01
2.681300361211448879e-01
2.661850514031675052e-01
2.703528757988328812e-01
2.578494026118366422e-01
2.598638510697413584e-01
2.578494026118366422e-01
2.664629063628784489e-01
2.578494026118366422e-01
2.559044178938592040e-01
2.578494026118366422e-01
2.525701583773271031e-01
2.578494026118366422e-01
2.536815782161710442e-01
2.578494026118366422e-01
2.495137538205057792e-01
2.578494026118366422e-01
2.489580439010838364e-01
2.411781050291747497e-01
2.481244790219505336e-01
2.411781050291747497e-01
2.495137538205057792e-01
2.411781050291747497e-01
2.436926924145597362e-01
2.383995554320643973e-01
2.461794943039732897e-01
2.411781050291747497e-01
2.412406223951088502e-01
2.411781050291747497e-01
2.392331203111975335e-01
2.411781050291747497e-01
2.406223951097528069e-01
2.400666851903306420e-01
2.383995554320643973e-01
2.411781050291747497e-01
2.386774103917753687e-01
2.400666851903306420e-01
2.386774103917753687e-01
2.372881355932202896e-01
2.386774103917753687e-01
2.372881355932202896e-01
2.347874409558211306e-01
2.372881355932202896e-01
2.372881355932202896e-01
2.372881355932202896e-01
2.331203111975548858e-01
2.383995554320643973e-01
2.331203111975548858e-01
2.372881355932202896e-01
2.339538760766879943e-01
2.372881355932202896e-01
2.292303417616004257e-01
2.372881355932202896e-01
2.328424562378439144e-01
2.372881355932202896e-01
2.292303417616004257e-01
2.372881355932202896e-01
2.283967768824673172e-01
2.372881355932202896e-01
2.278410669630451524e-01
2.372881355932202896e-01
2.292303417616004257e-01
2.183939983328702095e-01
2.222839677688246696e-01
2.261739372047791019e-01
2.225618227285356410e-01
2.183939983328702095e-01
2.222839677688246696e-01
2.261739372047791019e-01
2.183939983328702095e-01
2.295081967213113971e-01
2.239510975270909143e-01
2.183939983328702095e-01
2.184148374548484373e-01
2.183939983328702095e-01
2.184148374548482430e-01
2.183939983328702095e-01
2.192275632120033457e-01
2.183939983328702095e-01
2.183939983328702095e-01
2.183939983328702095e-01
2.161711586551820219e-01
2.183939983328702095e-01
2.131147540983606981e-01
2.139483189774938066e-01
2.131147540983606981e-01
2.183939983328702095e-01
2.161711586551820219e-01
2.122811892192275618e-01
2.161711586551820219e-01
2.183939983328702095e-01
2.131147540983606981e-01
2.122811892192275618e-01
2.131147540983606981e-01
2.183939983328702095e-01
2.131147540983606981e-01
2.139483189774938066e-01
2.078355098638511589e-01
2.078355098638511589e-01
2.095026396221172094e-01
2.078355098638511589e-01
2.095373714920806818e-01
2.078355098638511589e-01
2.078355098638511589e-01
2.078355098638511589e-01
2.067518755209777070e-01
2.078355098638511589e-01
1.972770213948317197e-01
2.078355098638511589e-01
2.078355098638511589e-01
2.078355098638511589e-01
2.003334259516530436e-01
2.078355098638511589e-01
2.078355098638511589e-01
2.078355098638511589e-01
2.056126701861627770e-01
2.078355098638511589e-01
2.033898305084745617e-01
2.078355098638511589e-01
2.078355098638511589e-01
1.989441511530981865e-01
1.972770213948317197e-01
1.911642122811892663e-01
1.981105862739648560e-01
2.078355098638511589e-01
1.967282578494023992e-01
2.078355098638511589e-01
1.981105862739648560e-01
1.822728535704362940e-01
1.950541817171435321e-01
1.989441511530981865e-01
1.951097527090855932e-01
1.822728535704362940e-01
1.950541817171435321e-01
1.822728535704362940e-01
1.917199222006112369e-01
1.822728535704362940e-01
1.967838288413444603e-01
1.911642122811892663e-01
1.950541817171435321e-01
1.822728535704362940e-01
1.950541817171435321e-01
1.822728535704362940e-01
1.906362878577381736e-01
1.822728535704362940e-01
1.833842734092803739e-01
1.822728535704362940e-01
1.936718532925810754e-01
1.822728535704362940e-01
1.822728535704362940e-01
1.822728535704362940e-01
1.822728535704362940e-01
1.822728535704362940e-01
1.822728535704362940e-01
1.822728535704362940e-01
1.894970825229232159e-01
1.822728535704362940e-01
1.822728535704362940e-01
1.822728535704362940e-01
1.822728535704362940e-01
1.822728535704362940e-01
1.822728535704362940e-01
1.822728535704362940e-01
1.778271742150596968e-01
1.822728535704362940e-01
1.789385940539037767e-01
1.822728535704362940e-01
1.811614337315921863e-01
1.822728535704362940e-01
1.811614337315921863e-01
1.822728535704362940e-01
1.744929146985274016e-01
1.822728535704362940e-01
1.778271742150596968e-01
1.822728535704362940e-01
1.778271742150596968e-01
1.733814948596832939e-01
1.778271742150596968e-01
1.756043345373714815e-01
1.778549597110303249e-01
1.756043345373714815e-01
1.744929146985274016e-01
1.756043345373714815e-01
1.775562656293413200e-01
1.756043345373714815e-01
1.778271742150596968e-01
1.800500138927480787e-01
1.778271742150596968e-01
1.800500138927480787e-01
1.778271742150596968e-01
1.733814948596832939e-01
1.742150597388164024e-01
1.733814948596832939e-01
1.778271742150596968e-01
1.733814948596832939e-01
1.744929146985274016e-01
1.733814948596832939e-01
1.742150597388164024e-01
1.733814948596832939e-01
1.744929146985274016e-01
1.800500138927480787e-01
1.767157543762155891e-01
1.733814948596832939e-01
1.733814948596832939e-01
1.733814948596832939e-01
1.733814948596832939e-01
1.733814948596832939e-01
1.733814948596832939e-01
1.733814948596832939e-01
1.733814948596832939e-01
1.733814948596832939e-01
1.733814948596832939e-01
1.733814948596832939e-01
1.733814948596832939e-01
1.733814948596832939e-01
1.733814948596832939e-01
1.733814948596832939e-01
1.733814948596832939e-01
1.733814948596832939e-01
1.733814948596832939e-01
1.733814948596832939e-01
1.689358155043066967e-01
1.733814948596832939e-01
1.656015559877744014e-01
1.733814948596832939e-01
1.731036398999721282e-01
1.733814948596832939e-01
1.733814948596832939e-01
1.733814948596832939e-01
1.731105862739647228e-01
1.733814948596832939e-01
1.733814948596832939e-01
1.733814948596832939e-01
1.656015559877744014e-01
1.578216171158655090e-01
1.731036398999721282e-01
1.728257849402611290e-01
1.653237010280632358e-01
1.733814948596832939e-01
1.656015559877744014e-01
1.733814948596832939e-01
1.653237010280632358e-01
1.733814948596832939e-01
1.731036398999721282e-01
1.578216171158655090e-01
1.731036398999721282e-01
1.728257849402611290e-01
1.653237010280632358e-01
1.728257849402611290e-01
1.653237010280632358e-01
1.728257849402611290e-01
1.653237010280632358e-01
1.728257849402611290e-01
1.653237010280632358e-01
1.728257849402611290e-01
1.653237010280632358e-01
1.572659071964433442e-01
1.650458460683522366e-01
1.733814948596832939e-01
1.572659071964433442e-01
1.572659071964433442e-01
1.650458460683522366e-01
1.572659071964433442e-01
1.650458460683522366e-01
1.576549041400384932e-01
1.572659071964433442e-01
1.572659071964433442e-01
