1.940010167768174476e+00
1.540677427554651535e+00
1.529232333502796193e+00
1.328196492119979810e+00
1.275546517539399849e+00
1.173665480427045438e+00
1.161667513980681132e+00
1.065334265378749201e+00
1.078291814946618965e+00
9.839857651245550452e-01
9.923741738688356406e-01
9.019001016776813096e-01
9.049313675648192890e-01
8.559163701067612484e-01
8.362989323843417200e-01
8.180160142348752439e-01
7.920691408235892572e-01
7.732651245551601660e-01
7.534316217590237841e-01
7.297915607524148029e-01
7.198906964921193419e-01
7.163192679206913382e-01
7.020843924758514154e-01
6.842907981698017617e-01
6.842907981698016506e-01
6.616865785460089855e-01
6.283680732079308662e-01
6.245869344178948124e-01
6.166751398068124335e-01
6.133706151499745962e-01
6.166751398068124335e-01
6.085599898322319179e-01
5.983731570920182152e-01
5.938040162684291579e-01
5.968479918657855210e-01
5.810879511947126819e-01
5.826131164209455982e-01
5.632943568886630281e-01
5.638027452974072595e-01
5.660904931367565229e-01
5.638027452974072595e-01
5.516077783426536207e-01
5.399084900864259406e-01
5.488052872394511006e-01
5.399084900864259406e-01
5.246568378240977770e-01
5.062277580071170568e-01
5.160142348754447328e-01
5.210981189628876020e-01
5.213523131672598288e-01
5.027961362480934948e-01
5.007880020335534477e-01
5.027961362480934948e-01
4.880528723945094516e-01
5.027961362480934948e-01
4.857651245551600772e-01
4.829689883070665823e-01
4.847483477376715588e-01
4.763599389933909634e-01
4.656837824097610490e-01
4.748347737671580471e-01
4.705325368581592671e-01
4.748347737671580471e-01
4.621250635485510405e-01
4.692425012709710019e-01
4.605998983223181242e-01
4.478901881037111177e-01
4.443314692425011647e-01
4.478901881037111177e-01
4.491611591255719182e-01
4.478901881037111177e-01
4.405503304524655550e-01
4.367056431113370274e-01
4.186642094560243943e-01
4.351804778851042776e-01
4.234875444839858449e-01
4.351804778851042776e-01
4.031520081342144790e-01
4.316217590238943247e-01
3.995932892730046926e-01
3.655312658871378018e-01
3.983223182511438920e-01
3.619725470259278488e-01
3.835790543975597933e-01
3.619725470259278488e-01
3.930287239450933612e-01
3.589222165734620162e-01
3.482460599898322684e-01
3.584900864260294751e-01
3.736718352821554734e-01
3.584900864260294751e-01
3.591764107778342985e-01
3.584138281647178403e-01
3.586743772241994810e-01
3.584138281647178403e-01
3.439247585155058573e-01
3.584138281647178403e-01
3.429079816980172835e-01
3.584138281647178403e-01
3.378304524656837726e-01
3.274021352313165600e-01
3.429079816980172835e-01
3.274021352313165600e-01
3.304524656837823926e-01
3.319776309100150868e-01
3.347928317234366569e-01
3.274021352313165600e-01
3.266395526182001574e-01
3.274021352313165600e-01
3.207930859176409966e-01
3.274021352313165600e-01
3.195221148957801960e-01
3.258769700050838658e-01
3.207930859176409966e-01
3.157092018301982939e-01
3.149466192170818357e-01
3.172343670564309881e-01
3.129448398576510915e-01
3.157092018301982939e-01
3.126588713777324613e-01
3.157092018301982939e-01
3.121504829689882854e-01
3.070665988815456382e-01
3.113879003558718828e-01
2.986400610066059502e-01
3.070665988815456382e-01
3.070665988815456382e-01
3.113879003558718828e-01
2.984239959328927605e-01
3.027452974072191716e-01
2.984239959328927605e-01
2.984239959328927605e-01
2.984239959328927605e-01
3.045246568378241481e-01
2.984239959328927605e-01
2.984239959328927605e-01
2.984239959328927605e-01
2.981698017285204783e-01
2.984239959328927605e-01
2.938485002541942337e-01
2.984239959328927605e-01
2.979156075241485846e-01
2.979156075241484181e-01
2.956278596847990436e-01
2.979156075241484181e-01
2.953736654804269279e-01
2.984239959328927605e-01
2.873220640569381645e-01
2.928317234367054933e-01
2.928317234367057154e-01
2.928317234367054933e-01
2.881418403660377381e-01
2.928317234367054933e-01
2.836807320793086618e-01
2.928317234367054933e-01
2.836807320793084952e-01
2.928317234367054933e-01
2.813929842399592873e-01
2.928317234367054933e-01
2.834265378749365460e-01
2.928317234367054933e-01
2.880020335536347398e-01
2.928317234367054933e-01
2.816471784443314030e-01
2.709328927300389545e-01
2.691916624300964567e-01
2.704626334519573128e-01
2.808845958312149449e-01
2.704626334519573128e-01
2.816471784443314030e-01
2.704626334519573128e-01
2.691916624300964567e-01
2.704626334519573128e-01
2.699542450432129148e-01
2.704626334519573128e-01
2.798678190137265931e-01
2.704626334519573128e-01
2.686959837315706090e-01
2.704626334519573128e-01
2.580071174377225329e-01
2.704626334519573128e-01
2.681748856126081049e-01
2.704626334519573128e-01
2.547025927808844736e-01
2.455516014234876143e-01
2.580071174377225329e-01
2.689374682257243965e-01
2.587697000508389911e-01
2.704626334519573128e-01
2.641141331977629458e-01
2.689374682257243965e-01
2.547025927808844736e-01
2.461743772241907768e-01
2.580071174377225329e-01
2.455516014234876143e-01
2.572445348246060748e-01
2.455516014234876143e-01
2.455516014234876143e-01
2.455516014234876143e-01
2.572445348246060748e-01
2.689374682257243965e-01
2.455516014234876143e-01
2.455516014234876143e-01
2.539400101677680155e-01
2.455516014234876143e-01
2.408362989323842851e-01
2.455516014234876143e-01
2.572445348246060748e-01
2.455516014234876143e-01
2.331024402643620264e-01
2.455516014234876143e-01
2.379257752923233105e-01
2.257244534824606463e-01
2.315709201830196129e-01
2.455516014234876143e-01
2.323335027961362376e-01
2.455516014234876143e-01
2.348945094051854976e-01
2.191154041687848608e-01
2.323335027961362376e-01
2.191154041687848608e-01
2.308083375699033490e-01
2.389425521098118288e-01
2.323335027961362376e-01
2.191154041687848608e-01
2.323335027961362376e-01
2.191154041687848608e-01
2.290289781392983448e-01
2.191154041687848608e-01
2.292831723436704328e-01
2.192806304016242935e-01
2.290289781392983448e-01
2.191154041687848608e-01
2.290289781392983448e-01
2.191154041687848608e-01
2.191154041687848608e-01
2.191154041687848608e-01
2.155566853075750744e-01
2.191154041687848608e-01
2.239450940518556699e-01
2.191154041687848608e-01
2.155566853075750744e-01
2.191154041687848608e-01
2.123029994916107721e-01
2.191154041687848608e-01
2.107651245551599162e-01
2.191154041687848608e-01
2.140315200813421581e-01
2.191154041687848608e-01
2.122521606507369873e-01
2.191154041687848608e-01
2.094560244026434648e-01
2.160650737163192503e-01
2.107269954245040988e-01
2.053889171326893082e-01
2.127605490594813575e-01
2.191154041687848608e-01
2.094560244026434648e-01
2.160650737163192503e-01
2.122521606507369873e-01
2.160650737163192503e-01
2.092018301982713768e-01
2.023385866802236976e-01
2.107269954245040988e-01
2.023385866802236976e-01
2.107778342653778558e-01
2.023385866802236976e-01
2.076830198271479855e-01
2.023385866802236976e-01
2.092208947635992022e-01
2.023385866802236976e-01
2.079308591764107428e-01
2.023385866802236976e-01
2.043721403152007621e-01
2.023385866802236976e-01
2.092018301982713768e-01
2.023385866802236976e-01
2.023385866802236976e-01
2.023385866802236976e-01
2.023385866802236976e-01
2.023385866802236976e-01
2.023385866802236976e-01
2.023385866802236976e-01
2.043721403152007621e-01
2.023385866802236976e-01
2.023385866802235034e-01
2.023385866802236976e-01
2.023385866802236976e-01
2.023385866802236976e-01
2.023385866802235034e-01
2.023385866802236976e-01
2.023385866802236976e-01
2.023385866802236976e-01
2.010676156583630636e-01
2.023385866802236976e-01
1.995424504321301751e-01
2.023385866802236976e-01
2.010676156583630636e-01
2.023385866802236976e-01
2.008134214539908091e-01
2.023385866802236976e-01
1.995424504321301751e-01
2.023385866802236976e-01
1.995742247076763010e-01
2.023385866802236976e-01
2.010676156583628971e-01
1.967463141840364582e-01
1.995424504321301751e-01
1.992882562277578928e-01
1.995424504321301751e-01
1.992882562277578928e-01
1.980554143365530761e-01
1.967463141840364582e-01
1.980172852058972588e-01
1.967463141840364582e-01
1.995424504321301751e-01
1.993645144890695275e-01
1.995424504321301751e-01
1.967463141840364582e-01
1.995424504321301751e-01
1.967463141840364582e-01
1.967463141840364582e-01
1.967463141840364582e-01
1.967463141840364582e-01
1.967463141840364582e-01
1.982714794102693467e-01
1.967463141840364582e-01
1.980172852058972588e-01
1.967463141840364582e-01
1.967463141840364582e-01
1.967463141840364582e-01
1.967463141840364582e-01
1.967463141840364582e-01
1.967463141840364582e-01
1.967463141840364582e-01
1.967463141840364582e-01
1.967463141840364582e-01
1.967463141840364582e-01
1.967463141840364582e-01
1.980172852058972588e-01
1.967463141840364582e-01
1.967463141840364582e-01
1.967463141840364582e-01
1.967463141840364582e-01
1.967463141840364582e-01
1.906456532791052094e-01
1.967463141840364582e-01
1.929715302491102069e-01
1.967463141840364582e-01
1.967463141840364582e-01
1.967463141840364582e-01
1.967463141840364582e-01
1.967463141840364582e-01
1.929334011184543896e-01
1.967463141840364582e-01
1.945157600406709208e-01
1.891204880528723209e-01
1.967463141840364582e-01
1.967463141840364582e-01
1.929334011184543896e-01
1.891204880528723209e-01
1.893746822572446031e-01
1.967463141840364582e-01
1.893746822572446031e-01
1.891204880528723209e-01
1.907028469750881305e-01
1.967463141840364582e-01
1.893746822572446031e-01
1.967463141840364582e-01
1.908998474834774917e-01
1.896288764616166911e-01
1.893746822572446031e-01
1.967463141840364582e-01
1.855617691916625345e-01
1.820030503304525538e-01
1.855617691916625345e-01
1.891204880528723209e-01
1.855617691916625345e-01
1.820030503304525538e-01
1.893746822572446031e-01
1.891204880528723209e-01
1.893746822572446031e-01
1.896288764616166911e-01
1.893746822572446031e-01
1.891204880528723209e-01
1.893746822572446031e-01
1.820030503304525538e-01
1.820030503304525538e-01
1.821809862735104535e-01
1.858159633960346224e-01
1.820030503304525538e-01
1.855617691916625345e-01
1.891204880528723209e-01
1.858159633960346224e-01
1.891204880528723209e-01
