1.791043029901432160e+00
1.652447610370247677e+00
1.556518678041909798e+00
1.451154435517270080e+00
1.304741986250310681e+00
1.187162469974323065e+00
1.125683342996769420e+00
1.122061625113890626e+00
1.085107264143129191e+00
1.051544769319969763e+00
9.946585355752503022e-01
9.689389546922877461e-01
9.240060465501533926e-01
9.245009525387228866e-01
8.858610121759298295e-01
8.757672078191006682e-01
8.517093928601007224e-01
8.210997680775281582e-01
8.248053507827372011e-01
7.860753333885529548e-01
7.898440735525549261e-01
8.294852149424333243e-01
7.450923548413814768e-01
7.505839476517845998e-01
7.088958833761286327e-01
6.961815621635054629e-01
6.887527954940773078e-01
6.855856042408680073e-01
6.824318727739583368e-01
6.664457881222561886e-01
6.552223970844032186e-01
6.390292387973164345e-01
6.166031640851477036e-01
6.069369667853887762e-01
6.085894143957589764e-01
6.126480576493000818e-01
5.808570777768573556e-01
5.839476517849745418e-01
5.754576327342000308e-01
5.739553135094838110e-01
5.479271929097985216e-01
5.425795162759875501e-01
5.456390292387972574e-01
5.238134680692453360e-01
5.343328087467895671e-01
5.224467820757060510e-01
5.270024020541704823e-01
5.115547088544685206e-01
5.019464921726166651e-01
4.925712333305714563e-01
4.899776360473784287e-01
4.951130622049202401e-01
4.933881388221650899e-01
4.719208150418289227e-01
4.751511637538308186e-01
4.636792843535159081e-01
4.741986250310610274e-01
4.606808581131445757e-01
4.671995361550566606e-01
4.292636461525717317e-01
4.433032386316574369e-01
4.414809906402716866e-01
4.527872111322787108e-01
4.222127888677172369e-01
4.204164250807584380e-01
4.230514370910296029e-01
4.158038598525634622e-01
4.161424252464175910e-01
4.134846351362544969e-01
4.139816118611779339e-01
4.119108755073303541e-01
4.050101466081337254e-01
4.093017477014826433e-01
4.048351693862337064e-01
4.037521742731714491e-01
4.040834920897872218e-01
4.002733371987078903e-01
4.022612440984014159e-01
4.025097324608630789e-01
4.010188022860929902e-01
3.969373809326596225e-01
3.886823904580468114e-01
3.973328915762445179e-01
4.001905077445540027e-01
3.818789861674811714e-01
3.817361053590656583e-01
3.855711090863911950e-01
3.865650625362377912e-01
3.905998923217093299e-01
3.885115547088544008e-01
3.783649465750022478e-01
3.781164582125404738e-01
3.732709351445372969e-01
3.744377950799304688e-01
3.679698500786879878e-01
3.677834838068414491e-01
3.644495982771472908e-01
3.646566719125322042e-01
3.674728733537644954e-01
3.628344239211463984e-01
3.651577901101631385e-01
3.630000828294541737e-01
3.641669427648469570e-01
3.609707612026836210e-01
3.592313426654518138e-01
3.553797730472956218e-01
3.475213285844438449e-01
3.535161103288328999e-01
3.622132030149921578e-01
3.494160523482147673e-01
3.502578066760538289e-01
3.487120019879069166e-01
3.516938623374471495e-01
3.480990640271680037e-01
3.463099478174437862e-01
3.547585521411413811e-01
3.425049697672492011e-01
3.412159363869791129e-01
3.478008779922139859e-01
3.385653938540544305e-01
3.382879151826388986e-01
3.385653938540544305e-01
3.392000745465086342e-01
3.284187857202020555e-01
3.325188437008200770e-01
3.424583781992877607e-01
3.358734365940528321e-01
3.384825643999004874e-01
3.293299097158950972e-01
3.329692288577814074e-01
3.384452911455311797e-01
3.325602584278969376e-01
3.353350451420524236e-01
3.374886109500538911e-01
3.281061045307708812e-01
3.164085148678869031e-01
3.234490184709682414e-01
3.326430878820508252e-01
3.163256854137331264e-01
3.251056075540462720e-01
3.236146773792760722e-01
3.242773130125072845e-01
3.167398326845025647e-01
3.159529528700406042e-01
3.176509566801954954e-01
3.103205499875755780e-01
3.251056075540462720e-01
3.181479334051188212e-01
3.146276816035782353e-01
3.075043485463431203e-01
3.075043485463431203e-01
3.110246003478837618e-01
3.082197879565974907e-01
3.182721775863496805e-01
3.075043485463431203e-01
3.075043485463431203e-01
3.145448521494243477e-01
3.109831856208067902e-01
3.077756150086969900e-01
3.172409508821334989e-01
3.075043485463431203e-01
2.990350368591067620e-01
2.982274496811063713e-01
3.075043485463431203e-01
3.057649300091113131e-01
3.059305889174190884e-01
2.996355504017228499e-01
3.046053176509566640e-01
3.075043485463431203e-01
3.028658991137248568e-01
3.051851238300340996e-01
3.075043485463431203e-01
3.012093100306469373e-01
2.850575664706369028e-01
2.810817526712497405e-01
3.019547751180319262e-01
2.996355504017228499e-01
3.059305889174190884e-01
3.027830696595709692e-01
2.860515199204837766e-01
2.820757061210965588e-01
2.695736353847402178e-01
2.674148927358569461e-01
2.930091940694110608e-01
2.548248157044644691e-01
2.870454733703304284e-01
2.830696595709434327e-01
2.703967530853970680e-01
2.964880311438747307e-01
2.554046218835416826e-01
2.880829122836080503e-01
2.838979541124824757e-01
2.788453574090945519e-01
2.725503188933985355e-01
2.628592727573925147e-01
2.637289820260084738e-01
2.536652033463098754e-01
2.536652033463098754e-01
2.671664043733950611e-01
2.477014826472293818e-01
2.588834589580055190e-01
2.565642342416963317e-01
2.535823738921559878e-01
2.535409591650789607e-01
2.398326845026091114e-01
2.398678870206242819e-01
2.557359397001572332e-01
2.571440404207735453e-01
2.548248157044644691e-01
2.308042739998341919e-01
2.382589248736850518e-01
2.387559015986083777e-01
2.584693116872360807e-01
2.530853971672326619e-01
2.520086142632319004e-01
2.298103205499873736e-01
2.335842375548743410e-01
2.377619481487615316e-01
2.417377619481486939e-01
2.290255114718791063e-01
2.300018636627181590e-01
2.288163671001406940e-01
2.326265219912201088e-01
2.367679946989148798e-01
2.299759794582955097e-01
2.372649714238382057e-01
2.358568707032217271e-01
2.287335376459868064e-01
2.316739832684499290e-01
2.288163671001406940e-01
2.283608051022942287e-01
2.288163671001406940e-01
2.248405533007535317e-01
2.274910958336783251e-01
2.287335376459868064e-01
2.219415224053672697e-01
2.284022198293712558e-01
2.282365609210634805e-01
2.241779176675224305e-01
2.261016317402468889e-01
2.285678787376790311e-01
2.194980535078274730e-01
2.234738673072144688e-01
2.282779756481403410e-01
2.281123167398325657e-01
2.246334796653688959e-01
2.277809989232170151e-01
2.144040420773627165e-01
2.172202435185950908e-01
2.197051271432121089e-01
2.223391037853038044e-01
2.232409094674064343e-01
2.122504762693612768e-01
2.286921229189097793e-01
2.165990226124408502e-01
2.185041000579804604e-01
2.215687898616746920e-01
2.114635964548992331e-01
2.251511637538306521e-01
2.145282862585934647e-01
2.159778017062867761e-01
2.172202435185950908e-01
2.133169054915911300e-01
2.112151080924375701e-01
2.113393522736685126e-01
2.118777437256686713e-01
2.145282862585934647e-01
2.145282862585934647e-01
2.117120848173608960e-01
2.112151080924375701e-01
2.113807670007453454e-01
2.112151080924375701e-01
2.138656506253623635e-01
2.112151080924375701e-01
2.112151080924375701e-01
2.112151080924375701e-01
2.105938871862834960e-01
2.110494491841297948e-01
2.112151080924375701e-01
2.158535575250558614e-01
2.144454568044395770e-01
2.116292553632070084e-01
2.102211546425907240e-01
2.109666197299759072e-01
2.108009608216681319e-01
2.112151080924375701e-01
2.112151080924375701e-01
2.112151080924375701e-01
2.112151080924375701e-01
2.108423755487451590e-01
2.110080344570527677e-01
2.101797399155138912e-01
2.112151080924375701e-01
2.092272011927440722e-01
2.098898368259751734e-01
2.105524724592064689e-01
2.112151080924375701e-01
2.103868135508984993e-01
2.074463679284354045e-01
2.090615422844362969e-01
2.097241779176673981e-01
2.103868135508986936e-01
2.109252050028988801e-01
2.105938871862833295e-01
2.097655926447444530e-01
2.072558601838805636e-01
2.095585190093596228e-01
2.102211546425907240e-01
2.070736353847427991e-01
2.069908059305889114e-01
2.099726662801290611e-01
2.066594881139733608e-01
2.093928601010518475e-01
2.070736353847427991e-01
2.103453988238216665e-01
2.070322206576657720e-01
2.077569783815116089e-01
2.067009028410504157e-01
2.070322206576657720e-01
2.035533835832022964e-01
2.028907479499710009e-01
2.070736353847427991e-01
2.069079764764348572e-01
2.067423175681272485e-01
2.090615422844362969e-01
2.064109997515115313e-01
2.070736353847427991e-01
2.070736353847427991e-01
2.064524144785885584e-01
2.056241199370496819e-01
2.047958253955106112e-01
2.052099726662800494e-01
2.070736353847427991e-01
2.070736353847427991e-01
2.040089455810487618e-01
2.058311935724342900e-01
2.050028990308954135e-01
2.041746044893565371e-01
2.033463099478174663e-01
2.025180154062785898e-01
2.068665617493579967e-01
2.018967945001243491e-01
2.052099726662802437e-01
2.043816781247411729e-01
2.035533835832022964e-01
2.022281123167398997e-01
2.018967945001243491e-01
2.018967945001243491e-01
2.054170463016648518e-01
2.045887517601259753e-01
2.037604572185869323e-01
2.023264722935474158e-01
2.019796239542782368e-01
2.018967945001243491e-01
2.045473370330489482e-01
2.047958253955106112e-01
2.006543526878158401e-01
2.031392363124328582e-01
2.020624534084321244e-01
2.018967945001243491e-01
2.005301085065849254e-01
2.018967945001243491e-01
2.041746044893565371e-01
2.011295866810234867e-01
1.994119108755073311e-01
2.018967945001243491e-01
2.018967945001243491e-01
2.018967945001243491e-01
2.004058643253541772e-01
2.025594301333554503e-01
2.022281123167398997e-01
2.018967945001243491e-01
2.018967945001243491e-01
1.997846434191999365e-01
2.002816201441232624e-01
2.007785968690467548e-01
1.992048372401227230e-01
2.013584030481239961e-01
1.991634225130456681e-01
2.018967945001243491e-01
1.987906899693530904e-01
2.006543526878158401e-01
2.023937712250476750e-01
2.008200115961236154e-01
1.993704961484303040e-01
1.995361550567382736e-01
2.000331317816615995e-01
2.005301085065849254e-01
2.002402054170462076e-01
1.987906899693530904e-01
1.989149341505840052e-01
1.994326182390455948e-01
1.999088876004306570e-01
2.004058643253541772e-01
2.009028410502775031e-01
