2.297937034325336914e+00
2.137522072440672716e+00
1.956416081657262884e+00
1.797046599767431418e+00
1.632296825875359403e+00
1.479908695464920321e+00
1.453152590550841117e+00
1.393387958137731975e+00
1.361882510013350256e+00
1.323692880830353635e+00
1.279813945475687609e+00
1.261262328265644328e+00
1.207280675309013729e+00
1.186082518626985882e+00
1.184030319996554503e+00
1.181015547611869332e+00
1.113974546707437563e+00
1.102416124725440261e+00
1.092652569016753228e+00
1.064032688746284760e+00
1.075658943106937659e+00
1.070244196563159278e+00
1.042120677031741049e+00
1.016986088978852676e+00
9.828922434213348547e-01
9.810500021534078741e-01
9.585630302769270195e-01
9.672251173607819830e-01
9.486250484516980386e-01
9.245445540290279096e-01
9.091692148671344231e-01
9.003833067746234153e-01
8.644644472199490837e-01
8.794618631293333877e-01
8.338860416038589296e-01
8.459074464877900379e-01
8.288524484258578129e-01
7.970864378310863474e-01
8.053318403031998196e-01
7.832809337180757225e-01
8.191567250958265989e-01
7.928905206942589157e-01
7.586890046944311239e-01
7.675610491407895974e-01
7.598550755846497085e-01
7.543391188250999635e-01
7.407726430940178020e-01
7.309100305784054230e-01
7.323312804168998769e-01
7.433567337094620919e-01
7.307377578707091592e-01
7.289288944398983894e-01
7.202355829277736765e-01
7.190662819242858994e-01
6.849993539773460149e-01
6.854731039235109069e-01
6.909158447822887350e-01
6.861298936216027045e-01
7.103234420086995682e-01
6.655325380076660968e-01
6.465825401610750811e-01
6.514061759765709114e-01
6.399683448899606830e-01
6.649726517076530730e-01
6.433018217838832875e-01
6.209139067143286672e-01
6.212584521297211948e-01
6.261682242990652680e-01
6.233257246220765824e-01
6.238393126318955151e-01
5.966923640122302475e-01
6.040311813600930391e-01
5.989922046599767125e-01
6.073043628063224952e-01
5.964511822214565440e-01
5.814882208536101826e-01
5.829277746672981708e-01
5.755200482363581616e-01
5.833627632542313091e-01
5.749827727292301516e-01
5.827985701365260285e-01
5.710840260131788693e-01
5.759937981825229425e-01
5.747017528748007420e-01
5.735324518713121877e-01
5.627718678668331975e-01
5.605323226667814351e-01
5.681090916921475165e-01
5.621689133898962742e-01
5.648391403591886961e-01
5.612644816744908338e-01
5.560747663551393050e-01
5.616090270898834724e-01
5.563116413282225281e-01
5.544166415435634043e-01
5.544166415435632933e-01
5.609630044360222056e-01
5.524355054050562597e-01
5.412808475817217913e-01
5.424867565355957488e-01
5.512726646281063125e-01
5.491461733924798416e-01
5.508419828588656530e-01
5.372518196304747473e-01
5.403333476893923404e-01
5.335716439123132648e-01
5.310306214737927633e-01
5.291453120289413281e-01
5.242258495197895662e-01
5.335867177742361633e-01
5.244411904044099515e-01
5.226323269735991817e-01
5.268099401352339672e-01
5.242796847409439964e-01
5.226753951505230811e-01
5.185408501658124170e-01
5.211249407812565959e-01
5.157414186657478528e-01
5.185408501658124170e-01
5.194022137042937359e-01
5.186700546965846703e-01
5.158760067186335396e-01
5.166027822042291717e-01
5.157414186657478528e-01
5.133726689349239480e-01
5.083767604117316319e-01
5.088505103578965238e-01
5.156552823118997209e-01
5.065678969809206400e-01
4.910149015892150692e-01
4.892544898574442414e-01
4.815506697101508693e-01
5.064386924501486087e-01
5.126405099272148824e-01
5.096257375425295999e-01
4.818467634265037880e-01
4.688455575175494716e-01
4.639702398897450064e-01
4.579439252336447441e-01
4.456264266333605506e-01
4.927860803652180377e-01
4.799948318187689522e-01
4.677634695723328906e-01
4.573840389336318868e-01
4.495230199405654270e-01
4.337826779792411380e-01
4.952840346268140292e-01
4.820190361342002738e-01
4.623799474568240364e-01
4.499332443257675340e-01
4.386063137947369128e-01
4.341272233946334436e-01
4.186356001550450845e-01
4.723286963262843807e-01
4.661268788492180515e-01
4.085877944786595051e-01
4.382187002024202083e-01
4.320168827253539345e-01
4.232309746328434819e-01
4.716675998104996603e-01
4.049269994401136219e-01
4.078556354709502729e-01
4.393815409793700999e-01
4.295619966406822865e-01
4.058314311555191178e-01
4.010077953400231210e-01
4.003187045092379548e-01
4.035025194883493649e-01
4.276713036737154194e-01
3.995262500538347417e-01
4.068219992247726902e-01
4.005340453938582845e-01
4.024290451785175193e-01
4.041948404324043898e-01
4.005340453938582845e-01
3.973039321245530608e-01
3.998880227399972398e-01
3.985098410784271294e-01
3.991127955553641082e-01
3.954950686937421245e-01
3.960980231706791033e-01
3.953658641629698156e-01
3.973039321245530608e-01
3.991558637322880077e-01
3.911021146474868981e-01
3.965287049399197072e-01
3.947198415091088264e-01
3.936862052629311326e-01
3.910590464705627212e-01
3.973039321245530608e-01
3.917050691244238214e-01
3.914897282398035472e-01
3.930401826090700323e-01
3.939446143244755283e-01
3.884318876781945873e-01
3.950643869245014095e-01
3.908437055859425024e-01
3.908437055859425024e-01
3.908437055859425024e-01
3.835651836857746355e-01
3.901976829320814022e-01
3.893363193936000832e-01
3.905422283474739298e-01
3.908437055859425024e-01
3.807657521857100713e-01
3.830052973857617227e-01
3.853094448511993897e-01
3.890348421551315106e-01
3.875705241397131018e-01
3.782247297471899028e-01
3.802058658856971030e-01
3.824454110857487543e-01
3.768465480856195704e-01
3.775787070933286360e-01
3.843834790473321106e-01
3.770705026056248022e-01
3.768465480856195704e-01
3.818855247857357860e-01
3.768465480856195704e-01
3.768465480856195704e-01
3.774064343856327053e-01
3.768465480856195704e-01
3.790860932856712218e-01
3.785692751625823194e-01
3.760713209009862168e-01
3.737887075240103885e-01
3.787846160472028156e-01
3.755114346009734150e-01
3.774925707394805596e-01
3.744347301778715997e-01
3.655626857315127376e-01
3.712476850854903310e-01
3.688358671777423603e-01
3.741763211163273151e-01
3.772772298548601744e-01
3.781385933933416599e-01
3.734010939316939059e-01
3.573904991601698500e-01
3.724535940393643441e-01
3.728412076316811596e-01
3.765020026702270428e-01
3.477755286618717245e-01
3.523838235927471696e-01
3.592155131573266380e-01
3.603083681467764143e-01
3.563460958697622361e-01
3.768465480856195704e-01
3.401955295232354515e-01
3.502734829234677716e-01
3.620741634006633958e-01
3.593178000775228975e-01
3.632800723545373534e-01
3.749946164778846236e-01
3.737553296868944552e-01
3.543218915543305259e-01
3.543649597312545918e-01
3.497135966234549143e-01
3.571213230543951456e-01
3.652181403161204876e-01
3.375253025539428076e-01
3.460528015849089201e-01
3.370515526077778601e-01
3.573366639390154753e-01
3.576812093544080584e-01
3.608682544467895492e-01
3.361901890692966521e-01
3.348550755846504967e-01
3.468710969464661731e-01
3.460097334079850206e-01
3.376114389077909950e-01
3.362332572462207181e-01
3.348550755846504967e-01
3.348550755846504967e-01
3.367500753693095650e-01
3.348550755846504967e-01
3.515655282311900276e-01
3.365778026616133012e-01
3.343382574615617053e-01
3.388604160385889075e-01
3.348550755846504967e-01
3.348550755846504967e-01
3.296868943537619723e-01
3.348550755846504967e-01
3.338214393384726919e-01
3.364055299539169819e-01
3.348550755846504967e-01
3.348550755846504967e-01
3.348550755846504967e-01
3.312373487230285685e-01
3.343382574615615943e-01
3.342951892846375284e-01
3.320556440845858215e-01
3.265859856152288354e-01
3.286532581075842230e-01
3.307205305999395550e-01
3.327878030922951091e-01
3.348550755846504967e-01
3.217623497997330051e-01
3.260691674921400440e-01
3.243464404151771285e-01
3.302037124768507637e-01
3.322709849692063178e-01
3.333907575692320324e-01
3.331754166846116472e-01
3.309358714845599958e-01
3.214608725612643214e-01
3.296868943537619723e-01
3.296868943537619723e-01
3.269391446660062650e-01
3.218484861535811370e-01
3.216762134458847622e-01
3.215039407381884984e-01
3.291700762306731809e-01
3.288255308152804868e-01
3.304621215383953814e-01
3.232266678151511363e-01
3.217192816228088281e-01
3.215470089151125643e-01
3.245187131228735034e-01
3.279641672767991678e-01
3.115551918687279875e-01
3.219346225074291579e-01
3.217623497997330051e-01
3.215900770920367413e-01
3.169387139842371193e-01
3.212455316766439917e-01
3.219346225074291579e-01
3.219346225074291579e-01
3.202549636073903083e-01
3.216331452689605852e-01
3.214608725612643214e-01
3.135363280072352987e-01
3.113484646194925043e-01
3.083681467763468853e-01
3.089711012532839196e-01
3.216762134458847622e-01
3.163357595072999739e-01
3.178862138765664591e-01
3.118566691071966157e-01
3.085834876609673261e-01
3.217623497997327831e-01
3.184891683535033824e-01
3.168956458073128313e-01
3.146561006072611244e-01
3.124165554072094730e-01
3.087988285455874893e-01
3.079374650071061703e-01
3.079374650071061703e-01
3.174555321073257996e-01
3.152159869072740928e-01
3.098755329686893045e-01
3.107368965071707345e-01
3.081528058917265556e-01
3.079374650071061703e-01
3.171109866919331610e-01
3.143546233687927738e-01
3.116467117446917179e-01
3.112967828071837029e-01
3.083681467763468853e-01
3.079374650071061703e-01
3.079374650071061703e-01
3.027692837762176459e-01
3.140962143072482671e-01
3.094448511994487561e-01
3.069038287609285875e-01
3.079374650071061703e-01
3.079374650071061703e-01
3.070761014686248513e-01
3.038029200223954507e-01
3.096601920840688638e-01
3.065592833455358379e-01
3.079374650071061703e-01
3.027692837762176459e-01
3.020801929454325907e-01
3.034583746070029231e-01
3.048365562685730334e-01
3.090141694302078745e-01
3.081528058917265556e-01
3.076015332270984892e-01
3.017356475300398966e-01
2.993238296222919814e-01
3.044920108531805059e-01
3.022524656531288545e-01
3.083681467763468853e-01
3.079374650071061703e-01
3.079374650071061703e-01
3.027692837762176459e-01
2.993238296222919814e-01
3.028984883069898437e-01
2.993238296222919814e-01
2.996683750376845090e-01
3.010465566992548414e-01
2.993238296222919814e-01
2.993238296222919814e-01
2.993238296222919814e-01
