2.965909090909089496e+00
2.731018918550182750e+00
2.680849515666923644e+00
2.078393742325706839e+00
1.969073172950109196e+00
1.864432216108054208e+00
1.785733775978897375e+00
1.683494019737141301e+00
1.676568966301332342e+00
1.625108008549728922e+00
1.528307335485924234e+00
1.451862294783755836e+00
1.398591341125107856e+00
1.383282550366092156e+00
1.357346855245803008e+00
1.330350402473962745e+00
1.228352812770021174e+00
1.200736732002364748e+00
1.171085542771385546e+00
1.145465914775569471e+00
1.132129701214242834e+00
1.125562781390695211e+00
1.103006048478784695e+00
1.052487607440081963e+00
1.048524262131065532e+00
9.941334303515393378e-01
1.033931738596570948e+00
1.056573741416162449e+00
9.855882486697893352e-01
9.509652553549496901e-01
9.442175633271178148e-01
9.493383055163946427e-01
9.102733184774204345e-01
9.103119741689025268e-01
9.151734958388284547e-01
8.817101732684516913e-01
8.591682204738718687e-01
8.639774432670881410e-01
8.492507617445079759e-01
8.438764836963937865e-01
8.329585247169027928e-01
8.272317977170401404e-01
8.158169994087951515e-01
7.876119878120872997e-01
7.752967392787303291e-01
7.970348810769020131e-01
7.878939469734868029e-01
7.860612124243936405e-01
7.770021374323524688e-01
7.432807312747281570e-01
7.419164127518304008e-01
7.444801946427758166e-01
7.410523443539954735e-01
7.075560507526489351e-01
7.022602210196006167e-01
7.133134749192777679e-01
7.176315430442493648e-01
6.786120332893718077e-01
6.785210787211786165e-01
6.670608031288371986e-01
6.664241211514849716e-01
6.630588021283367883e-01
6.586929828550638355e-01
6.497794351721314365e-01
6.556914821046886388e-01
6.544635954340806139e-01
6.510073218427394615e-01
6.431852289781253562e-01
6.342011915048433313e-01
6.324525899313292454e-01
6.318613852380735585e-01
6.423666378643867469e-01
6.369093637727955004e-01
6.208104052026012232e-01
6.276774751011869879e-01
6.175360407476464530e-01
6.252046477784346523e-01
6.133976078948566446e-01
6.071854108872608569e-01
6.118513802355723952e-01
5.977534221656281010e-01
5.966619673473099184e-01
5.917049433807812786e-01
6.038928555186684477e-01
6.033471281095094119e-01
5.974350811769520986e-01
5.798353722315703340e-01
5.745600072763654698e-01
5.655782436672859292e-01
5.767429169130019462e-01
5.561724043840092779e-01
5.582336622856882702e-01
5.622811405702851095e-01
5.404065669198235833e-01
5.477284096593750817e-01
5.169857656100776966e-01
5.275364955204873141e-01
5.355404975214880237e-01
5.108918095411341120e-01
5.241711764973396859e-01
5.350857246805220679e-01
5.188958115421345996e-01
5.238721633544041190e-01
5.323116103506299046e-01
4.916094410841786444e-01
4.979762608577018579e-01
4.999204147528291120e-01
4.988858065396334363e-01
4.558188185001591508e-01
4.629132748192278934e-01
4.724384919732585453e-01
4.540906817044884636e-01
4.697803447178132141e-01
4.518168174996589070e-01
4.493155668743462616e-01
4.508458774841964667e-01
4.381736322706806797e-01
4.474237118559275528e-01
4.419482468506979456e-01
4.440231479376050561e-01
4.268497885306289930e-01
4.252126063031516079e-01
4.288507890308790871e-01
4.369002683159762257e-01
4.252126063031516079e-01
4.264404929737596883e-01
4.258947655646004304e-01
4.253490381554413391e-01
4.279412433489472867e-01
4.229842193824185359e-01
4.352176088044021340e-01
4.177088544272135606e-01
4.208467870298784330e-01
4.231206512347083226e-01
4.183000591204691920e-01
4.181181499840829208e-01
4.152076038019009707e-01
4.183910136886624387e-01
4.101141479830824332e-01
4.160716721997361200e-01
4.170153258447404920e-01
4.117968074946564694e-01
4.155259447905770842e-01
4.142525808358724637e-01
4.019737141297921035e-01
4.038837600618491175e-01
4.104324889717586022e-01
3.965835190322424264e-01
4.048842603119742201e-01
4.045204420392014000e-01
4.063395334030652228e-01
4.022465778343718434e-01
4.069909954977488087e-01
3.942425758333712449e-01
3.987903042430305800e-01
3.996088953567693003e-01
4.054299877211333669e-01
3.927418254581837020e-01
3.917413252080586550e-01
3.921506207649279596e-01
3.957433262085589543e-01
3.911046432307063170e-01
4.019282368456956189e-01
3.933330301514393335e-01
3.919266451407519836e-01
3.910591659466096104e-01
3.856985310837237058e-01
3.831915957978990206e-01
3.905589158215472256e-01
3.899677111282914832e-01
3.909227340943199347e-01
3.911046432307063170e-01
3.856473691391150149e-01
3.794169812178816992e-01
3.905134385374505190e-01
3.899677111282914832e-01
3.831461185138023695e-01
3.899677111282914832e-01
3.870116876620128266e-01
3.815544135704215245e-01
3.749602073764154997e-01
3.899677111282914832e-01
3.815544135704216355e-01
3.561326117604257102e-01
3.872390740824957489e-01
3.809711674018826932e-01
3.535858838510164137e-01
3.688207740233753751e-01
3.664559552503523499e-01
3.540861339760789095e-01
3.559052253399427879e-01
3.802412569921325147e-01
3.603165218973122808e-01
3.542680431124653473e-01
3.519657556050742042e-01
3.837828004911548185e-01
3.558597480558460813e-01
3.799627086270406240e-01
3.531311110100505690e-01
3.505582336622856121e-01
3.549502023739142254e-01
3.493053344854246123e-01
3.551775887943971477e-01
3.218427395515938705e-01
3.513120196461868017e-01
3.460821319750783664e-01
3.472190640774934223e-01
3.523125198963117377e-01
3.538632952840056745e-01
3.227818454681761762e-01
3.456637409613896317e-01
3.513120196461866906e-01
3.499931784073856411e-01
3.494929282823229233e-01
3.160671244713265104e-01
3.556778389194596990e-01
3.208422393014691010e-01
3.245713765973896048e-01
3.323934694620038766e-01
3.139296921187866296e-01
3.188412388012187293e-01
3.172040565737413997e-01
3.172040565737413997e-01
3.226158533812361617e-01
3.251171040065490847e-01
3.172040565737413997e-01
3.183409886761562335e-01
3.167947610168719841e-01
3.166583291645823639e-01
3.172040565737413997e-01
3.172040565737413997e-01
3.144754195279457765e-01
3.147482832325254054e-01
3.097003046978033525e-01
3.168402383009686907e-01
3.126631497566965678e-01
3.154304424939742280e-01
3.172040565737413997e-01
3.143389876756559898e-01
3.148392378007184855e-01
3.170221474373550730e-01
3.158397380508436436e-01
3.155668743462640147e-01
3.099868115876120434e-01
3.139296921187866296e-01
3.142935103915595052e-01
3.024239392423484496e-01
3.078812133339396961e-01
3.087907590158716076e-01
3.097003046978034635e-01
3.077447814816498539e-01
3.131111010050480203e-01
3.163854654600027905e-01
3.064566374096135970e-01
3.085633725953886297e-01
3.094729182773205411e-01
3.099276911182863858e-01
3.035153940606666878e-01
3.027877575151211587e-01
3.066078493792350201e-01
3.049047250898175299e-01
3.051525762881440729e-01
3.044249397425985437e-01
3.036973031970530146e-01
3.029696666515075409e-01
3.067897585156214579e-01
3.024239392423484496e-01
3.053344854245304552e-01
3.024239392423484496e-01
3.013324844240303224e-01
3.018782118331893027e-01
3.024239392423484496e-01
3.024239392423484496e-01
3.055163945609167819e-01
3.024239392423484496e-01
3.040611214698258347e-01
3.017417799808996270e-01
3.022875073900586074e-01
3.024239392423484496e-01
2.995588703442630396e-01
3.024239392423484496e-01
2.992405293555868151e-01
3.024239392423484496e-01
3.017963527218154862e-01
3.024239392423484496e-01
2.963754604575014606e-01
3.017417799808995160e-01
3.024239392423484496e-01
3.001955523216153221e-01
3.017417799808995160e-01
3.024239392423484496e-01
3.024239392423484496e-01
2.973304834235299121e-01
2.986038473782345881e-01
2.998772113329392641e-01
3.011505752876437736e-01
3.024239392423484496e-01
2.957387784801491781e-01
2.970121424348536876e-01
2.982855063895583636e-01
2.995588703442630396e-01
2.944654145254445021e-01
2.946473236618308844e-01
2.966483241620812006e-01
2.966938014461776851e-01
2.979671654008821391e-01
2.983309836736550702e-01
2.999681659011324553e-01
2.944654145254445021e-01
2.951020965027967291e-01
2.939196871162854663e-01
2.976488244122061366e-01
2.979216881167856545e-01
2.944654145254445021e-01
2.944654145254445021e-01
2.947837555141207266e-01
2.924189367410978124e-01
2.965573695938877874e-01
2.944654145254445021e-01
2.944654145254445021e-01
2.944654145254445021e-01
2.944654145254445021e-01
2.941015962526717931e-01
2.921915503206148901e-01
2.944654145254445021e-01
2.879166856155349064e-01
2.944654145254445021e-01
2.944654145254445021e-01
2.932375278548364217e-01
2.916003456273591476e-01
2.944654145254445021e-01
2.901450725362680894e-01
2.944654145254445021e-01
2.942835053890581753e-01
2.936468234117058373e-01
2.920096411842285078e-01
2.890081404338532556e-01
2.907362772295238318e-01
2.870980945017963526e-01
2.860066396834780034e-01
2.940561189685751975e-01
2.924189367410978124e-01
2.907817545136205384e-01
2.880531174678248041e-01
2.867797535131202946e-01
2.855063895584156186e-01
2.944654145254445021e-01
2.928282322979671171e-01
2.868252307972167792e-01
2.883714584565010286e-01
2.870980945017963526e-01
2.858247305470916211e-01
2.845513665923871671e-01
2.932375278548364217e-01
2.842330256037109426e-01
2.886897994451770311e-01
2.878712083314384218e-01
2.861430715357678456e-01
2.852335258538361007e-01
2.842330256037109426e-01
2.920096411842285078e-01
2.890081404338532556e-01
2.832325253535860066e-01
2.864614125244440701e-01
2.837327754786483358e-01
2.820501159670744662e-01
2.824139342398471753e-01
2.844149347400972694e-01
2.880531174678248041e-01
2.852721815453175269e-01
2.836440947746595165e-01
2.842330256037109426e-01
2.842330256037109426e-01
2.826867979444266932e-01
2.883714584565010286e-01
2.856428214107052943e-01
2.840056391832279092e-01
2.823684569557506907e-01
2.822320251034608485e-01
2.825958433762335575e-01
2.819591613988812751e-01
2.819591613988812751e-01
2.819591613988812751e-01
2.827777525126198843e-01
2.821410705352676573e-01
2.825048888080403664e-01
2.828687070808130755e-01
2.819591613988812751e-01
2.819591613988812751e-01
2.819591613988812751e-01
2.820501159670744662e-01
2.824139342398471753e-01
2.819591613988812751e-01
2.819591613988812751e-01
2.819591613988812751e-01
