1.928825622775800497e+00
1.557479664463649716e+00
1.539400101677681709e+00
1.336311642094559993e+00
1.268937468225724396e+00
1.163961616675139643e+00
1.166243009659379659e+00
1.072502541942042864e+00
1.071682765632943291e+00
9.962252160650735267e-01
9.925394001016750734e-01
9.084900864260294640e-01
9.110320284697508431e-01
8.726550584646667330e-01
8.393492628368073305e-01
8.296962379257752929e-01
7.819013726487035187e-01
7.549949161159124067e-01
7.666497203863750221e-01
7.389489069649209929e-01
7.153024911032027644e-01
7.102186070157598952e-01
7.112353838332484690e-01
6.797153024911030128e-01
6.934417895271987042e-01
6.670055922724962283e-01
6.842907981698016506e-01
6.326893746822570552e-01
6.166751398068124335e-01
6.113624809354344380e-01
6.166751398068124335e-01
6.077783426537874956e-01
6.044738179969495473e-01
5.953546009150987306e-01
5.968479918657855210e-01
5.811642094560234284e-01
5.907473309608540779e-01
5.671072699542450968e-01
5.673614641586171015e-01
5.597483477376716809e-01
5.638027452974072595e-01
5.440200813421454118e-01
5.505846466700559105e-01
5.381291306558210197e-01
5.399084900864259406e-01
5.203546009150992191e-01
5.210981189628876020e-01
5.208502796136246227e-01
5.394001016776817092e-01
5.045754956786985268e-01
5.027961362480934948e-01
5.012709710218605785e-01
5.027961362480934948e-01
4.954245043213014732e-01
4.829689883070665823e-01
4.913573970513471223e-01
4.829689883070665823e-01
4.789018810371122314e-01
4.814438230808336661e-01
4.781392984239959398e-01
4.814438230808336661e-01
4.674631418403658589e-01
4.748347737671580471e-01
4.618708693441789803e-01
4.748347737671580471e-01
4.499237417386882099e-01
4.478901881037111177e-01
4.450940518556176229e-01
4.478901881037111177e-01
4.417895271987798966e-01
4.478901881037111177e-01
4.288955261820022180e-01
4.351804778851042776e-01
4.204372140315200124e-01
4.351804778851042776e-01
4.034189120488052560e-01
4.351804778851042776e-01
4.008642602948653266e-01
4.316217590238943247e-01
3.872203863751894626e-01
3.619725470259278488e-01
3.868835790543976860e-01
3.619725470259278488e-01
3.914590747330962128e-01
3.619725470259278488e-01
3.746822572445348554e-01
3.619725470259278488e-01
3.791115912557178058e-01
3.589222165734620162e-01
3.589222165734620162e-01
3.589222165734620162e-01
3.708756990340619231e-01
3.584138281647178403e-01
3.568886629384851461e-01
3.584138281647178403e-01
3.581596339603457801e-01
3.319776309100150868e-01
3.436705643111337416e-01
3.319776309100150868e-01
3.296898830706659345e-01
3.274021352313165600e-01
3.406202338586679645e-01
3.274021352313165600e-01
3.335027961362481697e-01
3.274021352313165600e-01
3.309608540925265685e-01
3.274021352313165600e-01
3.350279613624806974e-01
3.274021352313165600e-01
3.267285205897290101e-01
3.172343670564309881e-01
3.164717844433147520e-01
3.274021352313165600e-01
3.177681748856127086e-01
3.157092018301982939e-01
3.121504829689881189e-01
3.157092018301982939e-01
3.134468734112862975e-01
3.157092018301982939e-01
3.121504829689881189e-01
3.157092018301982939e-01
3.088459583121503926e-01
3.157092018301982939e-01
3.118962887646162252e-01
3.070665988815456382e-01
3.070665988815456382e-01
2.984239959328927605e-01
3.045373665480428649e-01
3.070665988815456382e-01
3.068124046771733560e-01
2.984239959328927605e-01
3.027452974072191716e-01
2.984239959328927605e-01
3.002224199288255901e-01
2.984239959328927605e-01
2.976804778851043221e-01
2.984239959328927605e-01
2.981698017285204783e-01
2.984239959328927605e-01
2.958820538891713259e-01
2.984239959328927605e-01
2.999491611591254547e-01
2.979156075241484181e-01
2.953736654804269279e-01
2.928317234367054933e-01
2.930859176410776090e-01
2.928317234367054933e-01
2.928317234367057154e-01
2.979156075241484181e-01
2.845513472292816037e-01
2.928317234367054933e-01
2.910523640061005168e-01
2.928317234367054933e-01
2.953736654804269279e-01
2.928317234367054933e-01
2.836807320793084952e-01
2.928317234367054933e-01
2.836997966446364594e-01
2.928317234367054933e-01
2.834265378749363795e-01
2.740213523131670992e-01
2.834265378749363795e-01
2.892730045754957069e-01
2.910523640061005168e-01
2.892730045754957069e-01
2.722419928825621227e-01
2.744916115912487409e-01
2.714794102694456646e-01
2.704626334519573128e-01
2.714794102694456646e-01
2.704626334519573128e-01
2.816471784443314030e-01
2.704626334519573128e-01
2.684290798169802206e-01
2.704626334519573128e-01
2.674186578546008386e-01
2.704626334519573128e-01
2.681748856126081049e-01
2.704626334519573128e-01
2.641141331977629458e-01
2.704626334519573128e-01
2.580071174377225329e-01
2.704626334519573128e-01
2.580071174377225329e-01
2.704626334519573128e-01
2.587697000508389911e-01
2.689374682257243965e-01
2.580071174377225329e-01
2.704626334519573128e-01
2.580071174377225329e-01
2.455516014234876143e-01
2.547025927808844736e-01
2.455516014234876143e-01
2.580071174377225329e-01
2.455516014234876143e-01
2.547025927808844736e-01
2.455516014234876143e-01
2.463141840366040725e-01
2.455516014234876143e-01
2.547025927808844736e-01
2.455516014234876143e-01
2.473309608540926186e-01
2.455516014234876143e-01
2.470767666497203363e-01
2.455516014234876143e-01
2.470767666497203363e-01
2.689374682257243965e-01
2.364069649211999191e-01
2.455516014234876143e-01
2.379257752923233105e-01
2.455516014234876143e-01
2.364006100660905885e-01
2.455516014234876143e-01
2.422470767666497216e-01
2.455516014234876143e-01
2.356380274529741303e-01
2.389425521098118288e-01
2.376842907981698838e-01
2.455516014234876143e-01
2.323335027961362376e-01
2.257244534824606463e-01
2.356380274529741303e-01
2.389425521098118288e-01
2.323335027961362376e-01
2.257244534824606463e-01
2.323335027961362376e-01
2.257244534824606463e-01
2.323335027961362376e-01
2.191154041687848608e-01
2.308274021352311745e-01
2.191154041687848608e-01
2.292831723436704328e-01
2.191154041687848608e-01
2.239450940518556699e-01
2.191154041687848608e-01
2.191154041687848608e-01
2.191154041687848608e-01
2.191154041687848608e-01
2.191154041687848608e-01
2.155566853075750744e-01
2.191154041687848608e-01
2.211489578037619530e-01
2.191154041687848608e-01
2.191154041687848608e-01
2.191154041687848608e-01
2.191154041687848608e-01
2.191154041687848608e-01
2.107651245551599162e-01
2.191154041687848608e-01
2.191154041687848608e-01
2.191154041687848608e-01
2.143174885612603997e-01
2.053889171326893082e-01
2.127605490594813575e-01
2.160650737163192503e-01
2.107269954245040988e-01
2.160650737163192503e-01
2.107269954245040988e-01
2.161413319776308850e-01
2.107269954245040988e-01
2.160650737163192503e-01
2.094560244026434648e-01
2.053889171326893082e-01
2.107269954245040988e-01
2.023385866802236976e-01
2.094560244026434648e-01
2.191154041687848608e-01
2.079308591764107428e-01
2.053889171326893082e-01
2.038637519064564196e-01
2.023385866802236976e-01
2.038637519064564196e-01
2.023385866802236976e-01
2.092018301982713768e-01
2.023385866802236976e-01
2.038637519064564196e-01
2.023385866802236976e-01
2.023385866802236976e-01
2.023385866802236976e-01
2.092018301982713768e-01
2.023385866802236976e-01
2.023385866802236976e-01
2.023385866802236976e-01
2.023385866802236976e-01
2.023385866802236976e-01
2.023385866802235034e-01
2.023385866802236976e-01
2.023385866802236976e-01
2.023385866802236976e-01
2.008134214539908091e-01
2.023385866802236976e-01
2.023385866802235034e-01
2.023385866802236976e-01
2.023385866802236976e-01
2.023385866802236976e-01
2.023385866802236976e-01
2.023385866802236976e-01
2.010676156583630636e-01
2.023385866802236976e-01
2.023385866802236976e-01
2.023385866802236976e-01
2.008134214539908091e-01
2.023385866802236976e-01
2.008134214539908091e-01
2.023385866802236976e-01
2.010676156583630636e-01
2.023385866802236976e-01
1.995424504321301751e-01
2.023385866802236976e-01
1.995424504321301751e-01
1.967463141840364582e-01
1.995424504321301751e-01
1.967463141840364582e-01
1.982714794102693467e-01
1.968225724453480929e-01
1.995424504321301751e-01
1.997966446365022630e-01
1.995424504321301751e-01
1.967463141840364582e-01
1.980172852058972588e-01
1.967463141840364582e-01
1.980172852058972588e-01
1.967463141840364582e-01
1.995424504321301751e-01
1.967463141840364582e-01
1.967463141840364582e-01
1.967463141840364582e-01
1.982714794102693467e-01
1.967463141840364582e-01
1.980172852058972588e-01
1.967463141840364582e-01
1.967463141840364582e-01
1.967463141840364582e-01
1.967463141840364582e-01
1.967463141840364582e-01
1.967463141840364582e-01
1.967463141840364582e-01
1.967463141840364582e-01
1.967463141840364582e-01
1.967463141840364582e-01
1.967463141840364582e-01
1.967463141840364582e-01
1.967463141840364582e-01
1.967463141840364582e-01
1.967463141840364582e-01
1.967463141840364582e-01
1.967463141840364582e-01
1.931875953228266718e-01
1.967463141840364582e-01
1.931875953228266718e-01
1.967463141840364582e-01
1.944585663446872781e-01
1.967463141840364582e-01
1.929334011184543896e-01
1.967463141840364582e-01
1.967463141840364582e-01
1.967463141840364582e-01
1.908998474834774917e-01
1.967463141840364582e-01
1.893746822572446031e-01
1.967463141840364582e-01
1.893746822572446031e-01
1.967463141840364582e-01
1.873411286222675110e-01
1.967463141840364582e-01
1.929334011184543896e-01
1.967463141840364582e-01
1.893746822572446031e-01
1.967463141840364582e-01
1.893746822572446031e-01
1.967463141840364582e-01
1.893746822572446031e-01
1.891204880528723209e-01
1.855617691916625345e-01
1.967463141840364582e-01
1.893746822572446031e-01
1.967463141840364582e-01
1.893746822572446031e-01
1.891204880528723209e-01
1.893746822572446031e-01
1.967463141840364582e-01
1.855617691916625345e-01
1.896288764616166911e-01
1.893746822572446031e-01
1.891204880528723209e-01
1.820030503304525538e-01
1.820030503304525538e-01
1.820030503304525538e-01
1.820030503304525538e-01
1.893746822572446031e-01
1.820030503304525538e-01
1.893746822572446031e-01
1.820030503304525538e-01
1.893746822572446031e-01
1.820030503304525538e-01
