1.773641596951875954e+00
1.652111115712747047e+00
1.549515447693199377e+00
1.439203180651039693e+00
1.284633065518097750e+00
1.227902136999916571e+00
1.157759049117866423e+00
1.113036320715646177e+00
1.087289820260084250e+00
1.054294707197879655e+00
9.865826637952455069e-01
9.784746956017553732e-01
9.458367845605889501e-01
9.019734117452166133e-01
8.804180816698415901e-01
8.698076285927273110e-01
8.560424086805268340e-01
8.371314089290151639e-01
8.069856290897040596e-01
7.849747370164830151e-01
8.047544106684333398e-01
7.972334962312599416e-01
7.452165990226119474e-01
7.332477428973743772e-01
7.125807587177994673e-01
6.924780501946491418e-01
6.873084568872687150e-01
6.864956928683839665e-01
6.826803611364200552e-01
6.517021452828625216e-01
6.489977636047374876e-01
6.289033380270022677e-01
6.172896131864489266e-01
6.150967033877245971e-01
6.112648057649298083e-01
6.222562743311521594e-01
6.023772053342166810e-01
5.917916010933484960e-01
5.714548993622129425e-01
5.794199867472867860e-01
5.400159446699245303e-01
5.541290482895716574e-01
5.472542035947981498e-01
5.321585355752502799e-01
5.240205417046301939e-01
5.117617824898533785e-01
5.270024020541704823e-01
4.994201938209226754e-01
5.059481901764258938e-01
4.983019961898449979e-01
4.902261244098400916e-01
4.880725586018388462e-01
4.860018222479914329e-01
4.768905822910627923e-01
4.751511637538308186e-01
4.620226952704380996e-01
4.659156796156712077e-01
4.710521411413898241e-01
4.672181727822413144e-01
4.249150998094921583e-01
4.338606808581130792e-01
4.396173279218089092e-01
4.436345564482729875e-01
4.205499875755813188e-01
4.166321543941025052e-01
4.213534332808746008e-01
4.218089952787211772e-01
4.141472707694855981e-01
4.109997515116374789e-01
4.133189762279468327e-01
4.101714569700985469e-01
4.172533753002568013e-01
4.106684336950219283e-01
4.047875424500952390e-01
4.048289571771722106e-01
4.066926198956349325e-01
4.019299262817858653e-01
4.030481239128634319e-01
4.020127557359397530e-01
4.015986084651700927e-01
3.964952787211125651e-01
3.909809078108170688e-01
3.980369419365526462e-01
3.985339186614759721e-01
3.828377370993126250e-01
3.818437836494659177e-01
3.855711090863911950e-01
3.783649465750020258e-01
3.782821171208482491e-01
3.716143460614594329e-01
3.813882216516193968e-01
3.758386482233082582e-01
3.696264391617659628e-01
3.650024848836245228e-01
3.722769816946906452e-01
3.666031640851485918e-01
3.644495982771472908e-01
3.652778928186863339e-01
3.624616913774538207e-01
3.628427068665616706e-01
3.644495982771472908e-01
3.630000828294541737e-01
3.641596951876086008e-01
3.605286589911371187e-01
3.583616333968357992e-01
3.592313426654518138e-01
3.572020210386814276e-01
3.523585687070321382e-01
3.572486126066422019e-01
3.555940942599188359e-01
3.544686490516026911e-01
3.555454319556033971e-01
3.486705872608300005e-01
3.432038432866728050e-01
3.463099478174437862e-01
3.545100637786797182e-01
3.400149093017476032e-01
3.437836494657499631e-01
3.451089207322123320e-01
3.471382423589828847e-01
3.476352190839062106e-01
3.385653938540544305e-01
3.411879814462021598e-01
3.422720119274411665e-01
3.360390955023606074e-01
3.337198707860515312e-01
3.358734365940528321e-01
3.384825643999004874e-01
3.379027582208230518e-01
3.405947154808249833e-01
3.329298848670574906e-01
3.369088047709765110e-01
3.279218089952786186e-01
3.374886109500538911e-01
3.263480493663547533e-01
3.275904911786631790e-01
3.234490184709682414e-01
3.268450260912780792e-01
3.212540379358900244e-01
3.125983599768079046e-01
3.236146773792760722e-01
3.242773130125072845e-01
3.126811894309616813e-01
3.075043485463431203e-01
3.177420690797647662e-01
3.121427979789613283e-01
3.251056075540462720e-01
3.181479334051188212e-01
3.189348132195807817e-01
3.075043485463431203e-01
3.138408017891162194e-01
3.133024103371159219e-01
3.082083989066512486e-01
3.075043485463431203e-01
3.088710345398824053e-01
3.075043485463431203e-01
3.075043485463431203e-01
3.117286507081918900e-01
3.063447361881885267e-01
3.075043485463431203e-01
3.075043485463431203e-01
3.023275076617243928e-01
3.011264805764930497e-01
3.034457052928020704e-01
3.078770810900356980e-01
3.075043485463431203e-01
2.996355504017228499e-01
2.949556862420276149e-01
3.005466743974157806e-01
2.987658411331069463e-01
3.012093100306469373e-01
3.075043485463431203e-01
2.890333802700238985e-01
2.850575664706369028e-01
2.897374306303320268e-01
2.744968110660149785e-01
2.996355504017228499e-01
3.049811562991799341e-01
2.925122173444877349e-01
2.860515199204837766e-01
2.919324111654103548e-01
2.765416632154391596e-01
2.665669261989561667e-01
3.043568292884950011e-01
2.909384577155635920e-01
2.870454733703304284e-01
2.772715977801705201e-01
2.681603578232419349e-01
2.681603578232419349e-01
2.583864822330820266e-01
2.542450095253870890e-01
2.849333222894061546e-01
2.788453574090945519e-01
2.681603578232419349e-01
2.628592727573925147e-01
2.579309202352357278e-01
2.536652033463098754e-01
2.536652033463098754e-01
2.536652033463098754e-01
2.681603578232419349e-01
2.449743228692120023e-01
2.615340014909301458e-01
2.535823738921559878e-01
2.335376459869126786e-01
2.398326845026091114e-01
2.613269278555453434e-01
2.588420442309283254e-01
2.513946409343160715e-01
2.288163671001406940e-01
2.318810569038349256e-01
2.347800877992213819e-01
2.445539633893810960e-01
2.427317153979955400e-01
2.467075291973825357e-01
2.326265219912199145e-01
2.303487120019877266e-01
2.337861343493745359e-01
2.323780336287582515e-01
2.337861343493747301e-01
2.380932659653770822e-01
2.342416963472208347e-01
2.288163671001406940e-01
2.326265219912201088e-01
2.288163671001406940e-01
2.283318147933403597e-01
2.288163671001406940e-01
2.317153979955269838e-01
2.281537314669095928e-01
2.316739832684499290e-01
2.285264640106020040e-01
2.300173941853719817e-01
2.288163671001406940e-01
2.288163671001406940e-01
2.274910958336783251e-01
2.307214445456803043e-01
2.285678787376790311e-01
2.284022198293712558e-01
2.282365609210634805e-01
2.241779176675224305e-01
2.268284602004472239e-01
2.287749523730636669e-01
2.203263480493663495e-01
2.178414644247493592e-01
2.282779756481403410e-01
2.235152820342913293e-01
2.261658245672160950e-01
2.277809989232170151e-01
2.187111736933654571e-01
2.216692205748365119e-01
2.283193903752173681e-01
2.221900107678289327e-01
2.255031889339848272e-01
2.112565228195146250e-01
2.142797978961316074e-01
2.158535575250558614e-01
2.190839062370576740e-01
2.215687898616746920e-01
2.230597200364448363e-01
2.262072392942929555e-01
2.156878986167478918e-01
2.151909218918247602e-01
2.178414644247493592e-01
2.177928021204333930e-01
2.115050111819762879e-01
2.113393522736685126e-01
2.118777437256686713e-01
2.145282862585934647e-01
2.151909218918245659e-01
2.113434937463742058e-01
2.115464259090531207e-01
2.113807670007453454e-01
2.112151080924375701e-01
2.138656506253623635e-01
2.165161931582869626e-01
2.112151080924375701e-01
2.112151080924375701e-01
2.112151080924375701e-01
2.111157127474529716e-01
2.112151080924375701e-01
2.112151080924375701e-01
2.112151080924375701e-01
2.095585190093596228e-01
2.112151080924375701e-01
2.112979375465914578e-01
2.112151080924375701e-01
2.120434026339766409e-01
2.112151080924375701e-01
2.093928601010518475e-01
2.100554957342829487e-01
2.107181313675142442e-01
2.112151080924375701e-01
2.085231508324359440e-01
2.112151080924375701e-01
2.092272011927440722e-01
2.098898368259751734e-01
2.105524724592064689e-01
2.112151080924375701e-01
2.103868135508984993e-01
2.112151080924375701e-01
2.087436842541207926e-01
2.097614511720361785e-01
2.103868135508986936e-01
2.105110577321294418e-01
2.105938871862833295e-01
2.097655926447444530e-01
2.088958833761285216e-01
2.064627681603577736e-01
2.102211546425907240e-01
2.098070073718212858e-01
2.069908059305889114e-01
2.068251470222811361e-01
2.066594881139733608e-01
2.093928601010518475e-01
2.070736353847427991e-01
2.070736353847427991e-01
2.076948562908968732e-01
2.068665617493579967e-01
2.067009028410504157e-01
2.092272011927440722e-01
2.070736353847427991e-01
2.070736353847427991e-01
2.070736353847427991e-01
2.069079764764348572e-01
2.067423175681272485e-01
2.049614843038183865e-01
2.052928021204339371e-01
2.058311935724342900e-01
2.070736353847427991e-01
2.069493912035118843e-01
2.056241199370496819e-01
2.047958253955106112e-01
2.039675308539717347e-01
2.031392363124328582e-01
2.068251470222811361e-01
2.043402633976643124e-01
2.068251470222811361e-01
2.050028990308954135e-01
2.041746044893565371e-01
2.033463099478174663e-01
2.070736353847427991e-01
2.020624534084321244e-01
2.018967945001243491e-01
2.052099726662802437e-01
2.043816781247411729e-01
2.025594301333554503e-01
2.022281123167398997e-01
2.018967945001243491e-01
2.018967945001243491e-01
2.018967945001243491e-01
2.045887517601259753e-01
2.026422595875093380e-01
2.029321626770480280e-01
2.019796239542782368e-01
2.018967945001243491e-01
2.030564068582789705e-01
2.030564068582787762e-01
2.018967945001243491e-01
2.023937712250476750e-01
2.020624534084321244e-01
2.018967945001243491e-01
2.018967945001243491e-01
2.018967945001243491e-01
2.005301085065849254e-01
2.024766006792015627e-01
2.021452828625860121e-01
2.018967945001243491e-01
2.018967945001243491e-01
2.018967945001243491e-01
2.004058643253541772e-01
2.009028410502775031e-01
2.022281123167398997e-01
2.018967945001243491e-01
1.999503023275077118e-01
1.997846434191999365e-01
2.018967945001243491e-01
2.008251884370082230e-01
2.023109417708937874e-01
2.015654766835087985e-01
1.991634225130456681e-01
1.996603992379689940e-01
2.001573759628925142e-01
1.987906899693530904e-01
2.011513294127391660e-01
2.020624534084321244e-01
1.993704961484303040e-01
1.995361550567382736e-01
2.000331317816615995e-01
2.005301085065849254e-01
2.010270852315084456e-01
1.994119108755073311e-01
1.989149341505840052e-01
1.994119108755073311e-01
1.999088876004306570e-01
2.004058643253541772e-01
2.009028410502775031e-01
