1.457133613717243481e+00
1.285061468780329452e+00
1.255904238110644000e+00
1.119378841798770896e+00
1.112908443869298214e+00
1.001294079585894448e+00
1.025558071821417006e+00
9.081203494014883359e-01
9.631834357813002789e-01
8.278955030734391762e-01
7.990941442898737979e-01
7.920009705596892102e-01
7.654480750566160507e-01
7.318100938207696693e-01
7.279197670656745167e-01
6.829505014558394649e-01
6.873503720478806311e-01
6.405774830152053401e-01
6.696861857004205998e-01
6.324894856033642654e-01
6.127466839210611305e-01
5.810417340666451658e-01
5.965706890973794252e-01
5.729537366548040911e-01
5.661598188288580191e-01
5.587916531866700121e-01
5.480427046263344204e-01
5.487382724037521697e-01
5.338078291814946086e-01
5.014881915237786592e-01
5.279844710449692613e-01
4.794807505661595748e-01
4.846328049175023245e-01
4.691038498867677875e-01
4.788094467809769217e-01
4.522969912649625335e-01
4.723390488515044061e-01
4.435457780653510595e-01
4.568100938207698691e-01
4.322387576835974854e-01
4.134584276933031544e-01
4.170171465545131073e-01
4.173406664509868302e-01
4.037609187965061630e-01
4.121643481074086512e-01
4.128113879003560416e-01
3.946942736978323873e-01
3.853121967000969206e-01
3.908120349401488780e-01
3.885473956648335392e-01
3.856357165965707545e-01
3.714008411517307207e-01
3.817534778388872452e-01
3.666046586865090995e-01
3.513426075703655616e-01
3.549013264315755145e-01
3.513426075703655616e-01
3.558718861209966833e-01
3.371077321255257497e-01
3.442251698479456556e-01
3.351666127466840228e-01
3.393723714008413106e-01
3.325784535748950166e-01
3.409899708832094256e-01
3.325784535748950166e-01
3.322549336784214602e-01
3.325784535748950166e-01
3.338725331607895197e-01
3.325784535748950166e-01
3.309608540925266795e-01
3.293432546101586200e-01
3.177369783241666967e-01
3.293432546101586200e-01
3.167259786476870342e-01
3.293432546101586200e-01
3.180200582335813153e-01
3.293432546101586200e-01
3.128437398900033029e-01
3.222258168877387141e-01
3.125283079909411121e-01
3.112261404076351878e-01
3.109026205111614094e-01
3.112261404076351878e-01
3.050792623746361176e-01
3.112261404076351878e-01
3.028307990941442318e-01
2.927369783241629553e-01
2.979618246522161562e-01
2.924619864121643098e-01
2.973633128437397910e-01
2.924619864121643098e-01
2.957133613717243259e-01
2.924619864121643098e-01
2.937560659980590350e-01
2.885797476544808005e-01
2.853445486897442929e-01
2.885797476544808005e-01
2.898738272403753036e-01
2.834034293109026770e-01
2.834034293109026770e-01
2.834034293109026770e-01
2.791976706567454447e-01
2.834034293109026770e-01
2.730507926237463745e-01
2.834034293109026770e-01
2.827563895179555087e-01
2.834034293109026770e-01
2.762859915884828821e-01
2.788741507602717773e-01
2.743934001941114031e-01
2.698155936590101445e-01
2.769330313814300504e-01
2.652863151083792448e-01
2.681979941766418074e-01
2.652863151083792448e-01
2.662568747978000805e-01
2.652863151083792448e-01
2.607732125525717981e-01
2.652863151083792448e-01
2.607570365577484006e-01
2.652863151083792448e-01
2.604335166612745667e-01
2.510514396635392664e-01
2.526690391459075480e-01
2.588159171789065072e-01
2.549336784212228868e-01
2.588159171789065072e-01
2.494338401811709294e-01
2.510514396635392664e-01
2.487868003882236778e-01
2.510514396635392664e-01
2.536395988353283837e-01
2.510514396635392664e-01
2.487948883856353488e-01
2.510514396635392664e-01
2.481559365901002956e-01
2.510514396635392664e-01
2.510514396635392664e-01
2.478162406988028699e-01
2.465221611129083668e-01
2.419928825622774671e-01
2.445810417340665011e-01
2.419928825622774671e-01
2.445891297314783663e-01
2.387576835975410983e-01
2.403752830799091855e-01
2.387576835975410983e-01
2.387576835975410983e-01
2.387576835975410983e-01
2.410223228728565481e-01
2.387576835975410983e-01
2.364930443222256484e-01
2.387576835975410983e-01
2.277580071174376830e-01
2.387576835975410983e-01
2.238757683597539516e-01
2.141539954707123161e-01
2.261404076350694015e-01
2.387576835975410983e-01
2.238757683597539516e-01
2.135231316725978989e-01
2.186994500161759392e-01
2.089938531219671380e-01
2.170818505338078519e-01
2.089938531219671380e-01
2.093173730184407222e-01
2.342284050469103374e-01
2.186994500161759392e-01
2.089938531219671380e-01
2.129246198641218113e-01
2.089938531219671380e-01
2.112584923972824769e-01
2.089938531219671380e-01
2.128760918796507584e-01
2.089938531219671380e-01
2.148172112584925408e-01
2.089938531219671380e-01
2.021999352960208163e-01
2.089938531219671380e-01
2.089938531219671380e-01
2.089938531219671380e-01
2.021999352960208163e-01
2.051116143642835177e-01
2.070527337431253834e-01
1.954060174700744945e-01
2.003073439016501145e-01
1.915237787123908741e-01
1.983176965383371959e-01
2.051116143642835177e-01
1.983176965383371959e-01
2.051116143642835177e-01
2.002588159171790616e-01
1.915237787123908741e-01
1.983176965383371959e-01
1.915237787123908741e-01
1.918472986088644305e-01
1.915237787123908741e-01
1.915237787123908741e-01
1.915237787123908741e-01
1.915237787123908741e-01
1.915237787123908741e-01
1.915237787123908741e-01
1.915237787123908741e-01
1.915237787123908741e-01
1.915237787123908741e-01
1.895826593335489807e-01
1.915237787123908741e-01
1.892672274344873173e-01
1.915237787123908741e-01
1.892591394370754243e-01
1.915237787123908741e-01
1.895826593335489807e-01
1.915237787123908741e-01
1.876415399547072260e-01
1.915237787123908741e-01
1.876415399547072260e-01
1.837593011970236057e-01
1.876415399547072260e-01
1.837593011970236057e-01
1.876415399547072260e-01
1.837593011970236057e-01
1.873180200582335586e-01
1.837593011970236057e-01
1.873180200582335586e-01
1.837593011970236057e-01
1.873180200582335586e-01
1.837593011970236057e-01
1.876415399547072260e-01
1.837593011970236057e-01
1.860239404723390555e-01
1.837593011970236057e-01
1.838078291814946585e-01
1.837593011970236057e-01
1.837593011970236057e-01
1.837593011970236057e-01
1.837593011970236057e-01
1.837593011970236057e-01
1.796586865092186514e-01
1.837593011970236057e-01
1.837593011970236057e-01
1.837593011970236057e-01
1.724361048204466340e-01
1.617599482368165531e-01
1.727596247169201904e-01
1.831122614040763541e-01
1.724361048204466340e-01
1.611129084438693015e-01
1.837593011970236057e-01
1.617599482368165531e-01
1.724361048204466340e-01
1.837593011970236057e-01
1.721125849239729388e-01
1.611129084438693015e-01
1.724361048204466340e-01
1.617599482368165531e-01
1.711420252345519089e-01
1.611129084438693015e-01
1.721125849239729388e-01
1.831122614040763541e-01
1.724361048204466340e-01
1.611129084438693015e-01
1.611129084438693015e-01
1.611129084438693015e-01
1.670414105467471766e-01
1.617599482368165531e-01
1.724361048204466340e-01
1.611129084438693015e-01
1.669362665803948154e-01
1.611129084438693015e-01
1.611129084438693015e-01
1.611129084438693015e-01
1.611129084438693015e-01
1.611129084438693015e-01
1.721206729213848319e-01
1.611129084438693015e-01
1.708185053380782137e-01
1.611129084438693015e-01
1.611129084438693015e-01
1.611129084438693015e-01
1.611129084438693015e-01
1.611129084438693015e-01
1.611129084438693015e-01
1.611129084438693015e-01
1.601423487544484936e-01
1.611129084438693015e-01
1.611129084438693015e-01
1.611129084438693015e-01
1.601666127466840062e-01
1.611129084438693015e-01
1.598188288579747984e-01
1.611129084438693015e-01
1.598188288579747984e-01
1.611129084438693015e-01
1.585247492720802953e-01
1.611129084438693015e-01
1.588482691685539905e-01
1.611129084438693015e-01
1.598188288579747984e-01
1.611129084438693015e-01
1.585247492720802953e-01
1.611129084438693015e-01
1.585247492720802953e-01
1.611129084438693015e-01
1.585247492720802953e-01
1.559365901002912891e-01
1.585247492720802953e-01
1.585247492720802953e-01
1.582012293756066279e-01
1.585247492720802953e-01
1.585247492720802953e-01
1.559365901002912891e-01
1.585247492720802953e-01
1.559365901002912891e-01
1.572306696861857922e-01
1.559365901002912891e-01
1.585247492720802953e-01
1.559365901002912891e-01
1.559365901002912891e-01
1.559365901002912891e-01
1.559365901002912891e-01
1.559365901002912891e-01
1.569152377871239901e-01
1.559365901002912891e-01
1.559365901002912891e-01
1.559365901002912891e-01
1.559365901002912891e-01
1.559365901002912891e-01
1.569152377871239901e-01
1.559365901002912891e-01
1.559365901002912891e-01
1.559365901002912891e-01
1.559365901002912891e-01
1.559365901002912891e-01
1.559365901002912891e-01
1.559365901002912891e-01
1.559365901002912891e-01
1.559365901002912891e-01
1.559365901002912891e-01
1.559365901002912891e-01
1.539954707214493124e-01
1.559365901002912891e-01
1.530249110320284767e-01
1.559365901002912891e-01
1.559365901002912891e-01
1.559365901002912891e-01
1.559365901002912891e-01
1.559365901002912891e-01
1.559365901002912891e-01
1.559365901002912891e-01
1.530249110320284767e-01
1.559365901002912891e-01
1.514073115496603061e-01
1.559365901002912891e-01
1.556130702038175939e-01
1.559365901002912891e-01
1.514073115496603061e-01
1.559365901002912891e-01
1.514073115496603061e-01
1.552895503073440375e-01
1.530249110320284767e-01
1.559365901002912891e-01
1.514073115496603061e-01
1.559365901002912891e-01
1.514073115496603061e-01
1.552895503073440375e-01
1.514073115496603061e-01
1.552895503073440375e-01
1.514073115496603061e-01
1.559365901002912891e-01
1.527741831122603477e-01
1.552895503073440375e-01
1.514073115496603061e-01
1.552895503073440375e-01
1.481721125849239096e-01
1.468780329990294065e-01
1.481721125849239096e-01
1.468780329990294065e-01
1.510837916531867220e-01
1.468780329990294065e-01
1.468942089938529427e-01
1.468780329990294065e-01
1.481721125849239096e-01
1.468780329990294065e-01
1.514073115496603061e-01
1.468780329990294065e-01
1.472015528955029906e-01
1.468780329990294065e-01
1.510837916531867220e-01
1.468780329990294065e-01
1.472015528955029906e-01
1.468780329990294065e-01
1.468780329990294065e-01
1.468780329990294065e-01
1.468780329990294065e-01
1.468780329990294065e-01
