1.105091094840796817e+00
1.057954480958056775e+00
1.041835802258924915e+00
9.871519382484817973e-01
9.504648390941595748e-01
9.244829445484985531e-01
9.053323117089506766e-01
8.540269027754129327e-01
8.862478006697316335e-01
8.511720301946761325e-01
8.086449287700774313e-01
8.065426528179803212e-01
7.665063283954819395e-01
7.593407684885634668e-01
7.531585220500595090e-01
7.100235541177122300e-01
6.942533628469265139e-01
6.921959248538509524e-01
6.955332311708951609e-01
6.758385833475224480e-01
6.743470117486803916e-01
6.779612917872751554e-01
6.581687382938873343e-01
6.456308530563596992e-01
6.354390147000397171e-01
6.259671377490207966e-01
6.347352290141324849e-01
6.387195641069302043e-01
6.166751802031896768e-01
6.102409330836030543e-01
5.863329360349622821e-01
5.933509279754809462e-01
5.908280833191440484e-01
5.760531244679039098e-01
5.717350587434019138e-01
5.594210795164302752e-01
5.587192803223794968e-01
5.459804756229069689e-01
5.615125716555989799e-01
5.510074351552300964e-01
5.482717520858163551e-01
5.448663374765870815e-01
5.335717123559795549e-01
5.261479085078606399e-01
5.226400476758045199e-01
5.075316419774104082e-01
5.403257846642827156e-01
5.238889834837385795e-01
5.207105965151256344e-01
5.120494920256540849e-01
5.042397411884895764e-01
4.958851240138484884e-01
4.884613201657301285e-01
4.867359100970543029e-01
4.830807650831488997e-01
4.766558828537375003e-01
4.776661558544751940e-01
4.801067029910891515e-01
4.753731766842613227e-01
4.756910153811224617e-01
4.723083035359554871e-01
4.655201770815596829e-01
4.707531641977411030e-01
4.699324592769169029e-01
4.659515295987287642e-01
4.667132073329928188e-01
4.572904251092569927e-01
4.596651342300923648e-01
4.616380044270390615e-01
4.530733866848289382e-01
4.575628582779954212e-01
4.574606958397184342e-01
4.516964640444972034e-01
4.459276916964638460e-01
4.454305011635168454e-01
4.548725807367047236e-01
4.475849934729553836e-01
4.477893183495091356e-01
4.478687780237244898e-01
4.426584936716043694e-01
4.342357682047790490e-01
4.319200862705029897e-01
4.226573585334011396e-01
4.447017424371418337e-01
4.411169759918271427e-01
4.371644247687155316e-01
4.291389976729667044e-01
4.222501277030477063e-01
4.168000454055281745e-01
4.221405868664426242e-01
4.395368636131445905e-01
4.114067200181610318e-01
4.254713661388274115e-01
4.187751858788807957e-01
4.150292298087290277e-01
4.080106702991089795e-01
3.970145865259095963e-01
3.995118905726772196e-01
3.996140530109541511e-01
4.072081275895338970e-01
4.110789488620240073e-01
3.991145922016007264e-01
3.979453998524319358e-01
3.957886372665871955e-01
3.964016118962484514e-01
3.961632328736023889e-01
3.966740450649867133e-01
4.007264884499686652e-01
3.935297122424655236e-01
3.942675520744652884e-01
3.917361938816049660e-01
3.910551109597593666e-01
3.896588909699756353e-01
3.935410636244962568e-01
3.945626880072646281e-01
3.910551109597593666e-01
3.878767239911460885e-01
3.853680685623474544e-01
3.907032181168050844e-01
3.896929451160679458e-01
3.818959645836883521e-01
3.816902207843804740e-01
3.810545433906578627e-01
3.830069810999488511e-01
3.852999602701629445e-01
3.816902207843804740e-01
3.813496793234575910e-01
3.818264373687496049e-01
3.812134627390883490e-01
3.793518360860435590e-01
3.843804983256711161e-01
3.747091208354615399e-01
3.810772461547193291e-01
3.815540042000113430e-01
3.813723820875191683e-01
3.784891310517053409e-01
3.785685907259208616e-01
3.730972245870935455e-01
3.703842442817413261e-01
3.799875134797661702e-01
3.670923434928203832e-01
3.756739883080765230e-01
3.751858788807538314e-01
3.730518190589702798e-01
3.706453260684488549e-01
3.798512968953970392e-01
3.666496395936205688e-01
3.669220727623588307e-01
3.667492479709390518e-01
3.681707247857419762e-01
3.663431522787899963e-01
3.701685680231567299e-01
3.661047732561439338e-01
3.661047732561439338e-01
3.666496395936205688e-01
3.657982859413133614e-01
3.663090981326976858e-01
3.689993756739885500e-01
3.660026108178670023e-01
3.660026108178671134e-01
3.657982859413133614e-01
3.597820534650092994e-01
3.602820818434642747e-01
3.633350360406379376e-01
3.661047732561440449e-01
3.652647709858675706e-01
3.626198989726996946e-01
3.541792950791758932e-01
3.587604290822406505e-01
3.574436687666721624e-01
3.602378114535446096e-01
3.657982859413133614e-01
3.632555763664226944e-01
3.587377263181791842e-01
3.527359668539618576e-01
3.619161132867928510e-01
3.579090754299340538e-01
3.642204438390377885e-01
3.638912537601453057e-01
3.538225778988590697e-01
3.527668993699982214e-01
3.454793121062490480e-01
3.474544525796016692e-01
3.550144730120892711e-01
3.503377036154145530e-01
3.481991032408178199e-01
3.486576990748623261e-01
3.421749247970941044e-01
3.409841648220671706e-01
3.391906464612065575e-01
3.527101424598450552e-01
3.391225381690220475e-01
3.391225381690220475e-01
3.340252000681087630e-01
3.390090243487146049e-01
3.370792894034848608e-01
3.391225381690220475e-01
3.391929167376117604e-01
3.391225381690220475e-01
3.293944037686595272e-01
3.288041319030596266e-01
3.365684772121007584e-01
3.386117259776379451e-01
3.391225381690220475e-01
3.215051932572791094e-01
3.230716839775241711e-01
3.276576423179519693e-01
3.335376582098875664e-01
3.381009137862535097e-01
3.348544185254547223e-01
3.173392360519895483e-01
3.219251943924174020e-01
3.265111527328452556e-01
3.104602985413473237e-01
3.375901015948690187e-01
3.094727283046704858e-01
3.161927464668827237e-01
3.050229865486118741e-01
3.232079005618939682e-01
3.299506214881663957e-01
3.104602985413473237e-01
3.104602985413473237e-01
3.082354276633180179e-01
3.168321130597646085e-01
3.187581588058353010e-01
3.104602985413473237e-01
3.104602985413473237e-01
3.104602985413473237e-01
3.041441057948802151e-01
3.149894999716214006e-01
2.958851240138486993e-01
2.784494012145979913e-01
2.894539985243099744e-01
2.637255235824945698e-01
3.084851580679943694e-01
2.976559396106471245e-01
2.986548612293543070e-01
2.805834610363809878e-01
3.075202905953799415e-01
2.641580112378683620e-01
3.083262387195629950e-01
2.997899994324298989e-01
2.845337419830857861e-01
2.827175208581637622e-01
2.792667007208122221e-01
3.087802940007945973e-01
3.104602985413473237e-01
2.571088029967646960e-01
2.933878199670797993e-01
2.793915659231502868e-01
2.725353311765699726e-01
2.656790964299897140e-01
2.493785118338150975e-01
2.490689028889105650e-01
2.920256541233894887e-01
2.811056246097962119e-01
2.742493898632160088e-01
2.673931551166345288e-01
2.521482490493207052e-01
2.474487768885862971e-01
2.500658380157647631e-01
2.743061467733694525e-01
2.691458085021823932e-01
2.615471933707929075e-01
2.615698961348544849e-01
2.470287757534481432e-01
2.487087802940008696e-01
2.466087746183097118e-01
2.684601850275266099e-01
2.602758385833470745e-01
2.551450139054428079e-01
2.466087746183097118e-01
2.482887791588624382e-01
2.466087746183097118e-01
2.466087746183097118e-01
2.466087746183097118e-01
2.466087746183097118e-01
2.487428344400926805e-01
2.466087746183097118e-01
2.466087746183097118e-01
2.466087746183097118e-01
2.604574606958382499e-01
2.452466087746184020e-01
2.508768942618754272e-01
2.466087746183097118e-01
2.466087746183097118e-01
2.432033600090811043e-01
2.441114705715420052e-01
2.466087746183097118e-01
2.523298711618140455e-01
2.461093138089559262e-01
2.441114705715417832e-01
2.429763323684658860e-01
2.466087746183097118e-01
2.447925534933877434e-01
2.457006640558487276e-01
2.466087746183097118e-01
2.415233554685281836e-01
2.461218003291903156e-01
2.436574152903116519e-01
2.445655258527726361e-01
2.454736364152335093e-01
2.409330836029286160e-01
2.401157840967136359e-01
2.425222770872354494e-01
2.412520574379911353e-01
2.443384982121574178e-01
2.409330836029286160e-01
2.434303876496969332e-01
2.456098529996027513e-01
2.422952494466201478e-01
2.432033600090812153e-01
2.441114705715420052e-01
2.409330836029286160e-01
2.409330836029286160e-01
2.406606504341901598e-01
2.395709177592373063e-01
2.429763323684658860e-01
2.373914524093308775e-01
2.447925534933877434e-01
2.409330836029286160e-01
2.409330836029286160e-01
2.398433509279751519e-01
2.387536182530222983e-01
2.349395538906859926e-01
2.324740337136039225e-01
2.409330836029286160e-01
2.409330836029286160e-01
2.400817299506214086e-01
2.374368579374535326e-01
2.379363187468075125e-01
2.334411714626252465e-01
2.409330836029286160e-01
2.337136046313628979e-01
2.403882172654520921e-01
2.392984845904988223e-01
2.359384755093927588e-01
2.339406322719790321e-01
2.319427890345646948e-01
2.299449457971509680e-01
2.406492990521594266e-01
2.383790226460072159e-01
2.364379363187465444e-01
2.344400930813322070e-01
2.254043929848461580e-01
2.304444066065039487e-01
2.409330836029286160e-01
2.388898348373911240e-01
2.369373971281003299e-01
2.172313979226975500e-01
2.243146603098923886e-01
2.241330381974007413e-01
2.275838583347531696e-01
2.284465633690902220e-01
2.373573982632381785e-01
2.353141494977012971e-01
2.334411714626252465e-01
2.232703331630623844e-01
2.267211533004147295e-01
2.284465633690902220e-01
2.378682104546226972e-01
2.284465633690902220e-01
2.189568079913730148e-01
2.224076281287253598e-01
2.258584482660764003e-01
2.284465633690902220e-01
2.284465633690902220e-01
2.066519098700271839e-01
2.150519325727923425e-01
2.324422498439184803e-01
2.247573642090933133e-01
1.943924172768034808e-01
2.284465633690902220e-01
2.052897440263350692e-01
2.107384074011017516e-01
2.161870707758665189e-01
2.239060105567856063e-01
1.948918780861566835e-01
2.284465633690902220e-01
2.039275781826447587e-01
2.093762415574096092e-01
2.148249049321763193e-01
2.230546569044780103e-01
2.257222316817077690e-01
1.971167489641859338e-01
2.039275781826441480e-01
1.946222827629262020e-01
2.134627390884841769e-01
1.943924172768034808e-01
1.943924172768034808e-01
1.957545831204956233e-01
2.012032464952605015e-01
2.066519098700271839e-01
2.121005732447938663e-01
2.151881491571601690e-01
