2.877004411296557151e+00
2.676792941925508096e+00
2.535188048569738228e+00
2.109134112510800740e+00
1.959135249442902849e+00
1.881225840192821464e+00
1.733594069762153467e+00
1.705307199054072242e+00
1.677566055755150387e+00
1.622720451134658459e+00
1.539815362226568007e+00
1.448235481377051936e+00
1.421106007549229222e+00
1.388096320887716395e+00
1.363904679612532700e+00
1.327062394833780301e+00
1.235845195324935197e+00
1.204374914730092394e+00
1.205775615080266761e+00
1.168220473873300413e+00
1.150848151348401460e+00
1.125562781390695211e+00
1.103118604756923249e+00
1.046104870617124982e+00
1.049645277184046543e+00
1.015330392468961840e+00
1.025967529219155017e+00
1.051531447541952824e+00
9.797171312929191522e-01
9.624198462867799009e-01
9.427440993223884513e-01
9.321308381463448978e-01
8.915366774296239472e-01
8.965505480012732065e-01
9.038758015371320953e-01
8.950930010459767772e-01
8.670812679066798312e-01
8.654588657965343046e-01
8.252228386920728020e-01
8.271863204329437114e-01
8.345536404565918609e-01
7.944881531674928832e-01
8.227579698940378217e-01
8.035836099868114424e-01
7.800081859111374083e-01
7.992177907135384896e-01
7.886045295374857211e-01
7.789349220064577528e-01
7.421642639501560001e-01
7.380053663195232927e-01
7.485106189458365922e-01
7.421892764564101963e-01
7.571967802082859578e-01
7.144936104415844369e-01
7.012733639547044096e-01
7.045920687616534783e-01
6.836315885215333843e-01
7.102892355268539681e-01
6.777934421756331984e-01
6.656623766428662048e-01
6.838237300468416047e-01
6.630588021283367883e-01
6.531902314793760489e-01
6.581927327300014507e-01
6.515985265359952594e-01
6.461696757469640451e-01
6.516894811041882285e-01
6.400927736595570794e-01
6.339988175906134948e-01
6.308097230433393765e-01
6.256764746009367828e-01
6.423666378643867469e-01
6.345445449997725307e-01
6.244485879303280917e-01
6.200827686570558051e-01
6.185820182818680957e-01
6.224077948064935528e-01
6.113966073946064395e-01
6.111692209741232951e-01
6.198099049524763426e-01
6.128064032016008467e-01
6.082586747919414005e-01
5.955250352448950846e-01
6.010732639046797443e-01
6.098958570194188411e-01
5.974350811769520986e-01
5.771067351857745997e-01
5.669653008322342869e-01
5.650438855791530823e-01
5.665105279912684422e-01
5.560120969575695904e-01
5.602801400700350154e-01
5.622811405702851095e-01
5.400882259311472477e-01
5.382691345672836469e-01
5.766064850607122150e-01
5.275364955204873141e-01
5.484105689208240708e-01
5.105905225339941733e-01
5.241711764973396859e-01
5.208968120423849157e-01
5.143480831324752645e-01
5.246259493383055306e-01
4.725089817636091150e-01
4.747373686843420759e-01
4.760562099231436806e-01
4.902451225612807773e-01
4.853472190640760187e-01
5.180772204283961013e-01
4.622765928418755554e-01
4.640956842057393783e-01
4.681886397744328132e-01
4.697803447178132141e-01
4.444494974760107575e-01
4.456887534676427509e-01
4.479512483514483945e-01
4.456944381281550127e-01
4.605484560462046462e-01
4.528627950338804942e-01
4.417663377143117298e-01
4.354449952248851674e-01
4.354449952248851674e-01
4.288655691482103349e-01
4.324889717586065663e-01
4.414479967256355608e-01
4.265018873072891625e-01
4.258947655646004304e-01
4.256219018600208570e-01
4.279412433489472867e-01
4.293510391559415829e-01
4.236209013597707629e-01
4.224839692573558736e-01
4.190527081722663083e-01
4.192096048024011590e-01
4.201191504843331259e-01
4.181181499840829208e-01
4.131611260175543365e-01
4.222111055527763002e-01
4.150291054618217013e-01
4.159386511437536127e-01
4.169812178816680870e-01
4.181636272681795163e-01
4.130701714493610899e-01
4.047023511755878378e-01
4.067943062440312341e-01
4.151166492337076686e-01
4.183910136886624387e-01
3.948576561007772767e-01
4.048842603119742201e-01
4.045204420392014000e-01
4.059302378461958627e-01
3.952714993860558801e-01
3.913786438673880763e-01
3.966073946063939371e-01
3.926963481740871065e-01
3.996088953567693003e-01
4.054413570421572799e-01
3.930146891627632200e-01
3.916503706398654638e-01
3.931965982991496023e-01
3.957433262085589543e-01
3.981536222656784640e-01
3.911046432307063170e-01
3.910159625267178862e-01
3.909227340943199347e-01
3.918777570603483862e-01
3.949702123789168295e-01
3.831915957978990206e-01
3.905589158215472256e-01
3.907408249579336079e-01
3.909227340943199347e-01
3.911046432307063170e-01
3.856473691391150149e-01
3.833735049342852919e-01
3.905134385374505190e-01
3.899677111282914832e-01
3.831461185138023695e-01
3.884214834690072338e-01
3.860111874118878350e-01
3.807358224566829707e-01
3.774466778843966197e-01
3.727033971531217293e-01
3.908317795261267436e-01
3.868752558097232619e-01
3.872390740824957489e-01
3.806903451725862642e-01
3.613170221474373278e-01
3.708672518077219538e-01
3.604984310336986630e-01
3.562690436127153859e-01
3.884669607531040514e-01
3.831461185138024805e-01
3.603779162308417550e-01
3.536768384192096049e-01
3.551775887943971477e-01
3.557233162035562946e-01
3.899677111282914832e-01
3.837828004911545965e-01
3.299376961207876602e-01
3.513120196461868017e-01
3.505389058165445659e-01
3.529435172131521470e-01
3.552685433625903388e-01
3.218461503479009833e-01
3.280276501887307572e-01
3.410796307244532422e-01
3.472190640774934223e-01
3.531765882941470536e-01
3.199326936195369120e-01
3.203874664605028122e-01
3.489176406385008922e-01
3.268736641047792491e-01
3.308472418027196271e-01
3.488562463049706963e-01
3.212970121424347791e-01
3.187502842330256492e-01
3.249351948701624804e-01
3.311201055072989785e-01
3.174610032288834871e-01
3.172040565737413997e-01
3.184774205284459092e-01
3.172040565737413997e-01
3.233889672108782865e-01
3.172040565737413997e-01
3.172040565737413997e-01
3.228887170858157352e-01
3.203874664605028122e-01
3.181590795397697957e-01
3.122925098913092445e-01
3.172040565737413997e-01
3.152030560734913056e-01
3.103824639592523971e-01
3.147482832325254054e-01
3.163854654600027905e-01
3.168402383009686907e-01
3.161126017554231615e-01
3.092455318568374523e-01
3.127018054481786047e-01
3.121106007549228623e-01
3.150211469371049233e-01
3.170221474373550730e-01
3.158397380508436436e-01
3.106553276638318040e-01
3.122925098913094111e-01
3.108372368002182973e-01
3.155668743462640147e-01
3.069716676520078402e-01
3.062440311064623111e-01
3.114739187775705243e-01
3.055618718450133775e-01
3.135203965619174360e-01
3.069716676520078402e-01
3.069716676520078402e-01
3.076538269134567738e-01
3.120276047114465823e-01
3.094729182773205411e-01
3.071990540724907626e-01
3.122925098913092445e-01
3.069716676520078402e-01
3.032425303560870589e-01
3.034858338260038035e-01
3.051525762881440729e-01
3.044249397425985437e-01
3.036973031970530146e-01
3.029696666515075409e-01
3.043715039337851480e-01
3.060621219700759288e-01
3.024239392423484496e-01
3.024239392423484496e-01
3.013324844240303224e-01
3.031515757878939787e-01
3.024239392423484496e-01
3.024239392423484496e-01
2.987402792305244859e-01
3.047887580153712528e-01
3.040611214698258347e-01
3.017417799808996270e-01
3.022875073900586074e-01
3.024239392423484496e-01
3.024239392423484496e-01
2.979671654008821391e-01
2.992405293555868151e-01
3.005138933102915466e-01
3.021510755377689317e-01
3.024239392423484496e-01
2.963754604575014606e-01
3.017417799808995160e-01
2.989221883669108126e-01
3.014689162763198871e-01
3.020146436854790339e-01
2.967392787302741697e-01
2.940106416844787129e-01
2.973304834235299121e-01
2.986038473782345881e-01
2.944654145254445021e-01
3.011505752876437736e-01
2.944654145254445021e-01
2.957387784801491781e-01
2.970121424348536876e-01
2.982855063895583636e-01
2.987402792305244859e-01
3.008322342989677711e-01
2.944654145254445021e-01
3.012870071399338379e-01
2.966938014461776851e-01
2.979671654008821391e-01
2.992405293555868151e-01
2.964209377415979452e-01
2.944654145254445021e-01
2.942857792532628802e-01
2.963754604575014606e-01
2.962845058893082695e-01
2.944654145254445021e-01
2.944654145254445021e-01
2.944654145254445021e-01
2.943744599572514220e-01
2.944654145254445021e-01
2.951578061758144966e-01
2.891445722861429313e-01
2.944654145254445021e-01
2.944654145254445021e-01
2.944654145254445021e-01
2.928282322979671171e-01
2.944654145254445021e-01
2.944654145254445021e-01
2.895538678430123469e-01
2.944654145254445021e-01
2.944654145254445021e-01
2.941925508208648732e-01
2.916003456273591476e-01
2.899631633998817071e-01
2.874619127745690617e-01
2.861430715357678456e-01
2.854154349902224275e-01
2.936468234117058373e-01
2.921915503206148901e-01
2.903724589567511227e-01
2.877347764791488016e-01
2.883714584565010286e-01
2.941925508208649842e-01
2.940561189685751975e-01
2.924189367410978124e-01
2.907817545136205384e-01
2.880804038382823173e-01
2.867797535131202946e-01
2.862340261039610367e-01
2.944654145254445021e-01
2.928282322979671171e-01
2.896448224112054826e-01
2.883714584565010286e-01
2.870980945017963526e-01
2.858247305470916211e-01
2.845513665923871671e-01
2.842330256037109426e-01
2.899631633998817071e-01
2.899631633998817071e-01
2.874164354904725771e-01
2.861430715357678456e-01
2.827777525126198843e-01
2.821410705352676573e-01
2.842330256037109426e-01
2.903724589567511227e-01
2.864614125244440701e-01
2.864614125244440701e-01
2.834144344899723333e-01
2.842330256037109426e-01
2.824139342398471753e-01
2.844149347400972694e-01
2.880531174678248041e-01
2.867797535131202946e-01
2.835963436263587156e-01
2.819591613988812751e-01
2.823229796716539841e-01
2.826867979444266932e-01
2.830506162171996243e-01
2.856428214107052943e-01
2.840056391832279092e-01
2.823684569557506907e-01
2.822320251034608485e-01
2.825958433762335575e-01
2.829596616490062666e-01
2.860521169675747100e-01
2.844149347400972694e-01
2.827777525126198843e-01
2.821410705352676573e-01
2.825048888080403664e-01
2.819591613988812751e-01
2.819591613988812751e-01
2.848242302969666850e-01
2.819591613988812751e-01
2.820501159670744662e-01
2.824139342398471753e-01
2.819591613988812751e-01
2.819591613988812751e-01
2.852335258538361007e-01
