1.813420573621291609e+00
1.641185369213361334e+00
1.557786441678554956e+00
1.444854134894474562e+00
1.337740443744772190e+00
1.244667191420277819e+00
1.206031386825404672e+00
1.220140699562157982e+00
1.191697003984846459e+00
1.130712844984503196e+00
1.072783735917744341e+00
1.013436562207900682e+00
1.000211541299748985e+00
9.815516308358340769e-01
9.668076941998324791e-01
9.608894573719681809e-01
9.376691100506715504e-01
8.766578934422190050e-01
8.862621144290843134e-01
8.498069070694148630e-01
8.706154375953164548e-01
8.117282432232989509e-01
7.945589609878487281e-01
7.882619176464801258e-01
7.749298961971762267e-01
7.412800708417376372e-01
7.253898755350026706e-01
7.212574408422295358e-01
7.030550499335859183e-01
7.181581148226497957e-01
7.073350715796722366e-01
6.894770502287598246e-01
6.810203178039060390e-01
6.717703055049932814e-01
6.754292320558858975e-01
6.663969105131105630e-01
6.489459831750866714e-01
6.474639641855659544e-01
6.392482904511241903e-01
6.393958774044374849e-01
6.318689427854575769e-01
6.309403748708614090e-01
6.201603778226004726e-01
6.159295518276185488e-01
6.046637477247011061e-01
6.170118561519160050e-01
6.149456388055296596e-01
5.799675308702709753e-01
5.787671569833222618e-01
5.839523786097309266e-01
5.611784818222068649e-01
5.819845525655531482e-01
5.515828700742850810e-01
5.549269444581096389e-01
5.497614010921432204e-01
5.494256407733555392e-01
5.532050966694542771e-01
5.480395533034878586e-01
5.442514881684458183e-01
5.416441186599103563e-01
5.398238795690458725e-01
5.450878142372213020e-01
5.283612928617109628e-01
5.243272494711466170e-01
5.321124612584244851e-01
5.376100752693461216e-01
5.197520539184337096e-01
5.181224479755982548e-01
5.080926846066806668e-01
5.147832931568848691e-01
5.242928125153732966e-01
5.128646627638115962e-01
5.128646627638115962e-01
4.943670979485405015e-01
4.999754021744478583e-01
4.982535543857922189e-01
5.015496630097900921e-01
4.999754021744478583e-01
4.992866630589855026e-01
4.817730112658041852e-01
4.810928813892851319e-01
4.828553155901015859e-01
4.805431199881929349e-01
4.705072071628867425e-01
4.700152506518422424e-01
4.707531854184091036e-01
4.586018595956101174e-01
4.673586854922025524e-01
4.527475771141830085e-01
4.566168150735472886e-01
4.691863039307324068e-01
4.498942293501254630e-01
4.433844148177298883e-01
4.537314901362718422e-01
4.401042947803415206e-01
4.377429035273280866e-01
4.353815122743150412e-01
4.353815122743150412e-01
4.311998819304373454e-01
4.321837949525262901e-01
4.137046785064192878e-01
4.354553057509705227e-01
4.338072514389730294e-01
4.255423820534264268e-01
4.263787081222018549e-01
4.247060559846508876e-01
4.048802085895605307e-01
4.174250996211934517e-01
4.280513602597530443e-01
3.976422984208189404e-01
3.976484478772076558e-01
3.984847739459830840e-01
3.951886653219854328e-01
4.048420819599537479e-01
4.154437447729608102e-01
3.911546219314213091e-01
3.911300241058687233e-01
3.931224479755988654e-01
3.840704481723816177e-01
3.883996654695724970e-01
3.646873616372311444e-01
3.566684705072070694e-01
3.890195306734884895e-01
3.800364047818172164e-01
3.774782309243863154e-01
3.696069267476753128e-01
3.638018399173510997e-01
3.582427313425491366e-01
3.566684705072070694e-01
3.566684705072070694e-01
3.712303832341219412e-01
3.667535789836176008e-01
3.642937964283955443e-01
3.581443400403401811e-01
3.545530575097160519e-01
3.557337531362226302e-01
3.559305357406404302e-01
3.559305357406405967e-01
3.528804053721650846e-01
3.516505140945538344e-01
3.549466227185516520e-01
3.416637969203521474e-01
3.510109706301961507e-01
3.478132533084075662e-01
3.515029271412406509e-01
3.534707531854183182e-01
3.431396664534854812e-01
3.431396664534854812e-01
3.431396664534854812e-01
3.431396664534854812e-01
3.373345796231611571e-01
3.421557534313965365e-01
3.336449057903279614e-01
3.431396664534854812e-01
3.376814089634474492e-01
3.377281448319967572e-01
3.337924927436413669e-01
3.402445023859888562e-01
3.325134058149257776e-01
3.318246666994638105e-01
3.396959708761745911e-01
3.352683622767747007e-01
3.375313622275790126e-01
3.290205145865103264e-01
3.289221232843017040e-01
3.308407536773748103e-01
3.293648841442416986e-01
3.329069710237615998e-01
3.343828405568947115e-01
3.292664928420326320e-01
3.263147537757661865e-01
3.259211885669306974e-01
3.267083189846016755e-01
3.259211885669306974e-01
3.227074826585316636e-01
3.285285580754659929e-01
3.259211885669306974e-01
3.254784277069906473e-01
3.256260146603039418e-01
3.238549712205441300e-01
3.259211885669306974e-01
3.195257539233530286e-01
3.216903625719486626e-01
3.259211885669306974e-01
3.253308407536773528e-01
3.241501451271707746e-01
3.180621833029957934e-01
3.137206670930290375e-01
3.175087322280711333e-01
3.231170364539774909e-01
3.033895803610959785e-01
3.067348846361980241e-01
3.083091454715403135e-01
3.149013627195356158e-01
3.173611452747576722e-01
3.163772322526688385e-01
3.259211885669306974e-01
3.047178629409159623e-01
3.053082107541691959e-01
3.102277758646134753e-01
3.123923845132089983e-01
3.158360800905201660e-01
2.959610370443251925e-01
3.035863629655138340e-01
3.070300585428247242e-01
3.063413194273625906e-01
2.981256456929206600e-01
2.969449500664140817e-01
2.957642544399073370e-01
2.974369065774584153e-01
2.951739066266541034e-01
3.052590151030648014e-01
3.071776454961381297e-01
2.972401239730406708e-01
2.959118413932206870e-01
2.961086239976385426e-01
2.951739066266541034e-01
2.951739066266541034e-01
2.951739066266541034e-01
2.947803414178186143e-01
2.951247109755496534e-01
2.951739066266541034e-01
2.951739066266541034e-01
2.951739066266541034e-01
2.951739066266541034e-01
2.947311457667140533e-01
2.964037979042650206e-01
2.942600974073887321e-01
2.968957544153095207e-01
2.951739066266541034e-01
2.951739066266541034e-01
2.946819501156097698e-01
2.948787327200275143e-01
2.938456240468342306e-01
2.945835588134007588e-01
2.924681458159097414e-01
2.944359718600874642e-01
2.939440153490430752e-01
2.948295370689229533e-01
2.939932110001476362e-01
2.936980370935209916e-01
2.927141240714320469e-01
2.939440153490430752e-01
2.901067545628965849e-01
2.939440153490430752e-01
2.939440153490430752e-01
2.939440153490430752e-01
2.868598415900031617e-01
2.919761893048652968e-01
2.904019284695231740e-01
2.939440153490430752e-01
2.939440153490430752e-01
2.935996457913119251e-01
2.932060805824765470e-01
2.918777980026565078e-01
2.906971023761499295e-01
2.895164067496431848e-01
2.863137698627439831e-01
2.864662763811678947e-01
2.903035371673144405e-01
2.921729719092831523e-01
2.939440153490430752e-01
2.898115806562698293e-01
2.862202981256454781e-01
2.864170807300633337e-01
2.921619028877847080e-01
2.866692084419734665e-01
2.912874501894031631e-01
2.866138633344811892e-01
2.861711024745413057e-01
2.863678850789588282e-01
2.939440153490430752e-01
2.796280808776501758e-01
2.915826240960297522e-01
2.820878634328723433e-01
2.861219068234367446e-01
2.811531460618880707e-01
2.854823633590788390e-01
2.884832980764501231e-01
2.803660156442169815e-01
2.858759285679144391e-01
2.860727111723321836e-01
2.818418851773502598e-01
2.864662763811678947e-01
2.786441678555613422e-01
2.800290254341513685e-01
2.858267329168101001e-01
2.860235155212278446e-01
2.779554287400992085e-01
2.802885324937265943e-01
2.782997982978303586e-01
2.779554287400992085e-01
2.779554287400992085e-01
2.824322329906035489e-01
2.803168199931125315e-01
2.791361243666057868e-01
2.779554287400992085e-01
2.793329069710236423e-01
2.779554287400992085e-01
2.820878634328723433e-01
2.779554287400992085e-01
2.796772765287548479e-01
2.779554287400992085e-01
2.789885374132924922e-01
2.779554287400992085e-01
2.779554287400992085e-01
2.779554287400992085e-01
2.779554287400992085e-01
2.785457765533525532e-01
2.779554287400992085e-01
2.779554287400992085e-01
2.779554287400992085e-01
2.779554287400992085e-01
2.769358488709593447e-01
2.748561027205193574e-01
2.782997982978303586e-01
2.703301028189105115e-01
2.779554287400992085e-01
2.779554287400992085e-01
2.696905593545529389e-01
2.779554287400992085e-01
2.779554287400992085e-01
2.718551680031482953e-01
2.707728636788506726e-01
2.596546465292464689e-01
2.686574506813596552e-01
2.727898853741330121e-01
2.769223200669059248e-01
2.516849510503271770e-01
2.672799724504352215e-01
2.509519358488709884e-01
2.779554287400992085e-01
2.445958577261770073e-01
2.756924287892948966e-01
2.749052983716239185e-01
2.689452452403203186e-01
2.516357553992227269e-01
2.665912333349730878e-01
2.707236680277462226e-01
2.748561027205193574e-01
2.519801249569538770e-01
2.513959266000884707e-01
2.508104983519454656e-01
2.492743641462093207e-01
2.696905593545529389e-01
2.738229940473260737e-01
2.521277119102671160e-01
2.515373640970137159e-01
2.481920598219116980e-01
2.462242337777337808e-01
2.686574506813596552e-01
2.422885816893786126e-01
2.768731244158015858e-01
2.516886407241598622e-01
2.486840163329560593e-01
2.467161902887784752e-01
2.447483642446006691e-01
2.427805382004230850e-01
2.176415604860529596e-01
2.511437988881783379e-01
2.491759728440004484e-01
2.472081467998228366e-01
2.446991685934963578e-01
2.246765385939883120e-01
2.521277119102671160e-01
2.516357553992227269e-01
2.194064544694246666e-01
2.477001033108673367e-01
2.457322772666894195e-01
2.262016037782259847e-01
2.201013430412750438e-01
2.140010823043242971e-01
2.171004083239043703e-01
2.375166035322476832e-01
2.190682343680815380e-01
2.277266689624636298e-01
2.216264082255126888e-01
2.155261474885619699e-01
2.160181039996065533e-01
2.328430166773256260e-01
2.140010823043242971e-01
2.140010823043242971e-01
2.231514734097506669e-01
2.169528213705907427e-01
2.140010823043242971e-01
2.141093127367525994e-01
2.472081467998228366e-01
2.307767993309390586e-01
2.246765385939883120e-01
2.185762778570373710e-01
2.150341909775175808e-01
2.140010823043242971e-01
2.273331037536282517e-01
2.323018645151767037e-01
2.262016037782259847e-01
