2.084639498432601989e+00
1.809225257501120065e+00
1.843708016121809345e+00
1.568405732198834501e+00
1.609493954321540521e+00
1.428347514554411335e+00
1.308553515450067151e+00
1.263591580832959860e+00
1.242722794446932566e+00
1.156353560232870281e+00
1.126735333631885716e+00
1.063182937751902646e+00
1.052843708016121926e+00
1.025307881773398710e+00
9.986565158978952805e-01
9.642017465293323264e-01
9.596954769368564175e-01
9.285770264218539127e-01
9.296909986565160544e-01
9.026030004478280411e-01
9.072995969547694717e-01
8.584863412449620368e-01
8.853560232870578695e-01
8.593875951634574184e-01
8.522167487684728648e-01
8.248992386923422737e-01
8.096730855351544909e-01
8.002686968204210105e-01
8.096730855351544909e-01
7.636643528884894394e-01
7.707120465741156279e-01
7.590685176892073560e-01
7.317510076130767649e-01
7.389162561576355648e-01
7.666815942678012474e-01
7.272727272727274039e-01
7.232422749664130235e-01
7.010747872816839310e-01
7.026421854008060297e-01
6.854175996417374295e-01
7.026421854008060297e-01
6.753246753246753276e-01
6.668159426780116972e-01
6.556426332288401992e-01
6.744290192566054776e-01
6.621137483206449570e-01
6.547245857590686668e-01
6.424093148231079242e-01
6.386027765338111450e-01
6.343819973130314649e-01
6.386027765338111450e-01
6.233878190774743144e-01
6.377071204657412951e-01
6.092700403045232527e-01
6.014330497089117600e-01
6.032243618450514600e-01
6.171070309001344123e-01
5.991939095387370795e-01
5.812807881773399687e-01
5.962830273175101503e-01
6.144200626959247513e-01
5.792823555754589293e-01
5.785938199731303078e-01
5.824283475145544120e-01
5.785938199731303078e-01
5.774742498880429675e-01
5.785938199731303078e-01
5.703481862964620008e-01
5.570980743394535750e-01
5.609102104791758858e-01
5.548589341692791166e-01
5.438871473354232045e-01
5.548589341692791166e-01
5.490371697268248141e-01
5.391849529780564643e-01
5.400806090461263143e-01
5.548589341692791166e-01
5.349473802060008554e-01
5.548589341692791166e-01
5.261979399910434729e-01
5.391849529780564643e-01
5.221674876847290925e-01
5.391849529780564643e-01
5.221674876847290925e-01
5.244066278549036619e-01
5.264218540080608522e-01
5.033587102552619097e-01
5.002407075682935300e-01
5.033587102552619097e-01
4.995521719659650195e-01
5.033587102552619097e-01
5.008956560680698500e-01
4.957456336766681848e-01
4.977608598298253195e-01
4.957456336766681848e-01
4.960255261979399366e-01
4.957456336766681848e-01
4.970891177787729043e-01
4.957456336766681848e-01
4.912673533363189904e-01
4.957456336766681848e-01
4.807601880877740430e-01
4.957456336766681848e-01
4.807433945364980032e-01
4.957456336766681848e-01
4.807433945364980032e-01
4.657411553963277662e-01
4.717868338557993924e-01
4.657411553963277662e-01
4.682042095835200479e-01
4.657411553963277662e-01
4.646215853112405370e-01
4.657411553963277662e-01
4.637259292431706870e-01
4.639498432601881217e-01
4.646215853112405370e-01
4.500671742051052804e-01
4.390953873712494793e-01
4.639498432601881217e-01
4.561128526645769621e-01
4.657411553963277662e-01
4.482758620689656359e-01
4.482758620689656359e-01
4.314823107926556989e-01
4.482758620689656359e-01
4.355127630989700793e-01
4.482758620689656359e-01
4.305866547245859044e-01
4.482758620689656359e-01
4.276757725033587532e-01
4.482758620689656359e-01
4.267801164352889587e-01
4.128974473802061174e-01
4.276757725033587532e-01
4.052843708016122259e-01
4.200626959247648617e-01
4.128974473802061174e-01
4.189431258396776325e-01
4.052843708016122259e-01
4.081952530228393772e-01
4.052843708016122259e-01
4.113300492610837411e-01
4.052843708016122259e-01
3.965517241379311053e-01
4.052843708016122259e-01
3.965517241379311053e-01
3.878190774742499292e-01
3.974753694581280583e-01
4.052843708016122259e-01
4.093148231079264399e-01
4.052843708016122259e-01
3.907523510971785408e-01
3.994626063591580345e-01
3.916256157635468749e-01
3.819973130317957377e-01
3.826690550828481530e-01
3.819973130317957377e-01
3.916256157635468749e-01
3.819973130317957377e-01
3.828929690998656987e-01
3.819973130317957377e-01
3.807042095835198592e-01
3.819973130317957377e-01
3.777429467084639225e-01
3.819973130317957377e-01
3.759516345723240560e-01
3.819973130317957377e-01
3.672189879086429354e-01
3.819973130317957377e-01
3.672189879086429354e-01
3.524406627854902996e-01
3.672189879086429354e-01
3.524406627854902996e-01
3.652037617554856341e-01
3.524406627854902996e-01
3.672189879086429354e-01
3.484102104791759191e-01
3.611733094491714202e-01
3.484102104791759191e-01
3.652037617554856341e-01
3.484102104791759191e-01
3.631885356023285549e-01
3.484102104791759191e-01
3.402317510076111606e-01
3.484102104791759191e-01
3.504254366323329983e-01
3.484102104791759191e-01
3.369905956112852485e-01
3.484102104791759191e-01
3.596450962830266551e-01
3.484102104791759191e-01
3.399014778325123443e-01
3.484102104791759191e-01
3.349753694581279473e-01
3.484102104791759191e-01
3.463949843260186734e-01
3.484102104791759191e-01
3.314319301388260475e-01
3.484102104791759191e-01
3.329601433049707015e-01
3.443797581728615387e-01
3.329601433049707015e-01
3.484102104791759191e-01
3.318629646215851547e-01
3.175100761307658170e-01
3.329601433049707015e-01
3.175100761307658170e-01
3.298253470667263376e-01
3.175100761307658170e-01
3.329601433049707015e-01
3.175100761307658170e-01
3.309561128526643525e-01
3.215405284370801975e-01
3.195253022839228962e-01
3.175100761307658170e-01
3.309449171518136223e-01
3.175100761307658170e-01
3.298253470667263376e-01
3.175100761307658170e-01
3.287337662337662114e-01
3.143752798925212866e-01
3.175100761307658170e-01
3.175100761307658170e-01
3.240035826242721462e-01
3.175100761307658170e-01
3.175100761307658170e-01
3.175100761307658170e-01
3.148231079265562671e-01
3.121361397223466061e-01
3.159426780116435518e-01
3.175100761307658170e-01
3.148231079265562671e-01
3.175100761307658170e-01
3.163905060456785323e-01
3.143752798925212866e-01
3.148231079265562671e-01
3.121361397223466061e-01
3.137035378414688713e-01
3.121361397223466061e-01
3.148231079265562671e-01
3.121361397223466061e-01
3.148231079265562671e-01
3.121361397223466061e-01
3.121361397223466061e-01
3.121361397223466061e-01
3.148231079265562671e-01
3.121361397223466061e-01
3.121361397223466061e-01
3.121361397223466061e-01
3.121361397223466061e-01
3.121361397223466061e-01
3.121361397223466061e-01
3.121361397223466061e-01
3.121361397223466061e-01
3.121361397223466061e-01
3.121361397223466061e-01
3.121361397223466061e-01
3.121361397223466061e-01
3.121361397223466061e-01
3.121361397223466061e-01
3.121361397223466061e-01
3.072100313479623757e-01
3.121361397223466061e-01
3.056426332288401104e-01
3.121361397223466061e-01
3.110165696372591548e-01
3.121361397223466061e-01
3.110165696372591548e-01
3.121361397223466061e-01
3.060904612628749799e-01
3.121361397223466061e-01
3.061408419167031547e-01
3.121361397223466061e-01
3.056426332288401104e-01
3.121361397223466061e-01
3.081056874160320591e-01
2.969099865651589343e-01
3.045230631437527147e-01
2.969099865651589343e-01
3.045230631437527147e-01
3.121361397223466061e-01
2.980295566502462190e-01
2.969099865651589343e-01
2.969379758172860928e-01
3.098969995521719256e-01
2.980295566502462190e-01
2.969099865651589343e-01
3.045230631437527147e-01
2.969099865651589343e-01
2.969099865651589343e-01
2.969099865651589343e-01
3.045230631437527147e-01
2.969099865651589343e-01
2.969099865651589343e-01
2.969099865651589343e-01
2.969099865651589343e-01
2.969099865651589343e-01
2.969099865651589343e-01
2.969099865651589343e-01
2.969099865651589343e-01
2.969099865651589343e-01
2.969099865651589343e-01
2.969099865651589343e-01
2.969099865651589343e-01
2.969099865651589343e-01
2.969099865651589343e-01
2.969099865651589343e-01
2.969099865651589343e-01
2.969099865651589343e-01
2.969099865651589343e-01
2.969099865651589343e-01
2.933273622928795898e-01
2.969099865651589343e-01
2.908643081056873081e-01
2.969099865651589343e-01
2.908643081056873081e-01
2.969099865651589343e-01
2.969099865651589343e-01
2.969099865651589343e-01
2.922077922077921941e-01
2.969099865651589343e-01
2.928795342588446093e-01
2.969099865651589343e-01
2.807881773399016345e-01
2.875055978504253984e-01
2.796686072548142388e-01
2.877407075682935633e-01
2.861621137483205124e-01
2.969099865651589343e-01
2.796686072548142388e-01
2.969099865651589343e-01
2.796686072548142388e-01
2.718316166592029126e-01
2.790136587550378633e-01
2.875055978504253984e-01
2.803403493058666540e-01
2.875055978504253984e-01
2.796686072548142388e-01
2.875055978504253984e-01
2.790136587550378633e-01
2.969099865651589343e-01
2.796686072548142388e-01
2.624272279444693212e-01
2.796686072548142388e-01
2.718316166592029126e-01
2.666815942678010809e-01
2.969099865651589343e-01
2.796686072548142388e-01
2.718316166592029126e-01
2.722346618898314752e-01
2.624272279444693212e-01
2.671294223018361169e-01
2.624272279444693212e-01
2.749664128974474431e-01
2.624272279444693212e-01
2.709639498432600546e-01
2.624272279444693212e-01
2.666815942678010809e-01
2.624272279444693212e-01
2.666815942678010809e-01
2.624272279444693212e-01
2.624272279444693212e-01
2.624272279444693212e-01
2.624272279444693212e-01
2.624272279444693212e-01
2.792207792207792028e-01
2.624272279444693212e-01
2.624272279444693212e-01
2.624272279444693212e-01
2.624272279444693212e-01
2.624272279444693212e-01
2.624272279444693212e-01
2.624272279444693212e-01
2.552619793999104103e-01
2.624272279444693212e-01
2.624272279444693212e-01
2.624272279444693212e-01
2.624272279444693212e-01
2.624272279444693212e-01
2.624272279444693212e-01
2.624272279444693212e-01
2.624272279444693212e-01
2.624272279444693212e-01
2.619793999104344517e-01
2.624272279444693212e-01
2.624272279444693212e-01
2.624272279444693212e-01
2.553123600537386406e-01
2.624272279444693212e-01
2.619793999104344517e-01
2.624272279444693212e-01
2.548141513658755963e-01
2.624272279444693212e-01
2.552619793999104103e-01
2.624272279444693212e-01
