1.190204535258370999e+00
1.151934894027760947e+00
1.154466944002610296e+00
1.074939842571067228e+00
1.021399051076036013e+00
9.571019753388519957e-01
9.225498592927934283e-01
8.819364574411662216e-01
9.264145492611172150e-01
9.022737468901654845e-01
8.733553570700270940e-01
8.266378454803757769e-01
7.981429367701238231e-01
7.931971124434112896e-01
7.896332096197508088e-01
7.808930489280416776e-01
7.518370107535647939e-01
7.393993773536170488e-01
7.214901369006349041e-01
7.032117949345406682e-01
6.935723316611596134e-01
7.259676169501203535e-01
6.723676876435958905e-01
6.646835107467674586e-01
6.673464116263577717e-01
6.549478635615919586e-01
6.481368190654865913e-01
6.405617412346872319e-01
6.350585260410294142e-01
6.106148972905366401e-01
6.052323368272223281e-01
5.996217219299317946e-01
5.946952703345704805e-01
5.847438041246927343e-01
5.803628478594826667e-01
5.558023029759237010e-01
5.656072841469875767e-01
5.583832945878706155e-01
5.625769811166848600e-01
5.497913182973747093e-01
5.498864825917316734e-01
5.434068137634761042e-01
5.386978805552157246e-01
5.345038541539207655e-01
5.224519760185978301e-01
5.253354541376065168e-01
5.254428538412387883e-01
5.196786165830580284e-01
5.052272387400246201e-01
5.037175251845502633e-01
5.089372867300190340e-01
5.006321628125128820e-01
5.010852128281469975e-01
4.962600432317787469e-01
4.900553312397187833e-01
4.887502209171111223e-01
4.772489361991380519e-01
4.724363418845247686e-01
4.638661174327378678e-01
4.790706526911097662e-01
4.736055032151934019e-01
4.620226491020568704e-01
4.544910749486792412e-01
4.619546746060878006e-01
4.542331117364764581e-01
4.541104177712522727e-01
4.540016585777015834e-01
4.491210897671194524e-01
4.359612273474989252e-01
4.393793248773061322e-01
4.416031105129357148e-01
4.537297605938251377e-01
4.295988145247902068e-01
4.091520861372811568e-01
4.177712522261645689e-01
4.049135364411271532e-01
4.096890846554371302e-01
4.003154016612962551e-01
4.023301657218205651e-01
4.054814633549490566e-01
3.909893008143347504e-01
3.890180404312302831e-01
3.923759805321044292e-01
3.834407330369641875e-01
3.777750587979388230e-01
3.744864526829534412e-01
3.758309882132224167e-01
3.759621789904427636e-01
3.723214649863369474e-01
3.764155688785569831e-01
3.466835243416672152e-01
3.451744905311526779e-01
3.450657313376019886e-01
3.428361678698152448e-01
3.538752260151989404e-01
3.154152561958750711e-01
3.453104395230908175e-01
3.371181532688931060e-01
3.412727544625259180e-01
3.377924602689071354e-01
3.192313443995812294e-01
3.127506559538866804e-01
3.073453240344228288e-01
3.085906168005764227e-01
3.171418083934905985e-01
3.148714602281225128e-01
3.158095082724958758e-01
3.125331375667849132e-01
3.058716369618120767e-01
3.044033878488793254e-01
3.059260165585873659e-01
3.046005138871901163e-01
3.099772965183462126e-01
3.067145207118289196e-01
3.037236428891881834e-01
3.003113231915383596e-01
3.004472721834768878e-01
3.001753741996003311e-01
2.978577837595324240e-01
2.953491849857933782e-01
2.999170711149177215e-01
3.007871446633224033e-01
2.970349524858270640e-01
2.932827603083322243e-01
2.951860461954675108e-01
2.916513724050736056e-01
2.967086749051758288e-01
2.944655165381949158e-01
2.907133243606998541e-01
2.910939815381268225e-01
2.919640550865315043e-01
2.895713528284188931e-01
2.909580325461885719e-01
2.889187976671152569e-01
2.895169732316434930e-01
2.884293812961377101e-01
2.827739032315076950e-01
2.864853107114211372e-01
2.895713528284187821e-01
2.875729026469269201e-01
2.891635058526040858e-01
2.875321179493453005e-01
2.794866566064410085e-01
2.803540111750071340e-01
2.781788273039956239e-01
2.852474951398230041e-01
2.756365811547507039e-01
2.794448522914208533e-01
2.768329322838071205e-01
2.744266351265000625e-01
2.749704310942537866e-01
2.756365811547507039e-01
2.660793670214935958e-01
2.702530010739969124e-01
2.766833883926751447e-01
2.696548255094687874e-01
2.717620348845111722e-01
2.675112497790825827e-01
2.655763557513221018e-01
2.665551884932775839e-01
2.654404067593839622e-01
2.603423195617005637e-01
2.643453376293216084e-01
2.659162282311676173e-01
2.656443302472913381e-01
2.654404067593839622e-01
2.699946979893147470e-01
2.623679595415797650e-01
2.658618486343925502e-01
2.636730698641870374e-01
2.592955123237764004e-01
2.569435947632449091e-01
2.583030846826271376e-01
2.594994358116833877e-01
2.569435947632449091e-01
2.623815544407740452e-01
2.612939625052683734e-01
2.570795437551832152e-01
2.575553652269669813e-01
2.569435947632449091e-01
2.569435947632449091e-01
2.542246149244803410e-01
2.553122068599864014e-01
2.563997987954920732e-01
2.573514417390596054e-01
2.563454191987170616e-01
2.566037222833989495e-01
2.520494310534686644e-01
2.550403088761097337e-01
2.537216036543089026e-01
2.568212406705005502e-01
2.491945022227660678e-01
2.513696860937777999e-01
2.554889405495061605e-01
2.524572780292833052e-01
2.472912163356308646e-01
2.569435947632449091e-01
2.507769484889265099e-01
2.512337371018396048e-01
2.517775330695924407e-01
2.503636635534350896e-01
2.474271653275690319e-01
2.526068219204156140e-01
2.555569150454748972e-01
2.488138450453391826e-01
2.486507062550133429e-01
2.492811697051265374e-01
2.475631143195074213e-01
2.470193183517543356e-01
2.472912163356310034e-01
2.473727857307938538e-01
2.462036244001251928e-01
2.482428592791983968e-01
2.476990633114455609e-01
2.465027121823891998e-01
2.467474203678780287e-01
2.481069102872603682e-01
2.467474203678780287e-01
2.441371997226641777e-01
2.467474203678780287e-01
2.464211427872262106e-01
2.467474203678780287e-01
2.467474203678780287e-01
2.467474203678780287e-01
2.467474203678780287e-01
2.447897548839677029e-01
2.456598284323723569e-01
2.460812703073808339e-01
2.427777098032819492e-01
2.444634773033158570e-01
2.437021629484617813e-01
2.428048996016693994e-01
2.454423100452712281e-01
2.463123835936757711e-01
2.460948652065743925e-01
2.422882934323044024e-01
2.434846445613606247e-01
2.413094606903490313e-01
2.413094606903490313e-01
2.423916146661771465e-01
2.414725994806750098e-01
2.423970526258549529e-01
2.403306279483936880e-01
2.441371997226641777e-01
2.413094606903490313e-01
2.413094606903490313e-01
2.413094606903490313e-01
2.408744239161466349e-01
2.404393871419443773e-01
2.373941297225278801e-01
2.409913400492130764e-01
2.347839090773140014e-01
2.413094606903490313e-01
2.403306279483936880e-01
2.390255176257868597e-01
2.377204073031798093e-01
2.305694903272293150e-01
2.386720502467482019e-01
2.326359150046903579e-01
2.395965033919270626e-01
2.393517952064385668e-01
2.314531587748277774e-01
2.367415745612247158e-01
2.313443995812770881e-01
2.323776119200077206e-01
2.409831831096971022e-01
2.396780727870902739e-01
2.257568960126163926e-01
2.328806231901792978e-01
2.285411313675100309e-01
2.326631048030779192e-01
2.331525211740554937e-01
2.217464007504383328e-01
2.232472776214362575e-01
2.255529725247090445e-01
2.308277934119119523e-01
2.318610057506423350e-01
2.323776119200077206e-01
2.331525211740554937e-01
2.226300691980369062e-01
2.249683918593743392e-01
2.273067145207121609e-01
2.263822613755324675e-01
2.191905597019997431e-01
2.197071658713652398e-01
2.220454885327027006e-01
2.243838111940400226e-01
2.303111872425466777e-01
2.290604565167149165e-01
2.195168372826516723e-01
2.331525211740554937e-01
2.214609078673683562e-01
2.237992305287058170e-01
2.197098848512025748e-01
2.258656552061668321e-01
2.198431148633033794e-01
2.185380045406963290e-01
2.208763272020337898e-01
2.185380045406963290e-01
2.186019005669072868e-01
2.185380045406963290e-01
2.201693924439548367e-01
2.188642821213477863e-01
2.202917465366994454e-01
2.185380045406963290e-01
2.185380045406963290e-01
2.185380045406963290e-01
2.185380045406963290e-01
2.185380045406963290e-01
2.174776024035784683e-01
2.185380045406963290e-01
2.185380045406963290e-01
2.185380045406963290e-01
2.185380045406963290e-01
2.169066166374375715e-01
2.185923841374717291e-01
2.185380045406963290e-01
2.185380045406963290e-01
2.185380045406963290e-01
2.141876367986732532e-01
2.185380045406963290e-01
2.185380045406963290e-01
2.185380045406963290e-01
2.185380045406963290e-01
2.185380045406963290e-01
2.185380045406963290e-01
2.158190247019320107e-01
2.179942085729439649e-01
2.185380045406963290e-01
2.148265970607824982e-01
2.185380045406963290e-01
2.131000448631676925e-01
2.152752287341788140e-01
2.174504126051907682e-01
2.174776024035784683e-01
2.085321587340432381e-01
2.185380045406963290e-01
2.125562488954144957e-01
2.147314327664264499e-01
1.942575145805294501e-01
2.180078034721370517e-01
2.050110798428429748e-01
2.050654594396182639e-01
2.090351700042142324e-01
2.141876367986732532e-01
2.163628206696852074e-01
2.185380045406963290e-01
2.073358076049869880e-01
2.092934730888969808e-01
2.114686569599089350e-01
2.136438408309200565e-01
2.049431053468739050e-01
1.925445572821069817e-01
2.049838900444552747e-01
2.050382696412307859e-01
2.035700205282977571e-01
2.051470288347812532e-01
2.049431053468739050e-01
2.050382696412305639e-01
2.049702951452616051e-01
2.050246747420368942e-01
2.050790543388121834e-01
2.039370828065309726e-01
2.051878135323626229e-01
2.049159155484863160e-01
1.922318746006501655e-01
2.050110798428429748e-01
2.033253123428089282e-01
1.980504914556052987e-01
1.959296871813696050e-01
1.938088829071329122e-01
1.916880786328969688e-01
1.938632625039089230e-01
2.050518645404243445e-01
1.985806925241648258e-01
1.964598882499288823e-01
1.943390839756922173e-01
2.049431053468739050e-01
2.004975733104936986e-01
2.050382696412307859e-01
1.991108935927241308e-01
1.969900893184874380e-01
1.948692850442514946e-01
1.925309623829136729e-01
1.917152684312845579e-01
1.916880786328969688e-01
1.996410946612826864e-01
1.993012221814375595e-01
1.917808638198933435e-01
1.932786818385743566e-01
1.916880786328969688e-01
1.916880786328969688e-01
1.916880786328969688e-01
1.916880786328969688e-01
1.916880786328969688e-01
