1.142245019581133780e+00
1.054324876553720536e+00
1.045862137465236374e+00
9.844219308700833393e-01
9.493629036835229407e-01
9.225869799648107605e-01
9.059637323344118531e-01
8.943810658947727310e-01
8.637984562120432086e-01
8.626505477041830350e-01
8.308493671604512132e-01
7.840399568647481443e-01
7.779709404620011037e-01
7.571144786877801458e-01
7.570165730177647045e-01
7.270900732164140567e-01
7.131335490095918050e-01
7.029891026732502102e-01
6.860372325330609256e-01
6.798617969237755743e-01
6.773937226857370542e-01
6.737045235257391740e-01
6.507974345876610389e-01
6.486747261479085536e-01
6.354390147000397171e-01
6.411033543333901630e-01
6.399341619842217055e-01
6.383807253533120285e-01
6.182232249276345959e-01
5.888952267438559707e-01
5.833929280889948998e-01
5.935070094784040684e-01
5.877178046427151692e-01
5.873361144219300112e-01
5.822745331744135777e-01
5.576216016800045194e-01
5.603042170384244791e-01
5.424413984902658470e-01
5.253135819285998931e-01
5.512117600317837374e-01
5.458808672455871536e-01
5.350587434020086519e-01
5.320960326919801364e-01
5.257165559906916696e-01
5.237868210454622586e-01
5.079527782507516909e-01
5.391906464612065131e-01
5.230716839775237936e-01
5.168190589704295679e-01
5.113116521936543757e-01
5.035132527385207668e-01
4.986094557012313300e-01
4.886429422782223031e-01
5.205062716385714383e-01
4.830807650831488997e-01
4.865996935126848388e-01
4.910153811226515286e-01
4.888245643907145888e-01
4.756229070889380073e-01
4.725126284125088505e-01
4.726601963789091032e-01
4.688688347806345136e-01
4.701628923321413134e-01
4.699245133094953619e-01
4.672342357682047198e-01
4.675861286111583359e-01
4.624113173278835975e-01
4.615017878426697640e-01
4.631136840910380359e-01
4.565185311311653060e-01
4.629422782223736599e-01
4.574606958397184342e-01
4.492195924853851774e-01
4.461547193370791753e-01
4.514444633634146498e-01
4.548725807367047236e-01
4.495147284181849057e-01
4.491741869572618562e-01
4.468130994948635304e-01
4.390567001532421632e-01
4.343492820250867137e-01
4.448606617855724310e-01
4.389045916340296172e-01
4.445655258527727027e-01
4.434530904137579665e-01
4.347806345422554064e-01
4.280606163800440567e-01
4.265622339519835049e-01
4.171292354844202133e-01
4.118848969862075604e-01
4.405698393779441391e-01
4.314092740791189984e-01
4.294681877518589097e-01
4.190703218116807460e-01
4.136443612009760296e-01
4.087632669277483366e-01
3.970145865259095963e-01
4.222481412111926402e-01
4.182189681593732611e-01
4.086384017254099388e-01
3.979150349054997871e-01
4.032010897326750998e-01
3.980135081446164458e-01
3.975935070094785417e-01
3.956200692434297950e-01
3.970145865259095963e-01
3.966740450649867133e-01
4.007954480958053622e-01
3.954285146716612909e-01
3.947556615017879245e-01
3.899994324308987403e-01
3.917929507917589094e-01
3.896588909699756353e-01
3.936772802088654988e-01
3.945626880072646281e-01
3.948237697939722124e-01
3.869175322095464997e-01
3.850692434303876754e-01
3.882286168340996491e-01
3.880992110789484029e-01
3.903740280379136007e-01
3.910551109597593666e-01
3.831886032124412478e-01
3.838923888983482580e-01
3.816902207843804740e-01
3.829161700437027638e-01
3.813496793234575910e-01
3.815880583461036535e-01
3.805664339633351156e-01
3.795902151086895104e-01
3.758215562744763871e-01
3.816902207843804740e-01
3.810772461547193291e-01
3.814858959078267220e-01
3.778301833248195463e-01
3.746750666893692294e-01
3.730631704410009020e-01
3.757193938361996222e-01
3.809750837164423976e-01
3.687609966513422655e-01
3.805210284352118499e-01
3.744820931948464326e-01
3.752539871729383414e-01
3.732220897894319434e-01
3.706453260684488549e-01
3.694647823372496087e-01
3.666496395936205688e-01
3.670469379646963404e-01
3.667151938248467413e-01
3.731426301152163671e-01
3.658119075997502967e-01
3.669901810545434517e-01
3.665457744480389857e-01
3.680004540552808678e-01
3.657982859413133614e-01
3.661728815483285548e-01
3.659316646801727968e-01
3.657982859413133614e-01
3.664112605709745063e-01
3.666496395936205688e-01
3.657982859413133614e-01
3.657982859413133614e-01
3.615301662977468133e-01
3.633917929507918254e-01
3.661047732561440449e-01
3.651966626936830607e-01
3.627901697031611361e-01
3.661047732561439338e-01
3.600885407798398719e-01
3.623474658039617102e-01
3.602020546001477030e-01
3.657982859413133614e-01
3.633917929507918254e-01
3.541971735058744852e-01
3.594982689142399157e-01
3.514841932005215441e-01
3.451955275554801084e-01
3.550144730120892711e-01
3.545036608207050577e-01
3.538225778988590697e-01
3.527668993699982214e-01
3.519495998637834355e-01
3.442533628469271467e-01
3.588171859923961482e-01
3.546058232589816561e-01
3.512004086497529931e-01
3.434360633407117502e-01
3.335036040637948673e-01
3.433111981383733524e-01
3.474203984335090811e-01
3.521766275043991534e-01
3.412793007548671209e-01
3.492933764685849374e-01
3.467506668936942704e-01
3.423690334298201687e-01
3.370792894034848608e-01
3.391225381690220475e-01
3.391225381690220475e-01
3.391225381690220475e-01
3.380872921278169074e-01
3.345252284465635717e-01
3.365684772121007584e-01
3.381917248424998190e-01
3.391225381690220475e-01
3.391225381690220475e-01
3.230716839775241711e-01
3.276576423179519693e-01
3.335376582098875664e-01
3.359895567285323126e-01
3.136159827458997462e-01
3.135478744537143481e-01
3.219251943924174020e-01
3.265111527328452556e-01
3.310971110732731093e-01
3.104602985413473237e-01
3.116067881264548700e-01
3.157386911856508993e-01
3.207787048073106884e-01
3.253646631477385420e-01
3.104602985413473237e-01
3.104602985413473237e-01
3.104602985413473237e-01
3.150462568817751774e-01
3.025597366479368944e-01
2.848515806799467032e-01
3.104602985413473237e-01
3.104602985413473237e-01
3.100402974062091976e-01
3.040581190759972241e-01
2.959872864521255198e-01
3.033543333900904360e-01
2.906492990521525877e-01
3.104602985413473237e-01
3.096202962710710715e-01
2.996878369941539666e-01
2.976559396106471245e-01
2.891197003235140284e-01
2.759634485498608236e-01
2.691072138032804539e-01
2.657585561042057343e-01
3.083262387195629950e-01
2.997899994324298989e-01
2.912537601452968028e-01
2.827175208581637622e-01
2.708212724899253243e-01
2.665077473182357326e-01
2.571088029967646960e-01
2.956921505193256805e-01
2.933878199670797993e-01
2.764402065951522269e-01
2.725353311765699726e-01
2.656790964299897140e-01
2.487428344400926805e-01
2.527149667972076186e-01
2.879618593563765816e-01
2.754898121346275874e-01
2.719791134570634927e-01
2.999602701628923396e-01
2.508768942618754272e-01
2.474487768885862971e-01
2.466087746183097118e-01
2.736250638515236311e-01
2.759634485498608236e-01
2.525568988024292083e-01
2.530109540836598114e-01
2.470287757534481432e-01
2.487087802940008696e-01
2.503887848345537348e-01
2.749531755491226304e-01
2.636812531925758485e-01
2.551450139054428079e-01
2.466087746183097118e-01
2.466087746183097118e-01
2.466087746183097118e-01
2.466087746183097118e-01
2.578239400647018842e-01
2.572790737272255823e-01
2.485158067994774622e-01
2.466337476587773525e-01
2.466087746183097118e-01
2.466087746183097118e-01
2.466087746183097118e-01
2.594131335490085233e-01
2.504228389806449906e-01
2.466087746183097118e-01
2.466087746183097118e-01
2.466087746183097118e-01
2.466087746183097118e-01
2.450195811340029894e-01
2.523298711618140455e-01
2.466087746183097118e-01
2.441114705715417832e-01
2.466087746183097118e-01
2.438844429309268702e-01
2.448379590215108148e-01
2.457006640558487276e-01
2.409330836029286160e-01
2.446109313808955688e-01
2.427493047278506677e-01
2.436574152903116519e-01
2.445655258527726361e-01
2.454736364152335093e-01
2.409330836029286160e-01
2.401157840967136359e-01
2.425222770872354494e-01
2.434303876496963503e-01
2.443384982121574178e-01
2.452466087746182077e-01
2.409330836029286160e-01
2.403882172654520921e-01
2.418184914013281339e-01
2.432033600090812153e-01
2.409330836029286160e-01
2.360292865656392625e-01
2.409330836029286160e-01
2.406606504341901598e-01
2.395709177592373063e-01
2.384811850842838421e-01
2.344400930813328177e-01
2.409330836029286160e-01
2.457006640558489496e-01
2.466087746183097118e-01
2.398433509279751519e-01
2.387536182530222983e-01
2.349395538906859926e-01
2.409330836029286160e-01
2.409330836029286160e-01
2.409330836029286160e-01
2.394347011748678700e-01
2.374368579374535326e-01
2.379363187468075125e-01
2.334411714626252465e-01
2.314433282252115198e-01
2.349849594188079260e-01
2.399114592201601892e-01
2.379703728928995177e-01
2.359384755093927588e-01
2.339406322719790321e-01
2.319427890345646948e-01
2.299449457971509680e-01
2.284465633690902220e-01
2.384357795561611038e-01
2.364379363187465444e-01
2.344400930813322070e-01
2.324422498439184803e-01
2.249957432317391814e-01
2.284465633690902220e-01
2.389352403655140844e-01
2.284465633690902220e-01
2.349395538906859926e-01
2.206822180600485905e-01
2.286735910097057456e-01
2.275838583347531696e-01
2.385705772177758310e-01
2.373573982632381785e-01
2.284465633690902220e-01
2.198195130257113439e-01
2.232703331630623844e-01
2.261308814348152729e-01
2.284465633690902220e-01
2.284465633690902220e-01
2.155059878540218632e-01
2.187978886429425007e-01
2.266303422441689475e-01
2.258584482660764003e-01
2.284465633690902220e-01
2.284465633690902220e-01
2.284465633690902220e-01
2.142573358306379128e-01
2.213567739372269971e-01
2.247573642090933133e-01
2.284465633690902220e-01
1.998410806515701910e-01
2.052897440263350692e-01
2.107384074011017516e-01
2.161870707758665189e-01
2.216357341506332013e-01
2.272887224019536356e-01
1.984789148078780485e-01
2.039275781826447587e-01
2.093762415574096092e-01
2.148249049321763193e-01
2.212838413076790023e-01
1.943924172768034808e-01
1.975708042454163704e-01
2.025654123389526162e-01
2.080140757137192986e-01
2.134627390884841769e-01
2.189114024632508593e-01
1.943924172768034808e-01
1.959816107611109526e-01
2.012032464952605015e-01
2.066519098700271839e-01
2.121005732447938663e-01
2.175492366195586336e-01
