2.246705284465308594e+00
2.077904948533527918e+00
1.954113010896248115e+00
1.764377234161677244e+00
1.625177656229811696e+00
1.516052586244023503e+00
1.450337008484430701e+00
1.371724665144924415e+00
1.372839054222833921e+00
1.305798053318402818e+00
1.298831775700934221e+00
1.230274774968775242e+00
1.220611352771436842e+00
1.181847840130926697e+00
1.185081183513501779e+00
1.176986519660622399e+00
1.135933933416598318e+00
1.110159782936387840e+00
1.087879538309142857e+00
1.065101856238425349e+00
1.070397088591239498e+00
1.072397605409362908e+00
1.043481631422541689e+00
9.915155691459579534e-01
9.637527455962786593e-01
9.821191696455480180e-01
9.677527025281017492e-01
9.653301175761228592e-01
9.372808906498977244e-01
9.054578147207011929e-01
8.794833972177953374e-01
8.859339334165984292e-01
8.656434385632454376e-01
8.791506955510570709e-01
8.411214953271027861e-01
8.314440759722631080e-01
8.310004737499460115e-01
8.085188853955810329e-01
8.213101339420301183e-01
7.773375253025538445e-01
7.906455919720918324e-01
7.788879796718204407e-01
7.770801929454318469e-01
7.680907877169551590e-01
7.560618459020629345e-01
7.498169602480726503e-01
7.579999138636461797e-01
7.382068564537652700e-01
7.302640079245446003e-01
7.275507127783280570e-01
7.174695292648256562e-01
7.197176881002620430e-01
7.226840087859078832e-01
7.204444635858562318e-01
6.913249924630683330e-01
7.132090098626123753e-01
6.852146948619664002e-01
6.983591024591925267e-01
7.021835565700502713e-01
6.592273569059817762e-01
6.731556053232266024e-01
6.546362892458761351e-01
6.605366294844738917e-01
6.474008355226321676e-01
6.467548128687712339e-01
6.189327705758214115e-01
6.311641328222575842e-01
6.170808389680861872e-01
6.289676557991298322e-01
6.226366337912907500e-01
6.121279986218183256e-01
6.180283388604159711e-01
5.908103277488256921e-01
6.034282268831560048e-01
5.995520909599896253e-01
5.924027735905939007e-01
5.835737973211592156e-01
5.759507300055988210e-01
5.749601619363451377e-01
5.827565786640245271e-01
5.778026616133338234e-01
5.806559283345534839e-01
5.780610706748782190e-01
5.666480037899995770e-01
5.744433438132563463e-01
5.637624359360867698e-01
5.666103191351903323e-01
5.638055041130108913e-01
5.627718678668331975e-01
5.621258452129722638e-01
5.648757483095733223e-01
5.547181187820320325e-01
5.588957319436668181e-01
5.576467548128687390e-01
5.578620956974891243e-01
5.523063008742840063e-01
5.512726646281063125e-01
5.540290279512469773e-01
5.509281192127136739e-01
5.458460743356733369e-01
5.484323183599637552e-01
5.484732331280416373e-01
5.490331194280546612e-01
5.373002713295133015e-01
5.271544855506266058e-01
5.263361901890691863e-01
5.415823248201901974e-01
5.394289159739866779e-01
5.374025582497086173e-01
5.327964167276797447e-01
5.215986907274211548e-01
5.211626254360646193e-01
5.268099401352339672e-01
5.247426676428785797e-01
5.234667729015026749e-01
5.211249407812565959e-01
5.204789181273956622e-01
5.211249407812565959e-01
5.185408501658124170e-01
5.215986907274214879e-01
5.199190318273827494e-01
5.157414186657478528e-01
5.043714199577929991e-01
5.054481243808949253e-01
4.919677850036606737e-01
5.098023170679177873e-01
5.116499418579610881e-01
5.156552823118997209e-01
5.072139196347817958e-01
5.025151815323644078e-01
4.869029673973893080e-01
4.714027305224166020e-01
4.527326758258322092e-01
4.498158835436478209e-01
4.902881261036217131e-01
4.802963090572372473e-01
4.653516516645850865e-01
4.639304018260906881e-01
4.512963521254144128e-01
4.460689521512546940e-01
4.934751711960030929e-01
4.787027865110469182e-01
4.677634695723328906e-01
4.555321073258967735e-01
4.389250183039751785e-01
4.339980188638613567e-01
4.188380205865883665e-01
4.863258538266073683e-01
4.645764244799515108e-01
4.572117662259355675e-01
4.456694948102846721e-01
4.304664283560873939e-01
4.198716568327661713e-01
4.188380205865883665e-01
4.128946121710667105e-01
4.449028812610352213e-01
4.475268099401345512e-01
4.320168827253539345e-01
4.221112020328177672e-01
4.019983634092767488e-01
4.073818855247856585e-01
4.083563030276921024e-01
4.094954563073343046e-01
4.256427925405917856e-01
4.086997717386622875e-01
4.010077953400231210e-01
4.041948404324043898e-01
4.050562039708857087e-01
4.111331237348720413e-01
3.995004091476807018e-01
4.025151815323656512e-01
4.005340453938582845e-01
3.995004091476806463e-01
4.005340453938582845e-01
3.957534777552865757e-01
3.993712046169084484e-01
3.998880227399972398e-01
3.998449545630732294e-01
3.997588182092250420e-01
3.963995004091475649e-01
3.987251819630473482e-01
3.992420000861361395e-01
3.973039321245530608e-01
3.973039321245530608e-01
3.967289719626166944e-01
3.944614324475643197e-01
3.960118868168309714e-01
3.893363193935999722e-01
3.926525690167534388e-01
3.899392738705371175e-01
3.970024548860844882e-01
3.922057366811662060e-01
3.949782505706532776e-01
3.908437055859425024e-01
3.884318876781945873e-01
3.896377966320685449e-01
3.908437055859425024e-01
3.913605237090312938e-01
3.924802963090571750e-01
3.851156380550412317e-01
3.881304104397260146e-01
3.893363193936000832e-01
3.905422283474739298e-01
3.908437055859425024e-01
3.908437055859425024e-01
3.880442740858778827e-01
3.848249278608034674e-01
3.874843877858649699e-01
3.875705241397131018e-01
3.782247297471899028e-01
3.809810930703302900e-01
3.824454110857487543e-01
3.748654119471122592e-01
3.775787070933286360e-01
3.776217752702528685e-01
3.771910935010120980e-01
3.779232525087213301e-01
3.737456393470864335e-01
3.768465480856195704e-01
3.768465480856195704e-01
3.768465480856195704e-01
3.768465480856195704e-01
3.790860932856712218e-01
3.768465480856195704e-01
3.727120031009087397e-01
3.736595029932383016e-01
3.768465480856195704e-01
3.755114346009734150e-01
3.758129118394418766e-01
3.744347301778715997e-01
3.766742753779233066e-01
3.768465480856195704e-01
3.688358671777423603e-01
3.741763211163273151e-01
3.761574572548344042e-01
3.747792755932641273e-01
3.734010939316939059e-01
3.651750721391964216e-01
3.724535940393643441e-01
3.728412076316811596e-01
3.759421163702140745e-01
3.751238210086567659e-01
3.523838235927471696e-01
3.594470046082949843e-01
3.623756406391317464e-01
3.653042766699685640e-01
3.768465480856195704e-01
3.479478013695682104e-01
3.469141651233903501e-01
3.621129247598945389e-01
3.593178000775228975e-01
3.446100176579489083e-01
3.667255265084630178e-01
3.422315775873205901e-01
3.494982557388345845e-01
3.495413239157586505e-01
3.583272320082691031e-01
3.369223480770059398e-01
3.652181403161204876e-01
3.683599638227312845e-01
3.460528015849089201e-01
3.482062104311124950e-01
3.535466643696972833e-01
3.552693914466599767e-01
3.358887118308281905e-01
3.361901890692966521e-01
3.415306430078816069e-01
3.468710969464661731e-01
3.348550755846504967e-01
3.376114389077909950e-01
3.362332572462207181e-01
3.348550755846504967e-01
3.348550755846504967e-01
3.455359834618200177e-01
3.348550755846504967e-01
3.348550755846504967e-01
3.348550755846504967e-01
3.343382574615617053e-01
3.388604160385889075e-01
3.348550755846504967e-01
3.348550755846504967e-01
3.348550755846504967e-01
3.348550755846504967e-01
3.345105301692578581e-01
3.348550755846504967e-01
3.348550755846504967e-01
3.348550755846504967e-01
3.348550755846504967e-01
3.312373487230285685e-01
3.343382574615615943e-01
3.342951892846375284e-01
3.348550755846504967e-01
3.348550755846504967e-01
3.348550755846504967e-01
3.307205305999395550e-01
3.314096214307248323e-01
3.348550755846504967e-01
3.326155303845987898e-01
3.348550755846504967e-01
3.281364399844954316e-01
3.302037124768507637e-01
3.275334855075586749e-01
3.333907575692320324e-01
3.258107584305956483e-01
3.309358714845599958e-01
3.262845083767603183e-01
3.296868943537619723e-01
3.317541668461173598e-01
3.338214393384726919e-01
3.245187131228733923e-01
3.250355312459622947e-01
3.215039407381884984e-01
3.291700762306731809e-01
3.219346225074291579e-01
3.219604634135831978e-01
3.218915543305049809e-01
3.217192816228088281e-01
3.168956458073128313e-01
3.255092811921270202e-01
3.219346225074291579e-01
3.219346225074291579e-01
3.219346225074291579e-01
3.212455316766441027e-01
3.215900770920367413e-01
3.152892028080448994e-01
3.219346225074291579e-01
3.219346225074291579e-01
3.219346225074291579e-01
3.218054179766568490e-01
3.216331452689605852e-01
3.214608725612643214e-01
3.135363280072352987e-01
3.219346225074291579e-01
3.212455316766441027e-01
3.092499676988670343e-01
3.185753047073516253e-01
3.163357595072999739e-01
3.140962143072482671e-01
3.118566691071966157e-01
3.085834876609673261e-01
3.084542831301949617e-01
3.148283733149573882e-01
3.079374650071061703e-01
3.146561006072611244e-01
3.096601920840688638e-01
3.128224729747184907e-01
3.079374650071061703e-01
3.079374650071061703e-01
3.174555321073257996e-01
3.152159869072740928e-01
3.109091692148669983e-01
3.107368965071707345e-01
3.075498514147896323e-01
3.198673500150737148e-01
3.180154184073386570e-01
3.143546233687927738e-01
3.135363280072352987e-01
3.092295103148283153e-01
3.083681467763468853e-01
3.079374650071061703e-01
3.079374650071061703e-01
3.150437141995778290e-01
3.079374650071061703e-01
3.094448511994487561e-01
3.085834876609673261e-01
3.079374650071061703e-01
3.079374650071061703e-01
3.113829191610318348e-01
3.079374650071061703e-01
3.096601920840688638e-01
3.087988285455874893e-01
3.079374650071061703e-01
3.079374650071061703e-01
3.020801929454325907e-01
3.034583746070029231e-01
3.048365562685730334e-01
3.062147379301433103e-01
3.081528058917265556e-01
3.019079202377363269e-01
3.079374650071061703e-01
3.031138291916101735e-01
3.044920108531805059e-01
3.067746242301562787e-01
3.004436022223178071e-01
3.079374650071061703e-01
3.013911021146473690e-01
3.027692837762176459e-01
3.041474654377879783e-01
3.055256470993582552e-01
2.993238296222919814e-01
3.079374650071061703e-01
3.010465566992548414e-01
3.024247383608251183e-01
3.038029200223954507e-01
3.003574658684697307e-01
