1.239645785825392421e+00
1.170855860277572047e+00
1.130146903363184574e+00
1.105140107525258042e+00
1.053367715239289071e+00
1.023342570638959170e+00
9.519836295815276017e-01
9.955827053475693189e-01
9.657771040669315132e-01
9.321990576438075049e-01
8.697158584653487123e-01
8.309818475618043765e-01
7.999558270534753435e-01
7.754960961686576670e-01
7.833454777474064823e-01
7.677571469562197715e-01
7.559642916471603913e-01
7.365485826902459232e-01
7.086090052403460904e-01
6.878703731670114951e-01
6.951085068788983579e-01
6.867571771599438879e-01
6.617560445202893549e-01
6.515396348369756341e-01
6.511620882854854964e-01
6.371571877312472987e-01
6.116254134134738729e-01
6.061283356237824327e-01
6.244176344443269633e-01
6.105248652158811185e-01
5.946854659679537969e-01
5.811196520530982346e-01
5.775405107449749220e-01
5.753409245359952795e-01
5.747240134708611059e-01
5.747013606777716666e-01
5.729646465409186096e-01
5.689324493710075092e-01
5.582629838259058896e-01
5.562937010133349736e-01
5.566055544648652598e-01
5.522373408641283454e-01
5.332503360164309036e-01
5.285417641995258098e-01
5.329660434631591226e-01
5.280970143618711754e-01
5.402691151819020154e-01
5.176238730235436236e-01
5.086307141670568521e-01
5.034809792047360011e-01
5.023130389477022950e-01
4.888350046060683796e-01
4.854878656538351711e-01
4.872087228355255761e-01
4.937047888004591489e-01
4.875605962215136535e-01
4.920592521557907162e-01
4.736925562921907584e-01
4.825422474591118394e-01
4.753160064635970072e-01
4.711327906730899961e-01
4.709893229835238060e-01
4.671458990893578855e-01
4.701285168461270536e-01
4.660057085038586955e-01
4.716084993279671123e-01
4.487895857559237589e-01
4.570956098886992947e-01
4.446063699654168588e-01
4.441986196898077832e-01
4.637849796879956465e-01
4.475814367911563618e-01
4.418427292085112534e-01
4.370256127580531280e-01
4.289381880785901324e-01
4.340524336650708470e-01
4.142063216394581415e-01
4.437078091728717810e-01
4.135390081097001791e-01
4.244906897020403469e-01
4.287796185269642235e-01
4.091849525046430958e-01
4.095322953320143511e-01
4.083996556775450482e-01
4.081621788966575681e-01
4.103326940211730056e-01
4.072972197471952382e-01
4.087318966428559741e-01
4.058247881963845671e-01
4.078003005270538495e-01
4.083996556775453257e-01
4.043146019904252930e-01
3.996209432623042401e-01
4.024042164398870525e-01
4.066629415406917136e-01
3.997991452346073560e-01
3.985003850974825346e-01
4.011281090958515594e-01
3.985607925457209100e-01
3.985003850974825346e-01
3.984324267182143831e-01
3.998973073379946119e-01
3.986287509249888950e-01
4.020281800746028367e-01
3.954045033752661698e-01
3.982889590286481929e-01
3.953667487201170117e-01
3.923463763081987965e-01
3.981228385459926744e-01
3.967259163054803195e-01
3.971865230982976058e-01
3.940453357899028064e-01
3.958802120301432859e-01
3.929202470664632796e-01
3.947098177205252134e-01
3.917653321654543941e-01
3.941208451002007340e-01
3.944530860655117710e-01
3.775918570759775328e-01
3.815183412114715455e-01
3.846293247957474626e-01
3.877403083800232686e-01
3.877705121041423730e-01
3.714997659211380365e-01
3.730990531132489241e-01
3.775042662760319523e-01
3.838515788996782474e-01
3.830904450518758941e-01
3.615612304997207205e-01
3.664240300829092467e-01
3.688656236313935244e-01
3.791530120663880177e-01
3.785885799719108102e-01
3.772603712037697066e-01
3.595602337768247780e-01
3.627618285334582859e-01
3.651365963423292560e-01
3.571816905024390865e-01
3.561623148134165917e-01
3.604714423788463740e-01
3.586314692601598741e-01
3.619538789132700218e-01
3.544482534696528631e-01
3.489209719558422074e-01
3.513674736094960505e-01
3.514882885059727458e-01
3.496081066795536652e-01
3.560112961928204589e-01
3.548333509521723883e-01
3.468520168536775583e-01
3.434465469592400400e-01
3.436881767521938746e-01
3.434918525454199179e-01
3.485660781974418421e-01
3.486038328525907226e-01
3.443753114759050549e-01
3.356011296192815130e-01
3.422912545116815197e-01
3.379721219626384832e-01
3.428500234078868392e-01
3.455306039234636861e-01
3.343929806545152261e-01
3.276651011069666164e-01
3.329507528278238260e-01
3.369678481356750410e-01
3.398900584442063333e-01
3.399806696165638131e-01
3.207526012957402917e-01
3.267514384523613757e-01
3.166331908724350219e-01
3.320370901732187519e-01
3.399806696165638131e-01
3.104414274280019037e-01
3.190192850778498235e-01
3.219188425932925091e-01
3.274763278312221582e-01
3.124197713578101276e-01
3.052463868795022850e-01
3.091426672908771933e-01
3.166633945965539043e-01
3.042496639835691186e-01
3.052463868795022850e-01
3.052788558829333532e-01
3.337587024480132003e-01
3.071945270851900722e-01
3.118156968754250413e-01
3.043402751559267649e-01
3.057598501895285592e-01
2.915640998535118378e-01
2.973858676774843723e-01
3.063412718788224298e-01
3.047933310177144972e-01
2.923796004047309882e-01
2.940408052312859510e-01
3.037059969494238509e-01
2.964571031608197460e-01
3.052463868795022850e-01
2.743177733814576302e-01
3.045214975006418356e-01
2.817780932388970205e-01
2.883020976486405651e-01
2.840660253409256764e-01
2.604165093556034538e-01
2.738496156576111229e-01
2.721959617620853256e-01
2.788785357234545015e-01
2.860085023483389111e-01
2.604844677348716053e-01
2.601220230454414084e-01
2.633840252503138468e-01
2.688357974538270190e-01
2.599408007007263377e-01
2.599408007007263377e-01
2.909456786021713537e-01
2.599408007007263377e-01
2.614585378377161096e-01
2.675294863856719774e-01
2.599408007007263377e-01
2.733286014165551836e-01
2.842547986166698570e-01
2.599408007007263377e-01
2.599408007007263377e-01
2.591253001495084085e-01
2.599408007007263377e-01
2.599408007007263377e-01
2.599408007007263377e-01
2.568449189785102504e-01
2.593216243562831425e-01
2.593291752873128075e-01
2.585136747360948783e-01
2.502982617756769335e-01
2.537490372562936081e-01
2.562257426340670552e-01
2.587024480118400027e-01
2.595330504251172066e-01
2.587175498738994439e-01
2.486144041560324758e-01
2.531298609118504128e-01
2.556065662896234714e-01
2.580832716673964189e-01
2.448766932962836151e-01
2.551459594968068512e-01
2.496488817071145228e-01
2.498603077759488644e-01
2.522464019813644431e-01
2.503360164308260916e-01
2.444613920896445969e-01
2.530090460153734400e-01
2.477838017427551054e-01
2.494450065693101237e-01
2.411993898847726858e-01
2.408369451953425167e-01
2.444613920896445969e-01
2.453448510201307886e-01
2.430342661250131098e-01
2.421583581255569440e-01
2.303033964087768670e-01
2.411314315055045343e-01
2.399534862648562972e-01
2.419846867118710942e-01
2.430795717111921828e-01
2.486144041560324758e-01
2.334143799930533392e-01
2.407916396091638322e-01
2.399761390579459031e-01
2.399836899889759567e-01
2.428379419182383481e-01
2.393645136445323729e-01
2.418110152981862160e-01
2.376712173611010281e-01
2.340486581995560589e-01
2.393645136445323729e-01
2.393645136445323729e-01
2.418638718153946487e-01
2.194589380370605969e-01
2.255689626530956171e-01
2.327196943383122441e-01
2.380355497832885581e-01
2.393645136445323729e-01
2.281589319963152340e-01
2.247157074467281135e-01
2.260748750320921152e-01
2.405877644713591557e-01
2.362988356464357786e-01
2.115695365238549897e-01
2.393645136445323729e-01
2.225636921032365934e-01
2.230545026201731229e-01
2.250932539982179736e-01
2.347659966473864823e-01
2.393645136445323729e-01
2.393645136445323729e-01
2.165244574656062515e-01
2.209704456559497265e-01
2.251083558602779422e-01
2.322364347524051020e-01
2.010435386683177839e-01
2.072368122989562966e-01
2.133062506607072417e-01
2.194376066569015127e-01
2.255689626530956171e-01
2.317003186492898881e-01
2.373106604044297185e-01
2.052796109760335053e-01
2.117734116616590279e-01
2.179047676578520776e-01
2.010435386683177839e-01
2.010435386683177839e-01
2.010435386683177839e-01
2.038675868734609320e-01
2.010435386683177839e-01
2.023725025295638746e-01
2.010435386683177839e-01
2.010435386683177839e-01
2.010435386683177839e-01
2.024555627708902183e-01
2.081036591811766534e-01
2.112927949016121798e-01
2.010435386683177839e-01
2.010435386683177839e-01
2.000468157723848950e-01
2.010435386683177839e-01
2.010435386683177839e-01
2.000770194965038606e-01
2.147484784873982533e-01
2.010435386683177839e-01
2.010435386683177839e-01
2.007943579443347004e-01
2.006810939788876147e-01
2.001978343929804727e-01
1.997145748070737192e-01
2.010435386683177839e-01
1.999981122672421507e-01
2.005451772203513394e-01
2.008019088753643377e-01
2.003186492894573068e-01
1.998353897035503035e-01
1.993521301176434113e-01
1.971246054638536860e-01
2.002959964963679784e-01
2.009227237718409220e-01
2.004394641859341686e-01
1.999562046000271376e-01
1.964827763263211902e-01
1.990304604557735224e-01
1.975097029463733223e-01
1.948140205687361459e-01
2.005602790824107529e-01
2.000770194965038606e-01
1.963544104988145522e-01
1.968678738088404101e-01
1.973813371188666843e-01
1.921183381910985533e-01
1.971397073259133770e-01
1.957125813612819176e-01
1.962260446713079143e-01
1.967395079813341885e-01
1.972529712913601851e-01
1.977664346013863206e-01
2.008019088753643377e-01
2.003186492894573068e-01
1.960976788438015539e-01
1.931226120180617456e-01
1.971246054638536860e-01
1.921560928462478501e-01
1.935756678798504771e-01
1.980231662563993189e-01
1.940362746726672361e-01
1.950329975686003747e-01
1.949937327272453225e-01
1.922769077427245732e-01
1.917936481568176810e-01
1.927903710527508474e-01
1.937870939486837363e-01
1.947838168446170137e-01
1.968678738088404101e-01
1.923977226392012962e-01
1.917936481568176810e-01
1.925411903287674864e-01
1.935379132247007639e-01
1.934850567074920535e-01
1.967395079813341885e-01
1.972529712913601851e-01
1.920352779497711271e-01
1.922920096047841254e-01
1.980231662563993189e-01
1.942854553966505693e-01
1.917936481568176810e-01
1.952217708443452493e-01
1.917936481568176810e-01
1.920428288808010420e-01
1.930395517767339308e-01
1.940362746726672361e-01
1.917936481568176810e-01
1.917936481568176810e-01
