1.791391990947999613e+00
1.609460323707383456e+00
1.572864908742066747e+00
1.452628277660254152e+00
1.322577114183106195e+00
1.261032124760171014e+00
1.204801495547793699e+00
1.192630491464552467e+00
1.165426526295074927e+00
1.130869041176759682e+00
1.087574408422294692e+00
1.020563782161656885e+00
1.014365130122497405e+00
9.770256309342252310e-01
9.685381512274308102e-01
9.594627834899394081e-01
9.357074334628818768e-01
9.016615831160522676e-01
8.745732277266689003e-01
8.486926255718992840e-01
8.755276233580943090e-01
8.117282432232989509e-01
7.976693560289269680e-01
7.842303340384709776e-01
7.558124661779892506e-01
7.494613076204064139e-01
7.288335711123137273e-01
7.254390711861071761e-01
7.040943080631673068e-01
7.290795493678358108e-01
7.100998671717418942e-01
6.889850937177153245e-01
6.710926354110297032e-01
6.733482560141683670e-01
6.732424853642938745e-01
6.677928371131990337e-01
6.587297682884830641e-01
6.474393663600135351e-01
6.407795050917498569e-01
6.423968121218083249e-01
6.416096817041372358e-01
6.361243666059918089e-01
6.148472475033206486e-01
6.117024155064693103e-01
6.103704432528164192e-01
5.954703104245575584e-01
6.149456388055296596e-01
5.781472917794067135e-01
5.799183352191666918e-01
5.819353569144487537e-01
5.787671569833222618e-01
5.610764008461649466e-01
5.516308358341120988e-01
5.508547744379392874e-01
5.576819009199586175e-01
5.549269444581098609e-01
5.458257490037878856e-01
5.468367196339842806e-01
5.453829881438480021e-01
5.484331185123235697e-01
5.398263393516011810e-01
5.404142273822992726e-01
5.249175972844000171e-01
5.312638362768731248e-01
5.334284449254687033e-01
5.159639887833914473e-01
5.197520539184337096e-01
5.252619668421310006e-01
5.128646627638115962e-01
5.128363752644262696e-01
5.138534953510108805e-01
5.017956412653120646e-01
5.134550105770649964e-01
5.017956412653120646e-01
5.071087715845919996e-01
5.017956412653120646e-01
4.931864023220346449e-01
5.007133369410144974e-01
4.736065331824668156e-01
4.777881635263441784e-01
4.774437939686131949e-01
4.899886850002459493e-01
4.908742067201259940e-01
4.709991636739310761e-01
4.700152506518422424e-01
4.614847247503319760e-01
4.639149899148914957e-01
4.535347075318540977e-01
4.770010331086732558e-01
4.631426181925517582e-01
4.691789245830667032e-01
4.538298814384808533e-01
4.525999901608698250e-01
4.374674078811428557e-01
4.509765336744230857e-01
4.391203817582526869e-01
4.353815122743150412e-01
4.379396861317459422e-01
4.356975943326605871e-01
4.321837949525262901e-01
4.305603384660795507e-01
4.311998819304374564e-01
4.300683819550351616e-01
4.255423820534264268e-01
4.322329906036306291e-01
4.144733605549268951e-01
4.054152112953211540e-01
4.206720125940867638e-01
4.309047080238105898e-01
4.262803168199930104e-01
4.065036650760073811e-01
4.024204260343383632e-01
4.020760564766073797e-01
4.046834259851431193e-01
3.934176218822253990e-01
3.965292468145813487e-01
4.058641216116494754e-01
3.879077089585279969e-01
3.864318394253948297e-01
3.751660353224774425e-01
3.623800856004328885e-01
3.935652088355388045e-01
3.890392089339301807e-01
3.931716436267033155e-01
3.758547744379395761e-01
3.695085354454664128e-01
3.633283317754708586e-01
3.574064052737735975e-01
3.852597530378311652e-01
3.566684705072070694e-01
3.566684705072070694e-01
3.701972745609286575e-01
3.642937964283955443e-01
3.581443400403401811e-01
3.556845574851182357e-01
3.557337531362226302e-01
3.596263590298617863e-01
3.565208835538937748e-01
3.528804053721650846e-01
3.516505140945538344e-01
3.549466227185516520e-01
3.433856447090076758e-01
3.431507354749837035e-01
3.495351010970629280e-01
3.499286663058984170e-01
3.482560141683474497e-01
3.308407536773748103e-01
3.500910119545423971e-01
3.431396664534854812e-01
3.405814925960545247e-01
3.352683622767747007e-01
3.406798838982633137e-01
3.429478034141782428e-01
3.424017316869187311e-01
3.396959708761744801e-01
3.377281448319967572e-01
3.357603187878190898e-01
3.337924927436413669e-01
3.295616667486593876e-01
3.419589708269789030e-01
3.413686230137256694e-01
3.323166232105082551e-01
3.299552319574948767e-01
3.329069710237613777e-01
3.289221232843017040e-01
3.308407536773748103e-01
3.269051015890194201e-01
3.276922320066906202e-01
3.305455797707483323e-01
3.298568406552860877e-01
3.320214493038815551e-01
3.259211885669306974e-01
3.259211885669306974e-01
3.259211885669306974e-01
3.259211885669306974e-01
3.250098391302204681e-01
3.249372755448417527e-01
3.254784277069906473e-01
3.265115363801839310e-01
3.104737541201357254e-01
3.259211885669306974e-01
3.195257539233530286e-01
3.237639592660008780e-01
3.240517538249618745e-01
3.253308407536773528e-01
3.241501451271707746e-01
3.192797756678309451e-01
3.156392974861021994e-01
3.193781669700398451e-01
3.179514930880110168e-01
3.256260146603040528e-01
3.244453190337974746e-01
3.137403453534702846e-01
3.108673193289712700e-01
3.134254931864022820e-01
3.163772322526688385e-01
3.259211885669306974e-01
3.068332759384070907e-01
3.076696020071825188e-01
3.102277758646134753e-01
3.092438628425245861e-01
3.150981453239533603e-01
2.959610370443251925e-01
2.974861022285627543e-01
3.070300585428247242e-01
3.095882324002557917e-01
3.121464062576868037e-01
3.123431888621046593e-01
2.967481674619962262e-01
2.970433413686229263e-01
2.951739066266541034e-01
3.045210803364982177e-01
2.951739066266541034e-01
2.968957544153095207e-01
2.960594283465340926e-01
2.951739066266541034e-01
2.951739066266541034e-01
3.027992325478428004e-01
2.987159935061738936e-01
2.971417326708318263e-01
2.951739066266541034e-01
2.951739066266541034e-01
2.951739066266541034e-01
2.978304717862939044e-01
2.951739066266541034e-01
2.947311457667140533e-01
2.939440153490430752e-01
2.954198848821761869e-01
2.951739066266541034e-01
2.951739066266541034e-01
2.944851675111919698e-01
2.946819501156097698e-01
2.939440153490430752e-01
2.939440153490430752e-01
2.945835588134007588e-01
2.924681458159097414e-01
2.951739066266541034e-01
2.939440153490430752e-01
2.939661533920396863e-01
2.939440153490430752e-01
2.936980370935209916e-01
2.927141240714320469e-01
2.917302110493432132e-01
2.942957642544398733e-01
2.939440153490430752e-01
2.939440153490430752e-01
2.939440153490430752e-01
2.929601023269541304e-01
2.915826240960297522e-01
2.904019284695231740e-01
2.939440153490430752e-01
2.932060805824764360e-01
2.939440153490430752e-01
2.932060805824765470e-01
2.918777980026565078e-01
2.906971023761499295e-01
2.890244502385987402e-01
2.883357111231366066e-01
2.932552762335809415e-01
2.934520588379985750e-01
2.921729719092831523e-01
2.909922762827765186e-01
2.867122546366899782e-01
2.882865154720320455e-01
2.869151866974949949e-01
2.921237762581788133e-01
2.907893442219705027e-01
2.862202981256455891e-01
2.859743198701233946e-01
2.861711024745413057e-01
2.818763221331235247e-01
2.939440153490430752e-01
2.927633197225363859e-01
2.865646676833766837e-01
2.904019284695231740e-01
2.861219068234367446e-01
2.811531460618880707e-01
2.853852019481475377e-01
2.791361243666056757e-01
2.803660156442169815e-01
2.817434938751411933e-01
2.809071678063657651e-01
2.810055591085744986e-01
2.844000590347813273e-01
2.823830373394990989e-01
2.800216460864857759e-01
2.813991243174102652e-01
2.779554287400992085e-01
2.800216460864857759e-01
2.788409504599791977e-01
2.782997982978303586e-01
2.796772765287548479e-01
2.779554287400992085e-01
2.824322329906035489e-01
2.779554287400992085e-01
2.791361243666057868e-01
2.865646676833766837e-01
2.793329069710236423e-01
2.779554287400992085e-01
2.779554287400992085e-01
2.834653416637968326e-01
2.779554287400992085e-01
2.779554287400992085e-01
2.789885374132924922e-01
2.803660156442169815e-01
2.779554287400992085e-01
2.779554287400992085e-01
2.779554287400992085e-01
2.764795592069659858e-01
2.779554287400992085e-01
2.779554287400992085e-01
2.627047768977221476e-01
2.722475033207043538e-01
2.707236680277462226e-01
2.779554287400992085e-01
2.764303635558615357e-01
2.779554287400992085e-01
2.779554287400992085e-01
2.694593397943620960e-01
2.696905593545529389e-01
2.779554287400992085e-01
2.779554287400992085e-01
2.718551680031482953e-01
2.707728636788506726e-01
2.645250159885865204e-01
2.686574506813596552e-01
2.779554287400992085e-01
2.769223200669059248e-01
2.779554287400992085e-01
2.672799724504352215e-01
2.671360751709546677e-01
2.676243420081663715e-01
2.717567767009395063e-01
2.758892113937126411e-01
2.749052983716239185e-01
2.688050376346728387e-01
2.624587986421999530e-01
2.665912333349730878e-01
2.707236680277462226e-01
2.748561027205193574e-01
2.535506961184546548e-01
2.496679293550448098e-01
2.779554287400992085e-01
2.457322772666894195e-01
2.696905593545529389e-01
2.738229940473260737e-01
2.521277119102671160e-01
2.501598858660892821e-01
2.481920598219116980e-01
2.462242337777337808e-01
2.442564077335561967e-01
2.521277119102671160e-01
2.521277119102671160e-01
2.506518423771338933e-01
2.486840163329560593e-01
2.467161902887784752e-01
2.676243420081663715e-01
2.424853642937964682e-01
2.176415604860529596e-01
2.749052983716239185e-01
2.201997343434840271e-01
2.472081467998228366e-01
2.452403207556450304e-01
2.432724947114674463e-01
2.521277119102671160e-01
2.516357553992227269e-01
2.496679293550448098e-01
2.477001033108673367e-01
2.445515816401829245e-01
2.262016037782259847e-01
2.201013430412750438e-01
2.521277119102671160e-01
2.334333644905784155e-01
2.366802774634721440e-01
2.190682343680815380e-01
2.277266689624636298e-01
2.216264082255126888e-01
2.158213213951885867e-01
2.165432675751459146e-01
2.414522556206030734e-01
2.353519948836523545e-01
2.292517341467013858e-01
2.231514734097506669e-01
2.185037142716575731e-01
2.160672996507108645e-01
2.140010823043242971e-01
2.368770600678899996e-01
2.307767993309390586e-01
2.246765385939883120e-01
2.185762778570373710e-01
2.140010823043242971e-01
2.181827126482019930e-01
2.140010823043242971e-01
2.323018645151767037e-01
2.262016037782259847e-01
