1.144881010489864570e+00
1.169973337876792474e+00
1.188470128291321926e+00
1.119226660281264607e+00
1.063409804661957558e+00
9.912615927280096217e-01
9.609416012009468488e-01
9.605013768523039674e-01
9.463478877519949650e-01
9.612570339193781122e-01
9.103526399646346690e-01
8.398338567521022036e-01
7.982165388051316590e-01
7.974717031524821698e-01
7.893993884749637147e-01
8.190298026358194816e-01
7.545576574170436146e-01
7.408754754515065599e-01
7.004869636492572216e-01
6.740313682872693946e-01
6.692054779381291230e-01
6.729998802737127139e-01
6.519098645251011348e-01
6.398642488096444314e-01
6.329652517475433671e-01
6.224477578950274870e-01
6.083016365662502478e-01
5.986038072959358747e-01
6.047252742192438246e-01
5.993774233061032186e-01
5.823675412825447539e-01
5.620688702443336071e-01
5.525835551339554064e-01
5.342371133071164291e-01
5.280297657969627023e-01
5.555760215875703567e-01
5.402476031718247418e-01
5.357518810841674917e-01
5.143257107597094535e-01
5.075397629419493573e-01
5.025853970768361378e-01
4.976469179690738431e-01
4.919345926082832055e-01
4.811859349241583428e-01
4.934880411858428295e-01
4.771921422716682848e-01
4.812075777530139264e-01
4.570320774352788495e-01
4.589219108315452100e-01
4.522430259437658639e-01
4.418544680929444857e-01
4.464213352243942556e-01
4.463888709811109634e-01
4.292555787845018789e-01
4.416262974185160006e-01
4.333605787384534613e-01
4.382903086175297669e-01
4.269294351682154653e-01
4.217220323997754039e-01
4.246230924379036931e-01
4.200090255201185951e-01
4.188117626472404598e-01
4.156528306057229449e-01
4.108637791142096818e-01
4.158204474079258972e-01
4.141884860150486514e-01
4.104309225370921799e-01
4.095375802396367670e-01
3.973552002652399051e-01
4.033525662869194006e-01
3.941757766091673609e-01
3.932548051684917612e-01
4.028697470091452404e-01
3.980806955176318662e-01
3.927206417328999999e-01
3.921772685829013061e-01
3.819729050202154697e-01
3.734631289083725769e-01
3.752313940744698706e-01
3.728737071863402197e-01
3.876460890947769911e-01
3.812833276540097405e-01
3.747352207108061162e-01
3.739144049143037218e-01
3.728460780431200328e-01
3.687569648465202632e-01
3.637906263526768380e-01
3.696779362871956964e-01
3.693187574253322669e-01
3.632495556312798080e-01
3.630008933422972928e-01
3.578630239176282535e-01
3.620269660437830384e-01
3.643731407889042040e-01
3.595104115821369795e-01
3.548687155211318611e-01
3.621720190456893529e-01
3.524281412033412053e-01
3.511848297584295731e-01
3.526597655206711868e-01
3.552278943829951241e-01
3.491402731601294107e-01
3.482561405770808749e-01
3.487903040126726362e-01
3.474180565660660580e-01
3.458800342601377475e-01
3.472983302787779891e-01
3.452721931092918028e-01
3.437525902321769133e-01
3.440565108076000245e-01
3.447380296737000416e-01
3.455484845414944495e-01
3.464602462677631722e-01
3.435868153728554031e-01
3.429329256499760725e-01
3.434486696567543573e-01
3.445354159567511898e-01
3.440196719499729050e-01
3.386149510503679294e-01
3.415238393457420418e-01
3.412625136994503205e-01
3.414501616304880249e-01
3.428960867923486200e-01
3.410173050533703565e-01
3.370202890008382468e-01
3.373794678627015653e-01
3.397463644652379822e-01
3.406028679050666086e-01
3.394977021762554670e-01
3.403542056160839269e-01
3.313378952118695153e-01
3.319641557915291030e-01
3.379412604415139021e-01
3.397555741796448592e-01
3.323417540822060645e-01
3.345336661110139831e-01
3.313655243550897023e-01
3.307392637754304476e-01
3.301130031957709710e-01
3.340616682476672539e-01
3.321851889372908762e-01
3.307208443466169712e-01
3.247253202678185291e-01
3.248174174118862445e-01
3.262172940017131761e-01
3.276540094491668942e-01
3.290170471813669284e-01
3.302511489118720167e-01
3.231320396754500113e-01
3.224321013805365177e-01
3.275895414483202539e-01
3.244835652646415047e-01
3.278411968944845989e-01
3.290170471813669284e-01
3.198994299186782020e-01
3.219255670881646103e-01
3.223400042364686913e-01
3.235464768237535371e-01
3.166668201619067813e-01
3.162431732991959898e-01
3.129829343992042157e-01
3.130842412576786415e-01
3.172654515983460155e-01
3.136736629797109432e-01
3.223694753225699872e-01
3.162984315856367523e-01
3.142884114163607689e-01
3.139499544119134788e-01
3.161971247271624930e-01
3.163536898720771817e-01
3.163536898720771817e-01
3.163536898720771817e-01
3.141065195568286117e-01
3.063611497407465190e-01
3.083872869102330938e-01
3.099713577881954008e-01
3.024009725458415843e-01
3.023088754017738689e-01
3.036350742763467836e-01
3.032022176992291151e-01
3.023088754017738689e-01
3.008502868826035681e-01
3.023641336882142983e-01
2.897007763789243850e-01
3.021799394000792560e-01
3.023088754017738689e-01
3.023088754017738689e-01
3.023088754017738689e-01
2.931544192814580785e-01
2.899494386679070113e-01
3.022444074009265624e-01
3.019865353975373368e-01
2.993709765060186268e-01
2.991223142170362781e-01
2.927584015619675295e-01
2.905112312467191260e-01
2.882640609314706115e-01
2.882640609314706115e-01
2.992880890763576773e-01
2.947937484458604818e-01
2.922887061272229081e-01
2.903362466729906832e-01
2.886784980797745259e-01
2.899494386679070113e-01
2.882640609314706115e-01
2.954200090255202360e-01
2.867905066263896074e-01
2.895257918051960533e-01
2.857037603263921643e-01
2.882640609314706115e-01
2.854643077518166927e-01
2.860537294738490499e-01
2.866431511958815181e-01
2.863944889068990585e-01
2.862655529052044456e-01
2.847275305992763017e-01
2.849946123170720713e-01
2.859063740433409606e-01
2.850590803179195443e-01
2.845801751687680459e-01
2.846025087262041287e-01
2.845801751687680459e-01
2.849117248874111219e-01
2.857590186128328713e-01
2.845801751687680459e-01
2.845801751687680459e-01
2.860997780458827133e-01
2.844604488814801435e-01
2.845801751687680459e-01
2.856116631823247820e-01
2.838710271594478418e-01
2.836131551560586161e-01
2.833552831526693905e-01
2.843407225941924632e-01
2.844512391670734330e-01
2.841933671636842074e-01
2.839516121605066834e-01
2.832631860086020081e-01
2.837420911577532290e-01
2.842209963069045608e-01
2.829684751475857185e-01
2.826000865713156340e-01
2.820843425645371827e-01
2.823053757102992889e-01
2.825264088560614506e-01
2.841012700196167140e-01
2.845801751687680459e-01
2.804542231145413789e-01
2.820290842780966423e-01
2.822501174238587485e-01
2.824711505696208547e-01
2.826921837153830164e-01
2.834750094399570708e-01
2.808186975621888015e-01
2.819738259916562129e-01
2.799753179653899915e-01
2.824158922831803142e-01
2.803621259704737190e-01
2.839815437323286451e-01
2.816330665586063708e-01
2.806936756891169615e-01
2.811725808382682934e-01
2.806844659747102511e-01
2.804265939713210254e-01
2.801687219679319107e-01
2.802423996831861497e-01
2.805739494018292257e-01
2.810528545509804466e-01
2.799753179653899915e-01
2.756743813374348817e-01
2.791740728120022941e-01
2.799753179653899915e-01
2.804542231145413789e-01
2.809331282636927107e-01
2.799753179653899915e-01
2.731380259898143481e-01
2.802976579696264126e-01
2.799753179653899915e-01
2.799753179653899915e-01
2.799753179653899915e-01
2.799753179653899915e-01
2.799753179653899915e-01
2.748362973264203979e-01
2.782623110857337378e-01
2.789516582090785235e-01
2.799753179653899915e-01
2.671277663679652026e-01
2.722299481493080653e-01
2.739797938865916049e-01
2.775992116484468641e-01
2.591613634061212812e-01
2.799753179653899915e-01
2.799753179653899915e-01
2.696972766874502492e-01
2.736390344535417629e-01
2.765493042060768181e-01
2.799753179653899915e-01
2.792293310984428900e-01
2.799753179653899915e-01
2.633794126044154971e-01
2.722667870069353513e-01
2.756928007662485247e-01
2.791188145255625308e-01
2.784004568018346171e-01
2.608835800001844674e-01
2.693012589679593671e-01
2.714102835671072245e-01
2.748362973264198983e-01
2.585627319696817694e-01
2.605151914239136057e-01
2.605520302815410583e-01
2.628452491688235693e-01
2.639135760400070918e-01
2.737219218832030454e-01
2.774058076459049449e-01
2.588942816883251785e-01
2.602204805628979267e-01
2.625781674510275776e-01
2.636464943222109891e-01
2.501542627163132471e-01
2.650463709120385869e-01
2.585627319696817694e-01
2.598889308442548507e-01
2.605888691391679557e-01
2.620624234442492928e-01
2.507436844383459373e-01
2.585627319696817694e-01
2.585627319696817694e-01
2.595573811256113861e-01
2.548880559213855812e-01
2.622097788747572156e-01
2.506884261519048418e-01
2.485886112671649162e-01
2.465440546688645596e-01
2.592258314069679770e-01
2.598520919866275647e-01
2.613256462917087353e-01
2.512133798730902257e-01
2.491135649883494396e-01
2.470137501036094863e-01
2.588942816883251785e-01
2.454388889400540841e-01
2.520975124561385394e-01
2.517383335942748879e-01
2.496385187095347957e-01
2.473913483942859481e-01
2.454388889400540841e-01
2.556893010747732786e-01
2.516646558790210375e-01
2.499424392849575460e-01
2.471463699910658451e-01
2.478794632578442125e-01
2.459270038036118489e-01
2.569878708061263395e-01
2.454388889400540841e-01
2.501450530019065366e-01
2.477873661137765249e-01
2.483675781214027822e-01
2.464151186671701133e-01
2.454388889400540841e-01
2.454388889400540841e-01
2.508265718680058876e-01
2.481004964036064853e-01
2.488556929849602140e-01
2.469032335307283499e-01
2.454388889400540841e-01
2.454388889400540841e-01
2.448494672180215881e-01
2.449968226485296774e-01
2.451441780790379332e-01
2.473913483942859481e-01
2.454388889400540841e-01
2.446652729298864071e-01
2.448126283603944964e-01
2.494635341358061864e-01
2.467374586714069506e-01
2.452546946519189031e-01
2.459270038036118489e-01
2.446284340722594541e-01
2.447757895027675434e-01
2.449231449332756327e-01
2.450705003637838886e-01
2.452178557942919501e-01
2.445179174993783178e-01
2.454388889400540841e-01
2.447389506451404517e-01
2.448863060756486798e-01
2.450336615061567691e-01
2.488556929849602140e-01
2.469032335307283499e-01
2.445547563570054095e-01
2.447021117875134988e-01
2.448494672180215881e-01
2.449968226485296774e-01
2.445179174993783178e-01
