1.640455682133925785e+00
1.376806057238121106e+00
1.331480966935259858e+00
1.160106974159488047e+00
1.140872464573492673e+00
1.045325090302861248e+00
1.011947763267574407e+00
9.697277021394830054e-01
9.538621839399831215e-01
9.133300916921366364e-01
9.280355654348428907e-01
8.596901917199220033e-01
8.635732147818837579e-01
8.280147263128646573e-01
8.280077799388719795e-01
7.760489024729091412e-01
8.191164212281190071e-01
7.360377882745205991e-01
7.579883300916920863e-01
6.940816893581550628e-01
7.268685746040566276e-01
6.680050013892741001e-01
6.674215059738732858e-01
6.624062239510973837e-01
6.379549874965267930e-01
6.246179494303971680e-01
6.297582661850511521e-01
6.051819949986106950e-01
6.051681022506251173e-01
5.930119477632669334e-01
6.051681022506251173e-01
5.621075298694081512e-01
5.629341483745483599e-01
5.463045290358431449e-01
5.557099194220616045e-01
5.284801333703805781e-01
5.151430953042511751e-01
5.179216449013614998e-01
5.145873853848291768e-01
5.106974159488746334e-01
5.090302861906085274e-01
5.065295915532092019e-01
5.040288969158099874e-01
4.921228118921918693e-01
5.040288969158099874e-01
4.915254237288134709e-01
4.940261183662128519e-01
4.840233398166155498e-01
4.940261183662128519e-01
4.712420116699080896e-01
4.695748819116419837e-01
4.701305918310639820e-01
4.695748819116419837e-01
4.665184773548206598e-01
4.695748819116419837e-01
4.435190330647396095e-01
4.634620727979993360e-01
4.415254237288135930e-01
4.256737982772991202e-01
4.117810502917477189e-01
4.232842456237705941e-01
4.184495693248124759e-01
4.223395387607667417e-01
4.070575159766601225e-01
4.223395387607667417e-01
4.066546262850769811e-01
4.140038899694358787e-01
3.906640733537092847e-01
3.784384551264241003e-01
3.826062795220895318e-01
3.784384551264241003e-01
3.767713253681577723e-01
3.784384551264241003e-01
3.717699360933593433e-01
3.589886079466518831e-01
3.651083634342871531e-01
3.589886079466518831e-01
3.589886079466518831e-01
3.589886079466518831e-01
3.506529591553208536e-01
3.589886079466518831e-01
3.384273409280353362e-01
3.378716310086135044e-01
3.439844401222562076e-01
3.378716310086135044e-01
3.323284245623783217e-01
3.378716310086135044e-01
3.331550430675184193e-01
3.284245623784383672e-01
3.334259516532370182e-01
3.284245623784383672e-01
3.187621561544871085e-01
3.284245623784383672e-01
3.328771881078076422e-01
3.284245623784383672e-01
3.186996387885522308e-01
3.284245623784383672e-01
3.184217838288412317e-01
3.284245623784383672e-01
3.186996387885522308e-01
3.284245623784383672e-01
3.111975548763544208e-01
3.084190052792441517e-01
3.012017227007499076e-01
3.084190052792441517e-01
3.064740205612670465e-01
3.084190052792441517e-01
2.940400111141982520e-01
3.084190052792441517e-01
2.934148374548484206e-01
2.939705473742705855e-01
2.939705473742705855e-01
3.084190052792441517e-01
2.934148374548484206e-01
2.928591275354264778e-01
2.842456237843844491e-01
2.928591275354264778e-01
2.801611558766313737e-01
2.928591275354264778e-01
2.831342039455405635e-01
2.928591275354264778e-01
2.867463184217838301e-01
2.928591275354264778e-01
2.839677688246734499e-01
2.847318699638759498e-01
2.753542650736316433e-01
2.578494026118366422e-01
2.711864406779662118e-01
2.661850514031675052e-01
2.681300361211448879e-01
2.578494026118366422e-01
2.700889135871073488e-01
2.578494026118366422e-01
2.628507918866354043e-01
2.578494026118366422e-01
2.572936926924144774e-01
2.578494026118366422e-01
2.567379827729923680e-01
2.472909141428173974e-01
2.525701583773271031e-01
2.578494026118366422e-01
2.481244790219505336e-01
2.472909141428173974e-01
2.495137538205057792e-01
2.517365934981939946e-01
2.495137538205057792e-01
2.411781050291747497e-01
2.475826618505141963e-01
2.472909141428173974e-01
2.481244790219505336e-01
2.411781050291747497e-01
2.436787996665741307e-01
2.411781050291747497e-01
2.406223951097528069e-01
2.411781050291747497e-01
2.395109752709086992e-01
2.411781050291747497e-01
2.406223951097528069e-01
2.411781050291747497e-01
2.428452347874408002e-01
2.411781050291747497e-01
2.392470130591831390e-01
2.383995554320643973e-01
2.386774103917753687e-01
2.411781050291747497e-01
2.392331203111975335e-01
2.372881355932202896e-01
2.372881355932202896e-01
2.383995554320643973e-01
2.373159210891909454e-01
2.372881355932202896e-01
2.378438455126424544e-01
2.372881355932202896e-01
2.347874409558209363e-01
2.372881355932202896e-01
2.372881355932202896e-01
2.372881355932202896e-01
2.306751875520977879e-01
2.372881355932202896e-01
2.297860516810225906e-01
2.372881355932202896e-01
2.372881355932202896e-01
2.372881355932202896e-01
2.292303417616004257e-01
2.372881355932202896e-01
2.283967768824673172e-01
2.372881355932202896e-01
2.256182272853569648e-01
2.372881355932202896e-01
2.261739372047791019e-01
2.295081967213113971e-01
2.278410669630451524e-01
2.183939983328702095e-01
2.225965545984990857e-01
2.183939983328702095e-01
2.183939983328702095e-01
2.261739372047791019e-01
2.239510975270907200e-01
2.183939983328702095e-01
2.183939983328702095e-01
2.183939983328702095e-01
2.183939983328702095e-01
2.183939983328702095e-01
2.186718532925811809e-01
2.183939983328702095e-01
2.200611280911364542e-01
2.183939983328702095e-01
2.161711586551820219e-01
2.183939983328702095e-01
2.153375937760488856e-01
2.183939983328702095e-01
2.153375937760488856e-01
2.139483189774938066e-01
2.153375937760488856e-01
2.183939983328702095e-01
2.153375937760488856e-01
2.079466518477355308e-01
2.161711586551820219e-01
2.139483189774938066e-01
2.108919144206724827e-01
2.122811892192275618e-01
2.131147540983606981e-01
2.078355098638511589e-01
2.078355098638511589e-01
2.078355098638511589e-01
2.108919144206724827e-01
2.078355098638511589e-01
2.078355098638511589e-01
2.078355098638511589e-01
2.095026396221172094e-01
2.078355098638511589e-01
2.078355098638511589e-01
2.078355098638511589e-01
2.078355098638511589e-01
2.078355098638511589e-01
2.100583495415393742e-01
2.078355098638511589e-01
2.070227841066960839e-01
2.078355098638511589e-01
2.003334259516530436e-01
2.078355098638511589e-01
2.078355098638511589e-01
2.078355098638511589e-01
2.033898305084745617e-01
2.078355098638511589e-01
1.994998610725201293e-01
2.078355098638511589e-01
1.994998610725201293e-01
1.991664351208668748e-01
1.972770213948317197e-01
1.911642122811892663e-01
1.950541817171435321e-01
2.078355098638511589e-01
2.033898305084745617e-01
2.078355098638511589e-01
2.025562656293414532e-01
1.915809947207497144e-01
1.950541817171435321e-01
1.822728535704362940e-01
1.917199222006112369e-01
1.915809947207497144e-01
1.917199222006112369e-01
1.989441511530981865e-01
1.950541817171435321e-01
1.911642122811892663e-01
1.906085023617673235e-01
1.822728535704362940e-01
1.917199222006112369e-01
1.822728535704362940e-01
1.867185329258126969e-01
1.822728535704362940e-01
1.833842734092803739e-01
1.822728535704362940e-01
1.833842734092803739e-01
1.822728535704362940e-01
1.906362878577379794e-01
1.822728535704362940e-01
1.906085023617671292e-01
1.822728535704362940e-01
1.894970825229232159e-01
1.822728535704362940e-01
1.894970825229232159e-01
1.822728535704362940e-01
1.822728535704362940e-01
1.822728535704362940e-01
1.822728535704362940e-01
1.822728535704362940e-01
1.822728535704362940e-01
1.822728535704362940e-01
1.789385940539037767e-01
1.822728535704362940e-01
1.811614337315921863e-01
1.822728535704362940e-01
1.822728535704362940e-01
1.822728535704362940e-01
1.822728535704362940e-01
1.822728535704362940e-01
1.789385940539037767e-01
1.822728535704362940e-01
1.798068908030009683e-01
1.822728535704362940e-01
1.811614337315921863e-01
1.822728535704362940e-01
1.778271742150596968e-01
1.822728535704362940e-01
1.822728535704362940e-01
1.822728535704362940e-01
1.778271742150596968e-01
1.800500138927480787e-01
1.778271742150596968e-01
1.800500138927480787e-01
1.778271742150596968e-01
1.756043345373714815e-01
1.778271742150596968e-01
1.733814948596832939e-01
1.778271742150596968e-01
1.733814948596832939e-01
1.744929146985274016e-01
1.733814948596832939e-01
1.742150597388164024e-01
1.733814948596832939e-01
1.778271742150596968e-01
1.733814948596832939e-01
1.744929146985274016e-01
1.733814948596832939e-01
1.733814948596832939e-01
1.733814948596832939e-01
1.744929146985274016e-01
1.733814948596832939e-01
1.767157543762155891e-01
1.733814948596832939e-01
1.733814948596832939e-01
1.733814948596832939e-01
1.744929146985274016e-01
1.733814948596832939e-01
1.733814948596832939e-01
1.733814948596832939e-01
1.733814948596832939e-01
1.733814948596832939e-01
1.733814948596832939e-01
1.733814948596832939e-01
1.733814948596832939e-01
1.733814948596832939e-01
1.733814948596832939e-01
1.733814948596832939e-01
1.733814948596832939e-01
1.733814948596832939e-01
1.733814948596832939e-01
1.733814948596832939e-01
1.689358155043066967e-01
1.733814948596832939e-01
1.656640733537092791e-01
1.733814948596832939e-01
1.733814948596832939e-01
1.733814948596832939e-01
1.731036398999721282e-01
1.733814948596832939e-01
1.656015559877744014e-01
1.733814948596832939e-01
1.733814948596832939e-01
1.578216171158655090e-01
1.733814948596832939e-01
1.733814948596832939e-01
1.653237010280632358e-01
1.733814948596832939e-01
1.653237010280632358e-01
1.733814948596832939e-01
1.653237010280632358e-01
1.733814948596832939e-01
1.656015559877744014e-01
1.733814948596832939e-01
1.653237010280632358e-01
1.733814948596832939e-01
1.653237010280632358e-01
1.733814948596832939e-01
1.733814948596832939e-01
1.728257849402611290e-01
1.678243956654625890e-01
1.572659071964433442e-01
1.653237010280632358e-01
1.572659071964433442e-01
1.653237010280632358e-01
1.572659071964433442e-01
1.653237010280632358e-01
1.572659071964433442e-01
1.650458460683522366e-01
1.572659071964433442e-01
1.653237010280632358e-01
1.572659071964433442e-01
1.650458460683522366e-01
1.572659071964433442e-01
1.572659071964433442e-01
1.572659071964433442e-01
1.650458460683522366e-01
1.728257849402611290e-01
