4.405034324942792012e-01
3.762700228832951965e-01
3.924485125858122037e-01
3.304729214340197951e-01
3.482074752097635284e-01
3.060640732265446085e-01
2.993897787948132105e-01
2.833714721586574892e-01
2.742181540808542595e-01
2.557208237986270949e-01
2.471395881006863970e-01
2.377955758962623789e-01
2.181540808543096510e-01
2.238749046529367459e-01
2.139588100686500016e-01
2.156750572082380413e-01
2.070938215102974822e-01
2.020366132723112051e-01
1.998474446987032194e-01
1.931731502669717104e-01
1.918382913806255252e-01
1.847826086956522729e-01
1.906941266209000729e-01
1.828756674294432505e-01
1.830663615560639834e-01
1.800152555301296475e-01
1.792524790236460497e-01
1.706712433257056294e-01
1.792524790236460497e-01
1.660945842868038480e-01
1.666666666666665741e-01
1.617086193745232159e-01
1.559877955758962598e-01
1.517925247902364716e-01
1.559877955758962598e-01
1.512204424103736344e-01
1.529366895499619239e-01
1.491228070175438791e-01
1.544622425629290918e-01
1.416857360793286336e-01
1.487414187643021357e-01
1.449275362318839522e-01
1.487414187643021357e-01
1.376811594202898281e-01
1.487414187643021357e-01
1.363463005339436707e-01
1.411136536994661572e-01
1.342486651411136378e-01
1.369183829138062580e-01
1.306254767353165758e-01
1.369183829138062580e-01
1.298627002288330057e-01
1.357742181540808057e-01
1.285278413424865707e-01
1.155606407322654905e-01
1.260488176964150719e-01
1.155606407322654905e-01
1.222349351639970272e-01
1.155606407322654905e-01
1.220747520976354361e-01
1.155606407322654905e-01
1.186117467581998264e-01
1.140350877192983226e-01
1.142257818459190555e-01
1.060259344012204896e-01
1.147978642257819065e-01
1.060259344012204896e-01
1.091685736079327784e-01
1.060259344012204896e-01
1.094813119755908698e-01
1.060259344012204896e-01
1.083142639206713803e-01
1.060259344012204896e-01
1.037376048817697377e-01
1.003051106025935474e-01
1.044012204424104168e-01
9.572845156369190478e-02
1.001144164759725508e-01
1.014492753623188470e-01
1.001144164759725508e-01
1.003051106025935474e-01
1.030663615560639679e-01
9.572845156369190478e-02
1.001144164759725508e-01
9.572845156369190478e-02
9.973302822273082124e-02
9.572845156369190478e-02
9.839816933638437235e-02
9.572845156369190478e-02
9.858886346300538284e-02
9.572845156369190478e-02
9.572845156369190478e-02
9.572845156369190478e-02
9.496567505720832081e-02
9.572845156369190478e-02
9.461479786422573313e-02
9.420289855072473684e-02
9.477498093058744910e-02
9.572845156369190478e-02
9.496567505720832081e-02
9.420289855072473684e-02
9.496567505720832081e-02
9.420289855072473684e-02
9.331045003813882854e-02
9.420289855072473684e-02
9.382151029748286852e-02
9.420289855072473684e-02
9.267734553775756889e-02
9.420289855072473684e-02
9.324942791762015626e-02
9.420289855072473684e-02
9.324942791762015626e-02
9.420289855072473684e-02
9.248665141113657229e-02
9.305873379099928455e-02
9.210526315789484275e-02
9.305873379099928455e-02
9.191456903127384614e-02
9.305873379099928455e-02
8.943554538520209762e-02
9.077040427154840774e-02
9.191456903127384614e-02
9.077040427154840774e-02
9.134248665141112000e-02
9.077040427154840774e-02
9.096109839816926557e-02
9.077040427154840774e-02
8.886346300533937148e-02
9.077040427154840774e-02
9.077040427154840774e-02
9.077040427154840774e-02
8.829138062547665922e-02
9.077040427154840774e-02
8.829138062547665922e-02
9.077040427154840774e-02
8.771929824561393307e-02
9.077040427154840774e-02
8.755911517925234200e-02
9.077040427154840774e-02
8.810068649885578751e-02
9.077040427154840774e-02
8.714721586575120693e-02
9.077040427154840774e-02
8.714721586575120693e-02
9.077040427154840774e-02
8.714721586575120693e-02
8.466819221967959719e-02
8.752860411899307524e-02
8.466819221967959719e-02
8.714721586575120693e-02
8.466819221967959719e-02
8.714721586575120693e-02
8.352402745995428368e-02
8.714721586575120693e-02
8.352402745995428368e-02
8.581235697940517437e-02
8.352402745995428368e-02
8.638443935926776174e-02
8.352402745995428368e-02
8.657513348588861957e-02
8.352402745995428368e-02
8.581235697940517437e-02
8.352402745995428368e-02
8.581235697940517437e-02
8.352402745995428368e-02
8.581235697940517437e-02
8.352402745995428368e-02
8.352402745995428368e-02
8.352402745995428368e-02
8.352402745995428368e-02
8.352402745995428368e-02
8.562166285278417777e-02
8.352402745995428368e-02
8.276125095347069971e-02
8.352402745995428368e-02
8.314263920671256802e-02
8.352402745995428368e-02
8.333333333333328707e-02
8.352402745995428368e-02
8.333333333333328707e-02
8.352402745995428368e-02
8.237986270022898405e-02
8.352402745995428368e-02
8.199847444698711574e-02
8.352402745995428368e-02
8.199847444698711574e-02
8.352402745995428368e-02
8.237986270022898405e-02
8.352402745995428368e-02
8.199847444698711574e-02
8.199847444698697696e-02
8.199847444698711574e-02
8.352402745995428368e-02
8.199847444698711574e-02
8.352402745995428368e-02
8.199847444698711574e-02
8.199847444698697696e-02
8.199847444698711574e-02
8.047292143401980902e-02
8.123569794050353177e-02
8.047292143401980902e-02
8.199847444698711574e-02
8.199847444698697696e-02
8.123569794050339299e-02
8.047292143401980902e-02
8.199847444698711574e-02
8.047292143401980902e-02
8.123569794050339299e-02
8.047292143401980902e-02
8.123569794050353177e-02
8.047292143401980902e-02
8.123569794050353177e-02
8.047292143401980902e-02
8.047292143401980902e-02
8.047292143401980902e-02
8.047292143401980902e-02
8.047292143401980902e-02
8.123569794050339299e-02
8.047292143401980902e-02
8.047292143401980902e-02
8.047292143401980902e-02
8.047292143401980902e-02
8.047292143401980902e-02
8.047292143401980902e-02
8.047292143401980902e-02
8.047292143401980902e-02
8.047292143401980902e-02
7.971014492753622505e-02
8.047292143401980902e-02
8.047292143401980902e-02
8.047292143401980902e-02
8.047292143401980902e-02
8.047292143401980902e-02
7.437070938215113725e-02
8.047292143401980902e-02
8.047292143401980902e-02
8.047292143401980902e-02
7.341723874904655667e-02
8.047292143401980902e-02
7.437070938215113725e-02
8.047292143401980902e-02
7.437070938215113725e-02
8.047292143401980902e-02
7.182303585049562566e-02
8.047292143401980902e-02
7.093821510297480815e-02
8.047292143401980902e-02
7.227307398932111826e-02
8.047292143401980902e-02
7.170099160945853090e-02
8.047292143401980902e-02
7.170099160945839212e-02
8.047292143401980902e-02
7.093821510297480815e-02
8.047292143401980902e-02
7.093821510297480815e-02
8.047292143401980902e-02
7.093821510297480815e-02
8.047292143401980902e-02
7.093821510297480815e-02
6.674294431731503385e-02
7.093821510297480815e-02
6.674294431731503385e-02
7.093821510297480815e-02
8.047292143401980902e-02
7.093821510297480815e-02
7.513348588863459632e-02
7.093821510297480815e-02
6.674294431731503385e-02
7.093821510297480815e-02
7.513348588863459632e-02
7.093821510297480815e-02
6.140350877192980728e-02
7.093821510297480815e-02
6.674294431731503385e-02
7.093821510297480815e-02
6.140350877192980728e-02
7.093821510297480815e-02
7.513348588863459632e-02
7.093821510297480815e-02
6.140350877192980728e-02
7.093821510297480815e-02
6.140350877192980728e-02
7.093821510297480815e-02
6.140350877192980728e-02
6.845919145690319840e-02
6.140350877192980728e-02
7.093821510297480815e-02
6.140350877192980728e-02
6.845919145690319840e-02
6.140350877192980728e-02
6.826849733028220180e-02
6.140350877192980728e-02
6.235697940503424908e-02
6.140350877192980728e-02
6.750572082379874272e-02
6.140350877192980728e-02
6.159420289855080388e-02
6.140350877192980728e-02
6.159420289855080388e-02
6.140350877192980728e-02
6.826849733028220180e-02
6.140350877192980728e-02
6.674294431731503385e-02
6.140350877192980728e-02
6.140350877192980728e-02
6.140350877192980728e-02
6.140350877192980728e-02
6.140350877192980728e-02
6.140350877192980728e-02
6.140350877192980728e-02
6.140350877192980728e-02
6.140350877192980728e-02
6.140350877192980728e-02
6.140350877192980728e-02
6.140350877192980728e-02
6.140350877192980728e-02
6.140350877192980728e-02
6.140350877192980728e-02
6.140350877192980728e-02
6.140350877192980728e-02
6.140350877192980728e-02
6.140350877192980728e-02
6.140350877192980728e-02
6.140350877192980728e-02
6.140350877192980728e-02
6.140350877192980728e-02
6.140350877192980728e-02
6.140350877192980728e-02
6.140350877192980728e-02
6.140350877192980728e-02
6.140350877192980728e-02
6.140350877192980728e-02
6.140350877192980728e-02
6.140350877192980728e-02
6.140350877192980728e-02
6.140350877192980728e-02
6.140350877192980728e-02
6.140350877192980728e-02
6.140350877192980728e-02
6.140350877192980728e-02
5.892448512585819059e-02
6.140350877192980728e-02
6.140350877192980728e-02
6.140350877192980728e-02
5.892448512585819059e-02
6.140350877192980728e-02
5.892448512585819059e-02
6.140350877192980728e-02
5.892448512585819059e-02
6.140350877192980728e-02
5.720823798627002604e-02
6.140350877192980728e-02
6.140350877192980728e-02
6.140350877192980728e-02
5.892448512585819059e-02
6.140350877192980728e-02
6.121281464530881067e-02
6.140350877192980728e-02
6.121281464530881067e-02
6.140350877192980728e-02
5.892448512585819059e-02
6.140350877192980728e-02
5.968726163234164273e-02
6.140350877192980728e-02
5.892448512585819059e-02
6.140350877192980728e-02
5.892448512585819059e-02
6.140350877192980728e-02
5.968726163234164273e-02
6.140350877192980728e-02
5.720823798627002604e-02
6.140350877192980728e-02
5.720823798627002604e-02
5.644546147978644207e-02
5.720823798627002604e-02
6.140350877192980728e-02
5.720823798627002604e-02
6.140350877192980728e-02
5.720823798627002604e-02
6.140350877192980728e-02
5.720823798627002604e-02
5.797101449275361001e-02
5.720823798627002604e-02
5.644546147978644207e-02
5.720823798627002604e-02
6.140350877192980728e-02
5.720823798627002604e-02
5.797101449275361001e-02
5.720823798627002604e-02
5.797101449275361001e-02
5.720823798627002604e-02
5.644546147978644207e-02
5.720823798627002604e-02
5.301296720061024481e-02
