3.838954073080790841e-01
3.759225353928670743e-01
3.684525129580442648e-01
3.513917326387993034e-01
3.469279764821165402e-01
3.345774775007090973e-01
3.143763377085536659e-01
3.066221408494289036e-01
3.036963304881507564e-01
2.780443023285796289e-01
2.830351478893214368e-01
2.788545346708270478e-01
2.699167074963253476e-01
2.654787384924829352e-01
2.668454575930273021e-01
2.595905000128933549e-01
2.515536759586378124e-01
2.502127440109337408e-01
2.490007478274323394e-01
2.450037391371618634e-01
2.448103354908583162e-01
2.436885943422986422e-01
2.391051857964362481e-01
2.389953325253358907e-01
2.362809768173494973e-01
2.323293535160781687e-01
2.312462930967792984e-01
2.364681915469714901e-01
2.288738750354571139e-01
2.239614224193506864e-01
2.231233399520359262e-01
2.231878078341369143e-01
2.199169653678537950e-01
2.254441837076769373e-01
2.218442971711493406e-01
2.160060857680702329e-01
2.104231671781119362e-01
2.066386446272467370e-01
2.085020242914979449e-01
2.133886897547642159e-01
2.156858093297921442e-01
2.014621315660536927e-01
2.004693261816961891e-01
1.992702235746152128e-01
1.958389850176640301e-01
2.055365017148458040e-01
1.934036463034115305e-01
1.955181928363290689e-01
1.905912994146314321e-01
1.916114391810002093e-01
1.868537094819361366e-01
1.877949405606124944e-01
1.918950978622450121e-01
1.896005570025007803e-01
1.875241754557878948e-01
1.821604476649733018e-01
1.814770881147012294e-01
1.813589829546924936e-01
1.789241599834963115e-01
1.910828025477704917e-01
1.708269939915933178e-01
1.709688233322158579e-01
1.743985146599964786e-01
1.726320946904250919e-01
1.729766110523738576e-01
1.637999948425693797e-01
1.694860620438897181e-01
1.618412027128084407e-01
1.618143840738544004e-01
1.636839526547873569e-01
1.628458701874724857e-01
1.618143840738544004e-01
1.618143840738544004e-01
1.577658010779033615e-01
1.565409113179812850e-01
1.556125738157249083e-01
1.587843936151009105e-01
1.580494597591478312e-01
1.578560561128443951e-01
1.569921864926893396e-01
1.537816859640524225e-01
1.497588901209417900e-01
1.500296552257665006e-01
1.554191701694217220e-01
1.415456819412566902e-01
1.461486887232783805e-01
1.392506253384565018e-01
1.477088114701254618e-01
1.477861729286467640e-01
1.517445008896571024e-01
1.376647154387682093e-01
1.404755150983779954e-01
1.433765697929290650e-01
1.420872121509060004e-01
1.437118027798551245e-01
1.453106062559634815e-01
1.357048918228937473e-01
1.383738621418806880e-01
1.357048918228937473e-01
1.357048918228937473e-01
1.412233425307510559e-01
1.330617086567472129e-01
1.372005466876403124e-01
1.231723355424329119e-01
1.287165734031305020e-01
1.355728616003504805e-01
1.355759560586919932e-01
1.325330720235177451e-01
1.335387709842956738e-01
1.231078676603315769e-01
1.264730911060105434e-01
1.204904716470253240e-01
1.262667938832872649e-01
1.294644008355035625e-01
1.205033652234456382e-01
1.210448954330954202e-01
1.214574898785425322e-01
1.204646844941849315e-01
1.282781918048428726e-01
1.236622914464011042e-01
1.202326001186208027e-01
1.202326001186208027e-01
1.166095051445366348e-01
1.180277985507618976e-01
1.198715799788543646e-01
1.178601820572988679e-01
1.202326001186208027e-01
1.201810258129399067e-01
1.173991077645114567e-01
1.160808685113076250e-01
1.137084504499858012e-01
1.113360323886637554e-01
1.129090487119313868e-01
1.191237525464813041e-01
1.162355914283504515e-01
1.166739730266378450e-01
1.121741148559785434e-01
1.103690141571466721e-01
1.091956987029061854e-01
1.070682585935684578e-01
1.177183527166761334e-01
1.120451790917762203e-01
1.126253900306867090e-01
1.108202893318547266e-01
1.073261301219729791e-01
1.059207302921683774e-01
1.166868666030582702e-01
1.112793006524145090e-01
1.130766652053944166e-01
1.112715645065624342e-01
1.071971943577705449e-01
1.052760514711567896e-01
1.025555068464887171e-01
1.022847417416642285e-01
1.036901415714690661e-01
1.101627169344232826e-01
1.077902988731014589e-01
1.040124809819746865e-01
1.024007839294462374e-01
1.021429124010417161e-01
1.046958405322463009e-01
1.018592537197966913e-01
1.018592537197966913e-01
1.056757523401839344e-01
1.026715490342709619e-01
1.018592537197966913e-01
1.066298769952800374e-01
9.653420665824291591e-02
9.875190180252202410e-02
1.035483122308465537e-01
1.025812939993294565e-01
1.018592537197966913e-01
1.018592537197966913e-01
9.597978287217281967e-02
1.018592537197966913e-01
1.034838443487452325e-01
1.027618040692124535e-01
1.017689986848551997e-01
9.506433894633697923e-02
9.497047370999753269e-02
9.608293148353475033e-02
1.036643544186285626e-01
9.938368704711317281e-02
1.016787436499135833e-01
9.389102349209649256e-02
9.487093530003355701e-02
9.567033703808762446e-02
9.632790943551917950e-02
9.897109260166571387e-02
9.332370612960609602e-02
9.069341653987986196e-02
8.658036566182682192e-02
9.342685474096731890e-02
9.550272054462471960e-02
9.639237731762040351e-02
9.154439258361472820e-02
9.154439258361472820e-02
9.319477036540377290e-02
9.358157765801106143e-02
8.734108667061983577e-02
9.570901776734844213e-02
9.154439258361472820e-02
9.154439258361472820e-02
9.278217591995664704e-02
9.443255370174570562e-02
8.513628510276184669e-02
9.154439258361472820e-02
9.154439258361472820e-02
9.154439258361472820e-02
8.955878181489951295e-02
9.078264008870702562e-02
8.632249413342241162e-02
9.154439258361472820e-02
9.154439258361472820e-02
9.073209726914034656e-02
9.055158719925678057e-02
8.658036566182682192e-02
8.374377884937629635e-02
8.039144898011764406e-02
7.311947187910936008e-02
9.154439258361472820e-02
9.154439258361472820e-02
8.592279326439561382e-02
8.030119394517672149e-02
7.815209262745101415e-02
7.439593594471165250e-02
9.154439258361472820e-02
9.127362747879000371e-02
8.732819309420010445e-02
8.170659377498121212e-02
7.608499445576209774e-02
6.775574408829533601e-02
8.991980195466618697e-02
9.100286237396529310e-02
8.873359292400481713e-02
8.311199360478570275e-02
7.749039428556658837e-02
7.186879496634769604e-02
6.850357152066827160e-02
9.073209726914034656e-02
9.013899275380932163e-02
8.451739343459019338e-02
7.837592511410755580e-02
7.002501353825488217e-02
7.023131076097850756e-02
9.046133216431562207e-02
9.154439258361472820e-02
8.587121895871481503e-02
7.899894272673299578e-02
7.115964826323466219e-02
6.662110936331464006e-02
6.208257046339474283e-02
5.813713607880517664e-02
8.257046339513626765e-02
7.683282188813525537e-02
7.229428298821524712e-02
6.775574408829533601e-02
6.321720518837452285e-02
5.829495345418871793e-02
8.330539725108912497e-02
7.789009515459362210e-02
7.342891771319501326e-02
6.889037881327511603e-02
5.947806802650914410e-02
5.965857809639248110e-02
5.032362876814803349e-02
5.099409474199967374e-02
7.456355243817468226e-02
6.856803940276960663e-02
6.088346785631363473e-02
5.763428659841644819e-02
8.477526496299529757e-02
8.018515175739447665e-02
7.569818716315444840e-02
7.115964826323466219e-02
6.228886768611813229e-02
5.666726836689912894e-02
5.104566904768011865e-02
5.045256453235000965e-02
7.683282188813525537e-02
7.229428298821524712e-02
6.369426751592262292e-02
5.888496351117845917e-02
5.245106887748461622e-02
5.018179942752529210e-02
5.126485984682439129e-02
7.072126666494715774e-02
6.509966734572826541e-02
5.947806802650914410e-02
5.385646870729014074e-02
4.991103432270057455e-02
5.099409474199967374e-02
4.964026921787562802e-02
6.650506717553275604e-02
6.066427705716982005e-02
5.526186853709463137e-02
4.964026921787562802e-02
5.072332963717472720e-02
4.964026921787562802e-02
6.791046700533724667e-02
6.228886768611813229e-02
5.666726836689912894e-02
5.104566904767909169e-02
4.977023646819136310e-02
4.994352613527916485e-02
6.931586683514265324e-02
6.369426751592262292e-02
5.807266819670464653e-02
5.245106887748461622e-02
5.018179942752506312e-02
4.964026921787562802e-02
4.964026921787562802e-02
4.964026921787562802e-02
5.947806802650822816e-02
5.385646870729014074e-02
4.964026921787562802e-02
4.964026921787562802e-02
4.964026921787562802e-02
4.964026921787562802e-02
6.066427705716982005e-02
5.526186853709360441e-02
4.964026921787562802e-02
4.964026921787562802e-02
4.964026921787562802e-02
4.964026921787562802e-02
4.964026921787562802e-02
5.640939683849460762e-02
5.040099022666830186e-02
4.964026921787562802e-02
4.964026921787562802e-02
4.964026921787562802e-02
4.964026921787562802e-02
4.964026921787562802e-02
5.086515897779689960e-02
4.964026921787562802e-02
4.964026921787562802e-02
4.964026921787562802e-02
4.633951365429742064e-02
4.573403130560342589e-02
5.192243224425594633e-02
4.964026921787562802e-02
4.964026921787562802e-02
4.964026921787562802e-02
4.964026921787562802e-02
4.448283864978475749e-02
4.706155393383065072e-02
4.964026921787562802e-02
4.964026921787562802e-02
4.414760566285848287e-02
4.964026921787562802e-02
4.964026921787562802e-02
4.641687511281895190e-02
4.899559039686484513e-02
4.964026921787562802e-02
4.964026921787562802e-02
4.359318187678896256e-02
4.319348100776227578e-02
4.577219629180724614e-02
4.835091157585313937e-02
4.964026921787562802e-02
4.964026921787562802e-02
3.997008690270559272e-02
4.254880218675057002e-02
4.512751747079646325e-02
4.770623275484144055e-02
4.964026921787562802e-02
4.964026921787562802e-02
4.964026921787562802e-02
4.190412336573978713e-02
4.448283864978475749e-02
4.706155393383065072e-02
4.964026921787562802e-02
4.964026921787562802e-02
3.868072926068219508e-02
4.125944454472808137e-02
4.383815982877305867e-02
4.641687511281895190e-02
4.899559039686484513e-02
3.626963047009989366e-02
3.803605043967140525e-02
4.061476572371638255e-02
4.319348100776227578e-02
4.577219629180724614e-02
4.835091157585313937e-02
3.532839939142273789e-02
3.901596224760846970e-02
3.997008690270559272e-02
4.254880218675057002e-02
4.512751747079646325e-02
3.352329869259132455e-02
3.442584904200777368e-02
3.668222491554690157e-02
3.932540808169389390e-02
4.190412336573978713e-02
4.448283864978475749e-02
