4.570602964965541637e-01
4.339043144902166582e-01
3.881720477762757304e-01
3.739260309792365455e-01
3.435699248786757698e-01
3.278560507013542624e-01
3.101247590134508791e-01
2.994881113302457210e-01
2.999756243490593333e-01
2.941254681232965407e-01
2.918430208079418886e-01
2.804485119773084678e-01
2.720101048152990808e-01
2.686551288585548591e-01
2.707727081348195730e-01
2.718771467192591107e-01
2.614842555454607309e-01
2.474793360959072208e-01
2.445985773483721204e-01
2.433797948013384782e-01
2.488753961043277951e-01
2.454184856072861021e-01
2.277714007135416274e-01
2.252345602410972536e-01
2.221729784829479803e-01
2.190484632260066566e-01
2.183038978881823300e-01
2.159984045028475463e-01
2.149710816141111869e-01
2.101402707913224144e-01
2.055310567952665646e-01
2.054202583818998951e-01
2.012320783566377835e-01
2.077505706118289441e-01
2.065725618809140518e-01
1.958472754670153027e-01
1.888004963768921685e-01
1.907062290867994336e-01
1.911210583464443835e-01
1.971945841735543992e-01
1.823520287189487055e-01
1.825381700534048357e-01
1.807343718837945978e-01
1.749506947060516793e-01
1.737097524763443757e-01
1.766676269195824600e-01
1.739535089857511818e-01
1.748398962926848432e-01
1.692334965763288568e-01
1.657375850377821314e-01
1.631839032065060258e-01
1.690961065437542044e-01
1.712500276996033743e-01
1.708289937288096361e-01
1.635384581292796957e-01
1.624083143129390339e-01
1.550069803000420077e-01
1.570899904713364270e-01
1.511955148802268667e-01
1.674607219624615062e-01
1.558268885589557950e-01
1.522370199658739653e-01
1.488687481995256412e-01
1.462982250094178038e-01
1.453896780198106475e-01
1.561149644337090081e-01
1.496886564584394286e-01
1.474505285084317663e-01
1.431737097524762858e-01
1.407139849757351180e-01
1.413344560905888669e-01
1.407139849757351180e-01
1.407139849757351180e-01
1.443481729341635489e-01
1.374121922574068622e-01
1.370576373346333865e-01
1.348416690672990248e-01
1.366144436811665419e-01
1.368138808252265803e-01
1.328694573093712750e-01
1.333791300108583822e-01
1.344693863983865700e-01
1.330245750880847122e-01
1.342876770004653442e-01
1.345535931925456175e-01
1.289028741108426690e-01
1.306313293593634184e-01
1.309194052341169923e-01
1.297006226870831558e-01
1.261107540940015204e-01
1.350411062113590355e-01
1.235402309038934887e-01
1.246482150375606696e-01
1.290358322068828056e-01
1.210583464444790203e-01
1.208367496177455008e-01
1.130143816340549584e-01
1.215458594632924383e-01
1.246482150375606696e-01
1.198617235801182762e-01
1.182662264276376773e-01
1.152303499013895283e-01
1.137234914796018959e-01
1.144104416424757270e-01
1.172025616593170838e-01
1.192190927825912267e-01
1.176679149954572012e-01
1.156735435548561647e-01
1.128814235380148079e-01
1.134354156048485024e-01
1.130143816340549584e-01
1.126997141400933738e-01
1.127706251246481522e-01
1.156735435548563590e-01
1.128149444899949339e-01
1.126155073459347150e-01
1.125711879805879334e-01
1.129257429033615895e-01
1.149422740266359266e-01
1.087597225607727647e-01
1.122831121058345399e-01
1.124603895672212639e-01
1.108648924147404707e-01
1.093128282402991980e-01
1.116848006736542581e-01
1.078733352538391033e-01
1.112416070201874274e-01
1.124160702018744823e-01
1.113302457508807963e-01
1.039067520553104973e-01
1.055022492077912905e-01
1.060340815919514901e-01
1.094023533582998281e-01
1.110864892414739902e-01
1.116626409909807771e-01
1.029095663350099721e-01
1.008265561637157609e-01
1.058302125113567693e-01
1.076738981097790787e-01
1.072750238216586272e-01
9.994016885678189133e-02
1.003833625102487220e-01
1.009151948944091298e-01
1.052806523810577849e-01
1.046158619008574348e-01
1.008930352117358292e-01
9.971857203004837189e-02
1.002504044142085854e-01
1.006049593369820472e-01
1.010481529904490722e-01
9.752476344538731079e-02
9.417865136171246765e-02
9.971857203004837189e-02
9.599042701708462855e-02
9.909810091519460906e-02
9.969641234737508517e-02
9.373545770824544265e-02
9.213996055576463562e-02
9.129789261417756152e-02
9.147517007556370261e-02
9.763556185875396642e-02
9.750260376271401019e-02
9.413433199636568605e-02
9.253883484388489289e-02
9.207348150774476159e-02
9.025638752853044899e-02
9.661621645578015449e-02
9.411217231369239933e-02
9.453320628448592944e-02
9.222859928645819882e-02
9.098765705675086746e-02
8.974671482704353609e-02
8.974671482704353609e-02
9.493208057260599242e-02
9.253883484388489289e-02
9.253883484388489289e-02
9.129789261417775581e-02
8.996831165377705553e-02
8.974671482704353609e-02
9.428944977507912328e-02
8.974671482704353609e-02
8.985751324041039989e-02
9.160812817160443600e-02
9.018990848051038067e-02
8.877168878941650576e-02
8.943647926961685590e-02
9.063310213397721138e-02
9.036718594189729892e-02
8.850577259733620472e-02
8.872736942406972416e-02
8.841713386664304397e-02
8.874952910674301088e-02
8.832849513594948077e-02
8.761938529040254331e-02
8.753074655970917439e-02
8.753074655970917439e-02
8.753074655970917439e-02
8.788530148248263618e-02
8.823985640525611185e-02
8.753074655970917439e-02
8.815121767456274293e-02
8.753074655970917439e-02
8.792962084782941778e-02
8.719835131960899932e-02
8.815121767456274293e-02
8.753074655970917439e-02
8.753074655970917439e-02
8.753074655970917439e-02
8.735346909832243656e-02
8.730914973297565496e-02
8.806257894386937402e-02
8.753074655970917439e-02
8.779666275178928114e-02
8.753074655970917439e-02
8.726483036762908152e-02
8.741994814634251876e-02
8.697675449287547988e-02
8.753074655970917439e-02
8.753074655970917439e-02
8.753074655970917439e-02
8.753074655970917439e-02
8.753074655970917439e-02
8.673299798346867373e-02
8.593524940722838124e-02
8.744210782901580548e-02
8.753074655970917439e-02
8.708755290624234369e-02
8.744210782901580548e-02
8.693243512752890645e-02
8.613468655128840579e-02
8.507102178296800654e-02
8.498238305227463762e-02
8.699891417554897477e-02
8.735346909832243656e-02
8.677731734881545533e-02
8.633412369534862463e-02
8.553637511910812397e-02
8.376360050524080114e-02
8.332040685177395656e-02
8.429720566401452397e-02
8.733130941564914984e-02
8.653356083940864918e-02
8.511534114831478814e-02
8.387439891860745678e-02
8.360848272652735003e-02
8.717619163693571260e-02
8.753074655970917439e-02
8.613734571320919020e-02
8.513750083098807486e-02
8.504886210029470595e-02
8.354200367850728171e-02
8.509318146564129326e-02
8.640060274336870683e-02
8.677731734881545533e-02
8.453918939880761263e-02
8.409599574534076805e-02
8.365280209187413163e-02
8.152547255523294456e-02
8.152547255523294456e-02
8.553637511910833213e-02
8.411815542801426293e-02
8.420679415870743756e-02
8.376360050524080114e-02
8.332040685177395656e-02
8.212378398741321250e-02
8.050612715225913263e-02
8.431759257207428748e-02
8.431759257207428748e-02
8.387439891860745678e-02
8.192434684335318795e-02
8.301992155472294466e-02
8.032884969087239480e-02
8.068340461364585658e-02
8.301017129434688779e-02
8.398519733197430670e-02
8.212378398741321250e-02
8.132603541117292001e-02
8.092716112305266274e-02
8.059476588295248767e-02
8.329824716910047555e-02
8.312096970771373772e-02
8.232322113147344522e-02
8.152547255523294456e-02
8.072772397899263819e-02
8.050612715225913263e-02
8.086068207503259442e-02
8.141024220533138456e-02
8.252265827553346977e-02
8.172490969929316340e-02
8.092716112305266274e-02
8.041748842156576371e-02
8.077204334433922550e-02
8.032884969087239480e-02
8.272209541959349433e-02
8.192434684335318795e-02
8.112659826711268729e-02
8.032884969087239480e-02
8.068340461364585658e-02
8.103795953641933225e-02
8.292153256365371317e-02
8.032884969087239480e-02
8.132603541117292001e-02
8.052828683493241935e-02
8.059476588295248767e-02
8.032884969087239480e-02
8.032884969087239480e-02
8.032884969087239480e-02
8.152547255523294456e-02
8.068340461364605087e-02
8.050612715225913263e-02
8.032884969087239480e-02
8.032884969087239480e-02
8.032884969087239480e-02
8.032884969087239480e-02
8.032884969087239480e-02
8.032884969087239480e-02
8.032884969087239480e-02
8.032884969087239480e-02
8.032884969087239480e-02
8.032884969087239480e-02
7.802424269284466418e-02
8.032884969087239480e-02
8.032884969087239480e-02
8.032884969087239480e-02
8.032884969087239480e-02
8.032884969087239480e-02
7.528087397788459090e-02
7.948678174928530682e-02
8.032884969087239480e-02
8.032884969087239480e-02
8.032884969087239480e-02
8.032884969087239480e-02
7.407981917698934493e-02
7.824583951957816974e-02
8.032884969087239480e-02
8.032884969087239480e-02
8.032884969087239480e-02
7.011323597846075284e-02
7.303831409134224628e-02
7.720433443393087680e-02
8.032884969087239480e-02
8.032884969087239480e-02
8.032884969087239480e-02
6.898309216212027140e-02
7.199680900569493947e-02
7.988565603740556409e-02
8.032884969087239480e-02
8.032884969087239480e-02
8.032884969087239480e-02
8.032884969087239480e-02
7.237352361114189614e-02
7.512132426263665175e-02
7.928734460522528227e-02
8.032884969087239480e-02
8.032884969087239480e-02
6.672280452943912810e-02
6.991379883440071441e-02
7.407981917698934493e-02
7.824583951957816974e-02
8.032884969087239480e-02
8.032884969087239480e-02
6.559266071309845236e-02
7.011323597846075284e-02
7.303831409134224628e-02
7.720433443393087680e-02
8.015157222948565696e-02
8.032884969087239480e-02
6.446251689675798480e-02
6.783078866310650323e-02
7.199680900569493947e-02
7.616282934828376427e-02
8.032884969087239480e-02
7.961973984532545734e-02
6.262326323487056590e-02
6.785294834577980383e-02
7.095530392004782694e-02
7.512132426263665175e-02
7.928734460522528227e-02
8.032884969087239480e-02
6.158175814922326602e-02
6.574777849181188960e-02
6.991379883440071441e-02
7.407981917698934493e-02
7.824583951957816974e-02
5.601967779821386689e-02
8.032884969087239480e-02
6.470627340616479095e-02
6.887229374875361576e-02
7.303831409134224628e-02
7.720433443393087680e-02
5.524408890464685418e-02
5.861236067099537955e-02
6.229264076938392097e-02
6.783078866310650323e-02
7.199680900569493947e-02
