4.910161090458488586e-01
4.355638166047088311e-01
4.114002478314746081e-01
3.811957868649318293e-01
3.763940520446096283e-01
3.588104089219330550e-01
3.581164807930606875e-01
3.344423791821561354e-01
3.342627013630730670e-01
3.152602230483270151e-01
3.174349442379160169e-01
2.930855018587359972e-01
3.085501858736058312e-01
2.805142503097893258e-01
2.921313506815364502e-01
2.701363073110284452e-01
2.797397769516727917e-01
2.515737298636925301e-01
2.620817843866170005e-01
2.492503097893432329e-01
2.196406443618339477e-01
2.416356877323421193e-01
2.196406443618339477e-01
2.275402726146221188e-01
2.007434944237917185e-01
2.254460966542749800e-01
2.007434944237917185e-01
2.156381660470879369e-01
1.964064436183395046e-01
2.024473358116479771e-01
1.942379182156133699e-01
1.985749690210655560e-01
1.942379182156133699e-01
1.948574969021065473e-01
1.942379182156133699e-01
1.936183395291201925e-01
1.911400247831473997e-01
1.891263940520445108e-01
1.911400247831473997e-01
1.869578686493185704e-01
1.908302354399008527e-01
1.854089219330855853e-01
1.827757125154894080e-01
1.849442379182156815e-01
1.827757125154894080e-01
1.799876084262702070e-01
1.827757125154894080e-01
1.826208178438662733e-01
1.793680297397770296e-01
1.787484510532836302e-01
1.793680297397770296e-01
1.770446096654275103e-01
1.793680297397770296e-01
1.744114002478315550e-01
1.793680297397770296e-01
1.741511771995042368e-01
1.748079306071865791e-01
1.730173482032217325e-01
1.744114002478313330e-01
1.725526641883520229e-01
1.748079306071866901e-01
1.723977695167285551e-01
1.744114002478313330e-01
1.705390334572491340e-01
1.744114002478313330e-01
1.683147459727382944e-01
1.685254027261461340e-01
1.680607187112762302e-01
1.685254027261461340e-01
1.640334572490705634e-01
1.685254027261461340e-01
1.637236679058239330e-01
1.685254027261461340e-01
1.637236679058239330e-01
1.564436183395290225e-01
1.632589838909540292e-01
1.675960346964063263e-01
1.621747211895910590e-01
1.555142503097892148e-01
1.601610904584882811e-01
1.555142503097892148e-01
1.572180916976456955e-01
1.555142503097892148e-01
1.584572490706318004e-01
1.675960346964063263e-01
1.572180916976456955e-01
1.555142503097892148e-01
1.558240396530360672e-01
1.555142503097892148e-01
1.556691449814124883e-01
1.555142503097892148e-01
1.541201982651795033e-01
1.555142503097892148e-01
1.510223048327135331e-01
1.465303593556381845e-01
1.507125154894672081e-01
1.465303593556381845e-01
1.471995043370505629e-01
1.465303593556381845e-01
1.490210656753403751e-01
1.465303593556381845e-01
1.466852540272614303e-01
1.465303593556381845e-01
1.462205700123916374e-01
1.465303593556381845e-01
1.465303593556381845e-01
1.465303593556381845e-01
1.452912019826518297e-01
1.465303593556381845e-01
1.456009913258983490e-01
1.465303593556381845e-01
1.452912019826518297e-01
1.465303593556381845e-01
1.452912019826518297e-01
1.465303593556381845e-01
1.448265179677820369e-01
1.459107806691451181e-01
1.445167286245355176e-01
1.431226765799257783e-01
1.445167286245355176e-01
1.465303593556381845e-01
1.426579925650558744e-01
1.431226765799257783e-01
1.414188351920695474e-01
1.431226765799257783e-01
1.421933085501859706e-01
1.431226765799257783e-01
1.381660470879801927e-01
1.431226765799257783e-01
1.409541511771995326e-01
1.431226765799257783e-01
1.397149938042130668e-01
1.431226765799257783e-01
1.364622057001239341e-01
1.431226765799257783e-01
1.364622057001239341e-01
1.431226765799257783e-01
1.364622057001239341e-01
1.431226765799257783e-01
1.347583643122677033e-01
1.431226765799257783e-01
1.361524163568774148e-01
1.431226765799257783e-01
1.325898389095415408e-01
1.263940520446096005e-01
1.361524163568774148e-01
1.273853779429978128e-01
1.338289962825278956e-01
1.325898389095415408e-01
1.332094175960348292e-01
1.263940520446096005e-01
1.311957868649319403e-01
1.369268897149938657e-01
1.299566294919455856e-01
1.263940520446096005e-01
1.307311028500621475e-01
1.263940520446096005e-01
1.299566294919455856e-01
1.263940520446096005e-01
1.299566294919455856e-01
1.263940520446096005e-01
1.271685254027261625e-01
1.263940520446096005e-01
1.279429987608425856e-01
1.263940520446096005e-01
1.271685254027261625e-01
1.263940520446096005e-01
1.263940520446096005e-01
1.263940520446096005e-01
1.265489467162329851e-01
1.263940520446096005e-01
1.263940520446096005e-01
1.263940520446096005e-01
1.263940520446096005e-01
1.263940520446096005e-01
1.239157372986369188e-01
1.263940520446096005e-01
1.246902106567533558e-01
1.263940520446096005e-01
1.239157372986369188e-01
1.263940520446096005e-01
1.222118959107806740e-01
1.263940520446096005e-01
1.215923172242874967e-01
1.263940520446096005e-01
1.239157372986369188e-01
1.263940520446096005e-01
1.236059479553903856e-01
1.214374225526642370e-01
1.215923172242874967e-01
1.214374225526642370e-01
1.214622057001239069e-01
1.214374225526642370e-01
1.205080545229245403e-01
1.167905824039653928e-01
1.215923172242874967e-01
1.167905824039653928e-01
1.205080545229245403e-01
1.167905824039653928e-01
1.209727385377943332e-01
1.167905824039653928e-01
1.214374225526642370e-01
1.167905824039653928e-01
1.184944237918216514e-01
1.167905824039653928e-01
1.198884758364313630e-01
1.167905824039653928e-01
1.184944237918216514e-01
1.167905824039653928e-01
1.184944237918216514e-01
1.167905824039653928e-01
1.167905824039653928e-01
1.167905824039653928e-01
1.167905824039653928e-01
1.167905824039653928e-01
1.167905824039653928e-01
1.167905824039653928e-01
1.167905824039653928e-01
1.167905824039653928e-01
1.167905824039653928e-01
1.167905824039653928e-01
1.129182156133829856e-01
1.167905824039653928e-01
1.167905824039653928e-01
1.167905824039653928e-01
1.167905824039653928e-01
1.167905824039653928e-01
1.135377942998756079e-01
1.167905824039653928e-01
1.167905824039653928e-01
1.167905824039653928e-01
1.129182156133829856e-01
1.167905824039653928e-01
1.129182156133829856e-01
1.167905824039653928e-01
1.122986369268898221e-01
1.167905824039653928e-01
1.122986369268898221e-01
1.167905824039653928e-01
1.129182156133829856e-01
1.167905824039653928e-01
1.119888475836431779e-01
1.167905824039653928e-01
1.098203221809171404e-01
1.167905824039653928e-01
1.098203221809171404e-01
1.167905824039653928e-01
1.098203221809171404e-01
1.167905824039653928e-01
1.098203221809171404e-01
1.040892193308549929e-01
1.098203221809171404e-01
1.167905824039653928e-01
1.098203221809171404e-01
1.040892193308549929e-01
1.098203221809171404e-01
1.040892193308549929e-01
1.098203221809171404e-01
1.028500619578686520e-01
1.088909541511773188e-01
1.028500619578686520e-01
1.098203221809171404e-01
1.028500619578686520e-01
1.098203221809171404e-01
1.028500619578686520e-01
1.092007434944239630e-01
1.028500619578686520e-01
1.082713754646841553e-01
1.028500619578686520e-01
1.098203221809171404e-01
1.028500619578686520e-01
1.092007434944239630e-01
1.028500619578686520e-01
1.082713754646841553e-01
1.028500619578686520e-01
1.082713754646841553e-01
1.028500619578686520e-01
1.092007434944239630e-01
1.028500619578686520e-01
1.086307311028501255e-01
1.028500619578686520e-01
1.034696406443618294e-01
1.028500619578686520e-01
1.028500619578686520e-01
1.028500619578686520e-01
1.082713754646841553e-01
1.028500619578686520e-01
1.028500619578686520e-01
1.028500619578686520e-01
1.028500619578686520e-01
1.028500619578686520e-01
1.028500619578686520e-01
1.028500619578686520e-01
1.082713754646841553e-01
1.028500619578686520e-01
1.028500619578686520e-01
1.028500619578686520e-01
1.028500619578686520e-01
1.028500619578686520e-01
1.028500619578686520e-01
1.028500619578686520e-01
1.028500619578686520e-01
1.028500619578686520e-01
1.028500619578686520e-01
1.028500619578686520e-01
1.028500619578686520e-01
1.028500619578686520e-01
1.028500619578686520e-01
1.028500619578686520e-01
1.016109045848823111e-01
1.028500619578686520e-01
1.028500619578686520e-01
1.028500619578686520e-01
1.028500619578686520e-01
1.028500619578686520e-01
1.009913258983890366e-01
1.028500619578686520e-01
1.016109045848823111e-01
1.028500619578686520e-01
1.028500619578686520e-01
1.028500619578686520e-01
1.009913258983890366e-01
1.028500619578686520e-01
1.009913258983890366e-01
1.028500619578686520e-01
1.028500619578686520e-01
1.028500619578686520e-01
1.016109045848823111e-01
1.028500619578686520e-01
1.009913258983890366e-01
1.028500619578686520e-01
1.019206939281288443e-01
1.028500619578686520e-01
1.010904584882278134e-01
1.028500619578686520e-01
1.000619578686492150e-01
1.028500619578686520e-01
1.016109045848823111e-01
1.028500619578686520e-01
1.006815365551425034e-01
1.028500619578686520e-01
1.000619578686492150e-01
1.009913258983890366e-01
1.000619578686492150e-01
1.028500619578686520e-01
1.006815365551425034e-01
1.028500619578686520e-01
1.000619578686492150e-01
1.028500619578686520e-01
1.000619578686492150e-01
9.727385377942988909e-02
1.000619578686492150e-01
9.913258983890951836e-02
1.000619578686492150e-01
9.913258983890951836e-02
1.000619578686492150e-01
9.727385377942988909e-02
1.000619578686492150e-01
1.009913258983890366e-01
1.000619578686492150e-01
1.009913258983890366e-01
1.000619578686492150e-01
9.727385377942988909e-02
1.000619578686492150e-01
1.009913258983890366e-01
1.000619578686492150e-01
9.727385377942988909e-02
1.000619578686492150e-01
9.727385377942988909e-02
1.000619578686492150e-01
9.727385377942988909e-02
9.820322180916971067e-02
9.727385377942988909e-02
1.000619578686492150e-01
9.727385377942988909e-02
9.928748451053277801e-02
9.727385377942988909e-02
9.928748451053277801e-02
9.727385377942988909e-02
1.000619578686492150e-01
9.727385377942988909e-02
9.913258983890940734e-02
9.727385377942988909e-02
9.913258983890940734e-02
9.727385377942988909e-02
9.835811648079297032e-02
9.727385377942988909e-02
9.835811648079297032e-02
9.727385377942988909e-02
9.820322180916971067e-02
9.727385377942988909e-02
9.727385377942988909e-02
9.727385377942988909e-02
9.913258983890940734e-02
9.727385377942988909e-02
