4.780240373803751330e-01
4.180305339696658851e-01
3.537502811024212379e-01
3.227165737987555127e-01
3.055006121786060236e-01
2.899977511806299257e-01
2.731066190250118209e-01
2.524424677044548870e-01
2.335523849978761723e-01
2.063666575048100360e-01
1.938152469953270951e-01
1.951675370430520917e-01
1.914245021363785437e-01
1.884010894280502557e-01
1.653601859024008969e-01
1.477974063616600831e-01
1.509207665975363100e-01
1.481472227080780635e-01
1.419734639314359226e-01
1.387021813547888172e-01
1.315559331351040528e-01
1.299317858124483527e-01
1.289572974188551435e-01
1.280577696709226942e-01
1.273081632143124864e-01
1.239849079233402290e-01
1.228105244746508645e-01
1.203598110991728615e-01
1.212113640338822185e-01
1.141400764598585332e-01
1.140151420504235541e-01
1.116064066365158314e-01
1.089178181454737715e-01
1.106918867594512967e-01
1.081682116888633555e-01
1.064691037205467983e-01
1.033207566027834062e-01
1.043951925239249706e-01
1.023212813273030319e-01
1.031958221933484271e-01
1.013967666974838477e-01
9.994752754803735983e-02
9.325104320231893118e-02
9.529996751705346880e-02
9.450038729666915271e-02
9.435046600534732764e-02
9.994752754803735983e-02
9.302616126533570784e-02
8.762899477774162282e-02
8.762899477774184487e-02
8.503435696259464827e-02
9.282626621023964963e-02
9.175183028909832117e-02
8.578296394392954938e-02
8.298143474675806486e-02
8.072661852527419912e-02
8.195697258939063645e-02
8.370605432148120473e-02
8.303140851053196492e-02
7.418605232253064341e-02
7.581019964518624643e-02
7.558531770820324514e-02
7.608505534594336983e-02
7.940831063691562719e-02
7.955823192823778534e-02
7.193723295269972839e-02
7.108767896854138735e-02
6.821418755153535463e-02
7.028809874815718228e-02
7.268683940931025544e-02
7.018815122060916012e-02
6.683990904774994579e-02
6.923864970890268589e-02
6.409135204017878118e-02
6.561555183528657020e-02
6.169261137902592312e-02
6.683990904774994579e-02
6.624022388246167403e-02
6.826416131530947673e-02
6.439119462282295869e-02
6.286699482771539171e-02
5.859423802503700013e-02
5.824442167861868663e-02
6.564053871717340227e-02
6.594038129981759366e-02
6.324579595712247204e-02
5.859423802503688911e-02
5.544589090727372604e-02
5.377176982084400786e-02
5.539591714349971496e-02
5.704505134804226107e-02
5.559581219859565521e-02
5.584568101746583552e-02
5.449638939556736977e-02
5.314709777366890403e-02
4.685040353814246689e-02
4.635066590040045481e-02
5.559581219859576623e-02
5.219759626196254082e-02
5.299717648234675282e-02
4.884935408910321547e-02
4.685040353814246689e-02
4.465155793208545193e-02
5.467129756877635999e-02
5.024861947477592128e-02
5.024861947477569923e-02
4.585092826266209953e-02
4.585092826266198851e-02
4.485145298718172524e-02
4.050373553884235867e-02
4.939906549061736513e-02
4.585092826266209953e-02
4.570100697134005935e-02
4.430573948676950341e-02
3.960420779090990245e-02
3.865470627920353924e-02
3.885460133429959051e-02
4.487643986906867527e-02
4.502636116039082648e-02
4.032882736563314641e-02
4.010394542865003409e-02
3.810499487768928550e-02
3.870468004297743930e-02
4.010394542865003409e-02
4.105344694035639036e-02
3.810499487768928550e-02
3.860473251542952816e-02
3.860473251542941714e-02
3.855475875165551708e-02
3.740536218485299158e-02
3.810499487768928550e-02
3.972914220034487465e-02
3.810499487768928550e-02
3.810499487768928550e-02
3.840483746033336587e-02
3.695559831088687103e-02
3.710551960220891121e-02
3.810499487768928550e-02
3.810499487768928550e-02
3.810499487768928550e-02
3.812998175957634656e-02
3.760525723994915387e-02
3.720546712975694031e-02
3.793008670448029529e-02
3.810499487768928550e-02
3.640588690937261729e-02
3.810499487768928550e-02
3.720546712975694031e-02
3.730541465730496248e-02
3.690562454711285995e-02
3.700557207466088211e-02
3.800004997376359855e-02
3.585617550785858559e-02
3.660578196446866855e-02
3.653082131880770744e-02
3.700557207466088211e-02
3.635591314559860621e-02
3.810499487768928550e-02
3.600609679918061884e-02
3.560630668898840528e-02
3.675570325579081976e-02
3.360735613802754568e-02
3.580620174408434553e-02
3.350740861047974556e-02
3.470677894105594907e-02
3.560630668898840528e-02
3.560630668898840528e-02
3.568226680992488131e-02
3.525649034257009179e-02
3.320756602783544315e-02
3.440693635841186870e-02
3.560630668898840528e-02
3.560630668898840528e-02
3.080882536668248101e-02
3.040903525649037500e-02
3.290772344519136278e-02
3.410709377576778834e-02
3.530646410634432492e-02
3.560630668898840528e-02
3.015916643762042021e-02
3.003423202818521903e-02
3.260788086254728241e-02
3.380725119312370797e-02
3.480672646860419328e-02
2.801029459533752389e-02
2.801029459533752389e-02
2.960945503610616300e-02
3.120861547687480558e-02
3.280777591764345164e-02
3.440693635841186870e-02
3.548137227955331513e-02
2.761050448514541789e-02
2.920966492591406047e-02
3.080882536668270305e-02
3.040903525649037500e-02
2.601134404437677530e-02
2.561155393418466930e-02
2.671097673721306923e-02
2.880987481572195447e-02
3.040903525649059705e-02
3.200819569725901759e-02
2.611129157192480094e-02
2.561155393418466930e-02
2.643612103645583133e-02
2.841008470552962642e-02
3.000924514629826900e-02
3.160840558706691505e-02
2.561155393418466930e-02
2.561155393418466930e-02
2.616126533569881549e-02
2.726068813872721541e-02
2.811024212288554952e-02
3.010919267384629464e-02
2.561155393418466930e-02
2.561155393418466930e-02
2.588640963494168862e-02
2.698583243797019610e-02
2.648609480022973486e-02
2.561155393418466930e-02
2.561155393418466930e-02
2.561155393418466930e-02
2.561155393418466930e-02
2.671097673721306923e-02
2.461207865870429501e-02
2.411234102096405582e-02
2.451213113115615835e-02
2.561155393418466930e-02
2.561155393418466930e-02
2.523675070587951680e-02
2.573648834361953741e-02
2.423727543039914251e-02
2.473701306813927414e-02
2.383748532020692548e-02
2.561155393418466930e-02
2.511181629644453767e-02
2.486194747757436083e-02
2.436220983983423266e-02
2.386247220209399000e-02
2.406236725719004127e-02
2.316283950925769261e-02
2.530071712351010180e-02
2.498688188700945098e-02
2.448714424926920832e-02
2.398740661152907669e-02
2.348766897378883403e-02
2.338772144624080840e-02
2.561155393418466930e-02
2.511181629644442664e-02
2.461207865870429501e-02
2.411234102096405582e-02
2.361260338322392419e-02
2.311286574548368153e-02
2.561155393418466930e-02
2.486194747757436083e-02
2.473701306813927414e-02
2.423727543039914251e-02
2.473701306813927414e-02
2.333374978136475847e-02
2.293795757227458029e-02
2.486194747757436083e-02
2.486194747757436083e-02
2.436220983983423266e-02
2.386247220209399000e-02
2.336273456435385837e-02
2.286299692661361571e-02
2.292396491841756229e-02
2.436220983983423266e-02
2.336273456435385837e-02
2.398740661152907669e-02
2.348766897378883403e-02
2.298793133604859137e-02
2.248819369830845974e-02
2.511181629644442664e-02
2.248819369830845974e-02
2.411234102096405582e-02
2.361260338322392419e-02
2.311286574548368153e-02
2.261312810774354989e-02
2.248819369830845974e-02
2.298793133604870240e-02
2.423727543039914251e-02
2.248819369830845974e-02
2.323780015491876821e-02
2.273806251717852556e-02
2.248819369830845974e-02
2.248819369830845974e-02
2.248819369830845974e-02
2.386247220209399000e-02
2.336273456435385837e-02
2.286299692661361571e-02
2.248819369830845974e-02
2.248819369830845974e-02
2.248819369830845974e-02
2.356262961944990963e-02
2.348766897378883403e-02
2.298793133604859137e-02
2.248819369830845974e-02
2.248819369830845974e-02
2.361260338322392419e-02
2.261312810774354989e-02
2.248819369830845974e-02
2.311286574548368153e-02
2.251318058019552426e-02
2.248819369830845974e-02
2.248819369830845974e-02
2.248819369830845974e-02
2.248819369830845974e-02
2.323780015491876821e-02
2.253816746208247429e-02
2.248819369830845974e-02
2.248819369830845974e-02
2.248819369830845974e-02
2.248819369830845974e-02
2.336273456435385837e-02
2.256315434396953534e-02
2.248819369830845974e-02
2.248819369830845974e-02
2.248819369830845974e-02
2.248819369830845974e-02
2.168861347792402916e-02
2.258814122585648884e-02
2.248819369830845974e-02
2.248819369830845974e-02
2.248819369830845974e-02
2.248819369830845974e-02
2.248819369830845974e-02
2.198845606056832810e-02
2.251318058019552426e-02
2.248819369830845974e-02
2.248819369830845974e-02
2.248819369830845974e-02
2.248819369830845974e-02
2.188850853302008043e-02
2.228829864321240847e-02
2.248819369830845974e-02
2.248819369830845974e-02
2.248819369830845974e-02
2.138877089527994879e-02
2.178856100547205479e-02
2.256315434396953534e-02
2.248819369830845974e-02
2.248819369830845974e-02
2.248819369830845974e-02
2.128882336773192316e-02
2.168861347792402916e-02
2.258814122585648884e-02
2.248819369830845974e-02
2.248819369830845974e-02
2.248819369830845974e-02
2.248819369830845974e-02
2.158866595037600353e-02
2.198845606056832810e-02
2.238824617076043411e-02
2.248819369830845974e-02
2.248819369830845974e-02
2.108892831263587189e-02
2.148871842282797789e-02
2.188850853302008043e-02
2.228829864321240847e-02
2.248819369830845974e-02
2.248819369830845974e-02
2.248819369830845974e-02
2.138877089527994879e-02
2.178856100547205479e-02
2.218835111566438284e-02
2.236325928887337305e-02
2.186352165113324142e-02
2.248819369830845974e-02
2.128882336773192316e-02
2.168861347792402916e-02
2.208840358811635721e-02
2.248819369830845974e-02
2.248819369830845974e-02
2.078908572999179152e-02
2.118887584018389753e-02
2.158866595037600353e-02
2.198845606056832810e-02
2.223832487943828290e-02
2.211339047000330724e-02
2.068913820244376589e-02
2.108892831263587189e-02
2.148871842282797789e-02
2.188850853302008043e-02
2.228829864321240847e-02
2.223832487943839392e-02
1.983958421828543178e-02
2.098898078508784626e-02
2.138877089527994879e-02
2.178856100547205479e-02
2.218835111566438284e-02
1.996451862772029989e-02
2.186352165113324142e-02
2.088903325753982063e-02
2.128882336773192316e-02
2.048924314734771462e-02
