3.582434592073654445e-01
3.503995336261570559e-01
3.777825129911248081e-01
3.505691972138182400e-01
3.106025670663677407e-01
2.968236322883477385e-01
2.816154225005277900e-01
2.806283985486122678e-01
2.742760651717242593e-01
2.744971907006664158e-01
2.624659516941230675e-01
2.448362163411764436e-01
2.368354926576274333e-01
2.357499673337284662e-01
2.381019388688422334e-01
2.386245992099786661e-01
2.290558945030202187e-01
2.218291101707691171e-01
2.151877054205908191e-01
2.120501351881074192e-01
2.104914012322721684e-01
2.125820425968176497e-01
2.089435225296759902e-01
2.024002171050646171e-01
1.979978088470313036e-01
1.954347629433816347e-01
1.880893749183342178e-01
1.968519765606938365e-01
1.930928425686744832e-01
1.879092581238501203e-01
1.822798042033949850e-01
1.781568182046614768e-01
1.714828476947661273e-01
1.868361962388556674e-01
1.835844448241547022e-01
1.807098129479045023e-01
1.726286799811037609e-01
1.701962991627384014e-01
1.664218874069010312e-01
1.601149852750499980e-01
1.765385813792203495e-01
1.734327728136211832e-01
1.663366535666542245e-01
1.600144736709850080e-01
1.570493813510769887e-01
1.548268687619987760e-01
1.555417072901065789e-01
1.682463740438831790e-01
1.549185353449053504e-01
1.471087837090790107e-01
1.466464303303816052e-01
1.483048717974486952e-01
1.515916012503642218e-01
1.363439909137510453e-01
1.372586465107395459e-01
1.400830225849573341e-01
1.410680363047913111e-01
1.351479028253813608e-01
1.341427867847342914e-01
1.282829602677628411e-01
1.312782060688905406e-01
1.352886190710717584e-01
1.314792292770199933e-01
1.265642118382567238e-01
1.182820556633263492e-01
1.273482023499612481e-01
1.227749243650178429e-01
1.254585841935450252e-01
1.260214491763072264e-01
1.183021579841394139e-01
1.163526349117002950e-01
1.143319496235839783e-01
1.201917761405552759e-01
1.179805208511322673e-01
1.187343578816172779e-01
1.165299373812705569e-01
1.159401352886191838e-01
1.100702576112410902e-01
1.125428430712325650e-01
1.093465740619753990e-01
1.109648108874170536e-01
1.119860087847140279e-01
1.126333035148907591e-01
1.105828667919710601e-01
1.084118161441738337e-01
1.088038114000260959e-01
1.091053462122201778e-01
1.092259601370978717e-01
1.088038114000260959e-01
1.076177744720624857e-01
1.085324300690513472e-01
1.064136454553675643e-01
1.070850629705199925e-01
1.044918635856509764e-01
1.020695339276915387e-01
1.044416077836185647e-01
1.032756731764682134e-01
1.058688725613373960e-01
1.029439848830549786e-01
1.022705571358213383e-01
1.012252364535485144e-01
1.045823240293091705e-01
1.035370033470363327e-01
1.032756731764682134e-01
9.595842840055875123e-02
9.762249851745369300e-02
1.007628830748511228e-01
1.017679991154978175e-01
1.023911710606990461e-01
9.216914092732005070e-02
9.505382396397686617e-02
9.618960508990770375e-02
1.005116040646892722e-01
1.001799157712756766e-01
9.778773959453647413e-02
9.162637826537073371e-02
9.397834980048451470e-02
9.523474485129306000e-02
9.582776331527495528e-02
9.146555969886725757e-02
9.515433556804131499e-02
9.146555969886725757e-02
9.198822004000366259e-02
9.350594526138032714e-02
9.478244263300211747e-02
9.730528389502565711e-02
9.131479229277021659e-02
9.143540621764791043e-02
9.125448533033135579e-02
8.933471369269598006e-02
9.346574061975472525e-02
9.146555969886725757e-02
8.937491833432176236e-02
9.110371792423431481e-02
9.069162034756916846e-02
8.941512297594754466e-02
8.804816516066774068e-02
8.634951905197470190e-02
9.045039249781393342e-02
9.089264355569860732e-02
9.084238775366602903e-02
8.875174638912053382e-02
8.838990461448778535e-02
8.666110502457505249e-02
8.667115618498150154e-02
8.441969625393253018e-02
9.071172266838205267e-02
8.946537877797995642e-02
8.821903488757767975e-02
8.697269099717558349e-02
8.524389140726285063e-02
8.483179383059769041e-02
8.266717592546042603e-02
8.225869676654175289e-02
8.712345840327262447e-02
8.695258867636268540e-02
8.558563086108306184e-02
8.464082178287504754e-02
8.299243147621369887e-02
8.910353700334684712e-02
8.760591410278324720e-02
8.568614246514752453e-02
8.430913348946127150e-02
8.350504065694384914e-02
8.274115246605237561e-02
8.219838980410289209e-02
8.759586294237645121e-02
8.582685871083793605e-02
8.485189615141075503e-02
8.204762239800567070e-02
8.293212451377519889e-02
8.216823632288355883e-02
8.216823632288355883e-02
7.984641826898929151e-02
8.260043622036160327e-02
8.388698475238966223e-02
8.312309656149802217e-02
8.234915721019993307e-02
8.013790192077692442e-02
8.384678011076387993e-02
8.174608758581194956e-02
8.106260867817187410e-02
8.325376164678217894e-02
8.253007809751630730e-02
7.947452533395009400e-02
7.930365560703998840e-02
7.990672523142813843e-02
8.050979485581612194e-02
8.104250635735898989e-02
7.942426953191768224e-02
7.861495009598870598e-02
7.915288820094294742e-02
7.975595782533109745e-02
8.035902744971926137e-02
8.088168779085568028e-02
7.839905117045774252e-02
7.839905117045774252e-02
7.900212079484590644e-02
7.960519041923407035e-02
8.007759495833807750e-02
8.072086922435219025e-02
7.839905117045774252e-02
7.874079062427760678e-02
7.824828376436070154e-02
7.945442301313702937e-02
7.991677639183458748e-02
7.839905117045774252e-02
7.839905117045774252e-02
7.908253007809747104e-02
7.829853956639293289e-02
7.929360444663353935e-02
7.975595782533109745e-02
7.821813028314118788e-02
7.839905117045774252e-02
7.836889768923840927e-02
7.834879536842534464e-02
7.809751635826366056e-02
7.839905117045774252e-02
7.839905117045774252e-02
7.771557226281766706e-02
7.835884652883196022e-02
7.839905117045774252e-02
7.798695359379258230e-02
7.782613502728892574e-02
7.839905117045774252e-02
7.839905117045774252e-02
7.834879536842534464e-02
7.838900001005130735e-02
7.802715823541836460e-02
7.699188871355198971e-02
7.618779588103455347e-02
7.829853956639311330e-02
7.833874420801889560e-02
7.837894884964485831e-02
7.806736287704414690e-02
7.719291192168142857e-02
7.638881908916382579e-02
7.547416349217532516e-02
7.471027530128367122e-02
7.836889768923840927e-02
7.811761867907655865e-02
7.739393512981070089e-02
7.658984229729326465e-02
7.566513553989814844e-02
7.763516297956592205e-02
7.550431697339465842e-02
7.839905117045774252e-02
7.759495833794032016e-02
7.679086550542253697e-02
7.585610758762095784e-02
7.493140083022584164e-02
7.422781960177304850e-02
7.814777216029607232e-02
7.779598154606959248e-02
7.681096782623560160e-02
7.604707963534396153e-02
7.528319144445250188e-02
7.637876792875719634e-02
7.573549366274290318e-02
7.741403745062358510e-02
7.700193987395860529e-02
7.623805168306678481e-02
7.547416349217532516e-02
7.471027530128367122e-02
7.475047994290963393e-02
7.331316400478453399e-02
7.679086550542271739e-02
7.642902373078978850e-02
7.566513553989814844e-02
7.746429325265599686e-02
7.529324260485877052e-02
7.312219195706154418e-02
7.621794936225390060e-02
7.597672151249866557e-02
7.585610758762095784e-02
7.493140083022584164e-02
7.412730799770840540e-02
7.332321516519080262e-02
7.315234543828087743e-02
7.624810284347341427e-02
7.516257751957479416e-02
7.513242403835528049e-02
7.432833120583767772e-02
7.352423837332025536e-02
7.314229427787442839e-02
7.545566935702716083e-02
7.533344724648473323e-02
7.533344724648473323e-02
7.452935441396729699e-02
7.372526158144969421e-02
7.313224311746797934e-02
7.317244775909394205e-02
7.371521042104307864e-02
7.312219195706154418e-02
7.473037762209656931e-02
7.392628478957896654e-02
7.312219195706154418e-02
7.316239659868732648e-02
7.320260124031327531e-02
7.312219195706154418e-02
7.493140083022584164e-02
7.412730799770840540e-02
7.332321516519080262e-02
7.312219195706154418e-02
7.312219195706154418e-02
7.312219195706154418e-02
7.392628478957896654e-02
6.619694243700416370e-02
7.352423837332025536e-02
7.312219195706154418e-02
7.312219195706154418e-02
7.312219195706154418e-02
7.312219195706154418e-02
7.452935441396711658e-02
6.978520670211359189e-02
7.312219195706154418e-02
7.312219195706154418e-02
7.312219195706154418e-02
7.312219195706154418e-02
7.312219195706154418e-02
6.990421244132782874e-02
7.312219195706154418e-02
7.312219195706154418e-02
7.312219195706154418e-02
7.312219195706154418e-02
7.312219195706154418e-02
6.618689127659843630e-02
7.217738287885458459e-02
7.312219195706154418e-02
7.312219195706154418e-02
7.312219195706154418e-02
5.940235800223218204e-02
6.499080318822784974e-02
7.034807168487668128e-02
7.312219195706154418e-02
7.312219195706154418e-02
7.312219195706154418e-02
5.800524670573233010e-02
6.359369189172996151e-02
6.896101154878328532e-02
7.312219195706154418e-02
7.312219195706154418e-02
7.312219195706154418e-02
5.660813540923444187e-02
6.202571086831999703e-02
6.757395141269183225e-02
7.312219195706154418e-02
7.312219195706154418e-02
7.312219195706154418e-02
7.312219195706154418e-02
6.063865073222658719e-02
6.618689127659843630e-02
7.173513182097009111e-02
7.312219195706154418e-02
7.312219195706154418e-02
5.381391281623455758e-02
5.925159059613514106e-02
6.479983114050502646e-02
7.034807168487668128e-02
7.312219195706154418e-02
7.312219195706154418e-02
5.241680151973666935e-02
7.312219195706154418e-02
6.341277100441340686e-02
6.896101154878328532e-02
7.304178267380979916e-02
7.312219195706154418e-02
7.312219195706154418e-02
5.647747032395029204e-02
6.202571086831999703e-02
6.757395141269183225e-02
7.312219195706154418e-02
7.312219195706154418e-02
4.962257892673696547e-02
5.509041018785688221e-02
6.063865073222658719e-02
6.618689127659843630e-02
7.153410861284083266e-02
4.263702244424144583e-02
7.312219195706154418e-02
5.370335005176347931e-02
5.925159059613514106e-02
6.479983114050502646e-02
7.034807168487668128e-02
4.107909258123793039e-02
4.682835633373904488e-02
5.231628991567203318e-02
5.786453046004173817e-02
6.341277100441340686e-02
6.835794192439512140e-02
7.304178267380979916e-02
4.543124503723919294e-02
5.092922977957863029e-02
5.647747032395029204e-02
6.202571086831999703e-02
