4.511085443840324727e-01
4.283460574133023391e-01
4.337617263430711412e-01
4.014558976814941449e-01
3.720945432008338494e-01
3.529492633180267847e-01
3.370707383722567618e-01
3.211820717243710210e-01
3.145944727723470336e-01
3.194354452488942786e-01
2.975158464095558619e-01
2.849536580556105148e-01
2.687686283347887617e-01
2.582922500493000095e-01
2.544293883990195737e-01
2.508662703890469081e-01
2.486125588077865156e-01
2.364639265290024717e-01
2.327802349494324241e-01
2.259627574161194863e-01
2.231467447953347227e-01
2.232583035186072040e-01
2.113418035326928845e-01
2.082992928979912062e-01
2.036510127616418531e-01
1.995661605206071609e-01
1.935600191565481631e-01
1.892081020931346835e-01
1.910020565118178693e-01
1.809448685804433132e-01
1.828886948192803841e-01
1.790292137363722058e-01
1.779305293405076815e-01
1.735639631518156034e-01
1.739301912837705744e-01
1.655914584331070472e-01
1.625489477984054798e-01
1.628588331408288015e-01
1.600698650590190730e-01
1.586894667154970517e-01
1.582105530044792263e-01
1.581823816097135127e-01
1.563512409499394629e-01
1.434983238020114404e-01
1.533087303152378955e-01
1.501535341014733349e-01
1.563512409499394629e-01
1.531960447361749023e-01
1.313632137927148447e-01
1.346592669803082509e-01
1.346029241907767404e-01
1.446601121221512964e-01
1.530551877623461954e-01
1.197284277544580638e-01
1.234188804687719881e-01
1.255880778657351982e-01
1.245175648646364985e-01
1.291095022114544799e-01
1.160098036453784676e-01
1.172493450150716710e-01
1.179254584894498387e-01
1.180381440685128458e-01
1.180381440685128458e-01
1.051356452657970370e-01
1.003183367608530552e-01
9.868439586443931988e-02
1.093050116911288006e-01
1.067132433726793866e-01
1.066569005831478761e-01
9.989576583936671250e-02
9.721948333661997732e-02
9.719131194185429146e-02
1.045158745809505046e-01
1.039344169929852374e-01
1.005718793137448802e-01
9.913513818069122352e-02
9.662788404653913088e-02
9.626165591458442361e-02
8.702143843141672830e-02
8.907795024931691730e-02
9.068371975096482795e-02
9.057103417190182082e-02
8.735949516860587460e-02
8.688058145758789652e-02
8.634532495703868549e-02
8.812012282728109991e-02
9.127531904104567440e-02
8.727498098430855333e-02
8.682423866805639989e-02
8.457052708679613229e-02
8.082373158295083626e-02
8.211961574217542525e-02
8.426064174437279675e-02
8.254218666366175405e-02
8.307744316421110387e-02
7.876721976505064726e-02
7.676705073668195489e-02
7.910527650223966867e-02
8.118995971490554353e-02
8.124630250443705404e-02
8.039552638251118433e-02
7.704876468433947967e-02
7.749950700059163311e-02
7.761219257965464025e-02
7.778122094824914401e-02
7.947150463419437594e-02
7.761219257965464025e-02
7.659802236808745113e-02
7.659802236808745113e-02
7.733047863199711547e-02
7.676705073668207979e-02
7.676705073668195489e-02
7.645716539425863323e-02
7.676705073668195489e-02
7.631630842042994023e-02
7.648533678902444399e-02
7.535848099839424774e-02
7.513310984026823347e-02
7.642899399949294736e-02
7.609093726230392596e-02
7.617545144660110845e-02
7.606276586753810132e-02
7.493591007690790506e-02
7.389356847057490518e-02
7.378088289151202295e-02
7.600642307800660469e-02
7.578105191988059042e-02
7.600642307800660469e-02
7.454151055018738703e-02
7.409076823393523359e-02
7.296391244330503734e-02
7.211877060033249076e-02
7.572470913034907991e-02
7.566836634081758328e-02
7.482322449784489793e-02
7.378088289151202295e-02
7.240048454798987676e-02
7.149899991548594458e-02
7.566836634081758328e-02
7.189339944220647649e-02
7.552750936698876538e-02
7.366819731244901581e-02
7.262585570611601593e-02
7.172437107361195885e-02
7.014677296672960916e-02
7.285122686424203020e-02
7.465419612925039416e-02
7.273854128517902307e-02
7.090852748119551296e-02
7.118911457306248414e-02
7.090740062540509814e-02
6.944248809758575558e-02
6.868186043891026660e-02
7.220328478462967325e-02
7.090740062540497324e-02
6.994957320336940565e-02
7.042848691438713393e-02
6.930163112375693768e-02
6.817477533312686633e-02
6.772403301687471289e-02
7.144265712595432305e-02
7.056934388821595183e-02
7.056934388821595183e-02
6.958334507141457348e-02
6.820294672789255219e-02
6.766769022734320238e-02
6.761134743781170575e-02
7.034397273008993756e-02
7.071020086204464483e-02
6.918894554469393054e-02
6.840014649125288060e-02
6.761134743781170575e-02
6.617460630475817396e-02
6.938614530805413405e-02
6.713243372679374155e-02
6.685071977913634167e-02
6.859734625461308410e-02
6.775220441164039875e-02
6.761134743781170575e-02
6.648449164718150950e-02
6.642814885765001287e-02
6.676620559483902040e-02
6.676620559483902040e-02
6.766769022734320238e-02
6.654421500408475021e-02
6.600557793616367019e-02
6.690706256866772728e-02
6.668169141054171301e-02
6.662534862101020250e-02
6.651266304194732026e-02
6.541397864608269885e-02
6.465335098740733477e-02
6.625912048905537033e-02
6.659717722624451663e-02
6.693523396343353804e-02
6.549849283038000625e-02
6.549849283038000625e-02
6.482237935600183854e-02
6.617460630475817396e-02
6.578020677803765592e-02
6.549849283038000625e-02
6.549849283038000625e-02
6.549849283038000625e-02
6.499140772459648108e-02
6.609009212046086656e-02
6.625912048905537033e-02
6.549849283038000625e-02
6.549849283038000625e-02
6.538580725131699911e-02
6.516043609319098484e-02
6.549849283038000625e-02
6.549849283038000625e-02
6.549849283038000625e-02
6.510409330365948821e-02
6.532946446178550248e-02
6.532946446178550248e-02
6.423078006592099209e-02
6.321660985435392788e-02
6.549849283038000625e-02
6.504775051412797771e-02
6.527312167225399198e-02
6.549849283038000625e-02
6.448432261881281713e-02
6.347015240724562801e-02
6.245598219567844583e-02
6.397723751302929196e-02
6.521677888272249535e-02
6.544215004084850962e-02
6.473786517170465604e-02
6.372369496013746692e-02
6.343409302194530364e-02
6.394906611826348120e-02
6.254049637997588507e-02
6.538580725131699911e-02
6.499140772459648108e-02
6.397723751302929196e-02
6.296306730146210284e-02
6.132912640504837448e-02
6.251232498521007430e-02
6.532946446178550248e-02
6.513226469842517408e-02
6.423078006592099209e-02
6.307575288052523488e-02
6.152632616840857799e-02
6.299123869622791361e-02
6.527312167225399198e-02
6.549849283038000625e-02
6.448432261881281713e-02
6.318843845958811711e-02
6.172352593176889946e-02
6.093472687832772461e-02
6.155449756317426385e-02
6.468152238217314554e-02
6.375186635490327769e-02
6.270952474857027781e-02
6.192072569512910296e-02
6.113192664168805301e-02
5.927261458714818548e-02
5.910358621855367478e-02
6.369552356537176718e-02
6.290672451193060621e-02
6.211792545848942443e-02
6.132912640504837448e-02
5.952615714004001746e-02
5.851198692847282834e-02
5.789221624362628910e-02
5.803307321745498210e-02
6.231512522184975283e-02
6.152632616840857799e-02
5.977969969293184249e-02
5.876552948136465337e-02
5.775135926979746426e-02
6.206158266895792086e-02
6.161084035270576742e-02
6.172352593176889946e-02
6.003324224582354263e-02
5.901907203425636045e-02
5.800490182268929623e-02
5.817393019128380693e-02
5.814575879651798923e-02
6.192072569512910296e-02
6.028678479871537460e-02
5.927261458714818548e-02
5.825844437558099637e-02
5.786404484886047139e-02
6.223061103755243156e-02
6.099106966785922818e-02
6.054032735160719964e-02
5.952615714004001746e-02
5.851198692847282834e-02
5.780770205932896783e-02
5.803307321745498210e-02
6.130095501028243882e-02
6.079386990449890671e-02
5.977969969293184249e-02
5.876552948136465337e-02
5.775135926979746426e-02
5.797673042792347853e-02
5.775135926979746426e-02
5.969518550863452816e-02
6.003324224582354263e-02
5.901907203425636045e-02
5.800490182268929623e-02
5.777840380877261733e-02
5.775135926979746426e-02
5.775135926979746426e-02
5.859650111277001777e-02
5.927261458714818548e-02
5.825844437558099637e-02
5.775135926979746426e-02
5.808941600698648566e-02
5.775135926979746426e-02
5.775135926979746426e-02
5.946981435050851389e-02
5.699073161112210711e-02
5.780770205932896783e-02
5.775135926979746426e-02
5.775135926979746426e-02
5.775135926979746426e-02
5.786404484886047139e-02
5.792038763839197496e-02
5.775135926979746426e-02
5.775135926979746426e-02
5.775135926979746426e-02
5.775135926979746426e-02
5.408907795024936460e-02
5.634278953150975711e-02
5.749781671690576412e-02
5.775135926979746426e-02
5.775135926979746426e-02
5.775135926979746426e-02
5.775135926979746426e-02
5.577936163619459653e-02
5.724427416401380725e-02
5.775135926979746426e-02
5.775135926979746426e-02
5.775135926979746426e-02
5.775135926979746426e-02
5.420176352931237174e-02
5.746964532213994642e-02
5.775135926979746426e-02
5.775135926979746426e-02
5.775135926979746426e-02
5.239879426430413267e-02
5.465250584556440028e-02
5.572301884666321786e-02
5.775135926979746426e-02
5.775135926979746426e-02
5.775135926979746426e-02
5.775135926979746426e-02
5.318759331774518262e-02
5.521593374087956085e-02
5.724427416401393215e-02
5.775135926979746426e-02
5.775135926979746426e-02
5.127193847367381152e-02
5.352565005493420403e-02
5.470884863509590385e-02
5.673718905823027514e-02
5.775135926979746426e-02
5.775135926979746426e-02
5.070851057835877584e-02
5.217342310617799350e-02
5.420176352931237174e-02
5.623010395244674997e-02
5.775135926979746426e-02
5.775135926979746426e-02
4.963799757726009010e-02
5.166633800039446139e-02
5.369467842352871473e-02
5.572301884666321786e-02
5.775135926979746426e-02
5.730061695354531082e-02
4.913091247147655799e-02
5.115925289461092929e-02
5.318759331774518262e-02
5.521593374087956085e-02
5.724427416401393215e-02
5.741330253260844285e-02
4.960982618249439730e-02
5.065216778882727228e-02
5.268050821196165051e-02
5.470884863509590385e-02
5.673718905823027514e-02
4.637011578443250848e-02
4.811674225990936887e-02
5.014508268304361527e-02
5.217342310617799350e-02
5.420176352931237174e-02
5.623010395244674997e-02
5.763867369073445712e-02
4.704622925881055129e-02
4.963799757726009010e-02
5.166633800039446139e-02
5.369467842352871473e-02
