4.564522976770515883e-01
4.478175606008532039e-01
4.467982128055313362e-01
4.392552008572063182e-01
4.275219861310474712e-01
4.009865960414854547e-01
3.773345733174291450e-01
3.771505974162505104e-01
3.681673169844124072e-01
3.601682065382204034e-01
3.573976507692618876e-01
3.407092169904777368e-01
3.303572367223984729e-01
3.242011200291126105e-01
3.295808988536886863e-01
3.091502739421386758e-01
3.085781291066050369e-01
3.012453753310555538e-01
2.959460606918302705e-01
2.947738713786061671e-01
2.943614418858541693e-01
2.931484139659948362e-01
2.874673998746535841e-01
2.822817055172553435e-01
2.766714513879059423e-01
2.714251056345145519e-01
2.772274225178414375e-01
2.785516446636879251e-01
2.709803287305662667e-01
2.611750197117037597e-01
2.584861411560156474e-01
2.588035501283790230e-01
2.575549400562038294e-01
2.659369629824316905e-01
2.525220872167075470e-01
2.490665750156680347e-01
2.448294684915996722e-01
2.420698299739200976e-01
2.496815801710368377e-01
2.488223520611365369e-01
2.509665810808078268e-01
2.382872045771587954e-01
2.292420597214078481e-01
2.297272708893515203e-01
2.316883326931241383e-01
2.349432909447468909e-01
2.304753047732648052e-01
2.286585932919555086e-01
2.235234417645511340e-01
2.155146270950004661e-01
2.144229019671269332e-01
2.166265693548712068e-01
2.281402260275357252e-01
2.229949659341325385e-01
2.126741200493297568e-01
2.082566767078422310e-01
2.093989446657095743e-01
2.056587752461435381e-01
2.062539676121543653e-01
2.192547965145661415e-01
1.959949861512644276e-01
1.962072660372400357e-01
1.924266623536787790e-01
1.947111982694132992e-01
1.958393142348826277e-01
1.827123304288053030e-01
1.941350100074802076e-01
1.901118007399469345e-01
1.811960455289813032e-01
1.803064917210842333e-01
1.812870226229705284e-01
1.811960455289811367e-01
1.811960455289811367e-01
1.804091947516319461e-01
1.797505205911487658e-01
1.758182884176050786e-01
1.757879627196083094e-01
1.791338980652202872e-01
1.770515334694618415e-01
1.744536320077633429e-01
1.696722802903178062e-01
1.667407961506578717e-01
1.676606756565511835e-01
1.759699169075875091e-01
1.601196854214259058e-01
1.631926894850698195e-01
1.581990578816488691e-01
1.671855730546063235e-01
1.646887572528961952e-01
1.705011827022224202e-01
1.556719163819421659e-01
1.551159452520065041e-01
1.548834482340332996e-01
1.534783575601961492e-01
1.496573196126398664e-01
1.581990578816490356e-01
1.400036390837595679e-01
1.544791055940802349e-01
1.505064391565411885e-01
1.487386531346664154e-01
1.502537250065705543e-01
1.421203728039135972e-01
1.412571012676139270e-01
1.400036390837595679e-01
1.434001172593653839e-01
1.467460526049773339e-01
1.435416371833496962e-01
1.415603582475785938e-01
1.389119139558862293e-01
1.357074985342578699e-01
1.352020702343166014e-01
1.414693811535893408e-01
1.389220225218848470e-01
1.368497664921254076e-01
1.353840244222952460e-01
1.350201160463377625e-01
1.349493560843457729e-01
1.336857853344924352e-01
1.362735782301919552e-01
1.336857853344924352e-01
1.300871358389099897e-01
1.336857853344924352e-01
1.334027454865253925e-01
1.335996603521813486e-01
1.336857853344924352e-01
1.255079554414410825e-01
1.291874734650141354e-01
1.322705860946568335e-01
1.327153629986049244e-01
1.245678588035501744e-01
1.238703677496309080e-01
1.284798738450965983e-01
1.282878110911187808e-01
1.308149525908254840e-01
1.176232739623555845e-01
1.219901744738494387e-01
1.194832501061401653e-01
1.237894992216404810e-01
1.273881487172228988e-01
1.269332632472756628e-01
1.327153629986049244e-01
1.108404261771425842e-01
1.186543476942360925e-01
1.186846733922326813e-01
1.255180640074397003e-01
1.228494025837495590e-01
1.111942259871014360e-01
1.134989790348342742e-01
1.158037320825667654e-01
1.181084851302996036e-01
1.143177728807395488e-01
1.075551422275232566e-01
1.034813901299961453e-01
1.063724400056606928e-01
1.106989062531589657e-01
1.130946363948810429e-01
1.146816812566966576e-01
1.050482178598145105e-01
1.038554070719526073e-01
1.049066979358310725e-01
1.033701959040087687e-01
1.089197986373655475e-01
1.135899561288235132e-01
1.053716919717767736e-01
1.042294240139094302e-01
1.031073731880395028e-01
1.031073731880395028e-01
1.031073731880395028e-01
1.069890625315891575e-01
1.015708711562177263e-01
1.023391221721287880e-01
1.031073731880395028e-01
1.031073731880395028e-01
1.015405454582211375e-01
1.031073731880395028e-01
9.846754139457794541e-02
1.021470594181508040e-01
1.029153104340618657e-01
9.813395871661670378e-02
1.001253462183855497e-01
9.588985706487668237e-02
9.795200452863750407e-02
9.989284920041269222e-02
1.026828134160888417e-01
9.355477831914814357e-02
9.871014697854994802e-02
9.537432019893660184e-02
9.743646766269743742e-02
1.017629339101953634e-01
1.005903402543314173e-01
9.098720255544531788e-02
9.729494773871436020e-02
9.421183510907128744e-02
9.692093079675735690e-02
9.882134120453679726e-02
1.009643571962882402e-01
9.021895153953461699e-02
9.545518872692720924e-02
9.434324646705609385e-02
9.640539393081710984e-02
9.701190789074695675e-02
9.021895153953461699e-02
9.021895153953461699e-02
9.176556213735519163e-02
9.382770960111602720e-02
9.330206416917696810e-02
9.633463396882512020e-02
9.021895153953461699e-02
9.021895153953461699e-02
9.125002527141511111e-02
8.943048339162611160e-02
9.345369265915938473e-02
9.015830014354160593e-02
9.021895153953461699e-02
9.021895153953461699e-02
9.008754018154979670e-02
8.956189474961073760e-02
8.679619109233122076e-02
8.569031397205971456e-02
9.021895153953461699e-02
9.021895153953461699e-02
9.021895153953461699e-02
8.933667589915698926e-02
8.641813072397538931e-02
8.614519944200732526e-02
8.277904696439719601e-02
9.011786587954638550e-02
9.019873440753700677e-02
8.982471746558018388e-02
8.569031397205989498e-02
8.310252107636018071e-02
8.051472818066046644e-02
8.143622505711202442e-02
9.017851727553939656e-02
8.949113478761912266e-02
8.633726219598478191e-02
8.374946930028488723e-02
8.093928795261094711e-02
8.069668236863912492e-02
7.689586155308007764e-02
8.960232901360613844e-02
8.698421041990947455e-02
8.439641752420977416e-02
8.156601904453822383e-02
8.164688757252883122e-02
8.971352323959333463e-02
9.021895153953461699e-02
8.629682793198974189e-02
8.504336574813464722e-02
8.245557285243493295e-02
7.968582576875622714e-02
7.839192932090627286e-02
7.542001091725093753e-02
8.827810686775960924e-02
8.335523522633081495e-02
8.281948122839313808e-02
8.031255686068403121e-02
7.780563249297439699e-02
7.548066231324394859e-02
8.585205102804038813e-02
8.633726219598478191e-02
8.344621232032005398e-02
8.093928795261094711e-02
8.069668236863912492e-02
7.645108464913180635e-02
8.923842063764776678e-02
8.491195439014984081e-02
8.407294341224733070e-02
8.156601904453822383e-02
7.871540343286907715e-02
7.612761053716918247e-02
7.404524594141075056e-02
7.362068616946008948e-02
8.203101308048392493e-02
8.219275013646550054e-02
7.936235165679378367e-02
7.677455876109406940e-02
7.418676586539435514e-02
8.322382386834600854e-02
8.039342538867447208e-02
7.915007177081871681e-02
8.031255686068348998e-02
7.742150698501895634e-02
7.483371408931906166e-02
7.358025190546486904e-02
7.366112043345529603e-02
7.353981764146948208e-02
8.065624810464390448e-02
7.353981764146948208e-02
7.548066231324448982e-02
7.356003477346707842e-02
7.364090330145769969e-02
8.088874512261674810e-02
8.084831085862136113e-02
7.871540343286907715e-02
7.612761053716918247e-02
7.353981764146948208e-02
7.353981764146948208e-02
7.353981764146948208e-02
7.353981764146948208e-02
7.936235165679378367e-02
7.677455876109406940e-02
7.418676586539381390e-02
7.360046903746247926e-02
7.353981764146948208e-02
7.353981764146948208e-02
8.000929988071865673e-02
7.695651294907307483e-02
7.483371408931906166e-02
7.358025190546468863e-02
7.353981764146948208e-02
7.353981764146948208e-02
7.353981764146948208e-02
7.744172411701638614e-02
7.505610254129364833e-02
7.353981764146948208e-02
7.353981764146948208e-02
7.353981764146948208e-02
7.353981764146948208e-02
7.353981764146948208e-02
7.353981764146948208e-02
7.353981764146948208e-02
7.353981764146948208e-02
7.353981764146948208e-02
7.353981764146948208e-02
7.353981764146948208e-02
7.323656066150464883e-02
7.339829771748604403e-02
7.353981764146948208e-02
7.353981764146948208e-02
7.353981764146948208e-02
7.353981764146948208e-02
7.289286941754441473e-02
7.325677779350242558e-02
7.353981764146948208e-02
7.353981764146948208e-02
7.353981764146948208e-02
7.226613832561713802e-02
7.254917817358454146e-02
7.311525786951864059e-02
7.353981764146948208e-02
7.353981764146948208e-02
7.353981764146948208e-02
7.353981764146948208e-02
7.240765824960075647e-02
7.302225906232953645e-02
7.353981764146948208e-02
7.353981764146948208e-02
7.353981764146948208e-02
7.353981764146948208e-02
7.258961243757958148e-02
7.283221802155158409e-02
7.339829771748604403e-02
7.353981764146948208e-02
7.353981764146948208e-02
7.159412085801507286e-02
7.242787538159853322e-02
7.269069809756797951e-02
7.325677779350242558e-02
7.287265228554698493e-02
7.353981764146948208e-02
7.141701878171581586e-02
7.198309847765009539e-02
7.254917817358454146e-02
7.311525786951864059e-02
7.320623496350804615e-02
7.353981764146948208e-02
7.127549885773221128e-02
7.184157855366665735e-02
7.240765824960075647e-02
7.297373794553520254e-02
7.353981764146948208e-02
7.353981764146948208e-02
7.165477225400770922e-02
7.170005862968287236e-02
7.226613832561713802e-02
7.283221802155158409e-02
7.339829771748604403e-02
6.948628267593962016e-02
7.101510219760229226e-02
7.155853870569925390e-02
7.212461840163369997e-02
7.269069809756797951e-02
7.325677779350242558e-02
6.961769403392442657e-02
7.097224187776737803e-02
7.141701878171581586e-02
7.198309847765009539e-02
7.254917817358454146e-02
7.302428077552922114e-02
6.982997391989984037e-02
7.187190425166306573e-02
6.827325475608028715e-02
7.184157855366665735e-02
7.240765824960075647e-02
