6.776229543039319347e-01
6.346397449521784528e-01
5.964505844845908733e-01
5.440433581296491017e-01
5.114082890541975512e-01
4.846758767268861123e-01
4.758767268862911237e-01
4.581109458023379655e-01
4.578941551540914867e-01
4.140488841657811170e-01
4.032943676939427791e-01
3.948990435706694058e-01
3.916259298618490758e-01
3.802763018065887790e-01
3.746652497343252453e-01
3.644259298618488518e-01
3.589798087141339300e-01
3.548777895855474429e-01
3.501806588735387193e-01
3.474176408076514178e-01
3.475375132837406067e-01
3.490967056323060480e-01
3.439957492029755426e-01
3.379808714133898939e-01
3.331987247608925173e-01
3.282660998937299013e-01
3.286928799149840263e-01
3.278852284803400741e-01
3.269500531349627259e-01
3.199787460148779128e-01
3.173645058448458789e-01
3.131774707757703502e-01
3.139213602550479099e-01
3.149840595111583763e-01
3.127736450584483463e-01
3.098193411264612007e-01
3.023379383634431927e-01
3.030605738575982144e-01
3.017215727948990289e-01
3.052922422954303938e-01
3.075239107332623512e-01
2.896918172157278426e-01
2.900012752391072368e-01
2.911370882040381636e-01
2.943676939426141947e-01
2.934537725823592180e-01
2.784272051009563653e-01
2.819341126461211711e-01
2.838682252922423710e-01
2.826142401700318385e-01
2.756216790648247095e-01
2.752391073326248550e-01
2.736450584484589887e-01
2.759404888416578383e-01
2.750053134962804902e-01
2.727523910733261614e-01
2.739638682252923396e-01
2.743251859723698782e-01
2.724548352816153485e-01
2.731562167906481653e-01
2.714771519659937016e-01
2.695005313496279808e-01
2.699893730074388598e-01
2.682040382571731496e-01
2.703931987247608637e-01
2.713283740701382118e-01
2.715196599362380003e-01
2.693304994686503417e-01
2.620803400637618519e-01
2.632518597236981894e-01
2.689691817215726366e-01
2.715196599362380003e-01
2.652029755579170534e-01
2.595536663124337062e-01
2.604888416578108323e-01
2.605951115834218568e-01
2.613177470775769895e-01
2.603825717321998634e-01
2.565781083953239672e-01
2.564293304994686995e-01
2.590648246546228273e-01
2.513283740701381941e-01
2.515196599362379826e-01
2.511370882040381280e-01
2.509245483528161902e-01
2.529649309245483590e-01
2.558979808714133553e-01
2.512467587672688185e-01
2.507757704569606449e-01
2.510095642933050097e-01
2.496280552603613312e-01
2.543039319872474890e-01
2.508607863974495200e-01
2.487566418703506532e-01
2.485441020191284933e-01
2.493304994686503240e-01
2.481402763018064894e-01
2.481190223166843123e-01
2.489479277364504972e-01
2.479277364505844961e-01
2.460786397449521712e-01
2.470775770456959952e-01
2.482252922422953090e-01
2.471200850159403217e-01
2.457598299681189868e-01
2.466737513283739913e-01
2.442082890541976692e-01
2.438469713071199918e-01
2.404233793836345057e-01
2.472051009564291413e-01
2.444845908607863327e-01
2.460148777895855010e-01
2.427417640807651711e-01
2.410201912858661588e-01
2.456323060573856465e-01
2.464144527098830195e-01
2.450584484590859757e-01
2.431455897980869807e-01
2.429543039319873310e-01
2.394261424017005147e-01
2.389798087141340177e-01
2.460148777895855010e-01
2.439744952178533322e-01
2.429543039319871645e-01
2.411689691817214820e-01
2.395536663124336607e-01
2.384697130712008228e-01
2.342401700318809954e-01
2.361742826780021676e-01
2.428131774707757706e-01
2.414240170031879684e-01
2.386822529224230105e-01
2.351540913921361664e-01
2.335812964930925051e-01
2.359192348565356534e-01
2.421891604675876497e-01
2.390010626992561671e-01
2.371732199787461859e-01
2.355579171094581703e-01
2.304569606801274706e-01
2.358554729011689832e-01
2.337938363443146650e-01
2.397662061636556541e-01
2.350903294367694962e-01
2.290116896918173439e-01
2.261424017003188236e-01
2.359192348565356534e-01
2.336221041445271651e-01
2.387460148777894864e-01
2.372157279489905124e-01
2.155936238044631748e-01
2.236981934112646508e-01
2.329011689691818376e-01
2.331774707757706955e-01
2.336238044633369981e-01
2.362805526036131643e-01
2.117959617428269992e-01
2.181296493092456656e-01
2.283528161530288259e-01
2.330286928799149837e-01
2.323485653560043440e-01
1.946865037194476511e-01
2.057810839532414893e-01
2.137385759829967258e-01
2.257810839532413405e-01
2.326673751328376949e-01
2.330499468650373274e-01
2.321572794899045000e-01
2.017428267800213115e-01
2.131349628055261569e-01
2.221253985122211561e-01
2.327311370882041708e-01
2.324760892667376844e-01
1.869925611052072889e-01
1.973645058448459666e-01
2.102869287991499803e-01
2.191285866099894897e-01
2.294367693942616915e-01
1.753232731137091549e-01
1.842082890541978102e-01
1.939426142401701469e-01
2.055260361317750029e-01
2.129649309245486843e-01
2.266950053134965115e-01
1.717321997874602935e-01
1.814240170031883037e-01
1.921147715196601657e-01
2.019128586609991727e-01
2.090541976620616527e-01
2.226567481402763060e-01
1.660675876726885047e-01
1.780021253985122898e-01
1.887566418703506277e-01
1.992561105207228123e-01
2.029755579171096669e-01
2.182146652497343187e-01
1.631243358129649546e-01
1.753453772582361514e-01
1.859723698193413155e-01
1.965993623804466739e-01
2.051222104144528047e-01
2.125908607863970234e-01
1.635919234856536286e-01
1.721147715196599537e-01
1.833156216790649828e-01
1.850159404888414294e-01
1.988310308182786590e-01
1.635069075451647813e-01
1.640595111583421084e-01
1.685653560042507659e-01
1.794473963868226385e-01
1.817215727948989501e-01
1.909245483528164977e-01
1.635706695005314515e-01
1.615940488841657863e-01
1.658448459086077631e-01
1.767268862911798022e-01
1.784272051009564430e-01
1.773219978746020109e-01
1.636344314558979274e-01
1.633793836344314410e-01
1.631243358129649546e-01
1.740063761955369936e-01
1.751328374070139637e-01
1.751965993623808282e-01
1.636981934112645976e-01
1.634431455897981111e-01
1.626142401700319540e-01
1.631243358129649546e-01
1.718384697130712901e-01
1.631243358129649546e-01
1.637619553666312677e-01
1.600637619553665902e-01
1.621041445270989534e-01
1.631243358129649546e-01
1.631243358129649546e-01
1.631243358129649546e-01
1.631243358129649546e-01
1.591073326248670927e-01
1.615940488841657863e-01
1.629968119022316142e-01
1.631243358129649546e-01
1.631243358129649546e-01
1.631243358129649546e-01
1.585334750265674220e-01
1.608289054197662715e-01
1.631243358129649546e-01
1.619553666312436302e-01
1.631243358129649546e-01
1.631243358129649546e-01
1.579596174282677790e-01
1.602550478214666285e-01
1.614240170031881194e-01
1.583396386822525925e-01
1.631243358129649546e-01
1.631243358129649546e-01
1.573857598299681082e-01
1.596811902231667635e-01
1.611264612114772787e-01
1.628692879914984404e-01
1.522210414452711269e-01
1.541976620616365978e-01
1.557279489904357661e-01
1.561317747077577700e-01
1.601275239107332882e-01
1.629968119022316142e-01
1.567481402763021558e-01
1.539426142401701114e-01
1.553453772582359393e-01
1.551328374070137517e-01
1.591285866099894364e-01
1.487778958554729358e-01
1.505632306057387848e-01
1.533687566418704407e-01
1.550750265674813999e-01
1.487778958554729358e-01
1.543039319872477888e-01
1.487778958554729358e-01
1.501168969181720936e-01
1.519022316684379426e-01
1.545802337938364523e-01
1.573857598299681082e-01
1.487778958554729358e-01
1.487778958554729358e-01
1.496705632306057632e-01
1.514558979808716122e-01
1.484590860786397792e-01
1.510520722635496360e-01
1.561317747077577700e-01
1.487778958554729358e-01
1.492242295430392662e-01
1.510095642933051152e-01
1.527948990435707699e-01
1.502444208289056282e-01
1.487778958554729358e-01
1.487778958554729358e-01
1.487778958554729358e-01
1.505632306057387848e-01
1.523485653560044673e-01
1.480765143464401190e-01
1.473113708820404377e-01
1.465462274176409507e-01
1.487778958554729358e-01
1.501168969181722879e-01
1.478852284803401085e-01
1.482678002125399352e-01
1.475026567481404483e-01
1.467375132837407670e-01
1.479277364505846015e-01
1.496705632306057632e-01
1.480127523910734488e-01
1.475026567481402540e-01
1.476939426142402645e-01
1.469287991498407775e-01
1.487778958554729358e-01
1.492242295430392662e-01
1.510095642933051152e-01
1.476301806588735943e-01
1.471200850159406215e-01
1.471200850159406215e-01
1.470775770456961007e-01
1.487778958554729358e-01
1.482678002125399352e-01
1.477577045696069624e-01
1.472476089266737675e-01
1.467375132837407670e-01
1.441020191285867780e-01
1.453560042507971162e-01
1.483953241232731091e-01
1.478852284803401085e-01
1.473751328374071079e-01
1.426142401700321305e-01
1.438044633368755765e-01
1.479277364505846015e-01
1.484378320935176021e-01
1.477577045696067681e-01
1.475026567481402540e-01
1.469925611052072811e-01
1.464824654622742806e-01
1.446971307120085981e-01
1.455897980871414532e-01
1.481402763018065949e-01
1.476301806588735943e-01
1.471200850159406215e-01
1.432093517534537563e-01
1.443995749202975909e-01
1.455897980871414532e-01
1.455897980871414532e-01
1.477577045696069624e-01
1.472476089266737675e-01
1.429117959617429434e-01
1.441020191285867780e-01
1.452922422954306125e-01
1.455897980871414532e-01
1.478852284803401085e-01
1.473751328374071079e-01
1.426142401700321305e-01
1.438044633368755765e-01
1.449946865037196053e-01
1.455897980871414532e-01
1.476301806588735943e-01
1.468650371944739408e-01
1.423166843783209290e-01
1.435069075451647636e-01
1.446971307120085981e-01
1.455897980871414532e-01
1.455897980871414532e-01
1.456110520722636026e-01
1.420191285866101161e-01
1.432093517534537563e-01
1.443995749202975909e-01
1.455897980871414532e-01
1.455897980871414532e-01
1.455897980871414532e-01
1.417215727948991089e-01
1.429117959617429434e-01
1.441020191285867780e-01
1.452922422954306125e-01
1.455897980871414532e-01
1.419553666312434459e-01
1.409564293304996219e-01
1.419766206163655953e-01
1.438044633368755765e-01
1.449946865037196053e-01
1.358129649309245957e-01
1.375132837407016251e-01
1.392136025504782659e-01
1.409139213602551011e-01
1.435069075451647636e-01
1.353453772582361159e-01
1.455897980871414532e-01
1.370882040382572775e-01
1.387885228480341127e-01
1.420191285866101161e-01
1.424867162592985959e-01
