5.032546786004882255e-01
4.239544344995931913e-01
4.023596419853540107e-01
3.728966639544344375e-01
3.454027664768105077e-01
3.358421480878763243e-01
3.299430431244915751e-01
3.071602929210742183e-01
3.112286411716842505e-01
2.853946297803092169e-01
2.941415785191212606e-01
2.646460537021969039e-01
2.575264442636289175e-01
2.563059397884459578e-01
2.522375915378356481e-01
2.457282343368592248e-01
2.420667209113099849e-01
2.336208299430430069e-01
2.416598860862489151e-01
2.239625711960943621e-01
2.408462164361268865e-01
2.172497965825874733e-01
2.290480065093573325e-01
2.078925956061837277e-01
2.001627339300243447e-01
2.019934906427988952e-01
2.001627339300243447e-01
1.991375101708705020e-01
2.001627339300243447e-01
1.926362896663954272e-01
2.001627339300243447e-01
1.891781936533766806e-01
1.639544344995930714e-01
1.783970707892594820e-01
1.602929210740438593e-01
1.779902359641984122e-01
1.602929210740438593e-01
1.674125305126118179e-01
1.558177379983725908e-01
1.635475996745321403e-01
1.558177379983725908e-01
1.613100081366965199e-01
1.558177379983725908e-01
1.570382424735555782e-01
1.558177379983725908e-01
1.554109031733115209e-01
1.545972335231894923e-01
1.493653376729046078e-01
1.545972335231894923e-01
1.535801464605369704e-01
1.545972335231894923e-01
1.472742066720910403e-01
1.427990235964197718e-01
1.462571196094385184e-01
1.387306753458096287e-01
1.452400325467860243e-01
1.387306753458096287e-01
1.432058584214810082e-01
1.387306753458096287e-01
1.432058584214810082e-01
1.387306753458096287e-01
1.413751017087063466e-01
1.375101708706265025e-01
1.362896663954433762e-01
1.375101708706265025e-01
1.407648494711147835e-01
1.366965012205044738e-01
1.358828315703824174e-01
1.366965012205044738e-01
1.358828315703824174e-01
1.366965012205044738e-01
1.340520748576077559e-01
1.366965012205044738e-01
1.352725793327908543e-01
1.330349877949552340e-01
1.338486574450772626e-01
1.366965012205044738e-01
1.301871440195280505e-01
1.358828315703824174e-01
1.330349877949550952e-01
1.358828315703824174e-01
1.295768917819364874e-01
1.330349877949552340e-01
1.293734743694060219e-01
1.330349877949552340e-01
1.293734743694060219e-01
1.330349877949552340e-01
1.291700569568753898e-01
1.330349877949552340e-01
1.291700569568753898e-01
1.330349877949552340e-01
1.280797396257117859e-01
1.330349877949552340e-01
1.279495524816924301e-01
1.330349877949552340e-01
1.271358828315704015e-01
1.228641171684296124e-01
1.277461350691619646e-01
1.228641171684296124e-01
1.271358828315704015e-01
1.228641171684296124e-01
1.222538649308380493e-01
1.228641171684296124e-01
1.273393002441008670e-01
1.228641171684296124e-01
1.263222131814483451e-01
1.228641171684296124e-01
1.216436126932466250e-01
1.228641171684296124e-01
1.216436126932466250e-01
1.208299430431245963e-01
1.206265256305941308e-01
1.228641171684296124e-01
1.216436126932466250e-01
1.228641171684296124e-01
1.218470301057771044e-01
1.204231082180635126e-01
1.206265256305941308e-01
1.204231082180635126e-01
1.206265256305941308e-01
1.204231082180635126e-01
1.204231082180635126e-01
1.204231082180635126e-01
1.198128559804719495e-01
1.204231082180635126e-01
1.194060211554108658e-01
1.204231082180635126e-01
1.198128559804719495e-01
1.204231082180635126e-01
1.192026037428803864e-01
1.204231082180635126e-01
1.194060211554108658e-01
1.204231082180635126e-01
1.192026037428803864e-01
1.204231082180635126e-01
1.202196908055330332e-01
1.204231082180635126e-01
1.179820992676974128e-01
1.204231082180635126e-01
1.179820992676974128e-01
1.204231082180635126e-01
1.179820992676974128e-01
1.204231082180635126e-01
1.159479251423922580e-01
1.204231082180635126e-01
1.159479251423922580e-01
1.163547599674532029e-01
1.179820992676974128e-01
1.163547599674532029e-01
1.179820992676974128e-01
1.163547599674532029e-01
1.159479251423922580e-01
1.155410903173311604e-01
1.155410903173311604e-01
1.155410903173311604e-01
1.162733930024407447e-01
1.155410903173311604e-01
1.159479251423922580e-01
1.155410903173311604e-01
1.159479251423922580e-01
1.155410903173311604e-01
1.150284784377541697e-01
1.155410903173311604e-01
1.155410903173311604e-01
1.155410903173311604e-01
1.061838893409275675e-01
1.155410903173311604e-01
1.137103336045564850e-01
1.155410903173311604e-01
1.062082994304311689e-01
1.155410903173311604e-01
1.009601301871438928e-01
1.155410903173311604e-01
1.029292107404394391e-01
1.155410903173311604e-01
1.135069161920261582e-01
1.155410903173311604e-01
1.004882017900731866e-01
1.155410903173311604e-01
1.017087062652563129e-01
1.155410903173311604e-01
1.006916192026038048e-01
1.155410903173311604e-01
1.002847843775428599e-01
1.155410903173311604e-01
9.825061025223756628e-02
1.155410903173311604e-01
9.825061025223756628e-02
1.155410903173311604e-01
9.825061025223756628e-02
1.074043938161106937e-01
9.825061025223756628e-02
1.155410903173311604e-01
9.947111472742069249e-02
1.155410903173311604e-01
9.825061025223756628e-02
1.074043938161106937e-01
9.825061025223756628e-02
8.096013018714411091e-02
9.458909682668834029e-02
8.096013018714411091e-02
9.825061025223756628e-02
8.096013018714411091e-02
9.418226200162725659e-02
1.074043938161106937e-01
9.336859235150536673e-02
8.096013018714411091e-02
9.418226200162725659e-02
8.096013018714411091e-02
9.825061025223756628e-02
8.096013018714411091e-02
9.377542717656631166e-02
8.096013018714411091e-02
8.502847843775426795e-02
8.096013018714411091e-02
8.421480878763223932e-02
8.096013018714411091e-02
8.421480878763223932e-02
8.096013018714411091e-02
8.360455655004082887e-02
8.096013018714411091e-02
8.421480878763223932e-02
8.096013018714411091e-02
9.275834011391380363e-02
8.096013018714411091e-02
9.011391375101708567e-02
8.096013018714411091e-02
8.096013018714411091e-02
8.096013018714411091e-02
9.336859235150521408e-02
8.096013018714411091e-02
8.096013018714411091e-02
8.096013018714411091e-02
8.096013018714411091e-02
8.096013018714411091e-02
8.096013018714411091e-02
8.096013018714411091e-02
8.096013018714411091e-02
8.096013018714411091e-02
8.075671277461363151e-02
8.096013018714411091e-02
8.014646053702206840e-02
8.096013018714411091e-02
8.096013018714411091e-02
8.096013018714411091e-02
8.014646053702206840e-02
8.096013018714411091e-02
8.096013018714411091e-02
8.096013018714411091e-02
7.689178193653394000e-02
8.096013018714411091e-02
7.607811228641191137e-02
8.096013018714411091e-02
7.607811228641191137e-02
8.096013018714411091e-02
7.607811228641191137e-02
8.096013018714411091e-02
7.994304312449160288e-02
8.096013018714411091e-02
7.607811228641191137e-02
7.282343368592363031e-02
7.607811228641191137e-02
8.096013018714411091e-02
7.607811228641191137e-02
8.096013018714411091e-02
7.607811228641191137e-02
8.096013018714411091e-02
7.607811228641191137e-02
7.933279088689990100e-02
7.607811228641191137e-02
8.096013018714411091e-02
7.607811228641191137e-02
7.933279088689990100e-02
7.607811228641191137e-02
7.282343368592363031e-02
7.200976403580160168e-02
7.119609438567942039e-02
7.607811228641191137e-02
7.119609438567942039e-02
7.607811228641191137e-02
7.119609438567942039e-02
7.607811228641191137e-02
7.119609438567942039e-02
7.607811228641191137e-02
7.119609438567942039e-02
7.607811228641191137e-02
7.119609438567942039e-02
7.200976403580160168e-02
7.119609438567942039e-02
7.139951179821003857e-02
7.119609438567942039e-02
7.200976403580160168e-02
7.933279088689990100e-02
7.119609438567942039e-02
7.119609438567942039e-02
7.526444263628973008e-02
7.119609438567942039e-02
7.139951179821003857e-02
7.119609438567942039e-02
7.526444263628973008e-02
7.119609438567942039e-02
7.119609438567942039e-02
7.119609438567942039e-02
7.200976403580160168e-02
7.119609438567942039e-02
7.139951179821003857e-02
7.119609438567942039e-02
7.119609438567942039e-02
7.119609438567942039e-02
7.119609438567942039e-02
7.119609438567942039e-02
7.526444263628973008e-02
7.119609438567942039e-02
7.119609438567942039e-02
7.119609438567942039e-02
7.119609438567942039e-02
7.119609438567942039e-02
7.119609438567942039e-02
7.119609438567942039e-02
7.119609438567942039e-02
7.119609438567942039e-02
7.119609438567942039e-02
7.119609438567942039e-02
7.119609438567942039e-02
7.119609438567942039e-02
7.119609438567942039e-02
7.119609438567942039e-02
7.119609438567942039e-02
7.119609438567942039e-02
7.119609438567942039e-02
7.119609438567942039e-02
7.119609438567942039e-02
7.119609438567942039e-02
7.119609438567942039e-02
7.119609438567942039e-02
6.529698942229442138e-02
7.119609438567942039e-02
7.119609438567942039e-02
7.119609438567942039e-02
7.119609438567942039e-02
7.119609438567942039e-02
6.529698942229442138e-02
7.119609438567942039e-02
7.058584214808785728e-02
7.119609438567942039e-02
7.119609438567942039e-02
7.119609438567942039e-02
6.529698942229442138e-02
7.119609438567942039e-02
7.119609438567942039e-02
7.119609438567942039e-02
7.119609438567942039e-02
7.119609438567942039e-02
7.119609438567942039e-02
7.119609438567942039e-02
6.122864117168425740e-02
7.119609438567942039e-02
6.071602929210725974e-02
7.119609438567942039e-02
7.119609438567942039e-02
7.119609438567942039e-02
6.122864117168425740e-02
7.119609438567942039e-02
7.058584214808785728e-02
7.119609438567942039e-02
6.061838893409270124e-02
7.119609438567942039e-02
6.122864117168425740e-02
7.119609438567942039e-02
6.061838893409270124e-02
7.119609438567942039e-02
6.061838893409270124e-02
6.997558991049644683e-02
6.061838893409270124e-02
7.119609438567942039e-02
6.061838893409270124e-02
7.119609438567942039e-02
6.061838893409270124e-02
7.119609438567942039e-02
6.061838893409270124e-02
7.119609438567942039e-02
6.061838893409270124e-02
6.997558991049644683e-02
6.061838893409270124e-02
6.997558991049644683e-02
6.061838893409270124e-02
6.997558991049644683e-02
6.061838893409270124e-02
5.126118795768910136e-02
6.061838893409270124e-02
6.997558991049644683e-02
6.061838893409270124e-02
6.997558991049644683e-02
6.061838893409270124e-02
5.004068348250612086e-02
