4.168464163822525048e-01
3.972633478482602287e-01
3.828253108940410931e-01
3.605740065121021964e-01
3.508140127888275117e-01
3.317494017496370740e-01
3.232513436114705097e-01
3.151440116119415547e-01
3.229610450747321670e-01
3.149425287356322767e-01
2.752478914126554321e-01
2.690612372994390933e-01
2.733043034796596160e-01
2.667215880114550131e-01
2.722039935663567722e-01
2.612686830646110403e-01
2.488329214232474218e-01
2.340600211839472811e-01
2.258051861441293107e-01
2.252211368718371742e-01
2.193247812953589837e-01
2.536189243262327864e-01
2.390804597701149670e-01
2.162017967125653140e-01
2.037817268839983154e-01
1.992624847985563497e-01
1.947353968067160324e-01
2.036743948844689789e-01
2.084443921384017406e-01
2.003216821623317045e-01
1.878309991761798470e-01
1.827311600172609185e-01
1.744223451414223802e-01
1.653681691577417734e-01
1.723981012906516119e-01
1.846948334706365324e-01
1.741524459613196241e-01
1.661762975167707934e-01
1.606229649680278870e-01
1.574971558589305654e-01
1.638852928484563765e-01
1.519752069357812041e-01
1.591699031030560374e-01
1.546349692048171465e-01
1.521085873445529035e-01
1.493782119179316858e-01
1.310266368522223501e-01
1.329410380134166403e-01
1.386057824330154675e-01
1.392874347809029134e-01
1.372013651877132812e-01
1.329881134518065555e-01
1.292142324742067694e-01
1.276921266329293647e-01
1.294339178533600865e-01
1.297006786709033466e-01
1.296536032325134313e-01
1.254325055902085206e-01
1.240987015024911932e-01
1.201443646777295288e-01
1.211615079832099040e-01
1.200423678945508332e-01
1.216507787062099943e-01
1.227884351339688096e-01
1.180102781373821852e-01
1.122642501274959542e-01
1.149817582676240513e-01
1.154995880899141736e-01
1.150759091444040066e-01
1.136793378054999915e-01
1.172570711231418067e-01
1.106272802165470248e-01
1.110195755364639242e-01
1.117021693931190135e-01
1.089325644345063571e-01
1.149503746420306310e-01
1.109018869404888724e-01
1.091444039072610867e-01
1.087521085873446175e-01
1.071123141500921749e-01
1.086814954297596059e-01
1.094503942567964794e-01
1.062335726334785596e-01
1.078184457259424994e-01
1.067357106429720481e-01
1.067984778941587359e-01
1.038013416499942859e-01
1.043740928170727861e-01
1.046173159154212134e-01
1.053626770232632681e-01
1.063434153230553014e-01
1.055243026950688778e-01
1.000666902043858136e-01
1.010709662233730821e-01
1.031893609509240556e-01
1.051351457377114745e-01
9.787768231924996731e-02
9.790906594484324876e-02
9.794044957043665511e-02
9.868581067827870978e-02
9.932132909654389774e-02
9.787768231924996731e-02
9.779137734886833577e-02
9.785414460005500970e-02
9.782276097446174212e-02
9.543760542936738367e-02
9.681848495547462630e-02
9.735985249695970623e-02
9.751677062492648818e-02
9.715585893060300904e-02
9.571221215330893983e-02
9.509238554784053832e-02
9.282491859872109286e-02
9.110666509748545361e-02
9.733631477776474861e-02
9.521792005021377514e-02
9.430779490800673959e-02
9.319367619944302072e-02
9.215017064846417472e-02
9.029853673845671114e-02
8.943391785335985666e-02
8.669726570162021584e-02
9.317798438664610938e-02
9.109097328468854227e-02
9.138911772782547238e-02
8.994547095053155583e-02
8.803106978933740445e-02
8.696402651916373960e-02
9.282491859872109286e-02
8.941194931544478586e-02
8.938841159624982824e-02
9.030638264485503497e-02
8.829783060688092822e-02
8.723078733670712459e-02
8.669726570162021584e-02
8.997685457612468463e-02
8.669726570162021584e-02
8.566160605703981856e-02
8.856459142442431320e-02
8.599113412576989135e-02
8.453179553567946591e-02
8.669726570162021584e-02
8.596759640657493373e-02
8.556745518025972441e-02
8.594405868737997611e-02
8.754462359264054971e-02
8.434349378211926374e-02
8.503393354517295444e-02
8.509670079635964224e-02
8.547330430347975516e-02
8.584990781059988196e-02
8.614805225373653452e-02
8.470440547644274287e-02
8.380212624063404503e-02
8.500254991957954809e-02
8.387273939821904278e-02
8.434349378211926374e-02
8.401396571338905217e-02
8.434349378211926374e-02
8.380997214703221621e-02
8.217802361617823625e-02
8.446118237809431550e-02
8.373935898944735723e-02
8.202895139460990304e-02
8.417872974775415795e-02
8.407673296457573997e-02
8.253893531050171539e-02
8.434349378211926374e-02
8.398258208779564582e-02
8.383821741006614037e-02
8.412380840296579398e-02
8.434349378211926374e-02
8.289984700482533331e-02
8.145620022753140288e-02
8.434349378211926374e-02
8.002824526303370378e-02
8.371582127025239961e-02
8.420226746694925435e-02
8.255462712329848796e-02
8.181711192185489590e-02
7.960456631752395318e-02
7.763524381154157661e-02
7.842768035777326896e-02
8.333921776313242546e-02
8.224863677376323401e-02
8.169942332587969147e-02
7.991055666705892957e-02
7.868659526891846889e-02
7.900043152485204667e-02
7.611313797026418582e-02
8.293123063041861476e-02
8.073437683888416705e-02
8.021654701659404474e-02
7.899258561845358406e-02
7.683496135891100531e-02
7.676434820132600756e-02
7.394766780432315834e-02
8.080498999646959501e-02
7.820014907222175293e-02
7.863951983052827610e-02
7.719587305323435955e-02
7.575222627594042912e-02
7.458318622258862385e-02
8.132281981875957855e-02
7.918088737201364746e-02
7.641128241340097715e-02
7.755678474755811624e-02
7.611313797026390826e-02
7.466949119296997783e-02
7.405751049389988627e-02
7.427719587305336990e-02
7.936134321917538703e-02
7.514966066454784044e-02
7.433211721784159509e-02
7.489702247852177142e-02
7.400258914911152230e-02
7.394766780432315834e-02
7.753324702836274229e-02
7.484994704013199496e-02
7.419089090267158570e-02
7.360244792279631298e-02
7.394766780432315834e-02
7.394766780432315834e-02
7.394766780432315834e-02
7.282570318936111564e-02
7.317092307088782221e-02
7.351614295241466757e-02
7.386136283394151292e-02
7.411243183868826412e-02
7.394766780432315834e-02
6.932642893570276077e-02
7.387548546545853745e-02
7.342983798203302215e-02
7.377505786355972872e-02
7.394766780432315834e-02
7.394766780432315834e-02
6.778863128162901375e-02
6.970303244282301247e-02
7.081715115138687011e-02
7.368875289317795840e-02
7.394766780432315834e-02
7.394766780432315834e-02
6.728649327213552522e-02
6.985210466439134569e-02
7.036993448668174556e-02
7.360244792279631298e-02
7.394766780432315834e-02
7.394766780432315834e-02
6.634498450433522210e-02
6.951159232670346688e-02
6.992271782197663488e-02
6.990702600918012599e-02
7.254325055902123565e-02
7.324153622847283385e-02
6.628221725314825674e-02
6.768663449845045699e-02
6.947550115727123277e-02
7.126436781609227222e-02
7.077792161939569504e-02
6.348907457534050391e-02
6.403828802322404645e-02
6.723941783374533243e-02
6.902828449256610821e-02
7.081715115138687011e-02
6.973441606841615514e-02
7.371229061237290214e-02
6.382644855046902543e-02
6.679220116904020788e-02
6.858106782786098365e-02
7.036993448668174556e-02
6.276725118669339298e-02
6.276725118669339298e-02
6.361460907771374074e-02
6.446196696873435217e-02
6.813385116315585910e-02
6.276725118669339298e-02
6.582715468204523857e-02
6.276725118669339298e-02
6.340276960495871972e-02
6.425012749597905359e-02
6.276725118669339298e-02
6.276725118669339298e-02
6.276725118669339298e-02
6.276725118669339298e-02
6.319093013220371258e-02
6.545055117492469543e-02
6.488564591424438033e-02
6.276725118669339298e-02
6.276725118669339298e-02
6.276725118669339298e-02
6.297909065944855278e-02
6.382644855046902543e-02
6.064885645914241952e-02
6.276725118669339298e-02
6.276725118669339298e-02
6.276725118669339298e-02
6.276725118669339298e-02
6.361460907771374074e-02
6.088423365109252999e-02
5.994272488329209503e-02
6.224942136440299312e-02
5.986426581930876650e-02
6.276725118669339298e-02
6.340276960495871972e-02
6.111961084304249475e-02
6.017810207524233734e-02
6.272802165470138525e-02
6.046055470558264061e-02
6.276725118669339298e-02
6.229649680279331775e-02
6.135498803499274401e-02
6.041347926719217026e-02
5.947197049939201285e-02
5.853046173159143911e-02
5.989564944490204101e-02
6.253187399474315067e-02
6.159036522694299326e-02
6.064885645914241952e-02
5.970734769134226211e-02
5.876583892354168837e-02
5.926797693303476056e-02
6.276725118669339298e-02
6.179435879329955167e-02
6.088423365109266877e-02
5.994272488329209503e-02
5.649994115570156766e-02
6.276725118669339298e-02
5.688282138794095721e-02
6.206111961084307543e-02
6.111961084304249475e-02
6.017810207524233734e-02
5.637283747204969997e-02
5.829508453964160619e-02
6.085285002549967182e-02
6.228080498999668396e-02
6.130791259660269693e-02
6.041347926719217026e-02
5.947197049939201285e-02
5.183005766741262399e-02
5.471735122199992279e-02
5.688282138794095721e-02
6.159036522694299326e-02
6.064885645914241952e-02
5.270377780393212946e-02
5.700364834647550505e-02
5.399552783335351963e-02
5.688282138794095721e-02
6.182574241889282618e-02
6.082146639990598097e-02
5.286571731199302127e-02
5.038641089011799967e-02
5.327370444470627686e-02
5.652190969361774869e-02
5.688282138794095721e-02
5.688282138794095721e-02
5.169667725864037638e-02
4.966458750147159651e-02
5.255188105605889531e-02
5.543917461064730434e-02
5.688282138794095721e-02
4.580440155348975556e-02
4.782079949786315065e-02
4.894276411282421496e-02
5.183005766741262399e-02
5.471735122199992279e-02
5.688282138794095721e-02
6.135498803499288278e-02
4.928798399435147665e-02
4.822094072417795058e-02
5.110823427876524244e-02
5.399552783335351963e-02
5.688282138794095721e-02
5.688282138794095721e-02
4.061041151779058028e-02
4.749911733553056903e-02
5.038641089011799967e-02
5.327370444470627686e-02
5.616099799929454711e-02
3.716605860892114449e-02
4.278372759013104182e-02
4.348201325958193919e-02
4.966458750147159651e-02
5.255188105605889531e-02
5.543917461064730434e-02
3.501031736691332524e-02
3.869601035659685218e-02
4.252481267898570311e-02
4.837158212702518528e-02
5.183005766741262399e-02
5.471735122199992279e-02
3.391000745361177210e-02
3.773880977599922137e-02
4.156761209838807231e-02
4.539641442077706202e-02
5.110823427876524244e-02
