3.862599087196733061e-01
3.445015613740091687e-01
3.247657938986307502e-01
2.926543358155174746e-01
2.800864760989670299e-01
2.649531587797260279e-01
2.623108335335095354e-01
2.402113860196973538e-01
2.450156137400912038e-01
2.219553206822005853e-01
2.166706701897671006e-01
2.024981984146047020e-01
2.061013692049002977e-01
1.868844583233247314e-01
1.883257266394428031e-01
1.792361277924574836e-01
1.758347345664184880e-01
1.717511410040835906e-01
1.758347345664184880e-01
1.580590920009608269e-01
1.479702137881334922e-01
1.561374009128032869e-01
1.460485226999759523e-01
1.487292817679558565e-01
1.450876771558971823e-01
1.371607014172470385e-01
1.393226038914243958e-01
1.369589238529904662e-01
1.388421811193849276e-01
1.309152053807351168e-01
1.325966850828728394e-01
1.270718232044200646e-01
1.325966850828728394e-01
1.229882296420851534e-01
1.162623108335336108e-01
1.143406197453760709e-01
1.153014652894548409e-01
1.117367283209224765e-01
1.080951237088638162e-01
1.100168147970213561e-01
1.071342781647850462e-01
1.061734326207062762e-01
1.071342781647850462e-01
1.037713187605092680e-01
1.028104732164304980e-01
1.011289935142926089e-01
9.272159500360316331e-02
9.584434302185929067e-02
9.272159500360316331e-02
9.368244054768211371e-02
9.272159500360316331e-02
9.224117223156369505e-02
8.359356233485461252e-02
8.887821282728791683e-02
8.791736728320932726e-02
8.791736728320932726e-02
7.878933461446076258e-02
8.359356233485477905e-02
7.878933461446076258e-02
8.335335094883512819e-02
7.878933461446076258e-02
8.263271679077600906e-02
7.878933461446076258e-02
8.095123708863795342e-02
7.446552966610621438e-02
7.999039154455934997e-02
7.446552966610621438e-02
7.926975738650006431e-02
7.446552966610621438e-02
7.638722075426375435e-02
7.446552966610621438e-02
7.422531828008639698e-02
7.446552966610621438e-02
7.110257026183026963e-02
7.206341580590920615e-02
7.110257026183026963e-02
7.206341580590920615e-02
7.110257026183026963e-02
7.206341580590920615e-02
7.014172471775166617e-02
6.677876531347572142e-02
6.894066778765307879e-02
6.677876531347572142e-02
6.781647850108095399e-02
6.677876531347572142e-02
6.677876531347572142e-02
6.677876531347572142e-02
6.677876531347572142e-02
6.677876531347572142e-02
6.581791976939711797e-02
6.677876531347572142e-02
6.509728561133799885e-02
6.341580590920010974e-02
6.509728561133799885e-02
6.597165505644937700e-02
6.461686283929853059e-02
6.245496036512134669e-02
6.461686283929853059e-02
6.245496036512134669e-02
6.341580590920010974e-02
6.245496036512134669e-02
6.317559452318047275e-02
6.245496036512134669e-02
6.197453759308187843e-02
6.245496036512134669e-02
6.125390343502275931e-02
6.245496036512134669e-02
6.197453759308187843e-02
6.245496036512134669e-02
5.981263511890468759e-02
6.245496036512134669e-02
6.029305789094416279e-02
6.245496036512134669e-02
6.029305789094416279e-02
6.245496036512134669e-02
5.981263511890468759e-02
6.245496036512134669e-02
5.981263511890468759e-02
5.717030987268803544e-02
5.981263511890468759e-02
5.717030987268803544e-02
5.981263511890468759e-02
5.717030987268803544e-02
5.909200096084556847e-02
5.717030987268803544e-02
5.909200096084556847e-02
5.717030987268803544e-02
5.909200096084556847e-02
5.717030987268803544e-02
5.861157818880610021e-02
5.717030987268803544e-02
5.789094403074698109e-02
5.717030987268803544e-02
5.717030987268803544e-02
5.717030987268803544e-02
5.644967571462891631e-02
5.717030987268803544e-02
5.644967571462891631e-02
5.717030987268803544e-02
5.644967571462891631e-02
5.717030987268803544e-02
5.644967571462891631e-02
5.717030987268803544e-02
5.644967571462891631e-02
5.572904155656979719e-02
5.644967571462891631e-02
5.476819601249102720e-02
5.524861878453032199e-02
5.572904155656979719e-02
5.644967571462891631e-02
5.572904155656979719e-02
5.524861878453032199e-02
5.332692769637278896e-02
5.524861878453032199e-02
5.332692769637278896e-02
5.524861878453032199e-02
5.332692769637278896e-02
5.524861878453032199e-02
5.332692769637278896e-02
5.524861878453032199e-02
5.332692769637278896e-02
5.452798462647137634e-02
5.332692769637278896e-02
5.404756185443190808e-02
5.332692769637278896e-02
5.452798462647120287e-02
5.332692769637278896e-02
5.404756185443190808e-02
5.332692769637278896e-02
5.380735046841225722e-02
5.332692769637278896e-02
5.380735046841225722e-02
5.332692769637278896e-02
5.332692769637278896e-02
5.332692769637278896e-02
5.332692769637278896e-02
5.332692769637278896e-02
5.332692769637278896e-02
5.332692769637278896e-02
5.308671631035313809e-02
5.332692769637278896e-02
5.308671631035313809e-02
5.332692769637278896e-02
5.308671631035313809e-02
5.332692769637278896e-02
5.332692769637278896e-02
5.332692769637278896e-02
5.260629353831366983e-02
5.332692769637278896e-02
5.260629353831366983e-02
5.332692769637278896e-02
5.260629353831366983e-02
5.332692769637278896e-02
5.308671631035313809e-02
5.332692769637278896e-02
5.260629353831366983e-02
5.332692769637278896e-02
5.188565938025471724e-02
5.188565938025471724e-02
5.260629353831366983e-02
5.188565938025471724e-02
5.260629353831366983e-02
5.188565938025471724e-02
5.260629353831366983e-02
5.332692769637278896e-02
5.260629353831366983e-02
5.188565938025471724e-02
5.260629353831366983e-02
5.188565938025471724e-02
5.188565938025471724e-02
5.188565938025471724e-02
5.260629353831366983e-02
5.188565938025471724e-02
5.188565938025471724e-02
5.188565938025471724e-02
5.188565938025471724e-02
5.188565938025471724e-02
5.188565938025471724e-02
5.188565938025471724e-02
5.188565938025471724e-02
5.188565938025471724e-02
5.188565938025471724e-02
5.188565938025471724e-02
5.188565938025471724e-02
5.188565938025471724e-02
5.188565938025471724e-02
5.188565938025471724e-02
5.188565938025471724e-02
5.188565938025471724e-02
5.188565938025471724e-02
5.188565938025471724e-02
5.092481383617594726e-02
5.188565938025471724e-02
5.068460245015630333e-02
5.188565938025471724e-02
5.188565938025471724e-02
5.188565938025471724e-02
5.188565938025455071e-02
5.188565938025471724e-02
4.948354552005770901e-02
5.188565938025471724e-02
5.020417967811666160e-02
5.188565938025471724e-02
5.020417967811666160e-02
5.188565938025471724e-02
5.020417967811682813e-02
5.188565938025471724e-02
4.948354552005770901e-02
5.188565938025471724e-02
5.020417967811682813e-02
5.188565938025471724e-02
4.948354552005770901e-02
5.188565938025471724e-02
5.020417967811666160e-02
5.188565938025471724e-02
4.948354552005770901e-02
5.188565938025471724e-02
4.948354552005770901e-02
4.852269997597893902e-02
4.948354552005770901e-02
5.188565938025471724e-02
4.948354552005770901e-02
4.852269997597893902e-02
4.948354552005770901e-02
5.044439106413647900e-02
4.948354552005770901e-02
5.188565938025471724e-02
4.948354552005770901e-02
4.708143165986070078e-02
4.948354552005770901e-02
5.044439106413647900e-02
4.948354552005770901e-02
4.852269997597893902e-02
4.948354552005770901e-02
5.044439106413647900e-02
4.876291136199858989e-02
4.708143165986070078e-02
4.948354552005770901e-02
5.044439106413647900e-02
4.948354552005770901e-02
4.708143165986070078e-02
4.876291136199858989e-02
4.708143165986070078e-02
4.948354552005770901e-02
4.852269997597893902e-02
4.948354552005770901e-02
4.708143165986070078e-02
4.852269997597893902e-02
4.708143165986070078e-02
4.852269997597893902e-02
4.708143165986070078e-02
4.852269997597893902e-02
4.708143165986070078e-02
4.852269997597893902e-02
4.708143165986070078e-02
4.852269997597893902e-02
4.708143165986070078e-02
4.876291136199858989e-02
4.708143165986070078e-02
4.708143165986070078e-02
4.708143165986070078e-02
4.852269997597893902e-02
4.708143165986070078e-02
4.708143165986070078e-02
4.708143165986070078e-02
4.708143165986070078e-02
4.708143165986070078e-02
4.708143165986070078e-02
4.708143165986070078e-02
4.708143165986070078e-02
4.708143165986070078e-02
4.876291136199858989e-02
4.708143165986070078e-02
4.708143165986070078e-02
4.708143165986070078e-02
4.708143165986070078e-02
4.708143165986070078e-02
4.708143165986070078e-02
4.708143165986070078e-02
4.708143165986070078e-02
4.708143165986070078e-02
4.708143165986070078e-02
4.708143165986070078e-02
4.708143165986070078e-02
4.708143165986070078e-02
4.708143165986070078e-02
4.708143165986070078e-02
4.708143165986070078e-02
4.708143165986070078e-02
4.708143165986070078e-02
4.708143165986070078e-02
4.708143165986070078e-02
4.708143165986070078e-02
4.708143165986070078e-02
4.708143165986070078e-02
4.708143165986070078e-02
4.708143165986070078e-02
4.708143165986070078e-02
4.708143165986070078e-02
4.708143165986070078e-02
4.708143165986070078e-02
4.708143165986070078e-02
4.708143165986070078e-02
4.636079750180175513e-02
4.708143165986070078e-02
4.708143165986070078e-02
4.708143165986070078e-02
4.708143165986070078e-02
4.708143165986070078e-02
4.708143165986070078e-02
4.708143165986070078e-02
4.564016334374263600e-02
4.708143165986070078e-02
4.708143165986070078e-02
4.708143165986070078e-02
4.636079750180175513e-02
4.708143165986070078e-02
4.539995195772281167e-02
4.708143165986070078e-02
4.564016334374263600e-02
4.708143165986070078e-02
4.612058611578193079e-02
4.708143165986070078e-02
4.539995195772281167e-02
4.708143165986070078e-02
4.539995195772281167e-02
4.708143165986070078e-02
4.539995195772281167e-02
4.708143165986070078e-02
4.564016334374263600e-02
4.708143165986070078e-02
4.539995195772281167e-02
4.419889502762439776e-02
4.539995195772281167e-02
4.708143165986070078e-02
4.539995195772281167e-02
4.419889502762439776e-02
4.539995195772281167e-02
4.660100888782123252e-02
4.539995195772281167e-02
4.660100888782123252e-02
4.539995195772281167e-02
4.660100888782123252e-02
4.539995195772281167e-02
4.419889502762439776e-02
4.539995195772281167e-02
4.419889502762439776e-02
4.539995195772281167e-02
4.466010088878182016e-02
4.539995195772281167e-02
4.708143165986070078e-02
4.539995195772281167e-02
4.660100888782123252e-02
4.539995195772281167e-02
4.660100888782123252e-02
