1.881427072402938272e+00
1.519228751311647363e+00
1.489506820566631751e+00
1.322980062959075997e+00
1.349422875131164767e+00
1.147514428121719332e+00
1.130640083945435581e+00
1.034647166841552890e+00
9.496327387198322256e-01
9.403003672612784136e-01
8.614900314795383984e-01
8.247704616998953187e-01
8.048268625393494302e-01
7.906610703043023269e-01
7.796432318992655430e-01
7.557778069254985631e-01
7.565582371458551281e-01
7.222127492130115956e-01
7.240293809024134219e-01
7.038300104931793921e-01
7.214060860440715262e-01
6.739244491080799149e-01
6.752360965372509183e-01
6.616277544596009808e-01
6.484784889821616494e-01
6.094045120671562898e-01
6.421825813221405665e-01
5.983735571878278092e-01
6.353620146904511712e-01
5.677006820566629086e-01
6.117523609653726657e-01
5.802728226652675847e-01
5.734522560335780783e-01
5.363785414480561897e-01
5.524658971668414686e-01
5.194254984260230357e-01
4.753410283315844254e-01
5.094438614900315132e-01
5.178384050367261793e-01
4.887460650577121757e-01
5.178384050367261793e-01
4.798006295907660257e-01
4.685204616998950855e-01
4.467471143756558960e-01
4.512067156348373853e-01
4.551547743966419257e-01
4.428121720881427192e-01
4.325813221406085707e-01
3.887722980062958689e-01
4.114310073452242533e-01
3.887722980062958689e-01
3.979538300104932258e-01
3.662119622245539885e-01
3.856243441762854940e-01
3.662119622245539885e-01
3.879984260230849857e-01
3.662119622245539885e-01
3.583814270724023920e-01
3.515215110178384061e-01
3.512591815320042499e-01
3.447009443861490663e-01
3.428843126967471289e-01
3.313483735571836619e-01
3.347324239244490740e-01
3.310598111227702200e-01
3.405036726128016222e-01
3.310598111227702200e-01
3.302859391395591704e-01
3.363064008394544002e-01
3.252885624344176163e-01
3.310598111227702200e-01
3.183040398740811239e-01
3.195173137460650681e-01
3.179433368310597419e-01
3.195173137460650681e-01
3.119097586568728708e-01
3.128672612801653985e-01
3.084994753410282842e-01
3.064008394543547009e-01
3.008919202518363090e-01
2.995802728226653056e-01
3.009247114375651622e-01
2.995802728226653056e-01
2.974816369359917223e-01
2.917103882476391741e-01
2.948583420776496045e-01
2.901364113326338479e-01
2.914480587618048513e-01
2.980062959076600348e-01
2.901364113326338479e-01
2.901364113326338479e-01
2.806925498426023902e-01
2.901364113326338479e-01
2.872507869884575737e-01
2.901364113326338479e-01
2.814795383001050810e-01
2.901364113326338479e-01
2.773084994753406418e-01
2.901364113326338479e-01
2.746589716684155191e-01
2.696747114375656063e-01
2.799055613850997548e-01
2.696747114375656063e-01
2.694189401888773538e-01
2.696747114375656063e-01
2.668087618048266552e-01
2.696747114375656063e-01
2.738719832109128838e-01
2.696747114375656063e-01
2.649527806925499052e-01
2.597061909758656695e-01
2.646904512067155824e-01
2.696747114375656063e-01
2.615424973767053185e-01
2.597061909758656695e-01
2.636411332633787352e-01
2.602308499475341486e-01
2.600144281217200981e-01
2.597061909758656695e-01
2.560335781741869265e-01
2.597061909758656695e-01
2.552465897166842912e-01
2.597061909758656695e-01
2.549842602308499129e-01
2.597061909758656695e-01
2.555089192025184475e-01
2.518363064008394825e-01
2.557712486883527703e-01
2.518363064008394825e-01
2.526232948583419513e-01
2.518363064008394825e-01
2.515739769150053262e-01
2.518363064008394825e-01
2.494753410283317430e-01
2.518363064008394825e-01
2.450157397691501704e-01
2.518363064008394825e-01
2.442287513116475073e-01
2.518363064008394825e-01
2.439664218258133510e-01
2.360965372507869975e-01
2.442287513116475073e-01
2.366211962224555043e-01
2.439664218258133510e-01
2.360965372507869975e-01
2.395068205666315841e-01
2.360965372507869975e-01
2.418677859391395457e-01
2.366211962224555043e-01
2.363588667366213480e-01
2.360965372507869975e-01
2.337355718782790359e-01
2.360965372507869975e-01
2.339979013641133865e-01
2.360965372507869975e-01
2.339979013641133865e-01
2.360965372507869975e-01
2.337355718782790359e-01
2.360965372507869975e-01
2.311122770199369181e-01
2.313746065057712686e-01
2.311122770199369181e-01
2.308499475341027618e-01
2.284889821615948280e-01
2.261280167890870330e-01
2.287513116474291508e-01
2.261280167890870330e-01
2.227964323189927376e-01
2.261280167890870330e-01
2.259378279118572641e-01
2.261280167890870330e-01
2.287513116474291508e-01
2.261280167890870330e-01
2.227177334732424463e-01
2.261280167890870330e-01
2.261280167890870330e-01
2.261280167890870330e-01
2.242982686253936486e-01
2.261280167890870330e-01
2.198321091290660056e-01
2.261280167890870330e-01
2.201731374606506197e-01
2.088142707240294160e-01
2.161594963273872627e-01
2.261280167890870330e-01
2.174711437565582384e-01
2.061909758656874925e-01
2.161594963273872627e-01
2.061909758656874925e-01
2.161594963273872627e-01
2.235047219307451094e-01
2.141133263378801888e-01
2.088142707240294160e-01
2.161594963273872627e-01
2.061909758656874925e-01
2.143690975865688297e-01
2.061909758656874925e-01
2.161594963273872627e-01
2.061909758656874925e-01
2.114375655823713396e-01
2.061909758656874925e-01
2.061909758656874925e-01
2.061909758656874925e-01
2.062565582371459760e-01
2.061909758656874925e-01
2.114375655823713396e-01
2.061909758656874925e-01
2.072402938090241176e-01
2.061909758656874925e-01
2.061909758656874925e-01
2.061909758656874925e-01
2.061909758656874925e-01
2.061909758656874925e-01
2.061909758656874925e-01
2.061909758656874925e-01
2.061909758656874925e-01
2.061909758656874925e-01
2.012067156348374131e-01
1.972717733473243473e-01
2.014690451206715693e-01
2.056663168940189856e-01
2.012067156348374131e-01
2.056663168940189856e-01
2.014690451206715693e-01
1.967471143756558405e-01
2.009443861490030625e-01
2.056663168940189856e-01
2.014690451206715693e-01
1.967471143756558405e-01
2.006820566631689062e-01
1.967471143756558405e-01
1.970094438614899968e-01
1.967471143756558405e-01
2.014690451206715693e-01
1.967471143756558405e-01
1.967471143756558405e-01
1.967471143756558405e-01
2.006820566631689062e-01
1.967471143756558405e-01
1.967471143756558405e-01
1.967471143756558405e-01
1.980653200419728865e-01
1.967471143756558405e-01
2.012067156348374131e-01
1.967471143756558405e-01
1.951731374606507086e-01
1.967471143756558405e-01
1.954354669464848648e-01
1.967471143756558405e-01
1.951731374606507086e-01
1.967471143756558405e-01
1.951731374606507086e-01
1.967471143756558405e-01
1.951731374606507086e-01
1.967471143756558405e-01
1.949108079748163858e-01
1.967471143756558405e-01
1.946484784889822295e-01
1.967471143756558405e-01
1.946484784889822295e-01
1.967471143756558405e-01
1.946484784889822295e-01
1.967471143756558405e-01
1.946484784889822295e-01
1.925498426023085907e-01
1.930810598111226128e-01
1.967471143756558405e-01
1.946484784889822295e-01
1.956977964323190211e-01
1.946484784889822295e-01
1.956977964323190211e-01
1.925498426023085907e-01
1.925498426023085907e-01
1.933368310598110595e-01
1.925498426023085907e-01
1.930745015739769033e-01
1.925760755508919564e-01
1.925498426023085907e-01
1.925498426023085907e-01
1.925498426023085907e-01
1.925498426023085907e-01
1.925498426023085907e-01
1.925498426023085907e-01
1.941238195173139169e-01
1.925498426023085907e-01
1.925498426023085907e-01
1.925498426023085907e-01
1.925498426023085907e-01
1.925498426023085907e-01
1.909758656873032923e-01
1.925498426023085907e-01
1.925498426023085907e-01
1.925498426023085907e-01
1.925498426023085907e-01
1.925498426023085907e-01
1.925498426023085907e-01
1.925498426023085907e-01
1.920251836306402782e-01
1.925498426023085907e-01
1.899265477439665006e-01
1.925498426023085907e-01
1.920251836306402782e-01
1.925498426023085907e-01
1.899265477439665006e-01
1.925498426023085907e-01
1.909758656873032923e-01
1.925498426023085907e-01
1.920251836306402782e-01
1.925498426023085907e-01
1.899265477439665006e-01
1.925498426023085907e-01
1.909758656873032923e-01
1.925498426023085907e-01
1.899265477439665006e-01
1.873032528856243828e-01
1.899265477439665006e-01
1.894018887722979938e-01
1.899265477439665006e-01
1.905036726128017111e-01
1.883919202518357650e-01
1.904512067156349797e-01
1.909758656873032923e-01
1.894018887722979938e-01
1.899265477439665006e-01
1.904512067156349797e-01
1.899265477439665006e-01
1.873032528856243828e-01
1.873032528856243828e-01
1.894018887722979938e-01
1.888772298006296813e-01
1.873032528856243828e-01
1.883525708289611744e-01
1.873032528856243828e-01
1.873032528856243828e-01
1.873032528856243828e-01
1.883525708289611744e-01
1.873032528856243828e-01
1.873032528856243828e-01
1.873032528856243828e-01
1.873032528856243828e-01
1.873032528856243828e-01
1.873032528856243828e-01
1.873032528856243828e-01
1.873032528856243828e-01
1.873032528856243828e-01
1.873032528856243828e-01
1.873032528856243828e-01
1.873032528856243828e-01
1.873032528856243828e-01
1.883525708289611744e-01
1.873032528856243828e-01
1.873032528856243828e-01
1.873032528856243828e-01
1.873032528856243828e-01
1.873032528856243828e-01
1.873032528856243828e-01
1.873032528856243828e-01
1.880902413431270181e-01
1.873032528856243828e-01
1.870409233997900322e-01
1.873032528856243828e-01
1.765477439664219494e-01
1.873032528856243828e-01
1.781217208814272479e-01
1.873032528856243828e-01
1.873032528856243828e-01
1.873032528856243828e-01
1.870409233997900322e-01
1.873032528856243828e-01
1.873032528856243828e-01
1.873032528856243828e-01
1.762854144805875989e-01
1.873032528856243828e-01
1.765477439664219494e-01
1.873032528856243828e-01
1.765477439664219494e-01
1.873032528856243828e-01
1.762854144805875989e-01
1.873032528856243828e-01
1.870409233997900322e-01
1.873032528856243828e-01
1.778593913955928973e-01
1.867785939139558760e-01
1.778987408184674879e-01
1.657922350472193218e-01
1.762854144805875989e-01
1.867785939139558760e-01
1.747114375655823004e-01
1.867785939139558760e-01
1.762854144805875989e-01
1.873032528856243828e-01
1.762854144805875989e-01
1.657922350472193218e-01
1.760296432318993187e-01
1.657922350472193218e-01
