1.881427072402938272e+00
1.476180482686253459e+00
1.493704092339979139e+00
1.338418153200419791e+00
1.346799580272822761e+00
1.153521773347323975e+00
1.025183630640083887e+00
1.018887722980063026e+00
9.354669464847849003e-01
8.866736621196222856e-01
8.614900314795383984e-01
8.307974816369357862e-01
8.095487932843651313e-01
7.901364113326337923e-01
7.712486883525709880e-01
7.531479538300106524e-01
7.565582371458551281e-01
7.219373032528857426e-01
7.240293809024134219e-01
7.070173137460644686e-01
7.156348373557189779e-01
6.826075550891915755e-01
6.752360965372509183e-01
6.537513116474291675e-01
6.484784889821616494e-01
6.219963273871982334e-01
6.421825813221405665e-01
6.188680482686250706e-01
6.353620146904511712e-01
5.826337880377755463e-01
6.222455403987409150e-01
5.514231374606505254e-01
5.629590766002098290e-01
5.346471668415527789e-01
5.388247639034629000e-01
5.123294858342077873e-01
5.283315844700945396e-01
5.123753934942280042e-01
5.179564533053498954e-01
5.031741867785938238e-01
5.167890870933894432e-01
4.627492130115423707e-01
4.685204616998950855e-01
4.606505771248688985e-01
4.685204616998950855e-01
4.360506295907652374e-01
4.512067156348373853e-01
4.134312696747113880e-01
3.887722980062958689e-01
3.977374081846799525e-01
4.428121720881427192e-01
4.087224554039872726e-01
3.887722980062958689e-01
3.911726128016783099e-01
3.662119622245539885e-01
3.667366211962224121e-01
3.450682056663166297e-01
3.601783840503672285e-01
3.447009443861490663e-01
3.588667366211962251e-01
3.447009443861490663e-01
3.378803777544595044e-01
3.331584470094439698e-01
3.368310598111227683e-01
3.310598111227702200e-01
3.418153200419727922e-01
3.310598111227702200e-01
3.263378803777544079e-01
3.247639034627493038e-01
3.245015739769149810e-01
3.195173137460650681e-01
3.187303252885624327e-01
3.195173137460650681e-01
3.126967471143755617e-01
3.195173137460650681e-01
3.095487932843651313e-01
3.195173137460650681e-01
3.119097586568728708e-01
3.064008394543547009e-01
3.012067156348365859e-01
2.995802728226653056e-01
3.079748163693598051e-01
2.995802728226653056e-01
2.964323189926547086e-01
2.995802728226653056e-01
2.940910283315842366e-01
2.980062959076600348e-01
2.906676285414480643e-01
2.901364113326338479e-01
2.935466946484784345e-01
2.901364113326338479e-01
2.833158447009445080e-01
2.901364113326338479e-01
2.804367785939141378e-01
2.901364113326338479e-01
2.799055613850997548e-01
2.901364113326338479e-01
2.799055613850997548e-01
2.696747114375656063e-01
2.799055613850997548e-01
2.749213011542498419e-01
2.751836306400839982e-01
2.696747114375656063e-01
2.710060335781738772e-01
2.696747114375656063e-01
2.696747114375656063e-01
2.691500524658971272e-01
2.683761804826864661e-01
2.691500524658971272e-01
2.649527806925499052e-01
2.597061909758656695e-01
2.599750786988457296e-01
2.691500524658971272e-01
2.639034627492128915e-01
2.602308499475341486e-01
2.565582371458552391e-01
2.597061909758656695e-01
2.597127492130115733e-01
2.597061909758656695e-01
2.568730325288555716e-01
2.534102833158448087e-01
2.589192025183630341e-01
2.597061909758656695e-01
2.549842602308499129e-01
2.581322140608603433e-01
2.549842602308499129e-01
2.519937040923398430e-01
2.547219307450155901e-01
2.518363064008394825e-01
2.523609653725077950e-01
2.518363064008394825e-01
2.526232948583419513e-01
2.518363064008394825e-01
2.455403987408184829e-01
2.518363064008394825e-01
2.518363064008394825e-01
2.518363064008394825e-01
2.439664218258133510e-01
2.360965372507869975e-01
2.439664218258133510e-01
2.360965372507869975e-01
2.447534102833160141e-01
2.360965372507869975e-01
2.419136935991598181e-01
2.360965372507869975e-01
2.411004721930741779e-01
2.360965372507869975e-01
2.405626967471142796e-01
2.360965372507869975e-01
2.410807974816368826e-01
2.360965372507869975e-01
2.397691500524659347e-01
2.360965372507869975e-01
2.397691500524659347e-01
2.360965372507869975e-01
2.360965372507869975e-01
2.360965372507869975e-01
2.360965372507869975e-01
2.308499475341027618e-01
2.337355718782790359e-01
2.313746065057712686e-01
2.311122770199369181e-01
2.313746065057712686e-01
2.311122770199369181e-01
2.308499475341027618e-01
2.311122770199369181e-01
2.261280167890870330e-01
2.313746065057712686e-01
2.261280167890870330e-01
2.287513116474291508e-01
2.261280167890870330e-01
2.261280167890870330e-01
2.261280167890870330e-01
2.287513116474291508e-01
2.261280167890870330e-01
2.224554039874081235e-01
2.261280167890870330e-01
2.261280167890870330e-01
2.261280167890870330e-01
2.174711437565582384e-01
2.261280167890870330e-01
2.188090241343125519e-01
2.261280167890870330e-01
2.174711437565582384e-01
2.261280167890870330e-01
2.161594963273872627e-01
2.261280167890870330e-01
2.161594963273872627e-01
2.235047219307451094e-01
2.161594963273872627e-01
2.088142707240294160e-01
2.161594963273872627e-01
2.261280167890870330e-01
2.161594963273872627e-01
2.061909758656874925e-01
2.161594963273872627e-01
2.061909758656874925e-01
2.116998950682056901e-01
2.061909758656874925e-01
2.085584994753411359e-01
2.061909758656874925e-01
2.109260230849946127e-01
2.061909758656874925e-01
2.098635886673662354e-01
2.061909758656874925e-01
2.103882476390347145e-01
2.061909758656874925e-01
2.103882476390347145e-01
2.061909758656874925e-01
2.061909758656874925e-01
2.061909758656874925e-01
2.017313746065059199e-01
2.061909758656874925e-01
2.061909758656874925e-01
1.974947534102831637e-01
2.061909758656874925e-01
1.967471143756558405e-01
2.014690451206715693e-01
2.061909758656874925e-01
2.014690451206715693e-01
1.972717733473243473e-01
2.014690451206715693e-01
2.056663168940189856e-01
1.999213011542498031e-01
2.056663168940189856e-01
2.009443861490030625e-01
1.967471143756558405e-01
2.009443861490030625e-01
1.972717733473243473e-01
2.012067156348374131e-01
1.967471143756558405e-01
2.006820566631689062e-01
1.967471143756558405e-01
2.012067156348374131e-01
1.967471143756558405e-01
2.014690451206715693e-01
1.967471143756558405e-01
1.967471143756558405e-01
1.967471143756558405e-01
1.967471143756558405e-01
1.967471143756558405e-01
1.967471143756558405e-01
1.967471143756558405e-01
1.967471143756558405e-01
1.967471143756558405e-01
1.967471143756558405e-01
1.967471143756558405e-01
1.967471143756558405e-01
1.967471143756558405e-01
1.951731374606507086e-01
1.967471143756558405e-01
1.967471143756558405e-01
1.935991605456454101e-01
1.951731374606507086e-01
1.967471143756558405e-01
1.951731374606507086e-01
1.967471143756558405e-01
1.946484784889822295e-01
1.967471143756558405e-01
1.946484784889822295e-01
1.935991605456454101e-01
1.946484784889822295e-01
1.935991605456454101e-01
1.946484784889822295e-01
1.925498426023085907e-01
1.946484784889822295e-01
1.935991605456454101e-01
1.933368310598110595e-01
1.925498426023085907e-01
1.935991605456454101e-01
1.925498426023085907e-01
1.930745015739769033e-01
1.935991605456454101e-01
1.928121720881427470e-01
1.925498426023085907e-01
1.930745015739769033e-01
1.925498426023085907e-01
1.925498426023085907e-01
1.925498426023085907e-01
1.925498426023085907e-01
1.925498426023085907e-01
1.925498426023085907e-01
1.925498426023085907e-01
1.925498426023085907e-01
1.925498426023085907e-01
1.925498426023085907e-01
1.925498426023085907e-01
1.925498426023085907e-01
1.925498426023085907e-01
1.925498426023085907e-01
1.925498426023085907e-01
1.925498426023085907e-01
1.925498426023085907e-01
1.920251836306402782e-01
1.925498426023085907e-01
1.920251836306402782e-01
1.925498426023085907e-01
1.925498426023085907e-01
1.925498426023085907e-01
1.925498426023085907e-01
1.925498426023085907e-01
1.899265477439665006e-01
1.925498426023085907e-01
1.915005246589717991e-01
1.925498426023085907e-01
1.904512067156349797e-01
1.925498426023085907e-01
1.909758656873032923e-01
1.904512067156349797e-01
1.904643231899267597e-01
1.894018887722979938e-01
1.899265477439665006e-01
1.925498426023085907e-01
1.896642182581323444e-01
1.873032528856243828e-01
1.899265477439665006e-01
1.894018887722979938e-01
1.899265477439665006e-01
1.904512067156349797e-01
1.899265477439665006e-01
1.873032528856243828e-01
1.899265477439665006e-01
1.904512067156349797e-01
1.880902413431270181e-01
1.904512067156349797e-01
1.899265477439665006e-01
1.873032528856243828e-01
1.899265477439665006e-01
1.873032528856243828e-01
1.896642182581323444e-01
1.873032528856243828e-01
1.888772298006296813e-01
1.873032528856243828e-01
1.896642182581323444e-01
1.873032528856243828e-01
1.880902413431270181e-01
1.873032528856243828e-01
1.883525708289611744e-01
1.873032528856243828e-01
1.873032528856243828e-01
1.873032528856243828e-01
1.873032528856243828e-01
1.873032528856243828e-01
1.883525708289611744e-01
1.873032528856243828e-01
1.873032528856243828e-01
1.873032528856243828e-01
1.888772298006296813e-01
1.873032528856243828e-01
1.873032528856243828e-01
1.873032528856243828e-01
1.873032528856243828e-01
1.873032528856243828e-01
1.873032528856243828e-01
1.873032528856243828e-01
1.873032528856243828e-01
1.873032528856243828e-01
1.873032528856243828e-01
1.873032528856243828e-01
1.768428646379849589e-01
1.873032528856243828e-01
1.765477439664219494e-01
1.873032528856243828e-01
1.873032528856243828e-01
1.873032528856243828e-01
1.873032528856243828e-01
1.873032528856243828e-01
1.781217208814272479e-01
1.873032528856243828e-01
1.765477439664219494e-01
1.873032528856243828e-01
1.765477439664219494e-01
1.873032528856243828e-01
1.762854144805875989e-01
1.867785939139558760e-01
1.762854144805875989e-01
1.873032528856243828e-01
1.765805351521506361e-01
1.873032528856243828e-01
1.762854144805875989e-01
1.873032528856243828e-01
1.762854144805875989e-01
1.873032528856243828e-01
1.762854144805875989e-01
1.873032528856243828e-01
1.765477439664219494e-01
1.873032528856243828e-01
1.762854144805875989e-01
1.867785939139558760e-01
1.760296432318993187e-01
1.652675760755508150e-01
1.762854144805875989e-01
1.652675760755508150e-01
1.760230849947534426e-01
1.652675760755508150e-01
