1.084035313901344555e+00
1.043723374439462059e+00
1.010618834080717399e+00
9.490142937219733232e-01
8.822068385650224664e-01
8.483918161434976790e-01
8.303489349775783346e-01
8.285891255605380978e-01
8.267121636771299631e-01
7.720257847533631423e-01
7.437589686098655672e-01
7.068946188340805570e-01
7.000126121076233332e-01
6.790843609865471198e-01
6.796003363228700911e-01
7.059918721973090783e-01
6.565022421524665530e-01
6.391855381165919558e-01
6.157937219730940104e-01
6.166928251121076565e-01
6.259047085201792093e-01
6.174327354260089606e-01
5.874663677130044226e-01
5.783856502242150643e-01
5.556053811659191766e-01
5.454963565022422634e-01
5.391073430493253937e-01
5.801474215246638089e-01
5.601793721973090667e-01
5.384753363228698131e-01
5.084753363228698975e-01
5.049523542600896642e-01
5.042264573991031007e-01
4.927578475336323316e-01
4.857427130044841834e-01
4.857735426008964463e-01
4.738789237668162846e-01
4.624887892376681742e-01
4.569274103139012722e-01
4.497309417040359358e-01
4.340910874439463663e-01
4.431053811659192432e-01
4.271973094170403717e-01
4.189686098654706314e-01
4.207684977578473595e-01
3.999215246636769749e-01
4.304932735426009738e-01
4.135650224215247639e-01
3.975476457399103047e-01
3.827690582959636934e-01
3.908632286995513128e-01
3.790358744394617951e-01
3.676345291479820032e-01
3.642937219730942866e-01
3.650908071748881212e-01
3.767600896860980875e-01
3.650784753363227608e-01
3.689013452914796654e-01
3.567494394618834774e-01
3.614355381165917369e-01
3.497197309417040545e-01
3.419885089686098834e-01
3.547982062780270507e-01
3.528923766816143837e-01
3.468385650224216077e-01
3.361771300448432864e-01
3.392937219730943199e-01
3.371973094170404028e-01
3.346860986547084416e-01
3.295515695067264828e-01
3.273024103139012264e-01
3.382847533632288295e-01
3.230683856502236662e-01
3.216816143497755465e-01
3.233408071748878898e-01
3.195627802690583219e-01
3.151905829596411968e-01
3.138340807174887503e-01
3.126345291479821209e-01
3.101121076233183116e-01
3.105829596412557625e-01
3.178811659192822825e-01
3.120403587443945637e-01
3.114461883408072840e-01
3.070179372197310297e-01
3.016928251121077653e-01
3.071748878923769022e-01
3.007511210762331411e-01
3.057959641255604821e-01
3.019868273542601900e-01
2.961701233183852700e-01
2.951793721973094420e-01
2.975896860986546599e-01
2.948677130044842776e-01
2.992152466367715702e-01
2.974215246636768839e-01
2.920403587443945459e-01
2.937892376681613960e-01
2.947869955156944832e-01
2.847421524663675263e-01
2.892542040358740407e-01
2.932174887892376458e-01
2.921973094170403629e-01
2.891479820627799735e-01
2.859977578475335069e-01
2.814461883408072018e-01
2.900784753363229163e-01
2.900784753363229163e-01
2.905493273542600341e-01
2.903139013452914474e-01
2.776154708520161551e-01
2.694114349775766915e-01
2.725560538116592602e-01
2.761883408071750257e-01
2.717376681614349643e-01
2.869845852017933185e-01
2.747617713004474327e-01
2.684977578475337689e-01
2.623878923766818638e-01
2.754035874439461629e-01
2.698766816143499114e-01
2.684977578475337689e-01
2.684977578475337689e-01
2.590246636771303956e-01
2.617152466367715369e-01
2.631502242152466975e-01
2.669843049327355056e-01
2.672533632286998029e-01
2.501793721973094575e-01
2.577242152466367453e-01
2.550717488789238097e-01
2.568385650224219718e-01
2.536434977578476690e-01
2.640790358744390387e-01
2.511771300448433220e-01
2.462443946188339339e-01
2.434977578475333027e-01
2.329932735426007429e-01
2.536434977578476690e-01
2.513228699551572909e-01
2.524103139013451069e-01
2.445067264573990151e-01
2.341031390134531709e-01
2.230269058295961948e-01
2.225784753363226898e-01
2.129820627802691546e-01
2.536434977578476690e-01
2.463340807174884128e-01
2.306434977578475376e-01
2.242825112107617869e-01
2.192600896860982529e-01
2.132286995515692285e-01
1.966398542600890365e-01
1.971636771300451507e-01
2.271860986547085681e-01
2.255381165919283504e-01
2.114349775784756524e-01
2.091216367713003288e-01
1.973206278026899407e-01
1.948094170403589787e-01
2.271076233183852711e-01
2.189489910313899557e-01
2.115470852017937720e-01
2.064573991031391775e-01
1.985426008968612654e-01
1.937668161434978331e-01
1.936659192825113118e-01
2.186659192825106124e-01
1.912443946188342458e-01
2.071860986547079952e-01
1.898991031390135642e-01
1.936659192825113118e-01
1.917152466367713637e-01
1.936659192825113118e-01
1.886210762331839708e-01
1.957399103139005891e-01
1.889573991031393285e-01
1.904484304932733685e-01
1.878139013452914952e-01
1.867376681614351108e-01
1.857909192825093481e-01
1.799327354260088219e-01
1.872757847533638997e-01
1.871412556053815290e-01
1.880605381165919576e-01
1.857959641255604588e-01
1.839125560538115989e-01
1.886210762331839708e-01
1.834417040358744810e-01
1.864013452914799196e-01
1.883408071748880475e-01
1.862107623318385308e-01
1.787836322869940653e-01
1.825000000000000511e-01
1.861322869955158443e-01
1.830829596412556770e-01
1.886210762331839708e-01
1.769220852017934498e-01
1.847645739910315221e-01
1.733520179372199932e-01
1.744282511210763775e-01
1.755044843049329562e-01
1.764573991031392064e-01
1.611771300448431865e-01
1.733408071748877843e-01
1.730829596412555016e-01
1.739910313901346928e-01
1.752354260089688531e-01
1.592937219730939380e-01
1.602354260089689508e-01
1.627914798206279712e-01
1.639013452914799829e-01
1.687107623318386818e-01
1.616479820627803043e-01
1.597645739910314444e-01
1.590919282511215060e-01
1.620515695067267503e-01
1.650112107623320223e-01
1.664910313901348526e-01
1.584414237668148040e-01
1.602354260089685623e-01
1.583520179372197023e-01
1.613116591928249466e-01
1.637892376681612805e-01
1.583520179372197023e-01
1.583520179372197023e-01
1.604820627802690247e-01
1.584304932735425830e-01
1.605381165919282926e-01
1.583520179372197023e-01
1.583520179372197023e-01
1.583520179372197023e-01
1.576121076233184815e-01
1.587892376681611650e-01
1.583295964125560618e-01
1.582847533632286141e-01
1.581880605381166816e-01
1.569955156950672004e-01
1.574887892376681531e-01
1.579820627802690780e-01
1.563520179372201446e-01
1.582959641255604344e-01
1.582511210762331810e-01
1.568721973094170663e-01
1.573654708520180190e-01
1.563340807174888603e-01
1.583520179372197023e-01
1.557174887892378012e-01
1.561659192825112785e-01
1.566143497757849778e-01
1.552690582959641019e-01
1.554372197309418779e-01
1.574775784753365271e-01
1.556053811659192654e-01
1.560538116591927704e-01
1.565022421524664697e-01
1.551008968609865202e-01
1.550560538116592668e-01
1.552690582959641019e-01
1.554932735426009516e-01
1.559417040358744289e-01
1.551877802690583563e-01
1.551121076233183405e-01
1.550672645739910871e-01
1.552690582959641019e-01
1.552578475336322816e-01
1.556053811659192654e-01
1.549887892376682064e-01
1.551233183856501330e-01
1.550784753363228796e-01
1.550336322869954320e-01
1.549887892376682064e-01
1.549887892376682064e-01
1.551793721973094009e-01
1.515134529147983689e-01
1.516591928251121435e-01
1.531390134529149738e-01
1.546188340807175821e-01
1.549887892376682064e-01
1.549887892376682064e-01
1.551457399103139678e-01
1.522421524663681858e-01
1.550560538116592668e-01
1.542488789237669855e-01
1.549887892376682064e-01
1.549887892376682064e-01
1.506726457399104602e-01
1.549918721973094216e-01
1.545403587443945070e-01
1.538789237668159726e-01
1.549887892376682064e-01
1.549887892376682064e-01
1.488901345291480938e-01
1.520179372197311141e-01
1.519394618834080390e-01
1.535089686098653761e-01
1.549887892376682064e-01
1.504372197309415959e-01
1.549887892376682064e-01
1.515134529147983689e-01
1.515582959641256222e-01
1.527466367713007367e-01
1.454596412556053153e-01
1.466031390134529822e-01
1.481278026905832601e-01
1.496524663677129274e-01
1.511771300448432054e-01
1.527017937219730670e-01
1.454596412556053153e-01
1.462219730941701490e-01
1.459304932735424332e-01
1.492713004484307049e-01
1.499543161434979122e-01
1.519599215246641710e-01
1.454596412556053153e-01
1.456614349775785522e-01
1.473654708520178158e-01
1.488901345291480938e-01
1.504147982062777611e-01
1.519394618834080390e-01
1.454596412556053153e-01
1.454596412556053153e-01
1.469843049327355933e-01
1.471748878923765935e-01
1.454596412556053153e-01
1.454596412556053153e-01
1.454596412556053153e-01
1.454596412556053153e-01
1.466031390134529822e-01
1.433721973094167490e-01
1.454596412556053153e-01
1.409192825112105252e-01
1.454596412556053153e-01
1.454596412556053153e-01
1.456165919282508825e-01
1.436434977578473215e-01
1.424327354260085943e-01
1.454596412556053153e-01
1.454596412556053153e-01
1.452242152466366731e-01
1.455381165919281961e-01
1.439461883408072462e-01
1.427399103139010972e-01
1.454596412556053153e-01
1.403139013452912587e-01
1.451457399103139867e-01
1.454596412556053153e-01
1.442488789237665880e-01
1.430381165919282493e-01
1.418273542600895221e-01
1.454596412556053153e-01
1.394618834080715297e-01
1.381165919282506538e-01
1.445515695067263184e-01
1.433408071748875912e-01
1.421300448430492525e-01
1.409192825112105252e-01
1.397757847533630804e-01
1.383632286995513105e-01
1.448542600896860488e-01
1.436434977578473215e-01
1.424327354260085943e-01
1.412219730941702556e-01
1.394618834080715297e-01
1.443497757847533036e-01
1.432735426008969193e-01
1.413116591928253452e-01
1.414798206278025383e-01
1.405829596412553617e-01
1.396860986547083794e-01
1.387892376681611750e-01
1.359304932735426463e-01
1.442488789237665880e-01
1.430381165919282493e-01
1.408267937219731814e-01
1.399103139013454233e-01
1.390134529147980247e-01
1.381165919282506538e-01
1.412443946188340904e-01
1.433408071748875912e-01
1.367937219730941956e-01
1.401345291479818567e-01
1.392376681614350686e-01
1.365358744394619128e-01
1.378923766816141927e-01
1.364013452914797642e-01
1.412556053811656886e-01
1.403587443946187063e-01
1.380493273542599819e-01
1.368385650224216432e-01
1.360089686098655271e-01
1.363228699551568834e-01
1.366367713004484064e-01
1.369506726457399570e-01
1.396860986547083794e-01
