1.497955331865366668e+00
1.255780119534444461e+00
1.268323372129600779e+00
1.088738597043095391e+00
1.056307014784523490e+00
9.414910349166405457e-01
9.676313306071091525e-01
8.521783579742056025e-01
8.399653979238742574e-01
7.656495753381568070e-01
7.253853413022962604e-01
7.191176470588233061e-01
6.811890531613712385e-01
6.723026108839248449e-01
6.662472475621266099e-01
6.325967285309845867e-01
6.360490720352313110e-01
6.137150047184649626e-01
6.247247562126454490e-01
5.794746775715625686e-01
5.825731362063540919e-01
5.596099402327775474e-01
5.580371185907518905e-01
5.432525951557093391e-01
5.397923875432526497e-01
5.243865995596099783e-01
5.190311418685120692e-01
5.074158540421512820e-01
5.114815979867882723e-01
4.860490720352306226e-01
4.944951242529097013e-01
4.815979867882982934e-01
4.882038376848066297e-01
4.617804340987732292e-01
4.668134633532558531e-01
4.539163258886442232e-01
4.479396036489463051e-01
4.429144385026738129e-01
4.479396036489463051e-01
4.350581944007547719e-01
4.323843976093109109e-01
4.221453287197230453e-01
4.183705567788612023e-01
4.167977351368354899e-01
4.183705567788612023e-01
4.073765335011008126e-01
4.045297263290342782e-01
4.036332179930788855e-01
4.045297263290342782e-01
3.969801824473104257e-01
3.827776030198172807e-01
3.809609940232777658e-01
3.825102233406731944e-01
3.752752437873544955e-01
3.825102233406731944e-01
3.664674425920100287e-01
3.586033343818810781e-01
3.674268637936456416e-01
3.586033343818810781e-01
3.542151620006290247e-01
3.560868197546397385e-01
3.576753696130858806e-01
3.497955331865366668e-01
3.444479396036490559e-01
3.497955331865366668e-01
3.400440390059767948e-01
3.497955331865366668e-01
3.397294746775716967e-01
3.302925448254168117e-01
3.278153507392257415e-01
3.302925448254168117e-01
3.350267379679143787e-01
3.302925448254168117e-01
3.271469015413651649e-01
3.202264863164517306e-01
3.177728845548907222e-01
3.151934570619691622e-01
3.095312991506764533e-01
3.151934570619691622e-01
3.145800566215788407e-01
3.151934570619691622e-01
3.044982698961937739e-01
3.151934570619691622e-01
3.022963195973577544e-01
2.994652406417112056e-01
3.004089336269267219e-01
2.938030827304183856e-01
2.928593897452028694e-01
2.938030827304183856e-01
2.900283107895564316e-01
2.938030827304183856e-01
2.947467757156337909e-01
2.912865681031771570e-01
2.875432525951556739e-01
2.875117961623152030e-01
2.862535388486945886e-01
2.875117961623152030e-01
2.783894306385656381e-01
2.875117961623152030e-01
2.843661528782636116e-01
2.755583516829192003e-01
2.796476879521862524e-01
2.755583516829192003e-01
2.783894306385656381e-01
2.755583516829192003e-01
2.733564013840829587e-01
2.692670651148159622e-01
2.730418370556778607e-01
2.692670651148159622e-01
2.727272727272727626e-01
2.692670651148159622e-01
2.648631645171437010e-01
2.692670651148159622e-01
2.648631645171437010e-01
2.692670651148159622e-01
2.579663416168601620e-01
2.554262346649889270e-01
2.588864422774456719e-01
2.485058194400754650e-01
2.554262346649889270e-01
2.485058194400754650e-01
2.588864422774456719e-01
2.485058194400754650e-01
2.529097200377476984e-01
2.485058194400754650e-01
2.538534130229632146e-01
2.485058194400754650e-01
2.475621264548599487e-01
2.485058194400754650e-01
2.475621264548599487e-01
2.485058194400754650e-01
2.469329977980497526e-01
2.453601761560239292e-01
2.475621264548599487e-01
2.434727901855929244e-01
2.378184963825100140e-01
2.434727901855929244e-01
2.444164831708084129e-01
2.435514312676941295e-01
2.315193457061967830e-01
2.434727901855929244e-01
2.378184963825100140e-01
2.434727901855929244e-01
2.312047813777915739e-01
2.434727901855929244e-01
2.346649889902486519e-01
2.434727901855929244e-01
2.302610883925760854e-01
2.434727901855929244e-01
2.302610883925760854e-01
2.434727901855929244e-01
2.286882667505505951e-01
2.434727901855929244e-01
2.308902170493867256e-01
2.176785152563698866e-01
2.283737024221454970e-01
2.396980182447309704e-01
2.258571877949042683e-01
2.139037433155079326e-01
2.239698018244732636e-01
2.139037433155079326e-01
2.264941805599244018e-01
2.139037433155079326e-01
2.268008807801193405e-01
2.139037433155079326e-01
2.264863164517144645e-01
2.139037433155079326e-01
2.151620006291285470e-01
2.139037433155079326e-01
2.135891789871028346e-01
2.132746146586977365e-01
2.129600503302925274e-01
2.126454860018873183e-01
2.129600503302925274e-01
2.139037433155079326e-01
2.132746146586976255e-01
2.132746146586977365e-01
2.129600503302925274e-01
2.132746146586977365e-01
2.129600503302925274e-01
2.126769424347277615e-01
2.126533501100973944e-01
2.132746146586977365e-01
2.129600503302925274e-01
2.120163573450771499e-01
2.120163573450771499e-01
2.120163573450771499e-01
2.120163573450771499e-01
2.120163573450771499e-01
2.120163573450771499e-01
2.120163573450771499e-01
2.120163573450771499e-01
2.120163573450771499e-01
2.098144070462410193e-01
2.120163573450771499e-01
2.085561497326204050e-01
2.120163573450771499e-01
2.060553633217994118e-01
2.120163573450771499e-01
2.035231204781378644e-01
2.120163573450771499e-01
2.051824473104739421e-01
2.120163573450771499e-01
2.060553633217994118e-01
2.000629128656811195e-01
2.060396351053791764e-01
2.069833280905945816e-01
2.060396351053791764e-01
2.069833280905945816e-01
2.035231204781378644e-01
2.000629128656811195e-01
2.035231204781378644e-01
2.000629128656811195e-01
2.000629128656811195e-01
2.000629128656811195e-01
2.004325259515571667e-01
2.000629128656811195e-01
2.000629128656811195e-01
2.000629128656811195e-01
2.000707769738913067e-01
2.000629128656811195e-01
1.862220824158540011e-01
2.000629128656811195e-01
2.000629128656811195e-01
2.000629128656811195e-01
1.852783894306387069e-01
2.000629128656811195e-01
2.000629128656811195e-01
2.000629128656811195e-01
1.852783894306387069e-01
2.000629128656811195e-01
1.824473104749921581e-01
2.000629128656811195e-01
1.802453601761560553e-01
2.000629128656811195e-01
1.790106951871656971e-01
2.000629128656811195e-01
1.783972947467757364e-01
2.000629128656811195e-01
1.805599245045612367e-01
1.906259830135263456e-01
1.777445737653349234e-01
1.906259830135263456e-01
1.730103806228373842e-01
1.648317080843031968e-01
1.805599245045612367e-01
1.553947782321483950e-01
1.777288455489147156e-01
2.000629128656811195e-01
1.777288455489147156e-01
1.906259830135263456e-01
1.774142812205096176e-01
1.553947782321483950e-01
1.733878578169234796e-01
1.553947782321483950e-01
1.553947782321483950e-01
1.553947782321483950e-01
1.553947782321483950e-01
1.553947782321483950e-01
1.770997168921045195e-01
1.553947782321483950e-01
1.553947782321483950e-01
1.553947782321483950e-01
1.553947782321483950e-01
1.553947782321483950e-01
1.553947782321483950e-01
1.553947782321483950e-01
1.553947782321483950e-01
1.553947782321483950e-01
1.553947782321483950e-01
1.553947782321483950e-01
1.553947782321483950e-01
1.553947782321483950e-01
1.553947782321483950e-01
1.553947782321483950e-01
1.547656495753382266e-01
1.547656495753381156e-01
1.553947782321483950e-01
1.553947782321483950e-01
1.553947782321483950e-01
1.553947782321483950e-01
1.547656495753382266e-01
1.553947782321483950e-01
1.553947782321483950e-01
1.553947782321483950e-01
1.550802139037432970e-01
1.553947782321483950e-01
1.538219565901227104e-01
1.547656495753381156e-01
1.544510852469331286e-01
1.541365209185278085e-01
1.544510852469331286e-01
1.553947782321483950e-01
1.541365209185279195e-01
1.541365209185278085e-01
1.538219565901227104e-01
1.535073922617175013e-01
1.538376848065428071e-01
1.535073922617175013e-01
1.535073922617175013e-01
1.547656495753381156e-01
1.541365209185279195e-01
1.541365209185278085e-01
1.535073922617175013e-01
1.535073922617175013e-01
1.535152563699276607e-01
1.535073922617175013e-01
1.535073922617175013e-01
1.535073922617175013e-01
1.535073922617175013e-01
1.535073922617175013e-01
1.535073922617175013e-01
1.535073922617175013e-01
1.535073922617175013e-01
1.535073922617175013e-01
1.535073922617175013e-01
1.535073922617175013e-01
1.535073922617175013e-01
1.535073922617175013e-01
1.535073922617175013e-01
1.535073922617175013e-01
1.538219565901227104e-01
1.535073922617175013e-01
1.535073922617175013e-01
1.535073922617175013e-01
1.535073922617175013e-01
1.535073922617175013e-01
1.535073922617175013e-01
1.535073922617175013e-01
1.519345706196916779e-01
1.535073922617175013e-01
1.535073922617175013e-01
1.535073922617175013e-01
1.519345706196916779e-01
1.535073922617175013e-01
1.535073922617175013e-01
1.535073922617175013e-01
1.516200062912863578e-01
1.535073922617175013e-01
1.528782636049070831e-01
1.535073922617175013e-01
1.516200062912863578e-01
1.522491349480968870e-01
1.513054419628812597e-01
1.535073922617175013e-01
1.513054419628812597e-01
1.535073922617175013e-01
1.513054419628812597e-01
1.535073922617175013e-01
1.516200062912863578e-01
1.491034916640452401e-01
1.513054419628812597e-01
1.503617489776658545e-01
1.506763133060710635e-01
1.491034916640452401e-01
1.513054419628812597e-01
1.491034916640452401e-01
1.513054419628812597e-01
1.504403900597670873e-01
1.513054419628812597e-01
1.491034916640452401e-01
1.497326203208554363e-01
1.491034916640452401e-01
1.491428122050958704e-01
1.491034916640452401e-01
1.506763133060710635e-01
1.491034916640452401e-01
1.491034916640452401e-01
1.491034916640452401e-01
1.497326203208554363e-01
1.491821327461464730e-01
1.513054419628812597e-01
1.491034916640452401e-01
1.506763133060710635e-01
1.491034916640452401e-01
1.506763133060710635e-01
1.491034916640452401e-01
1.491034916640452401e-01
1.491034916640452401e-01
1.491034916640452401e-01
1.491034916640452401e-01
1.491034916640452401e-01
1.491034916640452401e-01
1.491034916640452401e-01
1.491034916640452401e-01
1.491034916640452401e-01
1.491034916640452401e-01
1.491034916640452401e-01
1.491034916640452401e-01
1.491034916640452401e-01
1.491034916640452401e-01
1.491034916640452401e-01
1.491034916640452401e-01
1.491034916640452401e-01
1.491034916640452401e-01
