2.599203878088293340e+00
2.342041312272174380e+00
2.313996051032806367e+00
2.037288628999593953e+00
1.858157401782097207e+00
1.738425222762250977e+00
1.639884568651275298e+00
1.531143681652490374e+00
1.490988254353988962e+00
1.375075941676791924e+00
1.359053513568245997e+00
1.281389226407452453e+00
1.259301589712434000e+00
1.205515897124341373e+00
1.206131024706358357e+00
1.159461067233697573e+00
1.120418185500202002e+00
1.100867000810044072e+00
1.067334953422438115e+00
1.075840421223167143e+00
1.051944106925880806e+00
1.049260834345888682e+00
1.000812575941676608e+00
9.901275820170106767e-01
9.382341028756580048e-01
9.121607938436612217e-01
9.315512353179422611e-01
9.671931956257593388e-01
8.954029971648441721e-01
8.804171729445118277e-01
8.607229647630619818e-01
8.411932968813279343e-01
8.277642770352368062e-01
8.186588699878474262e-01
8.381113304981772094e-01
8.121266200891047449e-01
8.037603786958275043e-01
7.856925880923448791e-01
7.704599534224380042e-01
7.635112899959489718e-01
7.591408464965568870e-01
7.606824625354393632e-01
7.578979343863910811e-01
7.424564601053057489e-01
7.453422438234102998e-01
7.263061968408260904e-01
7.505569056298094788e-01
7.439246658566220916e-01
7.309639530174156796e-01
7.214459295261238525e-01
7.189651680842445991e-01
7.113203726204940791e-01
7.018542426083432817e-01
6.997772377480760975e-01
6.979546375050628138e-01
6.871785135682459966e-01
7.001822600243013950e-01
6.985115431348724035e-01
6.908161198865936381e-01
6.766732482786550484e-01
6.801842851356822983e-01
6.773997569866342383e-01
6.750202511138110317e-01
6.712231672741999500e-01
6.735014175779664436e-01
6.632239773187523779e-01
6.633315613608731232e-01
6.520858647225596938e-01
6.520352369380315594e-01
6.558829485621707756e-01
6.577561765897121937e-01
6.568955042527336863e-01
6.519175273390004355e-01
6.474281085459699936e-01
6.406439854191978700e-01
6.350243013365735045e-01
6.333725698663423831e-01
6.358849736735522340e-01
6.164831409477521396e-01
6.223167274200082089e-01
6.166464155528552649e-01
6.255062778452812333e-01
6.248481166464155967e-01
6.069765087079790344e-01
6.088370797893878361e-01
5.972559740785742255e-01
6.057614418793033639e-01
6.087953118671526331e-01
5.999974686107718558e-01
6.035338193600647827e-01
6.062677197245849303e-01
5.844977723774809064e-01
5.884467395706763915e-01
5.929019846091534429e-01
5.784224382341027759e-01
5.875506277845264913e-01
5.784224382341027759e-01
5.784224382341027759e-01
5.821688942891859453e-01
5.744734710409071798e-01
5.744051235317936266e-01
5.709168691778033766e-01
5.781186715269339693e-01
5.717395706763872543e-01
5.729546375050627027e-01
5.708282705548803904e-01
5.708282705548803904e-01
5.677906034831915472e-01
5.698157148643175907e-01
5.714358039692181146e-01
5.612089914945322944e-01
5.632341028756582268e-01
5.652592142567839373e-01
5.614115026326446101e-01
5.638416362899957290e-01
5.587560753341428432e-01
5.607027136492506170e-01
5.610001518833529488e-01
5.581713244228432291e-01
5.538173349534224466e-01
5.543362697448356302e-01
5.581713244228432291e-01
5.571587687322802074e-01
5.561462130417171856e-01
5.495696638315105131e-01
5.495139732685296874e-01
5.533616848926690146e-01
5.341231267719724896e-01
5.569562575941676696e-01
5.390846496557311074e-01
5.419198055893074129e-01
5.485520453624950221e-01
5.484507897934385312e-01
5.341231267719724896e-01
5.365532604293237195e-01
5.326042932361279014e-01
5.364013770757390942e-01
5.368063993519642807e-01
5.386796273795055878e-01
5.321486431753745805e-01
5.340218712029162207e-01
5.328574321587687956e-01
5.299716484406641337e-01
5.308323207776427521e-01
5.245544754961521949e-01
5.269846091535035359e-01
5.341231267719724896e-01
5.257695423248277544e-01
5.196942081814499570e-01
5.225293641150262625e-01
5.223268529769138357e-01
5.247569866342648437e-01
5.113912515188334673e-01
5.133151073309032419e-01
5.159477521263668987e-01
5.176184690157957791e-01
5.115937626569460051e-01
5.241494532199272305e-01
5.118469015795867882e-01
5.145808019441069359e-01
5.114418793033618238e-01
5.098217901984607447e-01
5.119987849331711915e-01
5.122012960712839513e-01
5.114925070878898472e-01
5.113406237343053329e-01
5.105812069663833164e-01
5.113406237343053329e-01
5.089104900769542139e-01
5.097205346294044759e-01
5.066828675577156327e-01
5.113406237343053329e-01
5.065461725394886372e-01
5.066828675577157437e-01
5.087079789388416762e-01
5.095180234912919381e-01
5.055184285135682076e-01
5.062778452814905572e-01
5.064297286350748495e-01
5.066322397731876093e-01
5.046071283920615658e-01
5.062778452814905572e-01
5.062778452814905572e-01
5.043539894694208936e-01
5.063791008505468261e-01
5.053665451599838043e-01
5.030060247063586898e-01
5.041514783313082448e-01
5.035439449169704096e-01
5.033920615633860063e-01
5.056703118671527220e-01
5.065309842041311184e-01
5.049108950992304834e-01
5.043033616848926481e-01
5.014682057513161206e-01
5.002531389226407832e-01
5.024807614418793644e-01
5.024807614418793644e-01
4.887100040502226905e-01
4.919501822600242380e-01
4.984305386796271664e-01
4.951397326852974845e-01
4.789755467800671518e-01
4.840104799513953449e-01
4.878999594977723175e-01
4.890137707573915526e-01
4.943803159173754680e-01
4.933677602268125018e-01
4.995443499392467901e-01
4.820777642770349147e-01
4.842041312272173936e-01
4.903300931551234365e-01
4.846597812879709921e-01
4.748886188740378822e-01
4.894187930336170722e-01
4.795970028351557723e-01
4.832422033211825618e-01
4.870899149453218890e-01
4.824321587687324664e-01
4.784325637910083473e-01
4.790400972053461826e-01
4.784325637910083473e-01
4.757999189955445796e-01
4.757492912110165006e-01
4.784325637910083473e-01
4.692689347914133502e-01
4.751417577966786654e-01
4.777744025921423776e-01
4.784325637910083473e-01
4.784325637910083473e-01
4.768795565006072601e-01
4.784325637910083473e-01
4.744835965978126957e-01
4.771162413932766300e-01
4.771162413932765189e-01
4.744835965978126957e-01
4.642567841231267090e-01
4.711927906034830693e-01
4.784325637910083473e-01
4.764580801944106603e-01
4.777744025921423776e-01
4.667881733495343188e-01
4.622354698258372974e-01
4.638011340623734435e-01
4.731672742000809784e-01
4.757999189955446906e-01
4.619785338193600488e-01
4.757999189955445796e-01
4.713953017415959401e-01
4.619785338193600488e-01
4.528149048197650517e-01
4.624848116646415042e-01
4.619785338193600488e-01
4.605761441879301366e-01
4.619785338193600488e-01
4.619785338193600488e-01
4.619785338193600488e-01
4.741798298906438336e-01
4.619785338193600488e-01
4.606115836370999195e-01
4.619785338193600488e-01
4.553969218307007405e-01
4.527642770352369173e-01
4.501316322397732606e-01
4.479546375050627027e-01
4.461826650465776090e-01
4.619785338193599378e-01
4.515998379910894922e-01
4.534224382341027759e-01
4.507897934386391192e-01
4.481571486431752960e-01
4.455245038477116393e-01
4.566626164439044344e-01
4.567132442284325688e-01
4.455245038477116393e-01
4.514479546375050889e-01
4.485621709194004270e-01
4.461320372620493635e-01
4.455245038477116393e-01
4.455245038477116393e-01
4.547387606318347153e-01
4.521061158363709476e-01
4.494734710409072354e-01
4.467395706763871988e-01
4.455245038477116393e-01
4.455245038477116393e-01
4.553969218307007405e-01
4.455245038477116393e-01
4.451701093560144762e-01
4.473471040907248675e-01
4.449675982179019385e-01
4.455245038477116393e-01
4.455245038477116393e-01
4.449169704333739150e-01
4.442588092345079454e-01
4.468914540299716021e-01
4.455245038477116393e-01
4.455245038477116393e-01
4.446638315107330763e-01
4.455245038477116393e-01
4.442588092345079454e-01
4.452713649250708006e-01
4.442588092345079454e-01
4.455245038477116393e-01
4.446132037262050529e-01
4.442588092345079454e-01
4.450182260024301839e-01
4.442588092345079454e-01
4.454232482786553149e-01
4.443600648035642142e-01
4.445625759416767520e-01
4.447650870797893452e-01
4.442588092345079454e-01
4.442588092345079454e-01
4.442588092345079454e-01
4.443094370190361908e-01
4.445119481571487285e-01
4.447144592952613218e-01
4.442588092345079454e-01
4.442588092345079454e-01
4.442588092345079454e-01
4.442588092345079454e-01
4.444613203726204831e-01
4.446638315107330763e-01
4.442588092345079454e-01
4.442588092345079454e-01
4.442588092345079454e-01
4.442588092345079454e-01
4.444106925880924597e-01
4.368165249088699076e-01
4.439044147428110043e-01
4.442588092345079454e-01
4.442588092345079454e-01
4.442588092345079454e-01
4.422336978533819574e-01
4.442588092345079454e-01
4.336269744835966611e-01
4.442588092345079454e-01
4.251215066828676892e-01
4.442588092345079454e-01
4.431956257594167892e-01
4.389428918590521644e-01
4.346901579586878173e-01
4.442588092345079454e-01
4.261846901579586788e-01
4.339813689752937687e-01
4.442588092345079454e-01
4.400060753341433206e-01
4.357533414337789179e-01
4.315006075334142932e-01
4.025415147833130702e-01
4.132999189955443020e-01
4.414236533009316399e-01
4.410692588092344213e-01
4.368165249088699076e-01
4.325637910085055604e-01
3.999594977723774369e-01
4.280300729040097951e-01
4.385884973673553899e-01
4.421324422843256885e-01
4.378797083839610638e-01
3.791957776427701265e-01
4.086421628189473298e-01
4.052754151478331623e-01
4.357533414337791400e-01
4.176792223572296514e-01
4.389428918590521644e-01
4.346901579586878173e-01
3.970737140542731636e-01
4.035034426893479576e-01
4.329181855002026680e-01
3.733799108950991985e-01
3.583345990279466764e-01
3.875556905629809479e-01
3.946435803969220446e-01
4.017314702308628083e-01
4.300830295666264180e-01
4.156034831915756955e-01
3.786958282705551460e-01
3.771453523693800713e-01
3.789489671931956516e-01
3.999594977723774369e-01
4.070473876063183116e-01
4.071486431753749136e-01
3.524706358849734600e-01
3.638112596192791814e-01
3.910996354799514130e-01
3.864925070878899027e-01
4.031490481976509055e-01
3.499898744430943176e-01
4.176792223572296514e-01
3.609761036857029315e-01
3.893276630214660972e-01
3.964155528554071939e-01
4.035034426893479576e-01
