1.240890178969670021e+00
1.236695751561106116e+00
1.269182091882247843e+00
1.178893008474575899e+00
1.105792818911686126e+00
1.051798408229259518e+00
1.050478088760035345e+00
1.019892952720784951e+00
1.029606657002676062e+00
1.005313336306868477e+00
9.828027430865294845e-01
9.357995093666349185e-01
9.205682705173948710e-01
9.172892506690455416e-01
9.123933708742183457e-01
8.965760202943798829e-01
8.567266949152542166e-01
8.330379543933974507e-01
8.209909539473684292e-01
7.864769179304190727e-01
7.710442685102584237e-01
8.565176181980374004e-01
7.973694664362174223e-01
7.749118393175735697e-01
7.319357716324709218e-01
7.206191458519179971e-01
7.222206735057982163e-01
7.259422390722567453e-01
7.019573065343439611e-01
7.148747630463859748e-01
6.772946169714531006e-01
6.778267172167702359e-01
6.353764774754669942e-01
6.961697145405887355e-01
6.137537633809098114e-01
6.444671331400528835e-01
6.416564451382692491e-01
6.323344112399607031e-01
5.982521186440681316e-01
6.185621794157001307e-01
5.967746431757359193e-01
6.034563865967865759e-01
6.006216547725244936e-01
5.993253791257801000e-01
5.915337867975022368e-01
5.661658117752000896e-01
5.488263826940230627e-01
5.489936440677964935e-01
5.425540811775199090e-01
5.668766726137368650e-01
5.504484695584299647e-01
5.399754683318465087e-01
5.406856322479928201e-01
5.393342997323814503e-01
5.350412578055305790e-01
5.306593582738617920e-01
5.275702497769848565e-01
5.236420467216771346e-01
5.228165421498662813e-01
5.211725022301515464e-01
5.215488403211416824e-01
5.011568911685994054e-01
5.063618560437108673e-01
5.044881801962534107e-01
5.157347652765381651e-01
5.178969669937557585e-01
4.953027430865296621e-01
4.882498884924175164e-01
4.859894207181091330e-01
4.963739128010704604e-01
4.965596426181984047e-01
4.819218331846565895e-01
4.759216798617308952e-01
4.730761457404091819e-01
4.818103256021407654e-01
4.694608608385368864e-01
4.733340070249775211e-01
4.686803077609278390e-01
4.589941319134677178e-01
4.655720338983052042e-01
4.560799509366638138e-01
4.560660124888491485e-01
4.537522301516501710e-01
4.595119452497745671e-01
4.521562778768956070e-01
4.561496431757356418e-01
4.482604817127562313e-01
4.460024531668154157e-01
4.477586975914361611e-01
4.470199598572702215e-01
4.437304861730595462e-01
4.470844251784122370e-01
4.396047056199822722e-01
4.387126449598572342e-01
4.273542038358608686e-01
4.422390722569135013e-01
4.446364852809991386e-01
4.398974130240858038e-01
4.257498884924174609e-01
4.273388715432650531e-01
4.223210303300623525e-01
4.203295745985728971e-01
4.411724325379132727e-01
4.289417930419268110e-01
4.224924732381802883e-01
4.178467885816236072e-01
4.135537466547721808e-01
4.119090098126670374e-01
3.946392729705618385e-01
4.209550624442464639e-01
4.166898974130236466e-01
3.963397636039251437e-01
4.098739964317573148e-01
4.073093220338983023e-01
3.952870623327383037e-01
3.931478590544159046e-01
3.936217662801071437e-01
4.032950490633363527e-01
3.920188447814451083e-01
3.901092774308650424e-01
3.953027430865299618e-01
3.920188447814451083e-01
3.937472123104371335e-01
3.888966324710082523e-01
3.876700490633362972e-01
3.890081400535235767e-01
3.934823818019625441e-01
3.886952219000892605e-01
3.874191570026762621e-01
3.832097457627118287e-01
3.861089429081177582e-01
3.819831623550399846e-01
3.782755352363960100e-01
3.825685771632470478e-01
3.842690677966100199e-01
3.808959634255128512e-01
3.820528545941125897e-01
3.781347569134700937e-01
3.778155664585191031e-01
3.795718108831400706e-01
3.812026092774309372e-01
3.813559322033896470e-01
3.751811998215878741e-01
3.743448929527208313e-01
3.762122964986621132e-01
3.728952943800179498e-01
3.808680865298840201e-01
3.680586529884033453e-01
3.743030776092776124e-01
3.688852029438016711e-01
3.692016057091886405e-01
3.635147190008922169e-01
3.665254237288136374e-01
3.678635147190008614e-01
3.648388715432648866e-01
3.709857270294379950e-01
3.718080954504904279e-01
3.672780999107939093e-01
3.672780999107939093e-01
3.676683764495985995e-01
3.520294380017843228e-01
3.531723907225687853e-01
3.569775869759143072e-01
3.557370651204280754e-01
3.573539250669043321e-01
3.609953445584310749e-01
3.526427297056206056e-01
3.471039390053528573e-01
3.523778991971455721e-01
3.553328501338090528e-01
3.541620205173952596e-01
3.369619759143622217e-01
3.633753345227476728e-01
3.497992863514718387e-01
3.518848266057094110e-01
3.500362399643178746e-01
3.525033452274757839e-01
3.374219446922390175e-01
3.446978144513825337e-01
3.430112622658341159e-01
3.404187109723460503e-01
3.429555084745760651e-01
3.390527430865297731e-01
3.376588983050846648e-01
3.386903434433544691e-01
3.369619759143622217e-01
3.359165923282780852e-01
3.369619759143622217e-01
3.369619759143622217e-01
3.367110838537020756e-01
3.363347457627121062e-01
3.369619759143622217e-01
3.336731991525428986e-01
3.369619759143622217e-01
3.335916592328278529e-01
3.352336083853703075e-01
3.261596788581623274e-01
3.278880463871542417e-01
3.296164139161462669e-01
3.283480151650310375e-01
3.330731489741304285e-01
3.330592105263160407e-01
3.359444692239074159e-01
3.255742640499553753e-01
3.260760481712755565e-01
3.240131578947368363e-01
3.299927520071364029e-01
3.261596788581623274e-01
3.342300401427302781e-01
3.237580842997312969e-01
3.249888492417484231e-01
3.294352140945581708e-01
3.261596788581623274e-01
3.182771381578919367e-01
3.253651873327385591e-01
3.259645405887599545e-01
3.251839875111505185e-01
3.205146074933092892e-01
3.180056868867079389e-01
3.182844558429970827e-01
3.133223684210523219e-01
3.104789250669044431e-01
3.236507582515611992e-01
3.211418376449599044e-01
3.203752230151651337e-01
3.137405218554858433e-01
3.122909232827830728e-01
3.258948483496877380e-01
3.104789250669044431e-01
3.217690677966099644e-01
3.155525200713648060e-01
3.141029214986619800e-01
3.147440900981261502e-01
3.110364629794823976e-01
3.104789250669044431e-01
3.104789250669044431e-01
3.198873773416589517e-01
3.144653211418376171e-01
3.124303077609277834e-01
3.115661239964316875e-01
3.054192685102594673e-01
3.051823148974130984e-01
3.062416369313112896e-01
3.073009589652095919e-01
3.083602809991078941e-01
3.063670829616411684e-01
3.038581623550400956e-01
3.049174843889383979e-01
3.059768064228368112e-01
3.059489295272078691e-01
3.129878456735055159e-01
3.087366190900980856e-01
3.044853925066901557e-01
3.046526538804638085e-01
3.057119759143621107e-01
3.056297390722567675e-01
3.101304638715434714e-01
3.076215432649416215e-01
3.051126226583404932e-01
3.043878233719893855e-01
3.054471454058875768e-01
3.052520071364852039e-01
3.038581623550400956e-01
3.038581623550400956e-01
3.054889607493309622e-01
3.028267172167701249e-01
3.038581623550400956e-01
2.945751561106150773e-01
3.038581623550400956e-01
3.038581623550400956e-01
3.035236396074932896e-01
3.038581623550400956e-01
3.038581623550400956e-01
3.038581623550400956e-01
3.038581623550400956e-01
3.031054861730597128e-01
3.034400089206065187e-01
3.037745316681534358e-01
3.007638269402316822e-01
3.038581623550400956e-01
3.012934879571813052e-01
3.030218554861729974e-01
3.033563782337199144e-01
3.036909009812666649e-01
3.017952720785008758e-01
2.960805084745760096e-01
3.026037020517394205e-01
3.029382247992862265e-01
3.032727475468331435e-01
3.017694859500444915e-01
3.008195807314890668e-01
2.983524754683314906e-01
2.932370651204277423e-01
2.969725691347007146e-01
2.892506690454949014e-01
3.017673951828723222e-01
3.017673951828723222e-01
2.979761373773416877e-01
2.941848795718102205e-01
2.903936217662797525e-01
2.852642729705617275e-01
2.811384924174840649e-01
3.017673951828723222e-01
2.954532783229255610e-01
2.870344558429956394e-01
2.913414362176629524e-01
2.862957181088306990e-01
2.859333184656560611e-01
3.017673951828723222e-01
2.975579839429087770e-01
2.960805084745760096e-01
2.922892506690448200e-01
2.873271632471006698e-01
2.875919937555743711e-01
2.809572925958968570e-01
2.972844419045461706e-01
2.970283229259592095e-01
2.924843889384473039e-01
2.894458073148977739e-01
2.842328278322924784e-01
2.777653880463867297e-01
2.759812667261374308e-01
2.976416146297941601e-01
2.935158340767172747e-01
2.893900535236391125e-01
2.852642729705624491e-01
2.798840321141837784e-01
2.770691625780544176e-01
2.759812667261374308e-01
2.864490410347885208e-01
2.776956958073149018e-01
2.862957181088306990e-01
2.821699375557540357e-01
2.780441570026758735e-01
2.759812667261374308e-01
2.759812667261374308e-01
2.680363514719008022e-01
2.707125334522749727e-01
2.718833630686890990e-01
2.773193577163248769e-01
2.759812667261374308e-01
2.759812667261374308e-01
2.759812667261374308e-01
2.759812667261374308e-01
2.712979482604819248e-01
2.736396074933101219e-01
2.759812667261374308e-01
2.759812667261374308e-01
2.660292149866190781e-01
2.683708742194472752e-01
2.707125334522745841e-01
2.730541926851027812e-01
2.764272970561994502e-01
2.759812667261374308e-01
2.660292149866196887e-01
2.677854594112400455e-01
2.804415700267615108e-01
2.724687778768955515e-01
2.742250223015169075e-01
2.759812667261374308e-01
2.648583853702053958e-01
2.672000446030335929e-01
2.695417038358609019e-01
2.791034790365741758e-01
2.613458965209635165e-01
2.759812667261374308e-01
2.759812667261374308e-01
2.666146297948263633e-01
2.689562890276545604e-01
2.613458965209635165e-01
2.736396074933101219e-01
2.759812667261374308e-01
2.636875557537917136e-01
2.660292149866190781e-01
2.613458965209635165e-01
2.707125334522745841e-01
2.613458965209635165e-01
2.613458965209635165e-01
2.631021409455845395e-01
2.654438001784125700e-01
2.677854594112400455e-01
2.613458965209635165e-01
2.613458965209635165e-01
2.613458965209635165e-01
2.625167261373771987e-01
2.648583853702053958e-01
2.672000446030335929e-01
2.663219223907227207e-01
2.613458965209635165e-01
2.613458965209635165e-01
2.607744201605707302e-01
2.642729705619981662e-01
2.619313113291707462e-01
2.654438001784130696e-01
2.613458965209635165e-01
