1.489378879866110061e+00
1.383986132814168268e+00
1.345880404061104763e+00
1.363929946802606263e+00
1.256236604588808925e+00
1.170098240131157930e+00
1.137410234734568482e+00
1.120659673301398263e+00
1.098015344416835459e+00
1.052137715500679027e+00
9.882077686980731412e-01
1.002179556147586581e+00
9.797662047117693396e-01
9.552512146595965037e-01
9.996477700642982800e-01
9.866195318970888417e-01
9.179475027964927314e-01
8.735033429822968154e-01
8.597825994142310746e-01
8.146937520813573030e-01
8.217744276797229741e-01
8.784401123720232407e-01
8.368323641673285351e-01
8.090249848434390989e-01
7.803622204575149102e-01
7.143048048432663055e-01
7.119741100323627725e-01
7.139555635252026189e-01
7.462010400389375020e-01
6.783222754480791039e-01
7.045454739520622400e-01
6.954609302285863492e-01
6.604857784495056228e-01
6.559674155288574005e-01
6.537515690242593491e-01
6.516979617627723931e-01
6.246637805159210854e-01
6.018478195899618077e-01
6.065869132703165523e-01
5.974673600259571282e-01
6.369683462697783849e-01
6.086746761619318269e-01
5.940688748281545140e-01
5.832808190520104574e-01
5.715432367582893303e-01
5.574873410695840859e-01
5.573771891624187402e-01
5.543373380809660800e-01
5.392490884716211186e-01
5.329121517193093904e-01
5.454462006130937901e-01
5.444407442511809414e-01
5.150498245254502283e-01
5.132592156159545560e-01
5.081076927017958988e-01
5.059138338840916127e-01
5.146826515015670012e-01
5.024041294156825765e-01
5.112329328585701882e-01
5.005934540734853222e-01
4.985611940808293840e-01
5.052044641408581782e-01
4.872044470630429447e-01
4.967851013141380001e-01
4.953249481261368103e-01
4.820268804809113017e-01
4.733970335835233634e-01
4.693495914132748137e-01
4.732779158234471373e-01
4.842920391765078159e-01
4.801282543911333800e-01
4.696399142693685191e-01
4.716465575394282461e-01
4.592356823867935756e-01
4.474788875511253594e-01
4.466446362852337093e-01
4.372112781890685751e-01
4.215677861174437768e-01
4.560630512932171698e-01
4.480219620701709760e-01
4.387376079104441939e-01
4.270734602214987796e-01
4.312575249122624910e-01
4.218049542741501567e-01
4.186711752098438155e-01
4.182783854633642662e-01
4.182356909257030630e-01
4.029595853506502956e-01
4.157167132037127844e-01
4.190127315111305539e-01
4.074474216768701473e-01
3.981692582251025181e-01
4.062641425656001171e-01
4.006370025018999304e-01
3.998428841014081137e-01
4.015848212379705684e-01
4.107214522973930970e-01
4.002698294780168142e-01
4.043001938332008161e-01
3.903476189256347983e-01
3.899633680866871344e-01
3.927470519421746853e-01
3.911075816959977414e-01
3.828393575325950149e-01
3.888960046451657715e-01
3.887437986184049121e-01
3.671303293456622541e-01
3.885544483438789776e-01
3.881872753199957504e-01
3.848571013824493292e-01
3.745677178061836421e-01
3.762669604050855598e-01
3.659861157363525908e-01
3.752422915012256777e-01
3.502711103141446514e-01
3.846948621393374013e-01
3.730766110783785283e-01
3.662422829623180331e-01
3.575155194644393242e-01
3.547916079616769691e-01
3.415392234717488651e-01
3.829700028178395499e-01
3.700256594171333346e-01
3.671474071607276346e-01
3.570031850125093831e-01
3.503428371374165962e-01
3.417270794374570597e-01
3.342726131618716789e-01
3.313437678783377471e-01
3.595477794570961505e-01
3.489326365584759504e-01
3.493651322249821667e-01
3.416075347320062239e-01
3.352631264356039087e-01
3.314035402310629430e-01
3.533630487315428392e-01
3.306691941832963222e-01
3.305240327552493307e-01
3.294908249438568415e-01
3.348788755966559116e-01
3.314633125837881389e-01
3.294737471287924047e-01
3.292005020877629695e-01
3.282046519968213061e-01
3.292005020877629695e-01
3.278940492353409342e-01
3.278940492353409342e-01
3.280648273859843589e-01
3.282356055366276726e-01
3.278940492353409342e-01
3.262545789891642678e-01
3.251189042873856572e-01
3.278940492353409342e-01
3.257678612598305934e-01
3.253323769756898964e-01
3.267669134410944864e-01
3.286198563755753921e-01
3.250762097497247316e-01
3.259471783180065141e-01
3.258105557974910749e-01
3.216435689217919114e-01
3.246065698354554385e-01
3.237356012671739336e-01
3.217033412745174403e-01
3.227194712708456037e-01
3.219936641306111458e-01
3.226853156407165635e-01
3.230097941269394757e-01
3.235904398391271086e-01
3.200307827616538647e-01
3.221132088360615930e-01
3.217033412745174403e-01
3.228646326988926507e-01
3.228646326988926507e-01
3.217033412745174403e-01
3.149576043241033019e-01
3.204651996823530413e-01
3.218058081649033952e-01
3.188855017889011267e-01
3.169727865016950252e-01
3.113712631605914383e-01
3.047269257371212348e-01
3.194917642236857480e-01
3.198503983400375894e-01
3.198247816174396574e-01
3.012014242897764760e-01
2.998864325298222777e-01
2.994424093381492513e-01
3.159054230601737734e-01
3.186805680081290504e-01
3.205847443878033221e-01
3.018930757998823378e-01
2.999974383277403955e-01
2.974016104379607062e-01
2.984945906020783912e-01
3.183902451520355115e-01
2.982213455610490116e-01
2.817963299775370634e-01
3.012697355500339458e-01
2.973332991777033474e-01
2.976065442187327825e-01
2.822108939382292903e-01
2.784537746240744460e-01
2.977284371237543525e-01
2.911682079394757316e-01
2.952925002775145802e-01
2.975382329584752572e-01
2.831501737667679874e-01
2.792393541170339888e-01
2.791710428567772406e-01
2.967184978353870073e-01
2.916826771182893796e-01
2.902487810709495908e-01
2.815790147808491239e-01
2.803323342811522845e-01
2.783427688261569388e-01
2.816558649486389232e-01
2.830904014140424585e-01
2.775144947955359154e-01
2.760799583301313254e-01
2.805543458769884646e-01
2.775144947955359154e-01
2.775144947955359154e-01
2.775144947955359154e-01
2.751833730392535537e-01
2.814850867979948323e-01
2.777279674838399881e-01
2.781122183227877076e-01
2.764898258916755891e-01
2.742867877483755046e-01
2.750040559810777996e-01
2.772231045760001900e-01
2.776938118537112254e-01
2.768484600080267088e-01
2.746881164023877719e-01
2.730315683411465022e-01
2.775144947955359154e-01
2.755420071556046180e-01
2.730315683411465022e-01
2.730315683411465022e-01
2.730315683411465022e-01
2.766179095046580327e-01
2.746454218647267354e-01
2.734158191800943327e-01
2.747820443852414529e-01
2.730315683411465022e-01
2.730315683411465022e-01
2.723143001084442072e-01
2.715970318757417457e-01
2.730742628788075388e-01
2.730315683411465022e-01
2.730315683411465022e-01
2.728693290980353514e-01
2.730315683411465022e-01
2.717763489339174998e-01
2.710590807012152048e-01
2.703418124685129098e-01
2.697097198384426631e-01
2.727070898549240341e-01
2.685748990274179904e-01
2.719556659920929764e-01
2.712383977593906814e-01
2.705211295266883309e-01
2.686681865922074808e-01
2.725448506118127168e-01
2.720495939749464909e-01
2.685486418867570335e-01
2.714177148175662690e-01
2.687535756675292764e-01
2.686852644072717511e-01
2.652099290416785049e-01
2.730315683411465022e-01
2.691036708763481777e-01
2.685486418867570335e-01
2.688233812366044861e-01
2.661065143325562765e-01
2.686340309620787181e-01
2.695049995303600010e-01
2.655173297128366472e-01
2.656283355107547650e-01
2.662772924831997012e-01
2.662858313907318641e-01
2.655685631580295691e-01
2.667213156748728942e-01
2.651757734115499088e-01
2.654660962676436142e-01
2.661150532400885504e-01
2.687364978524648396e-01
2.644926608089762099e-01
2.650306119835028618e-01
2.685486418867570335e-01
2.653038570245324634e-01
2.659528139969773997e-01
2.666444655070830949e-01
2.644926608089762099e-01
2.652099290416785049e-01
2.644926608089762099e-01
2.651416177814211461e-01
2.644926608089762099e-01
2.644926608089762099e-01
2.644926608089762099e-01
2.644926608089762099e-01
2.644926608089762099e-01
2.644926608089762099e-01
2.644926608089762099e-01
2.644926608089762099e-01
2.669262494556448040e-01
2.599841176319901415e-01
2.626311789669634744e-01
2.644926608089762099e-01
2.644926608089762099e-01
2.644926608089762099e-01
2.644926608089762099e-01
2.608977807379331271e-01
2.617004380459563295e-01
2.644926608089762099e-01
2.644926608089762099e-01
2.644926608089762099e-01
2.644926608089762099e-01
2.644926608089762099e-01
2.607696971249507389e-01
2.644926608089762099e-01
2.612820315768795698e-01
2.644926608089762099e-01
2.571918948689701501e-01
2.561159925199167353e-01
2.598389562039435940e-01
2.635619198879704528e-01
2.620846888849039935e-01
2.477677160984030347e-01
2.443920724782472076e-01
2.644926608089762099e-01
2.589082152829366157e-01
2.626311789669634744e-01
2.418047834959994036e-01
2.596767169608319437e-01
2.565162538104860945e-01
2.542545106779039998e-01
2.579774743619308586e-01
2.617004380459563295e-01
2.636900035009517862e-01
2.435723373551586246e-01
2.452459632314642202e-01
2.428892247525853698e-01
2.434015592045154774e-01
2.607696971249507389e-01
2.412241377838119372e-01
2.417364722357421836e-01
2.422488066876724300e-01
2.450922628958852045e-01
2.561159925199167353e-01
2.573626730196143519e-01
2.635619198879704528e-01
2.416083886227596289e-01
2.421207230746900141e-01
2.426330575266201217e-01
2.431453919785503404e-01
2.589082152829366157e-01
2.611454090563660735e-01
2.414803050097769077e-01
2.419926394617073206e-01
2.425049739136375393e-01
2.299869354714757230e-01
2.413180657666662010e-01
2.235656770072838861e-01
2.413522213967945196e-01
2.262041994347183671e-01
2.344527841108010324e-01
2.307895927794990920e-01
2.275789635474037009e-01
2.243683343153070886e-01
2.211577050832116975e-01
2.417364722357421836e-01
2.348028793196199615e-01
2.363228048603465137e-01
2.284080914687777464e-01
2.251709916233315123e-01
2.226167909077634843e-01
2.414034548419875525e-01
2.351273578058416802e-01
2.323949073955479117e-01
2.291842781634513271e-01
2.259736489313559360e-01
2.227630196992594902e-01
2.230191869252244330e-01
2.211577050832116975e-01
2.331975647035711141e-01
2.299869354714757230e-01
2.267763062393792772e-01
2.235656770072838861e-01
2.211577050832116975e-01
2.211577050832116975e-01
2.211577050832116975e-01
2.299015463961531780e-01
2.211577050832116975e-01
