1.567312729177579689e+00
1.385574908328967902e+00
1.389732844421162961e+00
1.247269512833944605e+00
1.245154531168151113e+00
1.151394709271869932e+00
1.155578837087480215e+00
1.069735463593503688e+00
1.073860660031429992e+00
1.007353326348873424e+00
1.024620220010476812e+00
9.811485070717651524e-01
9.821896280775275212e-01
9.198795180722886267e-01
9.680460974332111279e-01
8.884232582503929221e-01
8.627553693033001014e-01
8.640845992666317255e-01
8.512310110005238961e-01
8.038305395495023431e-01
8.213724463069670412e-01
7.891566265060240282e-01
7.820848611838657760e-01
7.661275536930332031e-01
7.433211105290729037e-01
7.417496071241488353e-01
7.317967522262964764e-01
7.260345730749084847e-01
7.239392352016763565e-01
7.022066526977474021e-01
7.014143530644316726e-01
6.807228915662649760e-01
6.804609743321110571e-01
6.650078575170247364e-01
6.757464641173389630e-01
6.587218438973284629e-01
6.600314300680985014e-01
6.411799371398637648e-01
6.495547407019381936e-01
6.335777894185437020e-01
6.422210581456260226e-01
6.260476689366155645e-01
6.254583551597694413e-01
6.055657412257726691e-01
6.254583551597694413e-01
5.974332111052909067e-01
6.008381351492928513e-01
5.801466736511262656e-01
5.667888947092719620e-01
5.767417496071242100e-01
5.557883708748035945e-01
5.704557359874279365e-01
5.521215295966475090e-01
5.542168674698796371e-01
5.521215295966475090e-01
5.479832372970141474e-01
5.521215295966475090e-01
5.382399161864851456e-01
5.521215295966475090e-01
5.385607647983237101e-01
5.411210057621790304e-01
5.361576741749606301e-01
5.411210057621790304e-01
5.254059717129387908e-01
5.348349921424829789e-01
5.282870612886327866e-01
5.348349921424829789e-01
5.083813514929282906e-01
5.154531168150865428e-01
5.086432687270823205e-01
5.065479308538503034e-01
4.992142482975380213e-01
5.081194342587742607e-01
5.055002619172340728e-01
4.992142482975380213e-01
4.992797276060764733e-01
4.992142482975380213e-01
4.916186485070718759e-01
4.840230487166054529e-01
4.934520691461499187e-01
4.803562074384493674e-01
4.843308014667362382e-01
4.955474070193819358e-01
4.743648507071760445e-01
4.803562074384493674e-01
4.724986904138291366e-01
4.646411733892089058e-01
4.646411733892090723e-01
4.646411733892089058e-01
4.601885804085908971e-01
4.646411733892089058e-01
4.601885804085908971e-01
4.751178627553693246e-01
4.570586694604503730e-01
4.594028287061288629e-01
4.565413829229962306e-01
4.594028287061288629e-01
4.419198533263479223e-01
4.468308014667363715e-01
4.499738082765846192e-01
4.468308014667363715e-01
4.408067050811942944e-01
4.326872708224200337e-01
4.397590361445781748e-01
4.326872708224200337e-01
4.266959140911471549e-01
4.326872708224200337e-01
4.277828706128862790e-01
4.326872708224200337e-01
4.232582503928756790e-01
4.245154531168118806e-01
4.347826086956522174e-01
4.243059193294917986e-01
4.284965950759557773e-01
4.243059193294917986e-01
4.209009952854896319e-01
4.138292299633314908e-01
4.122642744892613953e-01
4.138292299633314908e-01
4.167103195390255976e-01
4.138292299633314908e-01
4.099463069669985193e-01
4.138292299633314908e-01
4.078247773703508883e-01
4.138292299633314908e-01
4.067574646411733497e-01
4.127815610267154822e-01
4.015191199580933068e-01
4.138292299633314908e-01
3.933996856993189906e-01
4.127815610267154822e-01
3.954950235725511187e-01
3.913043478260870844e-01
3.918281822943950887e-01
3.913043478260870844e-01
3.978522786799371103e-01
3.913043478260870844e-01
3.941854374017810803e-01
3.913043478260870844e-01
3.899947616553170460e-01
3.913043478260870844e-01
3.894709271870090417e-01
3.913043478260870844e-01
3.886851754845469520e-01
3.913043478260870844e-01
3.834468308014668536e-01
3.913043478260870844e-01
3.829229963331588493e-01
3.782084861183866997e-01
3.818753273965428408e-01
3.745416448402306142e-01
3.779465688842327808e-01
3.876375065479309434e-01
3.729701414353064903e-01
3.745416448402306142e-01
3.745416448402306142e-01
3.745416448402306142e-01
3.745416448402306142e-01
3.745416448402306142e-01
3.745416448402306142e-01
3.745416448402306142e-01
3.729701414353064903e-01
3.745416448402306142e-01
3.745416448402306142e-01
3.745416448402306142e-01
3.695652173913045457e-01
3.745416448402306142e-01
3.679937139863804219e-01
3.745416448402306142e-01
3.745416448402306142e-01
3.745416448402306142e-01
3.664222105814564090e-01
3.614457831325301185e-01
3.664222105814564090e-01
3.645887899423782552e-01
3.614457831325301185e-01
3.614457831325301185e-01
3.614457831325301185e-01
3.614457831325301185e-01
3.614457831325301185e-01
3.614457831325301185e-01
3.614457831325301185e-01
3.614457831325301185e-01
3.596123624934520757e-01
3.614457831325301185e-01
3.546359350445258962e-01
3.614457831325301185e-01
3.528221581980093835e-01
3.614457831325301185e-01
3.562074384494500201e-01
3.614457831325301185e-01
3.528025144054478535e-01
3.614457831325301185e-01
3.543740178103719773e-01
3.478260869565217850e-01
3.528025144054478535e-01
3.614457831325301185e-01
3.528025144054478535e-01
3.441592456783656440e-01
3.501898899947616384e-01
3.441592456783656440e-01
3.528025144054478535e-01
3.478260869565217850e-01
3.441592456783656440e-01
3.441592456783656440e-01
3.441592456783656440e-01
3.441592456783656440e-01
3.441592456783656440e-01
3.441592456783656440e-01
3.509690937663698107e-01
3.441592456783656440e-01
3.501833420639077210e-01
3.441592456783656440e-01
3.442050811943418998e-01
3.441592456783656440e-01
3.179675222629649300e-01
3.441592456783656440e-01
3.179675222629649300e-01
3.441592456783656440e-01
3.179675222629649300e-01
3.441592456783656440e-01
3.161341016238868873e-01
3.441592456783656440e-01
3.231076479832350468e-01
3.426270298585646357e-01
3.223218962807730126e-01
3.441592456783656440e-01
3.153483499214247976e-01
3.425877422734415756e-01
3.153679937139862721e-01
3.425877422734415756e-01
3.171817705605028959e-01
3.441592456783656440e-01
3.153483499214247976e-01
2.881089575694080751e-01
3.153483499214247976e-01
3.441592456783656440e-01
3.145625982189627634e-01
3.425877422734415756e-01
3.137768465165007292e-01
2.865374541644839512e-01
3.138161341016232342e-01
2.865374541644839512e-01
3.145625982189627634e-01
2.865374541644839512e-01
3.138161341016232342e-01
2.865374541644839512e-01
2.865374541644839512e-01
2.865374541644839512e-01
3.145625982189627634e-01
2.865374541644839512e-01
2.865374541644839512e-01
2.865374541644839512e-01
2.865374541644839512e-01
2.865374541644839512e-01
2.865374541644839512e-01
2.865374541644839512e-01
2.865374541644839512e-01
2.865374541644839512e-01
2.867469879518040887e-01
2.865374541644839512e-01
2.841801990570980152e-01
2.865374541644839512e-01
2.833944473546359255e-01
2.865374541644839512e-01
2.865374541644839512e-01
2.804085908852801401e-01
2.818229439497120237e-01
2.865374541644839512e-01
2.787585123101102291e-01
2.865374541644839512e-01
2.818229439497120237e-01
2.865374541644839512e-01
2.818229439497120237e-01
2.771084337349399296e-01
2.818229439497120237e-01
2.865374541644839512e-01
2.786799371398639980e-01
2.833944473546359255e-01
2.818229439497120237e-01
2.833944473546359255e-01
2.818229439497120237e-01
2.802514405447878998e-01
2.786799371398639980e-01
2.833944473546359255e-01
2.802907281299104603e-01
2.802514405447878998e-01
2.802514405447878998e-01
2.771084337349399296e-01
2.818229439497120237e-01
2.771084337349399296e-01
2.771084337349399296e-01
2.771084337349399296e-01
2.802514405447878998e-01
2.771084337349399296e-01
2.771084337349399296e-01
2.771084337349399296e-01
2.802514405447878998e-01
2.771084337349399296e-01
2.771084337349399296e-01
2.771084337349399296e-01
2.771084337349399296e-01
2.771084337349399296e-01
2.771084337349399296e-01
2.771084337349399296e-01
2.771084337349399296e-01
2.771084337349399296e-01
2.771084337349399296e-01
2.771084337349399296e-01
2.690282870612881738e-01
2.771084337349399296e-01
2.771084337349399296e-01
2.771084337349399296e-01
2.692509167103195877e-01
2.771084337349399296e-01
2.771084337349399296e-01
2.771084337349399296e-01
2.771084337349399296e-01
2.771084337349399296e-01
2.726558407543217544e-01
2.771084337349399296e-01
2.726558407543217544e-01
2.771084337349399296e-01
2.771084337349399296e-01
2.771084337349399296e-01
2.705605028810897372e-01
2.771084337349399296e-01
2.645364064955474381e-01
2.771084337349399296e-01
2.676794133053954639e-01
2.771084337349399296e-01
2.661079099004715620e-01
2.771084337349399296e-01
2.645364064955474381e-01
2.771084337349399296e-01
2.645364064955474381e-01
2.771084337349399296e-01
2.600838135149292629e-01
2.771084337349399296e-01
2.600838135149292629e-01
2.771084337349399296e-01
2.726558407543217544e-01
2.608695652173913526e-01
2.645364064955474381e-01
2.771084337349399296e-01
2.645364064955474381e-01
2.519643792561550022e-01
2.645364064955474381e-01
2.519643792561550022e-01
2.645364064955474381e-01
2.682032477737035792e-01
2.519643792561550022e-01
2.519643792561550022e-01
2.521673651126213889e-01
2.684258774227342159e-01
2.600838135149292629e-01
2.519643792561550022e-01
2.600838135149292629e-01
2.519643792561550022e-01
2.600838135149292629e-01
2.519643792561550022e-01
2.520756940806704316e-01
2.519643792561550022e-01
2.519643792561550022e-01
2.519643792561550022e-01
2.519643792561550022e-01
2.519643792561550022e-01
2.519643792561550022e-01
2.519643792561550022e-01
2.519643792561550022e-01
2.519643792561550022e-01
2.519643792561550022e-01
2.519643792561550022e-01
2.519643792561550022e-01
2.519643792561550022e-01
2.519643792561550022e-01
2.519643792561550022e-01
2.519643792561550022e-01
2.519643792561550022e-01
2.519643792561550022e-01
2.519643792561550022e-01
2.519643792561550022e-01
2.519643792561550022e-01
2.519643792561550022e-01
2.519643792561550022e-01
2.421228391828180726e-01
2.519643792561550022e-01
2.501702462021996864e-01
2.519643792561550022e-01
2.519643792561550022e-01
2.519643792561550022e-01
2.501309586170771260e-01
2.519643792561550022e-01
2.519643792561550022e-01
2.519643792561550022e-01
