2.690024994319473173e+00
2.515576005453306063e+00
2.352436946148601216e+00
2.186224721654168590e+00
1.919459213815040588e+00
1.807453987730061051e+00
1.725079527380140920e+00
1.641864349011588509e+00
1.633492388093614522e+00
1.617741422403998985e+00
1.547693705975914602e+00
1.493069756873437903e+00
1.435998636673483375e+00
1.379986366734832881e+00
1.389775051124744643e+00
1.392966371279254822e+00
1.320654396728016655e+00
1.272819813678709222e+00
1.245398773006135107e+00
1.202772097250624839e+00
1.190320381731424737e+00
1.206543967280163665e+00
1.155655532833447019e+00
1.143969552374459298e+00
1.121977959554646631e+00
1.103192456259940890e+00
1.079527380140876902e+00
1.093615087480118042e+00
1.095251079300159081e+00
1.061608725289706623e+00
1.026515564644399081e+00
1.009543285616905317e+00
1.001237218813905816e+00
1.001773460577141339e+00
1.003953646898432250e+00
9.912553965007917522e-01
9.705975914564870521e-01
9.442910702113158639e-01
9.322426721199728039e-01
9.532833446943876909e-01
9.413440127243808409e-01
9.099977277891362348e-01
8.968416269029766408e-01
8.828220858895706735e-01
8.843671892751644448e-01
8.764826175869120384e-01
8.804817087025675892e-01
8.499886389456943192e-01
8.367121108838896371e-01
8.454896614405817967e-01
8.323108384458078879e-01
8.354919336514430306e-01
8.347193819586459229e-01
8.153147012042718522e-01
7.998182231311066204e-01
7.949102476709840603e-01
7.895932742558510187e-01
7.840627130197682648e-01
7.808679845489661098e-01
7.620540786184958337e-01
7.615087480118155616e-01
7.457396046353104158e-01
7.525107930015906277e-01
7.502385821404228272e-01
7.331061122472165570e-01
7.373324244489889434e-01
7.248920699840940562e-01
7.259475119291065592e-01
7.336605316973406898e-01
7.166098613951376040e-01
7.262440354464895220e-01
7.043853669620542268e-01
6.960236309929562770e-01
7.067484662576687393e-01
7.044637582367633266e-01
6.907521017950467579e-01
6.902976596228130868e-01
6.889797773233357070e-01
6.849352419904567446e-01
6.678527607361963714e-01
6.680299931833674210e-01
6.698477618723017724e-01
6.622131333787776297e-01
6.649443308339014758e-01
6.596682572142693601e-01
6.680299931833674210e-01
6.639400136332652691e-01
6.545466939331969769e-01
6.582140422631220789e-01
6.600318109520564303e-01
6.593047034764826231e-01
6.571517836855255146e-01
6.589411497386957750e-01
6.463985457850488503e-01
6.543967280163600631e-01
6.491797318791183713e-01
6.543967280163600631e-01
6.384458077709610491e-01
6.543967280163600631e-01
6.453533287889116066e-01
6.466257668711656859e-01
6.273574187684616277e-01
6.480799818223134112e-01
6.324017268802545333e-01
6.280390820268120233e-01
6.329470574869346944e-01
6.257668711656444449e-01
6.328107248352646819e-01
6.301749602363100333e-01
6.064530788457169752e-01
6.050056805271530891e-01
6.096341740513520069e-01
6.076380368098158735e-01
5.995910020449897182e-01
6.056737105203345850e-01
5.688707112019996126e-01
6.075891842763010420e-01
5.978186775732788893e-01
5.979095660077254903e-01
5.792774369461488604e-01
5.792683481027037784e-01
5.669166098613952487e-01
5.669166098613952487e-01
5.940468075437401740e-01
5.810043172006362777e-01
5.728243581004318630e-01
5.730515791865486985e-01
5.639945466939331187e-01
5.669166098613952487e-01
5.902987957282437304e-01
5.798682117700523220e-01
5.716882526698477962e-01
5.612360827084754700e-01
5.643262894796637896e-01
5.625085207907296603e-01
5.596000908884345426e-01
5.780504430811178596e-01
5.612360827084754700e-01
5.624176323562828372e-01
5.609634174051353339e-01
5.598727561917746787e-01
5.598727561917745676e-01
5.567371052033629475e-01
5.568279936378098816e-01
5.589809134287661019e-01
5.589638718473075585e-01
5.612360827084754700e-01
5.573278800272666311e-01
5.556918882072255927e-01
5.600545330606679917e-01
5.509656896159964568e-01
5.537377868666213399e-01
5.485117018859351212e-01
5.542706203135651100e-01
5.551465576005453206e-01
5.544648943421949250e-01
5.514655760054533173e-01
5.526016814360372731e-01
5.458304930697569501e-01
5.466484889797773583e-01
5.371506475800954528e-01
5.437400590774824627e-01
5.412406271301978267e-01
5.458304930697569501e-01
5.428766189502386430e-01
5.464667121108839343e-01
5.351056578050442658e-01
5.378323108384458484e-01
5.361156555328306927e-01
5.333787775505567375e-01
5.336968870711201740e-01
5.316973415132923986e-01
5.338786639400137091e-01
5.354692115428312249e-01
5.271074755737332751e-01
5.296977959554646231e-01
5.316973415132923986e-01
5.309247898204951799e-01
5.330606680299931899e-01
5.145750965689562806e-01
5.238809361508750539e-01
5.278345830493070823e-01
5.316973415132923986e-01
5.316973415132923986e-01
5.326062258577597408e-01
5.344239945466939812e-01
5.171779141104293487e-01
5.259713701431495414e-01
5.227902749375141767e-01
5.263803680981594679e-01
5.300159054760282817e-01
5.028402635764598338e-01
5.154283117473302811e-01
5.164280845262441133e-01
5.192001817768689964e-01
5.257657350602135127e-01
5.316973415132923986e-01
5.282890252215405313e-01
5.089752329016132837e-01
5.052488070892983130e-01
4.977050670302203828e-01
5.142013178822991692e-01
4.971142922063168101e-01
5.002953874119518973e-01
5.053851397409679924e-01
4.983867302885707784e-01
5.039763690070440116e-01
5.075664621676888588e-01
4.967507384685299066e-01
4.990229493296977625e-01
4.964780731651897705e-01
4.964780731651897705e-01
4.964780731651897705e-01
4.974324017268803022e-01
4.937514201317882434e-01
4.977505112474438498e-01
4.964780731651897705e-01
4.912065439672801959e-01
4.964780731651897705e-01
4.881163371960917652e-01
4.928425357873211787e-01
4.964780731651897705e-01
4.964780731651897705e-01
4.936150874801181754e-01
4.887071120199958374e-01
4.870711201999545215e-01
4.855714610315839397e-01
4.955691888207225948e-01
4.964780731651897705e-01
4.817087025675984013e-01
4.964780731651897705e-01
4.860259032038172777e-01
4.902067711883661971e-01
4.921154283117474271e-01
4.728925244262666694e-01
4.703476482617587884e-01
4.723926380368099753e-01
4.724835264712565763e-01
4.703476482617586774e-01
4.895251079300160235e-01
4.703476482617586774e-01
4.703476482617587884e-01
4.631220177232447943e-01
4.583958191320153253e-01
4.666575778232217031e-01
4.703476482617586774e-01
4.703476482617586774e-01
4.732106339468303280e-01
4.619859122926607831e-01
4.595773687798226370e-01
4.548511701885935010e-01
4.703476482617586774e-01
4.692115428311747216e-01
4.703476482617586774e-01
4.703476482617587884e-01
4.588502613042490519e-01
4.546693933197000770e-01
4.703476482617586774e-01
4.680754374005908214e-01
4.703476482617586774e-01
4.640763462849352150e-01
4.598954783003862956e-01
4.432174505794138075e-01
4.435810043172006556e-01
4.439445580549875592e-01
4.442172233583276952e-01
4.651215632810724587e-01
4.521699613724154410e-01
4.431265621449670955e-01
4.434901158827539436e-01
4.443990002272211193e-01
4.703476482617586774e-01
4.634401272438080643e-01
4.432628947966371635e-01
4.430356737105203835e-01
4.433992274483072316e-01
4.378550329470576319e-01
4.439900022722108042e-01
4.442172233583276952e-01
4.569870483980912890e-01
4.429447852760736160e-01
4.358100431720063339e-01
4.220858895705522085e-01
4.179050215860031781e-01
4.442172233583276952e-01
4.226312201772325361e-01
4.251306521245172831e-01
4.362190411270165935e-01
4.353101567825494178e-01
4.189502385821404218e-01
4.192831174733014366e-01
4.214951147466485804e-01
4.360827084753465255e-01
4.305839581913202818e-01
4.351283799136559938e-01
4.199954555782776655e-01
4.158145875937287461e-01
4.203590093160646801e-01
4.158145875937287461e-01
4.158145875937287461e-01
4.158145875937287461e-01
4.158145875937287461e-01
4.158145875937287461e-01
4.162235855487392278e-01
4.213133378777552118e-01
4.158145875937287461e-01
4.187684617132468867e-01
4.158145875937287461e-01
4.179050215860031781e-01
4.158145875937287461e-01
4.158145875937287461e-01
4.158145875937287461e-01
4.158145875937287461e-01
4.158145875937287461e-01
4.158145875937287461e-01
4.153147012042718300e-01
4.158145875937287461e-01
4.158145875937287461e-01
4.158145875937287461e-01
4.147239263803682574e-01
4.152692569870484740e-01
4.158145875937287461e-01
4.158145875937287461e-01
4.158145875937287461e-01
4.158145875937287461e-01
4.145875937286980784e-01
4.151329243353783505e-01
4.156782549420585671e-01
4.143149284253578868e-01
4.123153828675301114e-01
4.139059304703476827e-01
4.144512610770279548e-01
4.149965916837083935e-01
4.155419222903886101e-01
4.148148148148148584e-01
4.128152692569870275e-01
4.087707339241083426e-01
4.143149284253579978e-01
4.148602590320382144e-01
4.154055896387184310e-01
4.153147012042718300e-01
4.105885026130425830e-01
4.091342876618950797e-01
4.141785957736878188e-01
4.147239263803682574e-01
4.124062713019769344e-01
4.124062713019769344e-01
4.109520563508293201e-01
4.094978413996818167e-01
4.140422631220178618e-01
4.124062713019769344e-01
4.124062713019769344e-01
4.124062713019769344e-01
4.143149284253578868e-01
4.098613951374688313e-01
4.084071801863213280e-01
4.124062713019769344e-01
4.054987502840265434e-01
4.032719836400818214e-01
4.116791638264031827e-01
4.102249488752555684e-01
4.087707339241083426e-01
4.054078618495797204e-01
4.074528516246309073e-01
4.124062713019769344e-01
4.120427175641901973e-01
4.105885026130425830e-01
4.079072937968644674e-01
4.059077482390365810e-01
4.039082026812089721e-01
4.019086571233810856e-01
4.124062713019769344e-01
4.109520563508293201e-01
4.080436264485344244e-01
4.064076346284936081e-01
4.044080890706658327e-01
4.024085435128380017e-01
4.004089979550102263e-01
3.999091115655533657e-01
3.999091115655533657e-01
4.069075210179505797e-01
4.049079754601227488e-01
3.999091115655533657e-01
4.009088843444672534e-01
4.001817768688934462e-01
3.999091115655533657e-01
4.074074074074075513e-01
4.054078618495797204e-01
4.034083162917519449e-01
4.014087707339241140e-01
3.999091115655533657e-01
3.999091115655533657e-01
3.999091115655533657e-01
4.035446489434220130e-01
4.039082026812089721e-01
