1.823032277772121068e+00
1.703263415130841452e+00
1.645809998981773603e+00
1.506214998472660493e+00
1.363151664799918672e+00
1.288543681906119787e+00
1.223169738315853738e+00
1.199725078912534215e+00
1.178407239588636246e+00
1.145097240606862909e+00
1.095153243050605907e+00
1.046742948783219385e+00
9.967493126972811757e-01
9.716093065879239932e-01
9.521153650341105390e-01
1.014741370532532105e+00
9.651002952856114758e-01
9.058649831992668933e-01
8.775964769371752405e-01
8.604011811424499001e-01
8.526117503309236234e-01
8.489461358313817874e-01
8.273597393340800243e-01
7.936093574992363342e-01
7.839463903879440032e-01
7.759953161592507698e-01
7.865797780266775563e-01
7.533856022808268493e-01
7.394740861419407674e-01
7.267678953263412289e-01
7.230424600346199160e-01
7.135220445983098125e-01
7.060380816617451982e-01
7.067737501272778333e-01
7.043109153853985838e-01
6.896497301700437177e-01
6.735948477751751984e-01
6.767640769779044163e-01
6.689746461663783617e-01
6.681091538539862817e-01
6.710900112004881679e-01
6.697383158537826287e-01
6.610872110783014843e-01
6.451596069646674536e-01
6.393009876794623070e-01
6.387842378576519264e-01
6.440281030444964250e-01
6.386824152326646686e-01
6.143073515935237872e-01
6.169941961103757588e-01
6.222889726097139418e-01
6.178151410243356567e-01
6.334385500458203921e-01
6.015362488544951924e-01
6.075756032990528022e-01
5.876692801140412925e-01
5.895720904184907907e-01
5.698057733428366634e-01
5.899093778637615193e-01
5.880791161796150579e-01
5.849200692393849987e-01
5.491103248141731008e-01
5.512676916810915762e-01
5.489766826188778870e-01
5.380816617452398587e-01
5.802527746665308017e-01
5.618063333672742576e-01
5.254047449343244303e-01
5.176153141227980425e-01
5.194481213725691271e-01
5.137460543732818019e-01
5.231137358721108521e-01
4.833010895020874997e-01
4.820792180022400175e-01
4.890540678138683428e-01
4.710823745036148424e-01
4.877303736890338248e-01
4.694532125038184400e-01
4.537725282557785733e-01
4.535688830058040022e-01
4.546889318806637825e-01
4.576926993177885539e-01
4.494959780063130239e-01
4.383464005702066846e-01
4.399755625700029760e-01
4.326443335709195259e-01
4.281641380714794609e-01
4.311169941961103813e-01
4.370736177578657400e-01
4.284186946339477720e-01
4.220547805722431600e-01
4.266367986966703163e-01
4.103451786987070138e-01
4.235821199470521936e-01
4.191184706241725122e-01
4.182873434477140107e-01
4.174727624478158372e-01
4.172691171978413216e-01
3.919661948885043712e-01
3.976682618877914188e-01
3.944099378881987250e-01
4.100906221362386472e-01
4.130943895733631410e-01
3.861623052642297882e-01
3.896242745137971086e-01
3.800020364524998584e-01
3.765146115466854182e-01
3.795947459525506607e-01
3.745036147031872154e-01
3.822421342022199187e-01
3.447803176865900099e-01
3.556155177680482282e-01
3.719580490785052151e-01
3.618266978922716204e-01
3.570397617350566932e-01
3.788819875776398560e-01
3.286834334589136541e-01
3.534772426433152037e-01
3.477242643315344162e-01
3.572955910803380375e-01
3.182007942164749581e-01
3.181957030852255452e-01
3.257305773342837885e-01
3.327563384584055761e-01
3.133082170858364490e-01
3.112208532735974975e-01
3.164138071479483671e-01
3.178456878118317008e-01
3.200794216474902032e-01
3.304653293961919425e-01
3.122899908359635934e-01
3.110681193361166108e-01
3.080134405864983216e-01
3.066426534976070539e-01
3.080134405864983216e-01
3.207921800224010633e-01
3.029223093371347098e-01
3.113735872110784952e-01
3.083189084614602060e-01
3.059260767742592591e-01
3.054678749618165434e-01
3.054678749618165434e-01
3.013949699623256762e-01
3.083698197739538349e-01
3.045005600244374833e-01
3.056817024742896627e-01
3.054678749618165434e-01
3.054678749618165434e-01
3.011404133998574206e-01
3.020568170247429629e-01
3.031768658996028543e-01
3.036859790245393653e-01
2.994094287750737604e-01
3.050096731493737723e-01
2.997658079625292737e-01
3.005065675593114327e-01
3.008858568373891651e-01
2.984930251501883847e-01
2.989003156501374714e-01
2.993076061500865026e-01
2.983912025252010158e-01
2.975766215253028424e-01
2.994094287750739825e-01
2.956419916505447776e-01
2.987984930251501581e-01
2.962529274004684354e-01
2.975766215253028424e-01
2.961001934629874377e-01
2.958965482130130331e-01
2.956929029630384065e-01
2.952041543630994358e-01
2.991039609001119870e-01
2.943182975257101486e-01
2.935546278383055485e-01
2.959474595255064400e-01
2.957438142755320354e-01
2.955401690255575198e-01
2.933000712758374040e-01
2.938091844007738596e-01
2.934528052133182907e-01
2.938600957132673774e-01
2.942673862132166307e-01
2.936564504632929173e-01
2.930455147133692595e-01
2.929436920883820017e-01
2.933509825883310329e-01
2.927400468384074861e-01
2.927400468384074861e-01
2.938091844007738596e-01
2.931982486508502572e-01
2.928418694633947439e-01
2.932491599633437751e-01
2.906017717136747947e-01
2.927400468384074861e-01
2.927400468384074861e-01
2.933509825883311439e-01
2.927400468384074861e-01
2.907035943386620525e-01
2.912636187760920814e-01
2.886162305264229344e-01
2.859688422767539540e-01
2.927400468384074861e-01
2.924854902759392306e-01
2.912127074635984525e-01
2.891762549638530189e-01
2.927400468384074861e-01
2.927400468384074861e-01
2.765502494654311638e-01
2.927400468384074861e-01
2.917218205885347415e-01
2.896853680887893079e-01
2.899399246512575634e-01
2.856124630892984406e-01
2.874961816515630986e-01
2.846451481519194360e-01
2.922309337134711971e-01
2.901944812137255969e-01
2.881580287139802743e-01
2.861215762142347296e-01
2.624987272171878105e-01
2.718664087160169718e-01
2.927400468384074861e-01
2.907035943386620525e-01
2.886671418389165633e-01
2.515527950310562644e-01
2.603095407799613792e-01
2.698299562162714826e-01
2.896853680887894189e-01
2.886162305264230454e-01
2.891762549638530189e-01
2.444493941553811944e-01
2.581203543427350033e-01
2.668771000916403957e-01
2.756338458405459546e-01
2.800122187149984843e-01
2.832705427145910670e-01
2.395377252825578729e-01
2.559311679055087940e-01
2.621932593422257041e-01
2.140820690357397860e-01
2.152530292230935283e-01
2.260462274717445486e-01
2.371958049078505271e-01
2.494654312188169243e-01
2.596476937175440369e-01
2.698299562162714826e-01
2.125547296609307801e-01
2.233479279095818004e-01
2.341411261582323489e-01
2.449343244068835912e-01
2.526002952856113426e-01
2.151002952856125305e-01
2.759558598920678896e-01
2.206496283474188025e-01
2.250280012218716930e-01
2.422360248447203990e-01
2.494654312188170631e-01
2.125547296609307801e-01
2.135729559108034969e-01
2.179513287852560544e-01
2.219733224722536535e-01
2.341920374707258667e-01
2.125547296609307801e-01
2.125547296609307801e-01
2.114855920985644067e-01
2.143875369107016982e-01
2.127138275124709765e-01
2.125547296609307801e-01
2.125547296609307801e-01
2.125547296609307801e-01
2.111292129111088933e-01
2.125547296609307801e-01
2.198859586600144522e-01
2.125547296609307801e-01
2.125547296609307801e-01
2.093473169738317152e-01
2.107728337236536020e-01
2.121983504734752390e-01
2.099582527237554008e-01
2.064962834741880526e-01
2.030343142246208432e-01
2.089909377863761741e-01
2.104164545361980609e-01
2.118419712860199478e-01
2.108237450361472309e-01
2.005905712249262396e-01
1.985541187251809170e-01
2.004378372874453529e-01
2.076277873943579988e-01
2.114855920985644067e-01
2.058344364117706271e-01
2.082272680989716018e-01
1.990632318501172338e-01
2.005549333061805717e-01
1.990632318501173448e-01
2.036452499745444178e-01
2.036452499745444178e-01
2.090927604113634319e-01
2.056307911617962225e-01
1.975358924753079781e-01
2.093473169738317152e-01
1.888809693513897603e-01
2.036452499745444178e-01
1.909174218511354437e-01
2.000814580999899506e-01
1.980450056002443782e-01
1.925338560228070928e-01
1.872008960390999510e-01
1.837389267895326306e-01
2.026270237246717010e-01
1.984522961001935482e-01
1.985541187251809170e-01
1.886773241014153557e-01
1.880663883514917811e-01
1.846044191019244607e-01
1.823643213522046225e-01
1.977904490377761226e-01
1.972304246003462880e-01
1.923938499134507374e-01
1.889318806638836390e-01
1.854699114143162908e-01
1.820079421647490814e-01
1.834334589145709682e-01
1.967213114754098879e-01
1.932593422258425675e-01
1.897973729762753303e-01
1.863354037267080099e-01
1.828734344771409115e-01
1.820079421647490814e-01
1.820079421647490814e-01
1.820079421647490814e-01
1.876081865390490100e-01
1.798696670400163899e-01
1.840443946644945428e-01
1.820079421647490814e-01
1.820079421647490814e-01
1.820079421647490814e-01
1.887485999389063585e-01
1.795132878525608489e-01
1.835352815395581150e-01
1.820079421647490814e-01
1.820079421647490814e-01
1.820079421647490814e-01
1.777313919152836708e-01
1.826188779146727670e-01
1.840443946644944317e-01
1.820079421647490814e-01
1.820079421647490814e-01
1.788005294776500165e-01
1.773750127278281574e-01
1.788005294776500165e-01
1.804806027899399368e-01
1.816515629772935680e-01
1.820079421647490814e-01
1.820079421647490814e-01
1.770186335403726163e-01
1.784441502901945031e-01
1.798696670400163899e-01
1.730984624783627468e-01
1.738112208532735514e-01
1.752367376030954382e-01
1.802260462274716812e-01
1.780877711027392118e-01
1.730984624783627468e-01
1.732066490174101192e-01
1.738112208532735514e-01
1.748803584156401469e-01
1.763058751654617839e-01
1.777313919152836708e-01
1.730984624783627468e-01
1.805824254149272223e-01
1.730984624783627468e-01
1.745239792281846058e-01
1.759494959780062706e-01
1.773750127278281574e-01
1.742185113532228324e-01
1.776804806027901529e-01
1.739639547907545769e-01
1.741676000407290925e-01
1.755931167905509793e-01
1.770186335403726163e-01
1.730984624783627468e-01
1.730984624783627468e-01
1.730984624783627468e-01
1.730984624783627468e-01
1.731519193564803882e-01
1.730984624783627468e-01
1.730984624783627468e-01
1.730984624783627468e-01
1.730984624783627468e-01
1.732511964158437445e-01
1.738621321657674301e-01
1.730984624783627468e-01
1.730984624783627468e-01
1.730984624783627468e-01
