1.824190510131350695e+00
1.704510742286936331e+00
1.656528103044496048e+00
1.487025252010996557e+00
1.357861979431828958e+00
1.275450565115567647e+00
1.250636391406170445e+00
1.229888758782201164e+00
1.174167600040728843e+00
1.150164188982792046e+00
1.107663425313104133e+00
1.053176865899601911e+00
9.907405050402198210e-01
9.657417778230323879e-01
9.745316159250581034e-01
9.660421545667446930e-01
9.227675389471541312e-01
9.017462580185316989e-01
8.795438346400571428e-01
8.685024437429995636e-01
8.417167294572852621e-01
8.374910905203136746e-01
8.019702677935028889e-01
7.810915385398635724e-01
7.827105182771612046e-01
7.907379594745947982e-01
7.758884024030140436e-01
7.462096527848480765e-01
7.438715507585786924e-01
7.322064962834742285e-01
7.314848284288761882e-01
7.112310355360961234e-01
7.243152428469608051e-01
7.105182771611853187e-01
6.937964565726502109e-01
6.877100091640363511e-01
6.901282965074837517e-01
6.784950616026881320e-01
6.684655330414419616e-01
6.687200896039099396e-01
6.655139496996230752e-01
6.674791263618770065e-01
6.583341818552082003e-01
6.513593320435798750e-01
6.487628551064047455e-01
6.351186233581102014e-01
6.440281030444964250e-01
6.464718460441909453e-01
6.221566031972292077e-01
6.178087771102739323e-01
6.165359942979330432e-01
6.216271255472965995e-01
5.944913959881886756e-01
6.014153344873230944e-01
5.968842276753895115e-01
5.908766928011403019e-01
5.748078097953364107e-01
5.821224926178588666e-01
5.911312493636086129e-01
5.884838611139393549e-01
5.817635678647795627e-01
5.681702474289785920e-01
5.515222482435596651e-01
5.467085836472862503e-01
5.435024437429994970e-01
5.655737704918032405e-01
5.610617554220548309e-01
5.235719376845535677e-01
5.328683433458895058e-01
5.214336625598207098e-01
5.104877303736889971e-01
5.231137358721108521e-01
5.255574788718053725e-01
4.984726606251908554e-01
4.973017004378374462e-01
4.987781285001527398e-01
4.691477446288565556e-01
4.702677935037165025e-01
4.753080134405864854e-01
4.549943997556257780e-01
4.432847978820894097e-01
4.681295183789838110e-01
4.789914468994979635e-01
4.572994094287751721e-01
4.445575806944302988e-01
4.453721616943284167e-01
4.393646268200793181e-01
4.318068424803988004e-01
4.282990530495858761e-01
4.281641380714794609e-01
4.377863761327766556e-01
4.268913552591385163e-01
4.011811424498522571e-01
4.227166276346603357e-01
4.211383769473576733e-01
4.123816311984522254e-01
4.174727624478158372e-01
3.937990021382752892e-01
3.896242745137971086e-01
3.976682618877914188e-01
4.041849098869768064e-01
3.955808980755524673e-01
3.780164952652480537e-01
3.791874554526016294e-01
3.896408206903574922e-01
3.778179411465223403e-01
3.764891558904389091e-01
3.795947459525506607e-01
3.756745748905407911e-01
3.792892780775888872e-01
3.866714183891662437e-01
3.714171163832603595e-01
3.524081050809488302e-01
3.614703187048162181e-01
3.718053151410243284e-01
3.202321555849709789e-01
3.367783321454027035e-01
3.449241421443842714e-01
3.440891966194883356e-01
3.173811220853274828e-01
3.177985948477750622e-01
3.181957030852255452e-01
3.263415130842073353e-01
3.344873230831892363e-01
3.380002036452500747e-01
3.172792994603401695e-01
3.103044496487118997e-01
3.177375012727827741e-01
3.216067610222992368e-01
3.142755320232155647e-01
3.137155075857854802e-01
3.113226758985847553e-01
3.086243763364218684e-01
3.096426025862947240e-01
3.170756542103655429e-01
3.098462478362691286e-01
3.110681193361163888e-01
3.085734650239282395e-01
3.065370125241828059e-01
3.059260767742592591e-01
3.055696975868038567e-01
3.054806027899397147e-01
3.106099175236738397e-01
3.025150188371855675e-01
3.040932695244884520e-01
3.007331228999083894e-01
2.991039609001119870e-01
3.001221871499847871e-01
3.019549943997554831e-01
3.021586396497302762e-01
3.043987373994501144e-01
2.992185113532210283e-01
3.028204867121475630e-01
2.997148966500355338e-01
2.986966704001629003e-01
3.003258323999591917e-01
2.991039609001119870e-01
2.991039609001119870e-01
2.991039609001119870e-01
2.993076061500865026e-01
2.981875572752265002e-01
2.985948477751755314e-01
3.015477038998066739e-01
2.983912025252011269e-01
2.987984930251501581e-01
2.968638631503920933e-01
2.950310559006210642e-01
2.977293554627838401e-01
2.958965482130130331e-01
2.956929029630384065e-01
2.933509825883311439e-01
2.965583952754302088e-01
2.973831585378269859e-01
2.952856124630892087e-01
2.959474595255064400e-01
2.941146522757356330e-01
2.935037165258120306e-01
2.933509825883310329e-01
2.930455147133692595e-01
2.934528052133182907e-01
2.938600957132673774e-01
2.942673862132166307e-01
2.927400468384074861e-01
2.930455147133692595e-01
2.929436920883820017e-01
2.933509825883310329e-01
2.937582730882800641e-01
2.944201201506975174e-01
2.927400468384074861e-01
2.931982486508502572e-01
2.928418694633947439e-01
2.902581203543427302e-01
2.906552285917929912e-01
2.945728540881784041e-01
2.927400468384074861e-01
2.933509825883311439e-01
2.927400468384074861e-01
2.927400468384074861e-01
2.912636187760920814e-01
2.927400468384074861e-01
2.927400468384074861e-01
2.792485490275937177e-01
2.900722940637404101e-01
2.912127074635984525e-01
2.891762549638530189e-01
2.871398024641075852e-01
2.866306893391711297e-01
2.927400468384074861e-01
2.873434477140822119e-01
2.917218205885347415e-01
2.896853680887893079e-01
2.899399246512575634e-01
2.872925364015884719e-01
2.756847571530393615e-01
2.739028612157622944e-01
2.913654414010793392e-01
2.901944812137255969e-01
2.881580287139802743e-01
2.537878016495265787e-01
2.927400468384074861e-01
2.704408919661950850e-01
2.927400468384074861e-01
2.872416250890947320e-01
2.886671418389165633e-01
2.515527950310562644e-01
2.603095407799613792e-01
2.698299562162714826e-01
2.779757662152530506e-01
2.886162305264230454e-01
2.831178087771101803e-01
2.423722126056407911e-01
2.581203543427350033e-01
2.668771000916403957e-01
2.742261480500965964e-01
2.179513287852560544e-01
2.332247225333468899e-01
2.471744221566032351e-01
2.464107524691989959e-01
2.646879136544139088e-01
2.723755218409531498e-01
2.152555747887180959e-01
2.260462274717445486e-01
2.371958049078505271e-01
2.476326239690461173e-01
2.166276346604216474e-01
2.145911821606762138e-01
2.125547296609307801e-01
2.233479279095818004e-01
2.341411261582323489e-01
2.403013949699626672e-01
2.603095407799613792e-01
2.125547296609307801e-01
2.130638427858670692e-01
2.206496283474188025e-01
2.250280012218716930e-01
2.422360248447203990e-01
2.459016393442624571e-01
2.125547296609307801e-01
2.135729559108034969e-01
2.108237450361472309e-01
2.287445270339070746e-01
2.341920374707258667e-01
2.125547296609307801e-01
2.126438244577945336e-01
2.114855920985644067e-01
2.125547296609307801e-01
2.125547296609307801e-01
2.125547296609307801e-01
2.125547296609307801e-01
2.125547296609307801e-01
2.111292129111088933e-01
2.125547296609307801e-01
2.124019957234499767e-01
2.125547296609307801e-01
2.125547296609307801e-01
2.125547296609307801e-01
2.107728337236536020e-01
2.121983504734752390e-01
2.099582527237554008e-01
2.125547296609307801e-01
2.125547296609307801e-01
2.010996843498625564e-01
2.082781794114653695e-01
2.101364423174828244e-01
2.082272680989714908e-01
2.125547296609307801e-01
2.038998065370126733e-01
2.021179105997353842e-01
2.100600753487425476e-01
2.104164545361980609e-01
2.116892373485389500e-01
2.082272680989716018e-01
2.047652988494045034e-01
1.970267793503716613e-01
1.921392933509826761e-01
1.929538743508807663e-01
2.036452499745444178e-01
2.090927604113634319e-01
1.967213114754098879e-01
1.975358924753079781e-01
1.897973729762753303e-01
1.916810915385400160e-01
2.036452499745444178e-01
2.023724671622037785e-01
2.000814580999899506e-01
1.980450056002443782e-01
1.924447612259445883e-01
2.036452499745444178e-01
1.837389267895326306e-01
2.016189797372976433e-01
1.984522961001935482e-01
1.949903268506263387e-01
1.915283576010590183e-01
1.880663883514917811e-01
1.846044191019244607e-01
2.029324915996335854e-01
1.977904490377761226e-01
1.940230119132472508e-01
1.897464616637817014e-01
1.889318806638836390e-01
1.854699114143162908e-01
1.825488748599934929e-01
2.001832807249770974e-01
1.967213114754098879e-01
1.932593422258425675e-01
1.897973729762753303e-01
1.845535077894308318e-01
1.828734344771409115e-01
1.820079421647490814e-01
1.820079421647490814e-01
1.918847367885145316e-01
1.874363608593819230e-01
1.851160777924849010e-01
1.830261684146217982e-01
1.820079421647490814e-01
1.820079421647490814e-01
1.820079421647490814e-01
1.886773241014153557e-01
1.855717340393035486e-01
1.835352815395581150e-01
1.820079421647490814e-01
1.820079421647490814e-01
1.820079421647490814e-01
1.778917625496384269e-01
1.792001832807250949e-01
1.840443946644944317e-01
1.820079421647490814e-01
1.820079421647490814e-01
1.820079421647490814e-01
1.773750127278281574e-01
1.788005294776500165e-01
1.802260462274719033e-01
1.825170552896853982e-01
1.752367376030954382e-01
1.780877711027392118e-01
1.770186335403726163e-01
1.784441502901945031e-01
1.811933611648509912e-01
1.820079421647489704e-01
1.745239792281846058e-01
1.752367376030954382e-01
1.766622543529173250e-01
1.780877711027392118e-01
1.730984624783627468e-01
1.809388046023827357e-01
1.738112208532735514e-01
1.738621321657674301e-01
1.763058751654617839e-01
1.777313919152836708e-01
1.791569086651055576e-01
1.785459729151819830e-01
1.730984624783627468e-01
1.745239792281846058e-01
1.759494959780062706e-01
1.773750127278281574e-01
1.739703187048162458e-01
1.730984624783627468e-01
1.730984624783627468e-01
1.735566642908054069e-01
1.731608288361664305e-01
1.770186335403726163e-01
1.730984624783627468e-01
1.730984624783627468e-01
1.730984624783627468e-01
1.738112208532735514e-01
1.730984624783627468e-01
1.730984624783627468e-01
1.730984624783627468e-01
1.730984624783627468e-01
1.732066490174101192e-01
1.732511964158437445e-01
1.748803584156401469e-01
1.712656552285918010e-01
1.730984624783627468e-01
1.730984624783627468e-01
