1.155791395640762387e+00
1.141212817147856828e+00
1.119928011715926930e+00
1.075392749819316096e+00
1.031295884210124969e+00
1.017546074403743006e+00
9.805931187949326056e-01
9.500882022899309609e-01
9.396327836737797812e-01
8.974701871505192941e-01
8.819087831412379952e-01
8.334759785461600679e-01
8.071013541785537759e-01
7.856399064247405750e-01
7.672909772148045482e-01
8.453977899501686766e-01
7.879840427555238058e-01
7.385717410323711096e-01
7.039160865761345809e-01
7.193550534444042022e-01
6.877676975160712525e-01
6.865989577389782772e-01
6.443303282741832394e-01
6.411521929324051072e-01
6.468294724029060028e-01
6.302731180341588635e-01
6.206493210087870027e-01
6.142207767507322780e-01
6.022766175967135815e-01
5.920732055232229563e-01
5.861006504621706359e-01
5.808073243561946430e-01
5.963725322378182758e-01
5.778942713682523324e-01
5.791015253528091211e-01
5.626835368405036508e-01
5.515139411921338164e-01
5.400833048042907869e-01
5.524744189584998022e-01
5.332311042641408871e-01
5.370306972498003484e-01
5.435733576781164311e-01
5.317908630986344365e-01
5.206203164821787688e-01
5.261706417132641089e-01
5.202746395830957216e-01
5.216059949028110099e-01
5.208452204344018455e-01
5.105074841188330659e-01
4.965867377990780818e-01
4.932305336832896181e-01
5.114306363878429185e-01
5.100136939404315006e-01
4.969664118072195658e-01
4.916935315150820496e-01
4.765904941230167946e-01
4.715375252006541174e-01
4.693788276465442610e-01
4.623892122180383035e-01
4.542394157252082065e-01
4.772718627562856364e-01
4.703963634980410924e-01
4.482292974247781836e-01
4.466602000836852326e-01
4.495511430636388583e-01
4.504070143405987658e-01
4.435315150823537778e-01
4.386530488036822217e-01
4.408973334854880410e-01
4.267564380539389246e-01
4.313781429495225916e-01
4.312640267792612336e-01
4.311784396515653817e-01
4.209174940089011607e-01
4.217022804214682341e-01
4.199950549659552945e-01
4.101786869032666427e-01
4.154589371980675905e-01
4.108087032599185839e-01
4.101064133287687374e-01
4.138232720909885143e-01
4.109156871695385793e-01
4.080984442162117198e-01
3.931737133401801421e-01
4.097341093232911846e-01
4.058921982578263532e-01
4.015938225113164783e-01
4.030963520864239702e-01
3.847331583552056622e-01
3.881395260375060108e-01
3.872817528243752139e-01
3.872817528243752139e-01
3.801304728213321660e-01
3.928258967629047471e-01
3.843432614401461889e-01
3.810434021834228080e-01
3.863307847388641747e-01
3.778576590969607851e-01
3.936817680398639330e-01
3.736163414355815893e-01
3.759081745216630299e-01
3.692133591996651365e-01
3.845810034615242401e-01
3.773060976073643880e-01
3.789037239910229005e-01
3.695842367530146055e-01
3.590855490889731660e-01
3.602267107915862465e-01
3.676632812202824674e-01
3.606432348130395593e-01
3.606070980257903291e-01
3.643158735592835762e-01
3.563752900452661354e-01
3.459621895089201038e-01
3.564038190878314194e-01
3.570504773859790593e-01
3.617958081326792530e-01
3.422819430179923073e-01
3.381167028034542943e-01
3.442028985507250560e-01
3.502890942979955957e-01
3.183365666248241244e-01
3.265529308836401801e-01
3.305089581193659254e-01
3.354635018448782202e-01
3.410932329111035499e-01
3.398284453573736097e-01
3.183460763056791820e-01
3.202860512001219351e-01
3.282551637567043823e-01
3.156072882194071449e-01
3.203811480086736774e-01
3.236905169462520049e-01
3.147609266233026282e-01
3.157214043896687250e-01
3.259823500323332235e-01
3.172905017307620090e-01
2.972060557647688284e-01
3.164536498155122168e-01
3.061881870744418421e-01
3.157214043896687250e-01
2.928506219331283855e-01
2.878409220586556350e-01
2.926699379968814019e-01
3.012172391494544743e-01
2.990747080527980661e-01
3.157214043896687250e-01
2.781771843736929872e-01
2.853284643767359796e-01
2.924797443797794716e-01
2.833459336604676193e-01
2.715489368176804974e-01
2.709973753280840447e-01
2.759614287344520078e-01
2.835406443759749817e-01
2.906919243790177521e-01
2.894746852295634332e-01
2.958566320514275372e-01
2.709688462855189273e-01
2.686675035185816518e-01
2.710259043706494952e-01
2.676024192628097542e-01
2.695614135189625116e-01
2.700939556468486269e-01
2.685210544334132865e-01
2.694758263912660490e-01
2.701272395298431328e-01
2.653866636235680532e-01
2.675738902202443037e-01
2.684487808589142710e-01
2.676975160713607749e-01
2.676975160713607749e-01
2.646639278785803406e-01
2.651964700064666225e-01
2.659857735174408488e-01
2.612119137281756487e-01
2.648921602191033342e-01
2.643786374529270011e-01
2.645307923466089228e-01
2.676309483053749827e-01
2.661284187302674908e-01
2.612784814941609413e-01
2.612214234090307619e-01
2.630092434097914267e-01
2.652059796873214026e-01
2.514835102133971545e-01
2.641313857506942253e-01
2.657004830917875093e-01
2.607364296854197128e-01
2.624481722393395278e-01
2.641313857506942253e-01
2.520124862109625052e-01
2.589010612803844813e-01
2.565997185134468728e-01
2.596428163870821981e-01
2.590722355357755746e-01
2.641313857506942253e-01
2.558864924493132187e-01
2.534615238312600827e-01
2.559720795770096813e-01
2.577979383011908543e-01
2.484404123397618014e-01
2.485830575525884711e-01
2.472236486743501771e-01
2.477081669139184761e-01
2.441420365932520653e-01
2.484404123397618014e-01
2.484404123397618014e-01
2.607649587279856629e-01
2.476225797862223466e-01
2.445414431891664575e-01
2.453497660618509935e-01
2.484404123397618014e-01
2.484404123397618014e-01
2.482121799992391686e-01
2.474038571265542996e-01
2.432576362737261522e-01
2.413937388261246098e-01
2.383061831944877917e-01
2.478317927650347807e-01
2.481361025523982911e-01
2.484404123397618014e-01
2.440279204229906795e-01
2.401479706341056730e-01
2.378561375480233164e-01
2.333960972269767398e-01
2.480600251055574135e-01
2.473917322834647547e-01
2.453307467001404896e-01
2.411845258473125087e-01
2.359732207387119363e-01
2.321313096732476322e-01
2.465384761687397230e-01
2.247327779679709758e-01
2.444843851040355842e-01
2.407756095705425314e-01
2.369336985050778666e-01
2.330917874396135625e-01
2.278804823310129901e-01
2.237342614781850092e-01
2.218972288789909653e-01
2.410228612727751407e-01
2.372094792498759541e-01
2.330632583970479732e-01
2.289170375442198258e-01
2.235535775419376647e-01
2.465384761687397230e-01
2.424302940393321115e-01
2.382460344630827620e-01
2.333010004184255248e-01
2.288885085016542087e-01
2.258252025562017540e-01
2.216611510517705330e-01
2.208528281790863301e-01
2.206245958385636974e-01
2.261211913728174427e-01
2.299916314808476692e-01
2.226216288181368241e-01
2.212902734984212305e-01
2.206245958385636974e-01
2.206245958385636974e-01
2.206245958385636974e-01
2.233771729620749602e-01
2.217562478603219145e-01
2.205944026018485937e-01
2.206245958385636974e-01
2.206245958385636974e-01
2.100498307276809640e-01
2.214043896686824775e-01
2.149948647723383954e-01
2.194549050933849721e-01
2.206245958385636974e-01
2.206245958385636974e-01
2.092700368975622116e-01
2.114762828559477725e-01
2.142911483890603264e-01
2.195785309445014433e-01
2.196450987104875685e-01
2.053710677469665347e-01
2.084902430674425988e-01
2.107725664726692039e-01
2.120112024040479159e-01
2.164022975388950332e-01
2.192307143672258540e-01
2.045912739168475880e-01
2.072539845562784144e-01
2.100688500893911626e-01
2.128837156225037164e-01
2.137681159420289634e-01
2.030316862566092229e-01
2.036688348739019994e-01
2.065502681730003454e-01
2.087660238122411860e-01
2.099176461637950464e-01
2.128209517288601749e-01
2.030316862566092229e-01
2.030316862566092229e-01
2.055802807257788023e-01
2.081288751949487426e-01
2.030316862566092229e-01
2.019666020008367979e-01
2.030316862566092229e-01
2.030316862566092229e-01
2.044010802997453247e-01
2.025657118947087054e-01
2.030316862566092229e-01
2.030316862566092229e-01
2.030316862566092229e-01
2.024801247670129090e-01
2.025371828521436157e-01
2.026322796606944976e-01
2.023660085967513567e-01
2.020997375328083823e-01
2.030316862566092229e-01
2.022043440222145161e-01
2.029651184906234307e-01
2.026988474266804563e-01
2.024325763627373154e-01
2.021663052987941467e-01
2.019000342348510058e-01
2.008967629046359837e-01
2.013674921069648904e-01
2.020426794476775090e-01
2.013674921069648904e-01
1.977823424245883088e-01
2.019666020008367979e-01
2.003214272129026363e-01
2.011582791281527616e-01
2.013674921069648904e-01
2.025657118947087054e-01
1.984385104035909231e-01
1.992753623188407153e-01
2.001122142340903409e-01
2.024801247670129090e-01
1.979630263608349872e-01
2.003499562554682256e-01
2.023660085967513567e-01
1.990661493400280868e-01
1.999030012552780733e-01
1.946726767849671358e-01
2.013674921069648904e-01
2.017954277454448719e-01
1.969550001901937408e-01
1.988569363612159857e-01
1.996937882764654448e-01
2.005306401917152370e-01
1.944729734870097870e-01
1.956464681045304299e-01
1.966792194453953480e-01
1.977823424245883088e-01
1.994845752976528164e-01
1.999885883829738698e-01
1.945395412529955792e-01
2.013674921069648904e-01
1.964034387005974547e-01
1.975298603978846990e-01
1.944729734870097870e-01
1.948723800829245123e-01
2.006447563619766505e-01
1.979276027996494380e-01
1.961276579557990341e-01
1.972307809349919949e-01
1.945276541519266322e-01
1.944729734870097870e-01
1.946726767849671358e-01
1.947487542318081799e-01
1.958518772110008077e-01
1.969550001901937408e-01
1.980581231693867017e-01
1.944729734870097870e-01
1.947392445509527614e-01
1.944729734870097870e-01
1.955760964662027479e-01
1.945281296359693546e-01
1.944729734870097870e-01
1.944729734870097870e-01
1.944729734870097870e-01
1.944729734870097870e-01
1.953003157214044938e-01
1.964034387005974547e-01
1.953763931682453714e-01
1.944729734870097870e-01
1.944729734870097870e-01
1.944729734870097870e-01
1.950245349766061009e-01
1.944729734870097870e-01
1.944729734870097870e-01
1.944729734870097870e-01
1.944729734870097870e-01
1.944729734870097870e-01
1.944729734870097870e-01
1.944729734870097870e-01
1.944729734870097870e-01
1.944729734870097870e-01
1.944729734870097870e-01
