1.379050015728216616e+00
1.245375904372444165e+00
1.224913494809688475e+00
1.085254797106008251e+00
1.036804026423403524e+00
9.374174268637937013e-01
9.675998741742687370e-01
8.502752437873547509e-01
8.298206983328090258e-01
7.801195344447939828e-01
7.763447625039320288e-01
7.084381881094679034e-01
6.995910663730733337e-01
6.722239698018246390e-01
6.643598615916955774e-01
6.363872286882663598e-01
6.329034287511796641e-01
6.096492607738279723e-01
5.913809374016986142e-01
5.841695501730101991e-01
5.825731362063540919e-01
5.539477823214846719e-01
5.574079899339415833e-01
5.401069518716578033e-01
5.423089021704938784e-01
5.319282793331236991e-01
5.190311418685120692e-01
5.095942120163574618e-01
4.951242529097200085e-01
4.901226800880778001e-01
4.944951242529097013e-01
4.787669078326518557e-01
4.932368669392890870e-01
4.674504561182763474e-01
4.668134633532558531e-01
4.536096256684490902e-01
4.479396036489463051e-01
4.539163258886442232e-01
4.479396036489463051e-01
4.363007234979554005e-01
4.391318024536017828e-01
4.218307643913179472e-01
4.259201006605849438e-01
4.253224284366152186e-01
4.183705567788612023e-01
4.152249134948095555e-01
4.116388801509905937e-01
3.966734822271152372e-01
4.045297263290342782e-01
3.875432525951554852e-01
4.045297263290342782e-01
3.787511796162314481e-01
3.932054105064485827e-01
3.809374016986473710e-01
3.774771940861906261e-01
3.648946209499843163e-01
3.636363636363635909e-01
3.554812834224594931e-01
3.587291601132430729e-01
3.545611827618740386e-01
3.523120478137780065e-01
3.567159484114500456e-01
3.497955331865366668e-01
3.463825102233402675e-01
3.497955331865366668e-01
3.413022963195972981e-01
3.365838313935199388e-01
3.384790814721612695e-01
3.302925448254168117e-01
3.334381881094684585e-01
3.302925448254168117e-01
3.230575652720982238e-01
3.302925448254168117e-01
3.230575652720982238e-01
3.151934570619691622e-01
3.202264863164518416e-01
3.151934570619691622e-01
3.120478137779174044e-01
3.151934570619691622e-01
3.098458634790815514e-01
3.151934570619691622e-01
3.120478137779176264e-01
3.095312991506763423e-01
3.063856558666245844e-01
3.096728530984585448e-01
3.013526266121421271e-01
2.938030827304183856e-01
2.957533815665293053e-01
2.938030827304183856e-01
2.978924189996853822e-01
2.938030827304183856e-01
2.941176470588235947e-01
2.875117961623152030e-01
2.900283107895564316e-01
2.875117961623152030e-01
2.862535388486945886e-01
2.938030827304183856e-01
2.862535388486945886e-01
2.875117961623152030e-01
2.831157596728530179e-01
2.875117961623152030e-01
2.787039949669707362e-01
2.755583516829192003e-01
2.796476879521862524e-01
2.755583516829192003e-01
2.702343504246613737e-01
2.694243472790161520e-01
2.692670651148159622e-01
2.692670651148159622e-01
2.689525007864108641e-01
2.692670651148159622e-01
2.692670651148159622e-01
2.692670651148159622e-01
2.680088078011953479e-01
2.692670651148159622e-01
2.620320855614972633e-01
2.623466498899024724e-01
2.623466498899023613e-01
2.554262346649889270e-01
2.588864422774456719e-01
2.485058194400754650e-01
2.588864422774456719e-01
2.485058194400754650e-01
2.573136206354199595e-01
2.485058194400754650e-01
2.513368983957219860e-01
2.485058194400754650e-01
2.554262346649889270e-01
2.453601761560239292e-01
2.529097200377476984e-01
2.453601761560239292e-01
2.500786410821011496e-01
2.453601761560239292e-01
2.466184334696444325e-01
2.485058194400754650e-01
2.450692041522491149e-01
2.434727901855929244e-01
2.381251966027053690e-01
2.434727901855929244e-01
2.315586662472474133e-01
2.434727901855929244e-01
2.434727901855929244e-01
2.434727901855929244e-01
2.434727901855929244e-01
2.434727901855929244e-01
2.315193457061967830e-01
2.434727901855929244e-01
2.305756527209812945e-01
2.183233721295910201e-01
2.297106008178659842e-01
2.139037433155079326e-01
2.296319597357657782e-01
2.396980182447309704e-01
2.286882667505503730e-01
2.434727901855929244e-01
2.286882667505503730e-01
2.139037433155079326e-01
2.280591380937399548e-01
2.139037433155079326e-01
2.249134948096887798e-01
2.139037433155079326e-01
2.268008807801195625e-01
2.139037433155079326e-01
2.268087448883294999e-01
2.139037433155079326e-01
2.139037433155079326e-01
2.139037433155079326e-01
2.139037433155079326e-01
2.126769424347277615e-01
2.139037433155079326e-01
2.139037433155079326e-01
2.129600503302925274e-01
2.139037433155079326e-01
2.139037433155079326e-01
2.139037433155079326e-01
2.132746146586976255e-01
2.139037433155079326e-01
2.132746146586976255e-01
2.132746146586977365e-01
2.120163573450771499e-01
2.126454860018873183e-01
2.126454860018874293e-01
2.132746146586977365e-01
2.123309216734822202e-01
2.126454860018873183e-01
2.120163573450771499e-01
2.120163573450771499e-01
2.094998427178359213e-01
2.120163573450771499e-01
2.120163573450771499e-01
2.120163573450771499e-01
2.120163573450771499e-01
2.120163573450771499e-01
2.120163573450771499e-01
2.120163573450771499e-01
2.094998427178359213e-01
2.071091538219565764e-01
2.066687637621893725e-01
2.120163573450771499e-01
2.085561497326204050e-01
2.120163573450771499e-01
2.060396351053791764e-01
2.120163573450771499e-01
2.066687637621893725e-01
2.120163573450771499e-01
2.060396351053791764e-01
2.120163573450771499e-01
2.063541994337842744e-01
2.050959421201636879e-01
2.060396351053791764e-01
2.050959421201636879e-01
2.060396351053791764e-01
2.000629128656811195e-01
2.025794274929224592e-01
2.000629128656811195e-01
2.035231204781378644e-01
2.000629128656811195e-01
1.979474677571552710e-01
2.000629128656811195e-01
2.000629128656811195e-01
2.000629128656811195e-01
2.000629128656811195e-01
2.000629128656811195e-01
2.000629128656811195e-01
2.000629128656811195e-01
1.837055677886127725e-01
2.000629128656811195e-01
1.859075180874489031e-01
2.000629128656811195e-01
1.859075180874489031e-01
2.000629128656811195e-01
1.827776030198174917e-01
2.000629128656811195e-01
1.802453601761560553e-01
2.000629128656811195e-01
1.777288455489147156e-01
2.000629128656811195e-01
1.811969172695813979e-01
1.648317080843031968e-01
1.802453601761560553e-01
2.000629128656811195e-01
1.811890531613714328e-01
1.908619062598299887e-01
1.758807801195343967e-01
1.648317080843031968e-01
1.730103806228373842e-01
1.906259830135263456e-01
1.730103806228373842e-01
2.000629128656811195e-01
1.770997168921045195e-01
1.906259830135263456e-01
1.774142812205096176e-01
1.553947782321483950e-01
1.767851525636994214e-01
1.648317080843031968e-01
1.601132431582257543e-01
1.553947782321483950e-01
1.742686379364582205e-01
1.553947782321483950e-01
1.761560239068890032e-01
1.553947782321483950e-01
1.597986788298206562e-01
1.553947782321483950e-01
1.601132431582257543e-01
1.553947782321483950e-01
1.553947782321483950e-01
1.553947782321483950e-01
1.547656495753382266e-01
1.553947782321483950e-01
1.553947782321483950e-01
1.553947782321483950e-01
1.550802139037432970e-01
1.553947782321483950e-01
1.553947782321483950e-01
1.553947782321483950e-01
1.547656495753382266e-01
1.553947782321483950e-01
1.547656495753382266e-01
1.553947782321483950e-01
1.553947782321483950e-01
1.553947782321483950e-01
1.553947782321483950e-01
1.553947782321483950e-01
1.550802139037432970e-01
1.553947782321483950e-01
1.544668134633532253e-01
1.547813777917583233e-01
1.544510852469331286e-01
1.541365209185278085e-01
1.544510852469331286e-01
1.535073922617175013e-01
1.544510852469331286e-01
1.553947782321483950e-01
1.544510852469331286e-01
1.541365209185278085e-01
1.541365209185279195e-01
1.535073922617175013e-01
1.538219565901227104e-01
1.535073922617175013e-01
1.544510852469331286e-01
1.547656495753381156e-01
1.538219565901227104e-01
1.535073922617175013e-01
1.541365209185279195e-01
1.535073922617175013e-01
1.541365209185279195e-01
1.553947782321483950e-01
1.535073922617175013e-01
1.535073922617175013e-01
1.535073922617175013e-01
1.535073922617175013e-01
1.535073922617175013e-01
1.535073922617175013e-01
1.535073922617175013e-01
1.535073922617175013e-01
1.535073922617175013e-01
1.535073922617175013e-01
1.535073922617175013e-01
1.535073922617175013e-01
1.535073922617175013e-01
1.535073922617175013e-01
1.535073922617175013e-01
1.535073922617175013e-01
1.519345706196916779e-01
1.535073922617175013e-01
1.535073922617175013e-01
1.535073922617175013e-01
1.535073922617175013e-01
1.535073922617175013e-01
1.535073922617175013e-01
1.535073922617175013e-01
1.535073922617175013e-01
1.503617489776658545e-01
1.519345706196916779e-01
1.535073922617175013e-01
1.535073922617175013e-01
1.522491349480968870e-01
1.513054419628812597e-01
1.535073922617175013e-01
1.528782636049070831e-01
1.535073922617175013e-01
1.519345706196916779e-01
1.503617489776658545e-01
1.513054419628812597e-01
1.535073922617175013e-01
1.516200062912863578e-01
1.503617489776658545e-01
1.519345706196916779e-01
1.535073922617175013e-01
1.513054419628812597e-01
1.535073922617175013e-01
1.513054419628812597e-01
1.504403900597670873e-01
1.513054419628812597e-01
1.522491349480968870e-01
1.513054419628812597e-01
1.535073922617175013e-01
1.506763133060710635e-01
1.522491349480968870e-01
1.506763133060710635e-01
1.535073922617175013e-01
1.513054419628812597e-01
1.503617489776658545e-01
1.513054419628812597e-01
1.503617489776658545e-01
1.513054419628812597e-01
1.491034916640452401e-01
1.491034916640452401e-01
1.522491349480968870e-01
1.497326203208554363e-01
1.491034916640452401e-01
1.491034916640452401e-01
1.491034916640452401e-01
1.491034916640452401e-01
1.491034916640452401e-01
1.491034916640452401e-01
1.491034916640452401e-01
1.491192198804653646e-01
1.491034916640452401e-01
1.491034916640452401e-01
1.491034916640452401e-01
1.497326203208554363e-01
1.491034916640452401e-01
1.491034916640452401e-01
1.491034916640452401e-01
1.491034916640452401e-01
1.491034916640452401e-01
1.491034916640452401e-01
1.491034916640452401e-01
1.491034916640452401e-01
1.491034916640452401e-01
1.491034916640452401e-01
1.491034916640452401e-01
1.491034916640452401e-01
1.491034916640452401e-01
