1.097885650224213361e+00
1.048124999999999085e+00
9.892012331838564432e-01
9.514750560538116630e-01
8.969352578475336957e-01
8.571875000000002132e-01
8.278068946188342769e-01
8.260762331838565897e-01
8.285022421524663727e-01
7.759672085201791969e-01
7.353038116591927853e-01
7.229330156950672936e-01
6.959422645739911095e-01
6.800964125560535756e-01
6.729596412556057006e-01
7.031614349775782147e-01
6.518567825112109304e-01
6.372645739910315354e-01
6.227407511210761859e-01
6.187668161434977110e-01
6.162892376681614603e-01
6.174327354260089606e-01
5.906614349775786144e-01
5.708820067264572806e-01
5.575795964125559445e-01
5.463918161434979659e-01
5.341367713004483431e-01
5.763015695067265076e-01
5.551704035874438503e-01
5.443139013452913400e-01
5.170765134529146101e-01
4.930493273542600474e-01
5.010849215246635513e-01
4.988565022421523332e-01
4.827690582959639487e-01
4.808755605381166420e-01
4.600336322869956751e-01
4.540109304932737899e-01
4.622749439461882881e-01
4.539237668161439365e-01
4.442511210762331020e-01
4.288803251121077187e-01
4.334529147982062458e-01
4.166816143497755753e-01
4.038677130044843189e-01
3.935145739910317353e-01
3.710762331838565742e-01
4.119394618834079647e-01
3.900277466367713108e-01
3.997085201793722509e-01
3.840134529147982700e-01
3.783632286995514682e-01
3.690470852017938563e-01
3.645515695067265693e-01
3.660201793721973851e-01
3.766816143497754288e-01
3.573430493273542785e-01
3.664271300448430635e-01
3.617376681614350997e-01
3.587219730941703655e-01
3.455605381165918200e-01
3.467096412556053830e-01
3.538004484304934638e-01
3.521636771300447610e-01
3.522928811659196136e-01
3.479035874439462828e-01
3.425448430493273078e-01
3.355381165919282815e-01
3.312253363228693792e-01
3.225000000000000644e-01
3.223094170403583703e-01
3.382847533632288295e-01
3.242937219730939180e-01
3.285089686098652817e-01
3.211434977578475625e-01
3.218946188340807701e-01
3.173766816143498426e-01
3.155941704035870599e-01
3.100016816143498222e-01
3.116928251121076632e-01
3.144058295964126670e-01
3.038116591928251009e-01
3.110874439461882024e-01
3.083071748878922769e-01
3.070179372197310297e-01
3.041816143497760305e-01
3.017376681614349354e-01
3.032623318385649913e-01
3.010089686098654238e-01
3.009865470852023939e-01
3.029708520179371645e-01
2.955717488789236791e-01
2.997421524663676506e-01
2.996076233183855853e-01
3.007286995515696115e-01
2.934192825112109659e-01
2.920403587443945459e-01
2.903363228699551990e-01
2.895731502242139266e-01
2.847421524663675263e-01
2.920403587443945459e-01
2.920403587443945459e-01
2.921973094170403629e-01
2.894506726457397039e-01
2.876457399103138357e-01
2.858408071748879675e-01
2.783071748878922502e-01
2.920403587443945459e-01
2.900784753363229163e-01
2.903139013452914474e-01
2.868609865470850839e-01
2.822309417040358981e-01
2.790919282511211130e-01
2.813637892376659733e-01
2.700112107623318658e-01
2.885182174887890860e-01
2.770179372197308365e-01
2.692040358744395845e-01
2.788565022421523598e-01
2.706502242152467597e-01
2.695739910313901810e-01
2.684977578475337689e-01
2.684977578475337689e-01
2.625784753363226698e-01
2.617152466367715369e-01
2.657735426008969726e-01
2.626681614349775651e-01
2.687668161434978997e-01
2.687331838565024666e-01
2.583520179372198466e-01
2.489237668161436712e-01
2.560187780269061464e-01
2.602914798206281688e-01
2.625482062780272741e-01
2.513340807174891389e-01
2.462443946188339339e-01
2.500448430493262819e-01
2.318721973094169109e-01
2.536434977578476690e-01
2.519282511210765851e-01
2.392088004484305419e-01
2.445067264573990151e-01
2.333968609865473831e-01
2.303010089686094719e-01
2.249103139013450547e-01
2.505493273542602761e-01
2.536434977578476690e-01
2.444506726457393586e-01
2.340582959641255290e-01
2.242825112107617869e-01
2.270291479820620018e-01
2.132539237668159005e-01
2.396474215246635342e-01
2.359529147982064035e-01
2.277130044843049539e-01
2.227130044843050605e-01
2.184977578475338078e-01
2.023346412556052965e-01
1.969170403587438833e-01
1.948094170403589787e-01
1.970964125560540903e-01
1.993834080717490076e-01
2.050826793721952646e-01
2.068609865470854292e-01
1.985426008968612654e-01
1.942376681614349510e-01
1.924887892376686283e-01
1.904372197309419645e-01
2.069094730941700711e-01
1.886210762331839708e-01
1.898991031390135642e-01
1.936659192825113118e-01
1.875448430493273921e-01
1.902354260089687554e-01
1.936659192825113118e-01
1.918497757847535123e-01
1.966928251121066451e-01
1.886210762331839708e-01
1.878139013452914952e-01
1.853251121076233410e-01
1.856614349775785044e-01
1.886210762331839708e-01
1.880156950672650928e-01
1.907926008968617304e-01
1.880605381165919576e-01
1.857959641255604588e-01
1.839125560538115989e-01
1.820291479820629332e-01
1.911883408071752000e-01
1.815832399103133044e-01
1.871235986547088725e-01
1.862668161434975767e-01
1.743609865470854836e-01
1.825000000000000511e-01
1.886210762331839708e-01
1.780117713004485125e-01
1.886210762331839708e-01
1.867376681614351108e-01
1.783744394618831108e-01
1.732379484304933659e-01
1.744282511210763775e-01
1.789237668161437200e-01
1.782847533632286041e-01
1.768497757847534158e-01
1.712219730941702545e-01
1.730829596412555016e-01
1.741591928251122745e-01
1.752354260089688531e-01
1.592937219730939380e-01
1.602354260089689508e-01
1.768497757847534158e-01
1.658492152466352898e-01
1.687107623318386818e-01
1.649431053811657721e-01
1.745291479820626768e-01
1.598654708520187429e-01
1.595852017937222367e-01
1.583520179372197023e-01
1.619170403587446017e-01
1.704708520179374076e-01
1.602354260089685623e-01
1.583520179372197023e-01
1.613116591928249466e-01
1.642713004484304129e-01
1.606726457399108299e-01
1.690198991031394704e-01
1.583520179372197023e-01
1.584304932735425830e-01
1.583520179372197023e-01
1.627242152466369107e-01
1.594562780269055957e-01
1.583520179372197023e-01
1.583520179372197023e-01
1.581053811659192121e-01
1.574005044843053702e-01
1.582847533632286141e-01
1.583520179372197023e-01
1.569955156950672004e-01
1.574887892376681531e-01
1.568385650224214389e-01
1.583408071748878820e-01
1.582959641255604344e-01
1.582511210762331810e-01
1.568721973094170663e-01
1.573654708520180190e-01
1.578587443946187496e-01
1.552690582959641019e-01
1.557822309417042084e-01
1.561659192825112785e-01
1.566143497757849778e-01
1.552690582959641019e-01
1.577354260089686155e-01
1.578475336322871236e-01
1.556053811659192654e-01
1.560538116591927704e-01
1.551457399103139678e-01
1.552690582959641019e-01
1.550560538116592668e-01
1.552690582959641019e-01
1.552354260089686688e-01
1.552017937219730415e-01
1.551569506726457881e-01
1.551121076233183405e-01
1.550672645739910871e-01
1.552690582959641019e-01
1.551121076233185347e-01
1.558295964125559208e-01
1.551681614349775806e-01
1.551233183856501330e-01
1.550784753363228796e-01
1.535089686098653761e-01
1.552690582959641019e-01
1.549887892376682064e-01
1.550263452914790174e-01
1.549887892376682064e-01
1.536322869955158987e-01
1.550448430493274465e-01
1.546188340807175821e-01
1.549887892376682064e-01
1.551905829596412212e-01
1.551457399103139678e-01
1.512892376681615192e-01
1.550560538116592668e-01
1.542488789237669855e-01
1.549887892376682064e-01
1.484865470852018421e-01
1.549887892376682064e-01
1.507990470852018372e-01
1.523206278026906502e-01
1.538789237668159726e-01
1.549887892376682064e-01
1.479820627802692912e-01
1.549887892376682064e-01
1.505493273542601040e-01
1.519394618834080390e-01
1.534641255605381227e-01
1.549887892376682064e-01
1.549887892376682064e-01
1.485089686098656769e-01
1.500336322869957328e-01
1.515582959641256222e-01
1.527466367713007367e-01
1.454708520179371356e-01
1.549887892376682064e-01
1.481278026905832601e-01
1.496524663677129274e-01
1.454596412556053153e-01
1.527690582959641552e-01
1.535089686098657646e-01
1.549887892376682064e-01
1.477466367713004269e-01
1.492713004484307049e-01
1.507959641255605943e-01
1.517850336322873472e-01
1.456415358744391764e-01
1.458408071748879264e-01
1.473654708520178158e-01
1.451533071748869752e-01
1.494730941704035254e-01
1.513116591928253540e-01
1.454596412556053153e-01
1.454596412556053153e-01
1.469843049327355933e-01
1.462780269058296112e-01
1.454596412556053153e-01
1.454596412556053153e-01
1.454596412556053153e-01
1.454596412556053153e-01
1.459417040358744477e-01
1.433408071748875912e-01
1.454596412556053153e-01
1.454596412556053153e-01
1.454596412556053153e-01
1.453066143497757368e-01
1.456165919282508825e-01
1.436434977578473215e-01
1.452354260089688820e-01
1.412219730941702556e-01
1.454596412556053153e-01
1.454596412556053153e-01
1.451569506726455849e-01
1.442825112107624375e-01
1.427354260089683247e-01
1.454596412556053153e-01
1.454596412556053153e-01
1.451457399103139867e-01
1.454596412556053153e-01
1.442488789237665880e-01
1.454596412556053153e-01
1.418273542600895221e-01
1.454596412556053153e-01
1.390134529147980247e-01
1.453811659192824346e-01
1.445515695067263184e-01
1.419282511210760434e-01
1.421300448430492525e-01
1.409192825112105252e-01
1.397085201793721865e-01
1.453026905829595539e-01
1.448542600896860488e-01
1.436434977578473215e-01
1.424327354260085943e-01
1.403587443946187063e-01
1.394618834080715297e-01
1.385658632286994874e-01
1.446300448430488106e-01
1.423766816143499370e-01
1.414798206278025383e-01
1.405829596412553617e-01
1.403139013452912587e-01
1.387892376681611750e-01
1.378923766816141927e-01
1.442488789237665880e-01
1.417040358744395823e-01
1.408071748878924057e-01
1.399103139013454233e-01
1.390134529147980247e-01
1.434977578475337689e-01
1.439686098654708868e-01
1.382399103139007879e-01
1.410313901345292553e-01
1.401345291479818567e-01
1.377466367713006401e-01
1.377578475336322383e-01
1.427841928251119552e-01
1.404820627802688404e-01
1.368287556053795484e-01
1.392600896860987092e-01
1.380493273542599819e-01
1.368385650224216432e-01
1.363901345291483325e-01
1.363228699551568834e-01
1.366367713004484064e-01
1.395627802690580233e-01
1.383520179372197123e-01
