2.403813579204201467e+00
2.120718374624623426e+00
2.010510510510510329e+00
1.919247372372372196e+00
1.745804007132131908e+00
1.663948714339339219e+00
1.615990990990991083e+00
1.528556681681680907e+00
1.524039273648648551e+00
1.472092013888888218e+00
1.437740474849849459e+00
1.385176191816815727e+00
1.365334084084083743e+00
1.337880067567567277e+00
1.325266281906906540e+00
1.328265765765765716e+00
1.268323010510510107e+00
1.220743008633633053e+00
1.240709459459459429e+00
1.227882179054053946e+00
1.189564564564564497e+00
1.202696837462457591e+00
1.154147897897897845e+00
1.127533783783783994e+00
1.122109609609609260e+00
1.114149305555554914e+00
1.085567989864864691e+00
1.083355621246245182e+00
1.093749999999999778e+00
1.062875375375375242e+00
1.056822447447447244e+00
1.048740146396395900e+00
1.027871621621621490e+00
1.020974099099099197e+00
1.015592154654654244e+00
1.014932901651651731e+00
1.010234844219219053e+00
1.008471753003002513e+00
1.000046921921921905e+00
9.942872560060055376e-01
1.001548423423423317e+00
9.938121715465463302e-01
9.773836336336336750e-01
9.703289226726722339e-01
9.821227477477475487e-01
9.794481981981979501e-01
9.783220720720720021e-01
9.546265015015014122e-01
9.525654560810804528e-01
9.388138138138139022e-01
9.358894050300297085e-01
9.553303303303302130e-01
9.563626126126126836e-01
9.445852102102099135e-01
9.299455705705704789e-01
9.257225975975976739e-01
9.079391891891892552e-01
9.181705142642642148e-01
9.229542042042042649e-01
9.126313813813814457e-01
8.976011167417399239e-01
8.851996527777775681e-01
8.790352852852854060e-01
8.646771771771770698e-01
8.582969688438438771e-01
9.100975975975974519e-01
8.851820570570569924e-01
8.677740240240241487e-01
8.567473723723718626e-01
8.598911411411410688e-01
8.505161411411410466e-01
8.328641141141140958e-01
8.313626126126126836e-01
8.467905405405392605e-01
8.383070570570569924e-01
8.350283877627621143e-01
8.147991741741742455e-01
8.052271021021020214e-01
8.059309309309308222e-01
8.041948198198198838e-01
8.045701951951950148e-01
8.042417417417417891e-01
7.915399774774773967e-01
7.802024680930931266e-01
8.032563813813813347e-01
7.956550300300300194e-01
7.713963963963962334e-01
7.667511261261261701e-01
7.568506006006004982e-01
7.703641141141139848e-01
7.459471189939932412e-01
7.685810810810808080e-01
7.714433183183182496e-01
7.338119369369366929e-01
7.535191441441438931e-01
7.420701951951951258e-01
7.272897897897897534e-01
7.342342342342341732e-01
7.321039789789777208e-01
7.101163663663662140e-01
7.203922672672672389e-01
7.279936186186185543e-01
7.244275525525525339e-01
7.268674924924924952e-01
7.045326576576574906e-01
7.042042042042041539e-01
7.045326576576576016e-01
7.135369744744743947e-01
7.215653153153154253e-01
7.211899399399397392e-01
6.873170045045046139e-01
6.970251501501500968e-01
7.028434684684684575e-01
7.089433183183183607e-01
7.115709459459454989e-01
6.730949699699698696e-01
6.829485735735734142e-01
6.891422672672672389e-01
6.972128378378377178e-01
6.725823479729730048e-01
6.738926426426425920e-01
6.733295795795795069e-01
6.785848348348347825e-01
6.718749999999997780e-01
6.678397147147145940e-01
6.709834834834834671e-01
6.611298798798799226e-01
6.701388888888889506e-01
6.648836336336334529e-01
6.673704954954954305e-01
6.557338588588589312e-01
6.533877627627626694e-01
6.622090840840839654e-01
6.634759759759761844e-01
6.655405405405404595e-01
6.563673048048046521e-01
6.522147147147145940e-01
6.531531531531531432e-01
6.355034722222209220e-01
6.400689752252249898e-01
6.376032282282279029e-01
6.531531531531529211e-01
6.422203453453452227e-01
6.346189939939937963e-01
6.535824887387384763e-01
6.431587837837838828e-01
6.346189939939937963e-01
6.379973723723723067e-01
6.346189939939937963e-01
6.346189939939937963e-01
6.219500750750750484e-01
6.224192942942944340e-01
6.352289789789788976e-01
6.371527777777777901e-01
6.405311561561559675e-01
5.938907657657657158e-01
6.181963213213215180e-01
6.172555367867865739e-01
6.288006756756757687e-01
6.302083333333330373e-01
5.711805555555555802e-01
5.865240240240240377e-01
5.531156156156158410e-01
6.107826576576573796e-01
6.175863363363360836e-01
6.324136636636635833e-01
5.654091591591590138e-01
5.682244744744742171e-01
5.710397897897897534e-01
5.565878378378377178e-01
6.113457207207206867e-01
5.618900150150150097e-01
5.605762012012011075e-01
5.675206456456455273e-01
5.354260510510510107e-01
5.659722222222220989e-01
5.651745495495494875e-01
5.068036786786785930e-01
5.521771771771770698e-01
5.392267267267265574e-01
5.376313813813813347e-01
5.288100600600599277e-01
5.199887387387386317e-01
5.053490990990989751e-01
4.514240803303301020e-01
5.097128378378379399e-01
5.170795795795796179e-01
5.193318318318316251e-01
5.028153153153153143e-01
5.050675675675675436e-01
5.067567567567566877e-01
4.701576576576574906e-01
4.859867680180178229e-01
4.865803303303302685e-01
5.022522522522522292e-01
5.004551426426414595e-01
4.375469219219219053e-01
4.573010510510515103e-01
4.829673423423423428e-01
4.836711711711710882e-01
4.818412162162163392e-01
4.485735735735737473e-01
4.375469219219219053e-01
4.458521021021019104e-01
4.569256756756757132e-01
4.660285285285282186e-01
4.776651651651652175e-01
4.893018018018016058e-01
4.372653903903904182e-01
4.410191441441440041e-01
4.496996996996996954e-01
4.631193693693691493e-01
4.375469219219219053e-01
4.375469219219219053e-01
4.371246246246245915e-01
4.365146396396396566e-01
4.434121621621622267e-01
4.509196696696695650e-01
4.375469219219219053e-01
4.375469219219219053e-01
4.369838588588589312e-01
4.375469219219219053e-01
4.322916666666665186e-01
4.292886636636636388e-01
4.251595345345344223e-01
4.197635135135135975e-01
4.368430930930930489e-01
4.340277777777776791e-01
4.396584084084081967e-01
4.303209459459459429e-01
4.355762012012012185e-01
4.361392642642641926e-01
4.297578828828830244e-01
4.372653903903904182e-01
4.349192942942943785e-01
4.313532282282281916e-01
4.251126126126126281e-01
4.215465465465463302e-01
4.154466966966966490e-01
4.340277777777776791e-01
4.266962274774773745e-01
4.281625375375373022e-01
4.234703453453452227e-01
4.224380630630629740e-01
4.164789789789788976e-01
4.123498498498496256e-01
4.082207207207206312e-01
4.092975788288281680e-01
4.093468468468468568e-01
4.233295795795793959e-01
4.130067567567565767e-01
4.133821321321318742e-01
4.092530030030028798e-01
4.086430180180180005e-01
4.092060810810809746e-01
4.082207207207206312e-01
4.143205705705704234e-01
4.222972972972973138e-01
4.102852852852851839e-01
4.085022522522521182e-01
4.090653153153153143e-01
4.082207207207206312e-01
4.156343843843842145e-01
4.082207207207206312e-01
4.113175675675674325e-01
4.082207207207206312e-01
4.068130630630629185e-01
4.082207207207206312e-01
4.169481981981979501e-01
4.082207207207206312e-01
4.082207207207206312e-01
4.082207207207206312e-01
4.082207207207206312e-01
4.082207207207206312e-01
4.082207207207206312e-01
4.082207207207206312e-01
4.082207207207206312e-01
4.082207207207206312e-01
4.073761261261260036e-01
4.082207207207206312e-01
4.082207207207206312e-01
4.082207207207206312e-01
4.082207207207206312e-01
4.082207207207206312e-01
4.076576576576575461e-01
4.082207207207206312e-01
4.082207207207206312e-01
4.082207207207206312e-01
4.082207207207206312e-01
4.082207207207206312e-01
4.082207207207206312e-01
4.068130630630629185e-01
4.056869369369368039e-01
4.045608108108106893e-01
4.082207207207206312e-01
4.082207207207206312e-01
4.082207207207206312e-01
4.070945945945944056e-01
4.059684684684682909e-01
4.048423423423422318e-01
4.082207207207206312e-01
4.082207207207206312e-01
4.081268768768768207e-01
4.073761261261260036e-01
4.062499999999998890e-01
4.051238738738738299e-01
4.082207207207206312e-01
4.082207207207206312e-01
4.082207207207206312e-01
4.076576576576575461e-01
4.013161599099095977e-01
4.054054054054053169e-01
4.042792792792790912e-01
4.082207207207206312e-01
4.082207207207206312e-01
4.079391891891891442e-01
4.068130630630629185e-01
4.056869369369368039e-01
4.045608108108106893e-01
4.034346846846845747e-01
4.078453453453452782e-01
4.082207207207206312e-01
4.070945945945944056e-01
4.059684684684682909e-01
4.048423423423422318e-01
4.028716216216216006e-01
4.077515015015014677e-01
4.073491460210205695e-01
4.011824324324322899e-01
3.994932432432430902e-01
4.038100600600599277e-01
4.039977477477476042e-01
4.024422860360358234e-01
4.020270270270268065e-01
4.011824324324322899e-01
4.013161599099095977e-01
3.997747747747745772e-01
4.032469969969969537e-01
4.024962462462461366e-01
3.996809309309308222e-01
4.011824324324322899e-01
4.068130630630629185e-01
4.041854354354352807e-01
4.000563063063062863e-01
4.026839339339339241e-01
4.019331831831830515e-01
3.988363363363362502e-01
3.992117117117115477e-01
3.995870870870869007e-01
3.999624624624624203e-01
4.028716216216216006e-01
4.002439939939938518e-01
3.991178678678677372e-01
3.991178678678677372e-01
3.994932432432430902e-01
3.988363363363362502e-01
4.016868430930924938e-01
4.005255255255254498e-01
3.994134759759758180e-01
3.990240240240239267e-01
3.993993993993992242e-01
3.997747747747745772e-01
3.988363363363362502e-01
3.988363363363362502e-01
3.988363363363362502e-01
3.989301801801800607e-01
3.993055555555554137e-01
3.996809309309307112e-01
4.000563063063062863e-01
3.988363363363362502e-01
3.988363363363362502e-01
3.988363363363362502e-01
3.992117117117115477e-01
3.988363363363362502e-01
3.988363363363362502e-01
3.988363363363362502e-01
3.988363363363362502e-01
3.991178678678677372e-01
3.991178678678677372e-01
3.988363363363362502e-01
3.988363363363362502e-01
3.988363363363362502e-01
3.988363363363362502e-01
3.988363363363362502e-01
3.988363363363362502e-01
3.988363363363362502e-01
3.988363363363362502e-01
3.988363363363362502e-01
3.988363363363362502e-01
3.988363363363362502e-01
3.988363363363362502e-01
3.988363363363362502e-01
3.988363363363362502e-01
3.988363363363362502e-01
3.988363363363362502e-01
