1.855740698470668582e+00
1.509021912805295296e+00
1.446245149509244321e+00
1.304382561059117540e+00
1.174617667199269633e+00
1.141520200867381929e+00
1.124218215019401779e+00
1.077836110477059961e+00
1.080575211139009451e+00
9.913261812371602089e-01
1.015293312029216688e+00
9.320531842045186588e-01
9.669025336681121852e-01
8.897797306551009644e-01
8.596210910750968770e-01
8.285893631590960373e-01
8.139694133759414196e-01
8.012097694590272212e-01
7.893175074183975681e-01
7.578178498059802148e-01
7.505135813741153905e-01
7.333942022369320801e-01
7.222095412006390713e-01
7.156756448299465001e-01
6.993837023510612871e-01
6.934489842501710966e-01
6.875142661492810170e-01
6.724720383474089846e-01
6.843186487103399829e-01
6.633188769687285991e-01
6.546450582058890300e-01
6.389009358593926713e-01
6.477973065510157502e-01
6.352602145628850616e-01
6.477973065510157502e-01
6.177014380278472716e-01
6.382104542341930919e-01
6.128737731111618681e-01
6.067107966217757387e-01
5.955261355854828409e-01
6.067107966217757387e-01
5.804610819447614256e-01
5.692764209084683058e-01
5.635813741154985790e-01
5.505592330518145339e-01
5.501027162748231003e-01
5.505592330518145339e-01
5.487331659438485776e-01
5.386897968500342637e-01
5.336681123031270513e-01
5.373202465190597410e-01
5.348094042456058572e-01
5.213421593243552365e-01
5.112987902305409227e-01
5.131248573385071010e-01
5.081259986304494936e-01
5.131248573385071010e-01
4.946359278703492679e-01
5.131248573385071010e-01
4.882561059118924462e-01
5.081031727915999996e-01
4.829947500570646590e-01
4.816251997260899143e-01
4.797991326181237359e-01
4.587993608765122411e-01
4.681579548048391826e-01
4.587993608765122411e-01
4.661036293083771209e-01
4.542341931065966287e-01
4.640550102716275993e-01
4.542341931065966287e-01
4.425987217530242823e-01
4.505820588906642721e-01
4.435060488472952756e-01
4.478429582287150046e-01
4.476146998402190658e-01
4.478429582287150046e-01
4.368865555809176016e-01
4.432777904587993922e-01
4.334912120520428847e-01
4.432777904587993922e-01
4.314083542570190666e-01
4.346039716959597676e-01
4.368865555809176016e-01
4.346039716959597676e-01
4.291257703720610661e-01
4.346039716959597676e-01
4.245606026021456203e-01
4.177128509472722295e-01
4.261584113216159153e-01
4.177128509472722295e-01
4.138324583428443226e-01
4.177128509472722295e-01
4.090390321844327715e-01
4.177128509472722295e-01
4.067963935174617740e-01
4.149737502853229620e-01
4.026820360648253883e-01
3.930609449897284891e-01
3.914631362702580275e-01
3.930609449897284891e-01
3.930609449897284891e-01
3.930609449897284891e-01
3.882675188313171599e-01
3.871262268888381874e-01
3.850719013923762368e-01
3.930609449897284891e-01
3.853001597808720091e-01
3.871262268888381874e-01
3.868979685003424152e-01
3.779958913490069627e-01
3.839306094498972644e-01
3.779958913490069627e-01
3.698527733394191830e-01
3.779958913490069627e-01
3.727459484136041445e-01
3.779958913490069627e-01
3.664403104314070680e-01
3.779958913490069627e-01
3.688655558091759046e-01
3.779958913490069627e-01
3.658981967587308648e-01
3.779958913490069627e-01
3.658981967587308648e-01
3.524309518374801331e-01
3.531157270029673390e-01
3.524309518374801331e-01
3.531157270029673390e-01
3.524309518374801331e-01
3.581374115498745514e-01
3.524309518374801331e-01
3.524309518374801331e-01
3.446701666286235977e-01
3.426158411321615360e-01
3.524309518374801331e-01
3.421593243551701025e-01
3.524309518374801331e-01
3.428440995206572528e-01
3.524309518374801331e-01
3.423875827436658192e-01
3.446701666286235977e-01
3.321958456973291840e-01
3.318876968728600163e-01
3.353115727002966562e-01
3.318876968728600163e-01
3.357680894772883118e-01
3.318876968728600163e-01
3.353115727002966562e-01
3.318876968728600163e-01
3.318876968728600163e-01
3.446701666286235977e-01
3.241269116640035364e-01
3.318876968728600163e-01
3.179639351746174625e-01
3.318876968728600163e-01
3.314311800958684162e-01
3.035836566993836416e-01
3.172791600091301456e-01
3.035836566993836416e-01
3.168226432321386565e-01
3.318876968728600163e-01
3.168226432321386565e-01
3.026706231454005525e-01
3.172791600091301456e-01
3.026706231454005525e-01
3.124857338507189275e-01
3.033782241497272048e-01
3.168226432321386565e-01
3.026706231454005525e-01
3.079205660808033151e-01
3.026706231454005525e-01
3.026706231454005525e-01
3.026706231454005525e-01
2.985619721524765402e-01
3.026706231454005525e-01
3.015293312029215245e-01
3.026706231454005525e-01
2.903446701666285712e-01
2.857795023967129588e-01
2.946815795480483002e-01
2.862017804154297629e-01
2.942250627710566446e-01
2.942136498516289000e-01
2.919424788860990327e-01
2.771056836338735563e-01
2.899965761241708462e-01
2.939968043825610944e-01
2.862360191737046144e-01
2.771056836338735563e-01
2.885186030586622263e-01
2.771056836338735563e-01
2.818991097922848854e-01
2.771056836338735563e-01
2.855512440082172421e-01
2.771056836338735563e-01
2.800730426843185406e-01
2.771056836338735563e-01
2.800730426843185406e-01
2.771056836338735563e-01
2.832686601232595747e-01
2.771056836338735563e-01
2.771056836338735563e-01
2.771056836338735563e-01
2.771056836338735563e-01
2.771056836338735563e-01
2.791600091303354514e-01
2.771056836338735563e-01
2.768831317050899354e-01
2.771056836338735563e-01
2.757361333028988115e-01
2.771056836338735563e-01
2.734535494179410331e-01
2.743665829719241223e-01
2.734535494179410331e-01
2.771056836338735563e-01
2.734535494179410331e-01
2.698014152020086764e-01
2.734535494179410331e-01
2.698014152020086764e-01
2.725405158639579439e-01
2.698014152020086764e-01
2.702579319790002765e-01
2.698014152020086764e-01
2.702579319790002765e-01
2.698014152020086764e-01
2.698014152020086764e-01
2.698014152020086764e-01
2.702579319790002765e-01
2.698014152020086764e-01
2.725405158639579439e-01
2.698014152020086764e-01
2.698014152020086764e-01
2.698014152020086764e-01
2.698014152020086764e-01
2.698014152020086764e-01
2.663775393745718700e-01
2.698014152020086764e-01
2.677470897055467813e-01
2.698014152020086764e-01
2.698014152020086764e-01
2.698014152020086764e-01
2.688883816480255873e-01
2.698014152020086764e-01
2.650079890435973473e-01
2.698014152020086764e-01
2.663775393745720366e-01
2.602145628851859627e-01
2.640949554896142581e-01
2.604542341931063709e-01
2.672905729285551257e-01
2.602145628851859627e-01
2.640949554896142581e-01
2.698014152020086764e-01
2.631819219356311690e-01
2.679753480940424981e-01
2.640949554896142581e-01
2.679753480940424981e-01
2.631819219356311690e-01
2.602145628851859627e-01
2.631819219356311690e-01
2.583884957772197843e-01
2.631819219356311690e-01
2.583884957772197843e-01
2.622688883816480798e-01
2.583884957772197843e-01
2.593015293312028735e-01
2.583884957772197843e-01
2.583884957772197843e-01
2.583884957772197843e-01
2.583884957772197843e-01
2.583884957772197843e-01
2.583884957772197843e-01
2.583884957772197843e-01
2.583884957772197843e-01
2.583884957772197843e-01
2.583884957772197843e-01
2.583884957772197843e-01
2.583884957772197843e-01
2.583884957772197843e-01
2.574754622232366952e-01
2.583884957772197843e-01
2.574754622232366952e-01
2.583884957772197843e-01
2.583884957772197843e-01
2.583884957772197843e-01
2.570189454462450951e-01
2.566080803469526495e-01
2.551928783382789168e-01
2.583884957772197843e-01
2.551928783382789168e-01
2.583884957772197843e-01
2.561059118922620059e-01
2.583884957772197843e-01
2.552099977174158707e-01
2.583884957772197843e-01
2.561059118922620059e-01
2.519972608993379937e-01
2.551928783382789168e-01
2.538233280073041720e-01
2.551928783382789168e-01
2.565624286692536060e-01
2.551928783382789168e-01
2.583884957772197843e-01
2.561401506505358583e-01
2.583884957772197843e-01
2.551928783382789168e-01
2.565624286692536060e-01
2.551928783382789168e-01
2.519972608993379937e-01
2.529102944533210828e-01
2.519972608993379937e-01
2.542798447842958276e-01
2.519972608993379937e-01
2.551928783382789168e-01
2.519972608993379937e-01
2.535950696188084552e-01
2.538233280073041720e-01
2.519972608993379937e-01
2.519972608993379937e-01
2.529102944533210828e-01
2.519972608993379937e-01
2.536121889979454092e-01
2.519972608993379937e-01
2.526820360648253661e-01
2.519972608993379937e-01
2.519972608993379937e-01
2.519972608993379937e-01
2.519972608993379937e-01
2.519972608993379937e-01
2.519972608993379937e-01
2.519972608993379937e-01
2.465190595754393199e-01
2.519972608993379937e-01
2.519972608993379937e-01
2.519972608993379937e-01
2.519972608993379937e-01
2.519972608993379937e-01
2.519972608993379937e-01
2.519972608993379937e-01
2.519972608993379937e-01
2.519972608993379937e-01
2.465190595754393199e-01
2.519972608993379937e-01
2.519972608993379937e-01
2.519972608993379937e-01
2.519972608993379937e-01
2.519972608993379937e-01
2.465190595754393199e-01
2.519972608993379937e-01
2.519972608993379937e-01
2.519972608993379937e-01
2.503994521798675876e-01
2.519972608993379937e-01
2.440253366811227231e-01
2.519972608993379937e-01
2.449383702351058123e-01
2.392147911435744401e-01
2.440082173019857970e-01
2.519972608993379937e-01
2.456060260214562307e-01
2.488016434603971261e-01
2.440082173019857970e-01
2.519972608993379937e-01
2.440082173019857970e-01
2.392147911435744401e-01
2.456060260214562307e-01
2.363387354485273761e-01
2.440082173019857970e-01
2.519972608993379937e-01
2.503994521798675876e-01
2.360191737046335447e-01
2.440082173019857970e-01
2.360191737046335447e-01
2.435517005249943079e-01
2.488016434603971261e-01
2.440082173019857970e-01
2.360191737046335447e-01
2.419938370235101832e-01
2.360191737046335447e-01
2.424104085825153354e-01
2.360191737046335447e-01
2.376169824241040063e-01
2.392147911435744401e-01
2.376169824241040063e-01
2.360191737046335447e-01
2.360191737046335447e-01
2.360191737046335447e-01
2.440082173019857970e-01
2.360191737046335447e-01
2.376169824241040063e-01
2.488016434603971261e-01
2.435517005249943079e-01
2.360191737046335447e-01
2.360191737046335447e-01
2.360191737046335447e-01
