1.565217391304347894e+00
1.383486118386589192e+00
1.363017286537454353e+00
1.223428496595075909e+00
1.210581456259821831e+00
1.159023048716605109e+00
1.112624410686223086e+00
1.081462807752750166e+00
1.060764798323729607e+00
1.005775275013095715e+00
1.019905709795704718e+00
9.709271870089050127e-01
9.743321110529074014e-01
9.316526977475119153e-01
9.392352016762702815e-01
8.724724986904138779e-01
8.988999476165530078e-01
8.473022524882137807e-01
8.512310110005238961e-01
8.221581980094291309e-01
8.213724463069670412e-01
7.865374541644840622e-01
7.820848611838657760e-01
7.561550550026191475e-01
7.537977998952331005e-01
7.459402828706127586e-01
7.317967522262964764e-01
7.173978522786800260e-01
7.197485594552122112e-01
7.011589837611316156e-01
7.008905185961237239e-01
6.883184913567311769e-01
6.804609743321110571e-01
6.684127815610266810e-01
6.804609743321110571e-01
6.568884232582505867e-01
6.532215819800942791e-01
6.453640649554740483e-01
6.495547407019381936e-01
6.249410686223152434e-01
6.254583551597694413e-01
6.100052383446830095e-01
6.254583551597694413e-01
6.160293347302251421e-01
6.055526453640649454e-01
5.872184389732845178e-01
5.676401257202602357e-01
5.835843373493970754e-01
5.898376113148244837e-01
5.767417496071242100e-01
5.898376113148244837e-01
5.667954426401254908e-01
5.557883708748035945e-01
5.510869565217391131e-01
5.547407019381875859e-01
5.534311157674176584e-01
5.521215295966475090e-01
5.398114195914093250e-01
5.411210057621790304e-01
5.374541644840230559e-01
5.500261917234153808e-01
5.283067050811941501e-01
5.411210057621790304e-01
5.249017810371919834e-01
5.217391304347825942e-01
5.217391304347825942e-01
5.154531168150865428e-01
5.201676270298585258e-01
5.154531168150865428e-01
5.013095861707700385e-01
5.081194342587742607e-01
5.036668412781561965e-01
5.154531168150865428e-01
5.010476689366158976e-01
4.992142482975380213e-01
5.002619172341539189e-01
4.840230487166054529e-01
4.952854897852279614e-01
4.992142482975380213e-01
4.848480880041908248e-01
4.840230487166054529e-01
4.795704557359874998e-01
4.955474070193819358e-01
4.812074384494489099e-01
4.803562074384493674e-01
4.774751178627553716e-01
4.803562074384493674e-01
4.719748559455212988e-01
4.803562074384493674e-01
4.599266631744369227e-01
4.594028287061288629e-01
4.607778941854365207e-01
4.594028287061288629e-01
4.612558931377684357e-01
4.452592980618124696e-01
4.557359874279725553e-01
4.594028287061288629e-01
4.486969617600837790e-01
4.452592980618124696e-01
4.489523310633837250e-01
4.594028287061288629e-01
4.418936616029328635e-01
4.326872708224200337e-01
4.418543740178104140e-01
4.468308014667363715e-01
4.345206914614980764e-01
4.326872708224200337e-01
4.298061812467258713e-01
4.326872708224200337e-01
4.280644316396004512e-01
4.243059193294917986e-01
4.264274489261391521e-01
4.326872708224200337e-01
4.190675746464116447e-01
4.138292299633314908e-01
4.167103195390255976e-01
4.138292299633314908e-01
4.185437401781036404e-01
4.138292299633314908e-01
4.125196437925614523e-01
4.138292299633314908e-01
4.072812991094813539e-01
4.138292299633314908e-01
4.083289680460974180e-01
4.138292299633314908e-01
4.030906233630173197e-01
4.138292299633314908e-01
4.064955474070195418e-01
3.913043478260870844e-01
4.025667888947093154e-01
3.913043478260870844e-01
3.960319539025667912e-01
3.913043478260870844e-01
4.002095337873231573e-01
3.913043478260870844e-01
3.899947616553170460e-01
3.913043478260870844e-01
3.954950235725511187e-01
3.913043478260870844e-01
3.873755893137767470e-01
3.913043478260870844e-01
3.928758512310109863e-01
3.913043478260870844e-01
3.894709271870090417e-01
3.782084861183866997e-01
3.834468308014668536e-01
3.876375065479309434e-01
3.829229963331588493e-01
3.745416448402306142e-01
3.763750654793086570e-01
3.748690413829183221e-01
3.763750654793086570e-01
3.745416448402306142e-01
3.779465688842327808e-01
3.745416448402306142e-01
3.818753273965428408e-01
3.745416448402306142e-01
3.745416448402306142e-01
3.745416448402306142e-01
3.729701414353064903e-01
3.745416448402306142e-01
3.729701414353064903e-01
3.745416448402306142e-01
3.695652173913045457e-01
3.745416448402306142e-01
3.679937139863804219e-01
3.745416448402306142e-01
3.664614981665795246e-01
3.713986380303824775e-01
3.695652173913045457e-01
3.713986380303824775e-01
3.679937139863804219e-01
3.614457831325301185e-01
3.664222105814564090e-01
3.713986380303824775e-01
3.614457831325301185e-01
3.615243583027762386e-01
3.664222105814564090e-01
3.614457831325301185e-01
3.614457831325301185e-01
3.614457831325301185e-01
3.614457831325301185e-01
3.614457831325301185e-01
3.614457831325301185e-01
3.614457831325301185e-01
3.585974332111053209e-01
3.614457831325301185e-01
3.554216867469879859e-01
3.614457831325301185e-01
3.562074384494500201e-01
3.614457831325301185e-01
3.528025144054478535e-01
3.481665793609217685e-01
3.546359350445258962e-01
3.577789418543740330e-01
3.528025144054478535e-01
3.478260869565217850e-01
3.509690937663698107e-01
3.442509167103181555e-01
3.528025144054478535e-01
3.478260869565217850e-01
3.502291775798839768e-01
3.441592456783656440e-01
3.509690937663698107e-01
3.441592456783656440e-01
3.470403352540596953e-01
3.441592456783656440e-01
3.470403352540596953e-01
3.441592456783656440e-01
3.179675222629649300e-01
3.441592456783656440e-01
3.509690937663698107e-01
3.441592456783656440e-01
3.214117338920896016e-01
3.441592456783656440e-01
3.161341016238868873e-01
3.441592456783656440e-01
3.441592456783656440e-01
3.441592456783656440e-01
3.179675222629649300e-01
3.441592456783656440e-01
3.161341016238868873e-01
3.441592456783656440e-01
3.441592456783656440e-01
3.441592456783656440e-01
3.433734939759036098e-01
3.425877422734415756e-01
3.161341016238868873e-01
3.425877422734415756e-01
3.153483499214247976e-01
3.441592456783656440e-01
3.153483499214247976e-01
2.881089575694080751e-01
3.153483499214247976e-01
3.441592456783656440e-01
3.137768465165007292e-01
2.881089575694080751e-01
3.153483499214247976e-01
3.425877422734415756e-01
3.145625982189627634e-01
2.865374541644839512e-01
2.865374541644839512e-01
2.865374541644839512e-01
2.865374541644839512e-01
2.865374541644839512e-01
3.048716605552643788e-01
2.865374541644839512e-01
2.865374541644839512e-01
2.865374541644839512e-01
3.145625982189627634e-01
2.865374541644839512e-01
2.865374541644839512e-01
2.865374541644839512e-01
2.865374541644839512e-01
2.865374541644839512e-01
2.865374541644839512e-01
2.865374541644839512e-01
2.842391304347825498e-01
2.865374541644839512e-01
2.818425877422734982e-01
2.865374541644839512e-01
2.833944473546359255e-01
2.865374541644839512e-01
2.865374541644839512e-01
2.865374541644839512e-01
2.865374541644839512e-01
2.865374541644839512e-01
2.833944473546359255e-01
2.865374541644839512e-01
2.850052383446826099e-01
2.865374541644839512e-01
2.849659507595600494e-01
2.833944473546359255e-01
2.849659507595600494e-01
2.833944473546359255e-01
2.818229439497120237e-01
2.802514405447878998e-01
2.818229439497120237e-01
2.865374541644839512e-01
2.818229439497120237e-01
2.833944473546359255e-01
2.833944473546359255e-01
2.865374541644839512e-01
2.818229439497120237e-01
2.802514405447878998e-01
2.787585123101102291e-01
2.833944473546359255e-01
2.802907281299104603e-01
2.771084337349399296e-01
2.802514405447878998e-01
2.771084337349399296e-01
2.802514405447878998e-01
2.771084337349399296e-01
2.771084337349399296e-01
2.771084337349399296e-01
2.771084337349399296e-01
2.771084337349399296e-01
2.802514405447878998e-01
2.771084337349399296e-01
2.787585123101102291e-01
2.771084337349399296e-01
2.802514405447878998e-01
2.771084337349399296e-01
2.802514405447878998e-01
2.771084337349399296e-01
2.771084337349399296e-01
2.771084337349399296e-01
2.757988475641697801e-01
2.771084337349399296e-01
2.771084337349399296e-01
2.771084337349399296e-01
2.771084337349399296e-01
2.771084337349399296e-01
2.771084337349399296e-01
2.771084337349399296e-01
2.690282870612881738e-01
2.771084337349399296e-01
2.771084337349399296e-01
2.771084337349399296e-01
2.771084337349399296e-01
2.771084337349399296e-01
2.705605028810897372e-01
2.771084337349399296e-01
2.645364064955474381e-01
2.771084337349399296e-01
2.757988475641697801e-01
2.771084337349399296e-01
2.676990570979569384e-01
2.771084337349399296e-01
2.757988475641697801e-01
2.771084337349399296e-01
2.645364064955474381e-01
2.608695652173913526e-01
2.683145625982190086e-01
2.771084337349399296e-01
2.645364064955474381e-01
2.608695652173913526e-01
2.564169722367731774e-01
2.519643792561550022e-01
2.645364064955474381e-01
2.519643792561550022e-01
2.645756940806699986e-01
2.521870089051856390e-01
2.645364064955474381e-01
2.682032477737035792e-01
2.645364064955474381e-01
2.608695652173913526e-01
2.645364064955474381e-01
2.519643792561550022e-01
2.645364064955474381e-01
2.682032477737035792e-01
2.645364064955474381e-01
2.519643792561550022e-01
2.564169722367731774e-01
2.519643792561550022e-01
2.600838135149292629e-01
2.519643792561550022e-01
2.521673651126213889e-01
2.519643792561550022e-01
2.564169722367731774e-01
2.682032477737035792e-01
2.519643792561550022e-01
2.519643792561550022e-01
2.519643792561550022e-01
2.519643792561550022e-01
2.519643792561550022e-01
2.519643792561550022e-01
2.519643792561550022e-01
2.519643792561550022e-01
2.519643792561550022e-01
2.519643792561550022e-01
2.519643792561550022e-01
2.519643792561550022e-01
2.564169722367731774e-01
2.519643792561550022e-01
2.519643792561550022e-01
2.519643792561550022e-01
2.464641173389208184e-01
2.519643792561550022e-01
2.519643792561550022e-01
2.519643792561550022e-01
2.520756940806704316e-01
2.519643792561550022e-01
2.519643792561550022e-01
2.519643792561550022e-01
2.519643792561550022e-01
2.519643792561550022e-01
2.519643792561550022e-01
2.519643792561550022e-01
2.519643792561550022e-01
2.519643792561550022e-01
2.466016238868515842e-01
2.519643792561550022e-01
2.519643792561550022e-01
2.519643792561550022e-01
