1.170755829434364292e+00
1.131939689604016808e+00
1.120260850545855558e+00
1.069278025029479995e+00
1.056782304385864846e+00
9.745587508083204398e-01
9.602899501692727657e-01
9.379493324204043470e-01
9.357908726083152828e-01
9.167070828103007774e-01
8.787881813686330146e-01
8.510213397238387545e-01
8.077273289208413143e-01
8.006953954125293205e-01
7.662603655521308399e-01
8.597036783445543007e-01
7.989558370421091515e-01
7.286020293658944658e-01
7.228258492144999936e-01
6.960848643919509415e-01
6.947642074631975584e-01
6.756628247556012434e-01
6.433039959678952258e-01
6.404674959108371812e-01
6.417829225151203687e-01
6.418497280231275637e-01
6.250772661569475863e-01
6.261504336414468463e-01
6.132082334816838509e-01
5.973458480733384590e-01
5.948875955722926490e-01
5.799110369356004213e-01
5.767500190193616261e-01
5.898094259956637719e-01
5.792156415230704791e-01
5.640457986229980847e-01
5.535157290121345275e-01
5.482331012971205508e-01
5.533436037886568792e-01
5.448224542584352292e-01
5.468637072539845878e-01
5.394984594317010496e-01
5.300886302255697347e-01
5.193479211837652709e-01
5.251055574574917673e-01
5.177070257522158325e-01
5.173266385180113058e-01
5.191334778804819194e-01
5.087308379930770563e-01
4.912320742515881022e-01
4.935334170185248226e-01
4.764350108410361773e-01
4.825497356308606212e-01
5.016244912320733107e-01
4.844897105253146985e-01
4.877325116969074004e-01
4.750085587127695352e-01
4.674959108372327976e-01
4.614857925368024971e-01
4.549811708319068670e-01
4.783654760546234286e-01
4.671702042679447553e-01
4.555422420023584329e-01
4.450625737000267201e-01
4.542489254060634307e-01
4.504070143405987658e-01
4.430084826353227201e-01
4.370744417817338245e-01
4.425539198904483440e-01
4.365704286964129377e-01
4.295903229487618158e-01
4.312640267792612336e-01
4.302854806192705217e-01
4.234185400737950355e-01
4.208794552854806525e-01
4.217828749667161259e-01
4.185258092738409208e-01
4.113669215261144263e-01
4.107801742173531334e-01
4.093251930465212629e-01
4.128532846437673043e-01
4.048009623797020895e-01
4.058826885769709070e-01
4.112936969835291889e-01
4.083837346418653924e-01
4.054737723002014294e-01
4.064913081516985383e-01
3.955932138917416796e-01
3.909056544562362068e-01
3.881281144204798417e-01
3.865590170793868907e-01
3.872817528243752139e-01
3.961828141047586960e-01
3.929495226140210518e-01
3.837916999505495141e-01
3.841568716953859819e-01
3.863307847388641747e-01
3.777055042032790300e-01
3.793792080337785033e-01
3.735022252653203978e-01
3.690897333485488319e-01
3.770112975008559908e-01
3.768401232454637317e-01
3.760793487770551224e-01
3.714576438814713999e-01
3.650861577085473542e-01
3.681672943056032987e-01
3.622998212180001953e-01
3.686142493057935066e-01
3.592091749400889711e-01
3.610540530259807035e-01
3.563752900452661354e-01
3.506599718513447872e-01
3.537411084484004542e-01
3.564038190878314194e-01
3.574593936627488699e-01
3.558522575982351333e-01
3.419395945072082887e-01
3.381167028034542943e-01
3.441398969150603615e-01
3.523460382669562629e-01
3.563752900452661354e-01
3.271235117349468591e-01
3.174997147095743322e-01
3.354635018448782202e-01
3.378694511012211854e-01
3.391794096390123858e-01
3.165487466240636261e-01
3.221594583285787294e-01
3.274278215223097033e-01
3.171858952413557087e-01
3.218076001369401529e-01
3.164061014112365955e-01
3.147609266233026282e-01
3.208851610939936760e-01
3.259823500323332235e-01
3.120601772604515989e-01
3.168720757731371407e-01
3.164536498155122168e-01
3.103008863022562180e-01
2.767031838411508904e-01
2.888090075697063996e-01
2.904565597778537289e-01
3.049184069382642193e-01
3.022556962988325879e-01
2.714443303282743636e-01
2.710259043706494952e-01
2.781771843736929872e-01
2.959312830461415245e-01
2.907489824641494858e-01
2.698276845829056247e-01
2.715489368176804974e-01
2.711305108600556291e-01
2.759614287344520078e-01
2.801456883107004692e-01
2.888280269314162374e-01
2.902354596979722090e-01
2.702270911788202112e-01
2.709688462855189273e-01
2.715394271368261059e-01
2.702689337745826093e-01
2.690288713910763407e-01
2.701795427745445899e-01
2.700939556468486269e-01
2.676975160713607749e-01
2.708832591578227977e-01
2.676499676670853201e-01
2.697420974552094952e-01
2.689554091064701447e-01
2.652725474533075278e-01
2.651869603256117314e-01
2.676975160713607749e-01
2.657099927726427890e-01
2.651964700064666225e-01
2.659857735174408488e-01
2.621704895583706896e-01
2.648921602191033342e-01
2.637605081973449228e-01
2.645307923466089228e-01
2.641313857506942253e-01
2.568089314922589739e-01
2.655578378789608673e-01
2.612214234090307619e-01
2.633706112822854495e-01
2.648446118148272133e-01
2.641313857506942253e-01
2.560481570238503646e-01
2.606603522385790295e-01
2.607364296854197128e-01
2.626764045798622993e-01
2.509890068089308812e-01
2.641313857506942253e-01
2.470424892540604433e-01
2.565997185134468728e-01
2.596428163870821981e-01
2.492197306858379979e-01
2.484404123397618014e-01
2.495340256380996491e-01
2.488398189356766932e-01
2.559720795770096813e-01
2.514644908516874833e-01
2.578074479820461340e-01
2.485830575525884711e-01
2.501521548936817552e-01
2.481494161055956271e-01
2.542793563847997040e-01
2.484404123397618014e-01
2.556867891513566748e-01
2.485735478717333580e-01
2.476225797862223466e-01
2.480505154247023281e-01
2.484404123397618014e-01
2.484404123397618014e-01
2.479078702118756583e-01
2.484404123397618014e-01
2.484404123397618014e-01
2.432576362737261522e-01
2.391114154208980047e-01
2.475274829776712981e-01
2.478317927650347807e-01
2.481361025523982911e-01
2.484404123397618014e-01
2.443170147209859089e-01
2.401479706341056730e-01
2.378561375480233164e-01
2.477557153181939031e-01
2.280421469055494976e-01
2.483643348929209238e-01
2.453307467001404896e-01
2.398151318041765734e-01
2.359732207387119363e-01
2.321313096732476322e-01
2.479839476587165359e-01
2.465384761687397230e-01
2.457396629769104668e-01
2.407756095705425314e-01
2.369336985050778666e-01
2.320267031838411376e-01
2.278804823310129901e-01
2.241621971166650185e-01
2.444962722051035042e-01
2.414032485069795286e-01
2.372950663775720836e-01
2.330632583970479732e-01
2.289265472250749112e-01
2.229449579672105053e-01
2.206245958385636974e-01
2.209289056259272077e-01
2.368766404199468267e-01
2.340998136102547811e-01
2.299535927574266614e-01
2.238103389250257202e-01
2.216611510517705330e-01
2.206245958385636974e-01
2.206245958385636974e-01
2.344041233976187910e-01
2.239529841378523900e-01
2.226577656053862209e-01
2.221917912434860365e-01
2.206245958385636974e-01
2.399197382935825407e-01
2.206245958385636974e-01
2.233538742439803160e-01
2.229544676480657572e-01
2.216231123283503301e-01
2.206245958385636974e-01
2.206245958385636974e-01
2.093651337061130935e-01
2.121799992392256473e-01
2.221556544562363067e-01
2.178097303054509770e-01
2.206245958385636974e-01
2.206245958385636974e-01
2.086614173228350244e-01
2.114762828559477725e-01
2.130579805241738511e-01
2.222887899882080576e-01
2.209574346684924639e-01
2.204248925406063486e-01
2.079577009395564835e-01
2.107725664726692039e-01
2.135874320057822850e-01
2.147476130701059249e-01
2.186656015824112731e-01
2.043059834911942763e-01
2.072539845562784144e-01
2.059321389174181005e-01
2.098501274297236152e-01
2.091333352352695019e-01
2.185134466887290183e-01
2.036688348739019994e-01
2.062174293430714123e-01
2.093651337061130935e-01
2.121799992392256473e-01
2.030316862566092229e-01
2.167066073262581827e-01
2.030316862566092229e-01
2.055802807257788023e-01
2.034406025333793666e-01
2.030316862566092229e-01
2.030316862566092229e-01
2.157271101981820538e-01
2.030316862566092229e-01
2.023427098786565459e-01
2.025657118947087054e-01
2.022994408307657310e-01
2.030316862566092229e-01
2.017668987028796157e-01
2.030316862566092229e-01
2.028985507246376385e-01
2.026322796606944976e-01
2.023814618281409017e-01
2.020997375328083823e-01
2.011012210430220548e-01
2.022043440222145161e-01
2.029651184906234307e-01
2.026988474266804563e-01
2.024325763627373154e-01
2.021663052987941467e-01
1.996937882764654448e-01
2.019285632774166228e-01
2.030316862566092229e-01
2.027654151926660819e-01
2.024991441287231075e-01
2.022328730647799389e-01
2.019666020008367979e-01
2.003214272129026363e-01
2.011582791281527616e-01
2.023034824451289126e-01
2.025657118947087054e-01
1.984385104035909231e-01
1.992753623188407153e-01
2.001122142340903409e-01
2.009490661493401609e-01
2.013674921069648904e-01
2.013674921069648904e-01
1.982292974247784612e-01
2.020997375328083823e-01
1.999030012552780733e-01
2.002948001065083250e-01
2.013674921069648904e-01
1.963273612537560775e-01
2.008539693407894455e-01
1.988569363612159857e-01
1.991612461485793295e-01
2.005306401917152370e-01
2.013674921069648904e-01
1.955760964662027479e-01
1.966792194453953480e-01
1.977823424245883088e-01
1.994845752976528164e-01
1.992278139145650939e-01
2.011582791281527616e-01
1.953003157214044938e-01
1.964034387005974547e-01
1.975065616797900547e-01
1.986096846589830156e-01
2.001122142340903409e-01
1.946061090189813714e-01
1.950245349766061009e-01
1.961276579557990341e-01
1.972307809349919949e-01
1.944729734870097870e-01
1.949389478489101379e-01
1.946726767849671358e-01
1.947487542318081799e-01
1.958518772110008077e-01
1.969550001901937408e-01
1.980581231693867017e-01
1.944729734870097870e-01
1.947392445509527614e-01
1.944729734870097870e-01
1.944729734870097870e-01
1.944729734870097870e-01
1.944729734870097870e-01
1.944729734870097870e-01
1.944729734870097870e-01
1.944729734870097870e-01
1.944729734870097870e-01
1.944729734870097870e-01
1.944729734870097870e-01
1.944729734870097870e-01
1.944729734870097870e-01
1.944729734870097870e-01
1.944729734870097870e-01
1.944729734870097870e-01
1.944729734870097870e-01
1.944729734870097870e-01
1.944729734870097870e-01
1.944729734870097870e-01
1.944729734870097870e-01
1.944729734870097870e-01
1.944729734870097870e-01
1.944729734870097870e-01
1.944729734870097870e-01
