2.593819613203724561e+00
2.434854698258401395e+00
2.329343863912515022e+00
2.032684031996758289e+00
1.829591940056702448e+00
1.678873025516403272e+00
1.573017922235722788e+00
1.538955548805184037e+00
1.486135581206966094e+00
1.383961117861482126e+00
1.342462788578371313e+00
1.259682563791007404e+00
1.254252733900364181e+00
1.211758302956661204e+00
1.203485722964761084e+00
1.151342901984608647e+00
1.115342750101255165e+00
1.075637910085054605e+00
1.084216788173349100e+00
1.058171324422843007e+00
1.053503442689347036e+00
1.049260834345888682e+00
9.988925172134465180e-01
9.776225192385580298e-01
9.382505569056296402e-01
9.368165249088697966e-01
9.358545970028349092e-01
8.918084244633454061e-01
9.016795767517206128e-01
8.663426488456864583e-01
8.687727825030375772e-01
8.783920615633858953e-01
8.578384467395695490e-01
8.190942689347908701e-01
8.454017314702306773e-01
8.127784528149047949e-01
8.054880518428511049e-01
7.792008404212222850e-01
7.704536249493719735e-01
7.671121911705142127e-01
7.699473471040906292e-01
7.751113811259617847e-01
7.610368570271364153e-01
7.647744532199268752e-01
7.326890947752126015e-01
7.245139732685296208e-01
7.505569056298094788e-01
7.404313487241797054e-01
7.328586978533814245e-01
7.295919400567029145e-01
7.119785338193599378e-01
7.065107330903198646e-01
6.993215876873227765e-01
6.980558930741190826e-01
6.980710814094771566e-01
7.091940056703117667e-01
7.054981773997568428e-01
6.977521263669502760e-01
6.944106925880924042e-01
6.948663426488457251e-01
6.804880518428512159e-01
6.804374240583229705e-01
6.700081004455242795e-01
6.812980963953018110e-01
6.735014175779664436e-01
6.631227217496961091e-01
6.675273390036452481e-01
6.628999594977718068e-01
6.539755467800726363e-01
6.545881429728631629e-01
6.595787768327255884e-01
6.619582827055486840e-01
6.564196030781680458e-01
6.259113001215066419e-01
6.386695018226001830e-01
6.304678007290401842e-01
6.366443904414742505e-01
6.369987849331713026e-01
6.411502632644795474e-01
6.255062778452815664e-01
6.201916261644389028e-01
6.272782503037668267e-01
6.234811664641553008e-01
6.047488861887404532e-01
6.088370797893878361e-01
5.926994734710409052e-01
6.062677197245849303e-01
5.940157958687728446e-01
5.984710409072498960e-01
6.011036857027136637e-01
5.828776832725801604e-01
5.880417172944512050e-01
5.868772782503037799e-01
5.929019846091534429e-01
5.824220332118265064e-01
5.772073714054271054e-01
6.062677197245849303e-01
5.794881530984196116e-01
5.821688942891859453e-01
5.784224382341027759e-01
5.711320372620493080e-01
5.743722154718509110e-01
5.703219927095989350e-01
5.788780882948562079e-01
5.717205852571887181e-01
5.637935398946934962e-01
5.688031591737546799e-01
5.677906034831915472e-01
5.678918590522478160e-01
5.703219927095988240e-01
5.664071992709589498e-01
5.632341028756582268e-01
5.590813588497346442e-01
5.660186310247061758e-01
5.664236533009313623e-01
5.601268226002424910e-01
5.607027136492506170e-01
5.627278250303765494e-01
5.532098015390847223e-01
5.581915755366541054e-01
5.623228027541513629e-01
5.581713244228432291e-01
5.571587687322802074e-01
5.561462130417171856e-01
5.456662616443904712e-01
5.418134872417976755e-01
5.533616848926690146e-01
5.553867962737949471e-01
5.574119076549208796e-01
5.426285945727016280e-01
5.419198055893074129e-01
5.475394896719318893e-01
5.293134872417982750e-01
5.526022681247469981e-01
5.352369380315917802e-01
5.383758606723370033e-01
5.364013770757390942e-01
5.368063993519642807e-01
5.337269643580394574e-01
5.321486431753745805e-01
5.346800324017821904e-01
5.376670716889428991e-01
5.318448764682057739e-01
5.330093155123530879e-01
5.298197650870798414e-01
5.261745646010531630e-01
5.341231267719724896e-01
5.277997164844067113e-01
5.273896314297285004e-01
5.207067638720128677e-01
5.241494532199270084e-01
5.164034021871203306e-01
5.113912515188334673e-01
5.133151073309032419e-01
5.194410692588091738e-01
5.176184690157957791e-01
5.121000405022275714e-01
5.144289185905225326e-01
5.114418793033616017e-01
5.113406237343053329e-01
5.152895909275009290e-01
5.136188740380720485e-01
5.119987849331711915e-01
5.099230457675171246e-01
5.086067233697852963e-01
5.118469015795868993e-01
5.113406237343053329e-01
5.113406237343053329e-01
5.113406237343053329e-01
5.075536654515997448e-01
5.066828675577156327e-01
5.062778452814905572e-01
5.091130012150668627e-01
5.113406237343053329e-01
5.062778452814905572e-01
5.095180234912919381e-01
5.055184285135682076e-01
5.062841737545564769e-01
5.064297286350749605e-01
5.066322397731876093e-01
5.068347509113001470e-01
5.070372620494126847e-01
5.043539894694208936e-01
5.043539894694208936e-01
5.050627784528148867e-01
5.065816119886594748e-01
4.923552045362493690e-01
4.978230052652897752e-01
4.968104495747265870e-01
5.029553969218307774e-01
5.044046172539491391e-01
5.055184285135682076e-01
4.972660996354798524e-01
4.953928716079383232e-01
4.960004050222761585e-01
4.966079384366141047e-01
5.062778452814905572e-01
5.024807614418793644e-01
4.877721243418387531e-01
4.919501822600242380e-01
4.951903604698257300e-01
4.961586168489265924e-01
5.010125556905629107e-01
4.819752430133648069e-01
4.822233191575515110e-01
4.890137707573915526e-01
4.877987039287161597e-01
4.936715269339813639e-01
4.787363304981772094e-01
4.825334143377885132e-01
4.842041312272173936e-01
4.860457168894285473e-01
4.874949372215472976e-01
4.784325637910083473e-01
4.788882138517616682e-01
4.793944916970431791e-01
4.832422033211825618e-01
4.870899149453218890e-01
4.784325637910083473e-01
4.796476306196839068e-01
4.784325637910083473e-01
4.784325637910083473e-01
4.822802754151477300e-01
4.808626974483595773e-01
4.784325637910083473e-01
4.725091130012150087e-01
4.751417577966786654e-01
4.785844471445928061e-01
4.793438639125150447e-01
4.738254353989467260e-01
4.784325637910083473e-01
4.718509518023490390e-01
4.754455245038475275e-01
4.771162413932766300e-01
4.639023896314296014e-01
4.689651680842447656e-01
4.715978128797084223e-01
4.708890238963140962e-01
4.738254353989467260e-01
4.764580801944106603e-01
4.777744025921423776e-01
4.751417577966785544e-01
4.765846496557307188e-01
4.619785338193600488e-01
4.731672742000809784e-01
4.757999189955446906e-01
4.619785338193600488e-01
4.658262454434994870e-01
4.619785338193599378e-01
4.619785338193600488e-01
4.633454840016200116e-01
4.748886188740381042e-01
4.619785338193600488e-01
4.619785338193599378e-01
4.619785338193600488e-01
4.612697448359658337e-01
4.521061158363709476e-01
4.494734710409072354e-01
4.619785338193600488e-01
4.619785338193599378e-01
4.619785338193600488e-01
4.612191170514377547e-01
4.527642770352369173e-01
4.511948157148643612e-01
4.479546375050627027e-01
4.467990583232076540e-01
4.566626164439043234e-01
4.619785338193599378e-01
4.534224382341027759e-01
4.507897934386391192e-01
4.481571486431752960e-01
4.455245038477116393e-01
4.550931551235316563e-01
4.499291211016606673e-01
4.529781794248681215e-01
4.509923045767516570e-01
4.485621709194004270e-01
4.461320372620493635e-01
4.455245038477116393e-01
4.527807310652084971e-01
4.547387606318347153e-01
4.450182260024301839e-01
4.491697043337383732e-01
4.467395706763871988e-01
4.455245038477116393e-01
4.455245038477116393e-01
4.455245038477116393e-01
4.522073714054272164e-01
4.451701093560144762e-01
4.453726204941270694e-01
4.455245038477116393e-01
4.455245038477116393e-01
4.455245038477116393e-01
4.449169704333739150e-01
4.451194815714864528e-01
4.468914540299716021e-01
4.455245038477116393e-01
4.455245038477116393e-01
4.446638315107330763e-01
4.455245038477116393e-01
4.450688537869582073e-01
4.452713649250708006e-01
4.449169704333739150e-01
4.444106925880924597e-01
4.446132037262050529e-01
4.442588092345079454e-01
4.450182260024301839e-01
4.452207371405427772e-01
4.455751316322397737e-01
4.443600648035642142e-01
4.445625759416767520e-01
4.447650870797893452e-01
4.442588092345079454e-01
4.451701093560144762e-01
4.442588092345079454e-01
4.443094370190361908e-01
4.442588092345079454e-01
4.442588092345079454e-01
4.449169704333739150e-01
4.442588092345079454e-01
4.442588092345079454e-01
4.442588092345079454e-01
4.442588092345079454e-01
4.446638315107330763e-01
4.442739975698662414e-01
4.442588092345079454e-01
4.442588092345079454e-01
4.442588092345079454e-01
4.444106925880924597e-01
4.368165249088699076e-01
4.442588092345079454e-01
4.442588092345079454e-01
4.442588092345079454e-01
4.442588092345079454e-01
4.422336978533819574e-01
4.378797083839610638e-01
4.434993924665857623e-01
4.366140137707573698e-01
4.442588092345079454e-01
4.442588092345079454e-01
4.432462535439450346e-01
4.389428918590521644e-01
4.442588092345079454e-01
4.442588092345079454e-01
4.442588092345079454e-01
4.329181855002026680e-01
4.442588092345079454e-01
4.400060753341433206e-01
4.357533414337789179e-01
4.315006075334142932e-01
4.076751721344671897e-01
4.300830295666264180e-01
4.414236533009316399e-01
4.410692588092344213e-01
4.279566626164438281e-01
4.325637910085055604e-01
3.999594977723774369e-01
4.070473876063183116e-01
4.154515998379912367e-01
4.421324422843256885e-01
4.378797083839610638e-01
3.916059133252328683e-01
4.130898136897527828e-01
4.052754151478331623e-01
4.123633049817742591e-01
4.176792223572296514e-01
4.389428918590521644e-01
3.893276630214660972e-01
3.970737140542731636e-01
4.035034426893479576e-01
4.120089104900770405e-01
4.176792223572296514e-01
3.806703118671528885e-01
3.875556905629809479e-01
3.946435803969220446e-01
4.017314702308628083e-01
4.088193600648036830e-01
4.159072498987445576e-01
3.553057918185504316e-01
3.857837181044956876e-01
3.928716079384365623e-01
3.999594977723774369e-01
3.531794248683678417e-01
3.489266909680032169e-01
3.524731672741998056e-01
4.176792223572296514e-01
3.910996354799514130e-01
3.981875253138922877e-01
4.052754151478331623e-01
3.499898744430943176e-01
3.496354799513972100e-01
3.609761036857029315e-01
3.723167274200079868e-01
3.595585257189144457e-01
3.553057918185499320e-01
