1.222586906222122849e+00
1.206236758474576343e+00
1.233465516280106922e+00
1.176698051404995171e+00
1.093705048505798416e+00
1.055048157337198811e+00
1.023031542707404151e+00
1.027840655664585157e+00
1.027830898751113553e+00
9.981702302631567658e-01
9.623383140053520801e-01
9.306004683318465087e-01
9.138105625557537692e-01
8.925485057983942871e-01
9.097935018956287978e-01
9.011359834968774019e-01
8.530382331623551639e-01
8.330689674397857569e-01
8.134478144513827003e-01
7.871776733942907889e-01
7.777434349910792299e-01
8.638353033006244130e-01
8.119999581846565340e-01
7.675066904549509017e-01
7.536379348795716471e-01
7.384868421052629417e-01
7.373438893844778130e-01
7.219018315120427909e-01
7.076828724353252387e-01
7.031183792372880381e-01
6.809865633363061388e-01
6.794296387154321604e-01
6.937541815343443163e-01
6.446657560214074101e-01
6.827908954058872215e-01
6.649538637377337968e-01
6.380359333184656423e-01
6.374567908117737547e-01
6.377839958742194115e-01
6.150340098126672039e-01
6.091938001784121814e-01
5.990953947368419241e-01
5.828919491525422769e-01
5.888718917261346331e-01
5.775814005352363223e-01
5.642813336306853333e-01
5.488263826940230627e-01
5.703473461195353034e-01
5.547585860838533112e-01
5.648277207850130877e-01
5.535654549509364530e-01
5.431813113291700246e-01
5.406723907225690073e-01
5.377035013380905282e-01
5.330898751115075163e-01
5.342607047279215315e-01
5.251310214094557782e-01
5.236396074933095113e-01
5.240438224799284228e-01
5.195835191793041208e-01
5.167679527207849066e-01
5.052739601917929368e-01
5.025517813336307649e-01
5.012823371989296728e-01
5.086850468331847175e-01
5.179335554192684432e-01
4.967662801070471534e-01
4.978952943800177833e-01
4.882645238626210360e-01
4.920411462979480954e-01
4.838174620874218790e-01
4.686803077609278390e-01
4.742556868867084940e-01
4.751338090990183671e-01
4.741302408563783377e-01
4.629596203166815305e-01
4.686803077609278390e-01
4.693354148082068966e-01
4.650423728813559698e-01
4.585331177520071133e-01
4.581985950044604183e-01
4.560660124888491485e-01
4.512572479928633196e-01
4.508112176628010781e-01
4.573378958519170867e-01
4.536619787020512717e-01
4.589948288358609019e-01
4.460024531668154157e-01
4.446364852809991386e-01
4.473962979482601354e-01
4.470757136485281613e-01
4.451243309545049320e-01
4.466854371097234155e-01
4.387126449598572342e-01
4.337505575379120848e-01
4.422390722569135013e-01
4.446364852809991386e-01
4.279800401427298340e-01
4.271994870651203979e-01
4.239657671721676624e-01
4.253317350579838840e-01
4.168989741302407959e-01
4.432705173951831390e-01
4.271437332738625692e-01
4.255547502230152546e-01
4.244396743978591235e-01
4.135537466547721808e-01
4.092607047279213095e-01
4.056924620874218790e-01
4.028211418376448916e-01
4.185994647636038790e-01
4.122992863514720052e-01
4.098739964317573148e-01
4.073093220338983023e-01
3.974269625334525546e-01
4.027096342551292896e-01
3.941793041926850982e-01
4.050512934879572646e-01
4.005212979482603575e-01
3.991117724130238131e-01
3.926321364852808915e-01
3.920188447814451083e-01
3.915728144513827003e-01
3.911490856378230796e-01
3.920188447814451083e-01
3.864155887600357331e-01
3.836557760927742367e-01
3.886736173059768817e-01
3.906389384478144433e-01
3.892311552185548917e-01
3.789093861507580874e-01
3.820249776984827594e-01
3.794463648528101918e-01
3.867222346119537080e-01
3.849659901873326850e-01
3.829030999107939648e-01
3.803924369982160103e-01
3.761150758251560200e-01
3.717941570026759845e-01
3.820249776984834811e-01
3.812026092774309372e-01
3.739040895405886800e-01
3.790700267618197783e-01
3.743448929527208313e-01
3.774113514719000806e-01
3.791397190008919948e-01
3.808680865298840201e-01
3.707905887600358441e-01
3.670655385816238847e-01
3.738012934879574312e-01
3.681980374665482780e-01
3.703776622435331345e-01
3.672780999107939093e-01
3.678635147190008614e-01
3.648388715432648866e-01
3.672780999107939093e-01
3.631662578055306345e-01
3.672780999107939093e-01
3.655497323818022171e-01
3.669345171721667964e-01
3.651873327386260804e-01
3.596119536128459249e-01
3.617365215209623619e-01
3.654274225022300926e-01
3.646855486173057881e-01
3.652709634255133508e-01
3.526967411909015526e-01
3.552074041034793961e-01
3.523778991971455721e-01
3.510283089875112505e-01
3.569497100802854761e-01
3.369619759143622217e-01
3.476276761819799832e-01
3.447814451382694156e-01
3.518621766280109475e-01
3.437639384478149984e-01
3.525033452274757839e-01
3.572723851471902856e-01
3.422446476360391232e-01
3.390388046387154408e-01
3.452971677074040402e-01
3.456038135593218485e-01
3.390527430865297731e-01
3.376588983050846648e-01
3.386903434433544691e-01
3.369619759143622217e-01
3.369619759143622217e-01
3.407950490633363527e-01
3.339373327386262469e-01
3.356657002676181611e-01
3.369619759143622217e-01
3.369619759143622217e-01
3.378261596788585397e-01
3.369619759143622217e-01
3.335052408563782822e-01
3.366274531668154157e-01
3.261596788581623274e-01
3.369619759143622217e-01
3.296164139161462669e-01
3.313447814451385143e-01
3.330731489741304285e-01
3.334773639607495621e-01
3.362650535236397786e-01
3.350802854594112090e-01
3.304666592328279195e-01
3.309126895628903275e-01
3.232326048171276778e-01
3.261596788581623274e-01
3.261596788581623274e-01
3.257694023193574706e-01
3.249888492417484231e-01
3.202358385370204230e-01
3.212669352140944401e-01
3.148695361284567507e-01
3.262217049509364974e-01
3.249330954504899838e-01
3.251839875111505185e-01
3.205146074933092892e-01
3.194413470115967102e-01
3.166264774754669609e-01
3.133223684210523219e-01
3.261596788581623274e-01
3.122072925958963019e-01
3.200964540588759899e-01
3.231629125780548506e-01
3.161239964317569262e-01
3.122909232827830728e-01
3.113281249999991784e-01
3.211836529884029012e-01
3.208212533452274862e-01
3.192601471900088916e-01
3.141029214986619800e-01
3.126533229259585989e-01
3.254627564674398843e-01
3.104789250669044431e-01
3.111758474576268307e-01
3.104789250669044431e-01
3.144653211418376171e-01
3.130157225691347356e-01
3.057398528099911084e-01
3.041229928635147961e-01
3.125696922390717170e-01
3.069943131132911729e-01
3.073009589652095919e-01
3.133781222123103727e-01
3.092523416592325991e-01
3.038581623550400956e-01
3.066458519179303122e-01
3.045550847457627608e-01
3.059489295272078691e-01
3.095903490187328355e-01
3.038581623550400956e-01
3.044017618198035513e-01
3.046526538804638085e-01
3.057119759143621107e-01
3.067712979482603020e-01
3.069943131132915060e-01
3.038581623550400956e-01
3.049453612845671180e-01
3.038581623550400956e-01
3.038581623550400956e-01
3.038581623550400956e-01
3.038581623550400956e-01
3.038581623550400956e-01
3.036072702943799495e-01
3.041229928635147961e-01
3.038581623550400956e-01
3.038581623550400956e-01
3.038581623550400956e-01
3.038581623550400956e-01
3.035236396074932896e-01
3.038581623550400956e-01
2.997323818019627106e-01
2.956066012488842709e-01
3.038581623550400956e-01
3.038581623550400956e-01
3.034400089206065187e-01
3.017673951828723222e-01
3.038581623550400956e-01
2.951326940231934204e-01
3.038581623550400956e-01
3.030218554861729974e-01
3.033563782337199144e-01
3.025200713648530382e-01
3.004014272970557675e-01
3.038581623550400956e-01
3.026037020517394205e-01
3.029382247992862265e-01
2.833613263826939566e-01
3.018510258697590376e-01
3.016698260481701088e-01
2.970283229259584878e-01
2.932370651204277423e-01
2.894458073148971633e-01
2.854733496877788768e-01
2.826508140053517470e-01
3.038581623550400956e-01
2.979761373773416877e-01
2.941848795718102205e-01
2.903936217662797525e-01
2.866023639607491180e-01
3.017673951828723222e-01
3.031891168599469832e-01
2.989239518287240549e-01
2.951326940231928098e-01
2.904214986619090832e-01
2.862957181088306990e-01
2.821699375557540357e-01
3.017673951828723222e-01
2.975579839429087770e-01
2.955787243532557174e-01
2.922892506690448200e-01
2.873271632471006698e-01
2.832013826940225076e-01
3.017673951828723222e-01
2.760648974130242017e-01
2.759812667261374308e-01
2.759812667261374308e-01
2.883586083853706405e-01
2.842328278322924784e-01
2.801070472792140942e-01
2.759812667261374308e-01
2.763157894736843478e-01
2.759812667261374308e-01
2.893900535236391125e-01
2.852642729705624491e-01
2.784204950936663980e-01
2.764419324264045796e-01
2.759812667261374308e-01
2.759812667261374308e-01
2.904214986619090832e-01
2.862957181088306990e-01
2.802464317573596375e-01
2.768733273862621913e-01
2.759812667261374308e-01
2.697026929081180469e-01
2.759812667261374308e-01
2.759812667261374308e-01
2.718833630686890990e-01
2.773193577163248769e-01
2.759812667261374308e-01
2.759812667261374308e-01
2.759812667261374308e-01
2.689562890276545604e-01
2.712979482604819248e-01
2.777653880463867297e-01
2.759812667261374308e-01
2.759812667261374308e-01
2.660292149866190781e-01
2.683708742194472752e-01
2.707125334522745841e-01
2.730541926851027812e-01
2.764272970561994502e-01
2.759812667261374308e-01
2.654438001784125700e-01
2.677854594112400455e-01
2.701271186440682426e-01
2.724687778768955515e-01
2.613458965209635165e-01
2.759812667261374308e-01
2.648583853702053958e-01
2.672000446030335929e-01
2.695417038358609019e-01
2.698344112399649330e-01
2.742250223015164079e-01
2.607744201605707302e-01
2.642729705619981662e-01
2.666146297948263633e-01
2.654438001784130696e-01
2.712979482604819248e-01
2.654716770740401799e-01
2.613458965209635165e-01
2.640220785013386307e-01
2.660292149866190781e-01
2.683708742194472752e-01
2.680781668153431885e-01
2.715906556645854564e-01
2.613458965209635165e-01
2.631021409455845395e-01
2.654438001784125700e-01
2.677854594112400455e-01
2.701271186440682426e-01
2.613458965209635165e-01
2.613458965209635165e-01
2.602029438001787209e-01
2.648583853702053958e-01
2.613458965209635165e-01
2.663219223907227207e-01
2.613458965209635165e-01
2.613458965209635165e-01
2.607744201605707302e-01
2.584885147190012500e-01
2.613605318911686459e-01
2.689562890276545604e-01
2.613458965209635165e-01
