7.790452049007183799e-01
7.399239543726233714e-01
6.835656949725390508e-01
6.380059146599070807e-01
6.349809885931558817e-01
5.876975073933247140e-01
5.978031263202364665e-01
5.500633713561469129e-01
5.454161385720319721e-01
4.995775242923531367e-01
5.057034220532318214e-01
4.826784959864806046e-01
4.871144909167722803e-01
4.634558512885508241e-01
4.850021123785382415e-01
4.437346852555977827e-01
4.254330376003379599e-01
4.262779890156315754e-01
4.152936206168145739e-01
4.193071398394590532e-01
4.207858048162230746e-01
4.024419095901985433e-01
3.983945923109420972e-01
3.884664131812420873e-01
3.983945923109420972e-01
3.743134769750738888e-01
3.827629911280102104e-01
3.643852978453738789e-01
3.827629911280102104e-01
3.546683565694971896e-01
3.540346430080271167e-01
3.451626531474440429e-01
3.540346430080271167e-01
3.289311364596536058e-01
3.540346430080271167e-01
3.244613434727502965e-01
3.177017321504013170e-01
3.193916349809886590e-01
3.177017321504013170e-01
3.177017321504013170e-01
3.113645965356992007e-01
3.116096324461342659e-01
3.113645965356992007e-01
3.073848753696662439e-01
3.075623151668779309e-01
2.995352767215886391e-01
3.041825095057035244e-01
2.989015631601182332e-01
2.915082382762991808e-01
2.972116603295310577e-01
2.915082382762991808e-01
2.902408111533588686e-01
2.915082382762991808e-01
2.815800591465991709e-01
2.890240811153353961e-01
2.731305449936628493e-01
2.915082382762991808e-01
2.750316856780735675e-01
2.733417828474863365e-01
2.741867342627799520e-01
2.733417828474863365e-01
2.689057879171946608e-01
2.733417828474863365e-01
2.629911280101394633e-01
2.513730460498521113e-01
2.623912125052808575e-01
2.661596958174904937e-01
2.613012251795522323e-01
2.661596958174904937e-01
2.551753274186733811e-01
2.441909590198562408e-01
2.564427545416138599e-01
2.441909590198562408e-01
2.522179974651458378e-01
2.441909590198562408e-01
2.439797211660328646e-01
2.441909590198562408e-01
2.399662019433882187e-01
2.441909590198562408e-01
2.415124630333755629e-01
2.365863962822136735e-01
2.399662019433882187e-01
2.315166877904520637e-01
2.397549640895648704e-01
2.315166877904520637e-01
2.359526827207435729e-01
2.315166877904520637e-01
2.353189691592733335e-01
2.315166877904520637e-01
2.357414448669202245e-01
2.315166877904520637e-01
2.338403041825095063e-01
2.315166877904520637e-01
2.319391634980987882e-01
2.315166877904520637e-01
2.298267849598648327e-01
2.315166877904520637e-01
2.296155471060413455e-01
2.277144064216307662e-01
2.262357414448669113e-01
2.285593578369243539e-01
2.262357414448669113e-01
2.247570764681030842e-01
2.277144064216307662e-01
2.247570764681030842e-01
2.163075623151667626e-01
2.247570764681030842e-01
2.186311787072243440e-01
2.247570764681030842e-01
2.186311787072243440e-01
2.247570764681030842e-01
2.163075623151667626e-01
2.247570764681030842e-01
2.148288973384029077e-01
2.247570764681030842e-01
2.129277566539923561e-01
2.247570764681030842e-01
2.127165188001689800e-01
2.247570764681030842e-01
2.129277566539923561e-01
2.247570764681030842e-01
2.127165188001689800e-01
2.247570764681030842e-01
2.023658639628220790e-01
2.247570764681030842e-01
2.127165188001689800e-01
2.243346007604563597e-01
2.023658639628220790e-01
2.247570764681030842e-01
2.127165188001689800e-01
2.006759611322348758e-01
2.006759611322348758e-01
2.006759611322348758e-01
1.994085340092945635e-01
2.006759611322348758e-01
2.006759611322348758e-01
2.006759611322348758e-01
2.006759611322348758e-01
2.006759611322348758e-01
2.006759611322348758e-01
2.006759611322348758e-01
1.977186311787071937e-01
2.006759611322348758e-01
1.987748204478241576e-01
2.006759611322348758e-01
1.977186311787073603e-01
2.006759611322348758e-01
1.975073933248838454e-01
2.006759611322348758e-01
1.975073933248838454e-01
2.006759611322348758e-01
1.956400506970849273e-01
2.006759611322348758e-01
1.956062526404732660e-01
2.006759611322348758e-01
1.877904520490071838e-01
2.006759611322348758e-01
1.837769328263625379e-01
2.006759611322348758e-01
1.837769328263625379e-01
1.964512040557667150e-01
1.837769328263625379e-01
1.711026615969581943e-01
1.816645542881284436e-01
1.711026615969581943e-01
1.837769328263625379e-01
1.668779045204900335e-01
1.837769328263625379e-01
1.964512040557667150e-01
1.816645542881284436e-01
1.668779045204900335e-01
1.816645542881284436e-01
1.668779045204900335e-01
1.816645542881284436e-01
1.668779045204900335e-01
1.789184621884241377e-01
1.668779045204900335e-01
1.738487536966623614e-01
1.668779045204900335e-01
1.789184621884241377e-01
1.668779045204900335e-01
1.789184621884241377e-01
1.668779045204900335e-01
1.789184621884241377e-01
1.668779045204900335e-01
1.789184621884241377e-01
1.668779045204900335e-01
1.738487536966623614e-01
1.668779045204900335e-01
1.668779045204900335e-01
1.668779045204900335e-01
1.668779045204900335e-01
1.668779045204900335e-01
1.527249683143220016e-01
1.668779045204900335e-01
1.548373468525559293e-01
1.668779045204900335e-01
1.548373468525559293e-01
1.668779045204900335e-01
1.527249683143220016e-01
1.668779045204900335e-01
1.550485847063794442e-01
1.668779045204900335e-01
1.499788762146178345e-01
1.668779045204900335e-01
1.527249683143220016e-01
1.668779045204900335e-01
1.548373468525559293e-01
1.668779045204900335e-01
1.499788762146178345e-01
1.668779045204900335e-01
1.527249683143220016e-01
1.668779045204900335e-01
1.527249683143220016e-01
1.668779045204900335e-01
1.527249683143220016e-01
1.668779045204900335e-01
1.499788762146178345e-01
1.668779045204900335e-01
1.499788762146178345e-01
1.385720321081538309e-01
1.499788762146178345e-01
1.330798479087453301e-01
1.499788762146178345e-01
1.385720321081538309e-01
1.499788762146178345e-01
1.330798479087453301e-01
1.499788762146178345e-01
1.330798479087453301e-01
1.499788762146178345e-01
1.330798479087453301e-01
1.430080270384453400e-01
1.330798479087453301e-01
1.499788762146178345e-01
1.330798479087453301e-01
1.472327841149135008e-01
1.330798479087453301e-01
1.333164343050272926e-01
1.330798479087453301e-01
1.434305027460922310e-01
1.330798479087453301e-01
1.406844106463878974e-01
1.330798479087453301e-01
1.434305027460922310e-01
1.330798479087453301e-01
1.330798479087453301e-01
1.330798479087453301e-01
1.360371778622730121e-01
1.330798479087453301e-01
1.358259400084494972e-01
1.330798479087453301e-01
1.330798479087453301e-01
1.330798479087453301e-01
1.330798479087453301e-01
1.330798479087453301e-01
1.330798479087453301e-01
1.330798479087453301e-01
1.330798479087453301e-01
1.330798479087453301e-01
1.330798479087453301e-01
1.330798479087453301e-01
1.330798479087453301e-01
1.330798479087453301e-01
1.330798479087453301e-01
1.330798479087453301e-01
1.330798479087453301e-01
1.330798479087453301e-01
1.330798479087453301e-01
1.330798479087453301e-01
1.330798479087453301e-01
1.330798479087453301e-01
1.330798479087453301e-01
1.330798479087453301e-01
1.330798479087453301e-01
1.330798479087453301e-01
1.307562315166877209e-01
1.330798479087453301e-01
1.307562315166877209e-01
1.330798479087453301e-01
1.330798479087453301e-01
1.330798479087453301e-01
1.330798479087453301e-01
1.330798479087453301e-01
1.330798479087453301e-01
1.330798479087453301e-01
1.307562315166877209e-01
1.330798479087453301e-01
1.280101394169835538e-01
1.330798479087453301e-01
1.214617659484579504e-01
1.330798479087453301e-01
1.214617659484579504e-01
1.330798479087453301e-01
1.242078580481621314e-01
1.330798479087453301e-01
1.214617659484579504e-01
1.330798479087453301e-01
1.214617659484579504e-01
1.330798479087453301e-01
1.214617659484579504e-01
1.330798479087453301e-01
1.214617659484579504e-01
1.330798479087453301e-01
1.214617659484579504e-01
1.229404309252217914e-01
1.214617659484579504e-01
1.330798479087453301e-01
1.214617659484579504e-01
1.330798479087453301e-01
1.214617659484579504e-01
1.199831009716941094e-01
1.214617659484579504e-01
1.229404309252217914e-01
1.214617659484579504e-01
1.229404309252217914e-01
1.214617659484579504e-01
1.098436839881705845e-01
1.214617659484579504e-01
1.098436839881705845e-01
1.214617659484579504e-01
1.098436839881705845e-01
1.214617659484579504e-01
1.098436839881705845e-01
1.168145331643430651e-01
1.098436839881705845e-01
1.214617659484579504e-01
1.098436839881705845e-01
1.164596535699196772e-01
1.098436839881705845e-01
1.168145331643430651e-01
1.199831009716941094e-01
1.214617659484579504e-01
1.098436839881705845e-01
1.163920574566961880e-01
1.098436839881705845e-01
1.105365441487112382e-01
1.098436839881705845e-01
1.121673003802281798e-01
1.098436839881705845e-01
1.168145331643430651e-01
1.098436839881705845e-01
1.149133924799323470e-01
1.098436839881705845e-01
1.163920574566961880e-01
1.098436839881705845e-01
1.117448246725813027e-01
1.098436839881705845e-01
1.117448246725813027e-01
1.098436839881705845e-01
1.117448246725813027e-01
1.098436839881705845e-01
1.098436839881705845e-01
1.098436839881705845e-01
1.102661596958174617e-01
1.098436839881705845e-01
1.098436839881705845e-01
1.098436839881705845e-01
1.163920574566961880e-01
1.098436839881705845e-01
1.098436839881705845e-01
1.098436839881705845e-01
1.098436839881705845e-01
1.098436839881705845e-01
1.098436839881705845e-01
1.098436839881705845e-01
1.098436839881705845e-01
1.098436839881705845e-01
1.098436839881705845e-01
1.098436839881705845e-01
1.098436839881705845e-01
1.098436839881705845e-01
1.098436839881705845e-01
1.098436839881705845e-01
1.098436839881705845e-01
1.098436839881705845e-01
1.098436839881705845e-01
1.098436839881705845e-01
1.098436839881705845e-01
1.098436839881705845e-01
1.098436839881705845e-01
1.098436839881705845e-01
1.098436839881705845e-01
1.098436839881705845e-01
1.098436839881705845e-01
1.098436839881705845e-01
1.098436839881705845e-01
1.098436839881705845e-01
1.098436839881705845e-01
1.098436839881705845e-01
1.098436839881705845e-01
1.098436839881705845e-01
1.098436839881705845e-01
1.098436839881705845e-01
1.098436839881705845e-01
1.098436839881705845e-01
