1.514047965507949511e+00
1.427237941255726783e+00
1.389598490972783429e+00
1.227000808407437304e+00
1.003718674211802719e+00
9.845540285637293110e-01
9.589436809485313296e-01
8.958534087846939942e-01
8.109404473187820095e-01
7.926704392347075911e-01
7.753338722716248688e-01
7.448127189436809514e-01
7.116766370250604545e-01
7.014152519536511754e-01
7.167922392886012517e-01
7.158070600916195403e-01
6.689086499595793267e-01
6.396119644300728435e-01
6.446240905416331657e-01
6.378334680679061952e-01
6.370250606305577490e-01
5.955268121800053605e-01
5.957423874966316646e-01
5.825922931824307760e-01
5.748315817838859365e-01
5.572621934788468678e-01
5.488116410670978995e-01
5.641067097817298315e-01
5.524656426839126278e-01
5.429264349232012510e-01
5.226752896793316339e-01
5.182753974669900288e-01
5.085960657504716709e-01
5.029199676637025052e-01
5.311754244139045289e-01
5.035839396389113487e-01
5.006736728644567425e-01
4.960926973861492506e-01
4.910805712745889839e-01
4.868229587712207262e-01
4.705470223659389828e-01
4.777687954729183950e-01
4.739962274319592939e-01
4.705987604419292203e-01
4.618162220425761633e-01
4.669900296416060748e-01
4.688763136620856531e-01
4.631096739423335995e-01
4.601994071678792153e-01
4.540555106440311572e-01
4.551592562651574636e-01
4.535165723524657300e-01
4.544327674481275503e-01
4.541094044731879831e-01
4.540555106440311572e-01
4.450013473457288815e-01
4.343842630018863171e-01
4.349770951226082927e-01
4.407437348423606238e-01
4.450552411748854298e-01
4.438695769334413121e-01
4.322285098356238864e-01
4.248450552411749959e-01
4.241983292912962500e-01
4.331985987604420885e-01
4.320129345189975267e-01
4.349232012934519109e-01
4.299649690110483036e-01
4.122877930476961383e-01
4.079223928860143955e-01
4.213419563459984141e-01
4.338453247103207788e-01
4.230126650498519103e-01
4.157369981137161719e-01
4.043115063325249392e-01
3.960657504715710542e-01
4.044731878199946951e-01
4.199946106170845406e-01
4.155214227970899232e-01
4.122877930476961383e-01
3.649690110482349814e-01
3.864187550525464143e-01
3.939638911344650607e-01
4.060361088655348172e-01
4.122877930476961383e-01
3.388305039073025160e-01
3.407275666936133707e-01
3.685260037725681670e-01
3.860953920776072357e-01
3.990299110751820977e-01
3.269738614928590636e-01
3.357585556453784870e-01
3.393155483697116725e-01
3.356507679870656125e-01
3.739153866882242161e-01
3.928860145513339286e-01
3.193209377526272097e-01
3.251414713015359781e-01
3.210994341147939135e-01
3.272433306386418606e-01
3.241110212880625729e-01
2.850983562382105596e-01
3.185125303152787635e-01
3.151172190784157778e-01
3.179735920237135582e-01
3.240097008892484087e-01
2.896793317165182735e-01
2.847210994341145551e-01
3.177041228779303172e-01
3.147938561034759331e-01
3.126919967663703837e-01
2.966855295068712151e-01
2.799245486391806481e-01
2.759364052815952983e-01
3.078415521422795398e-01
3.015898679601186072e-01
3.018054432767448558e-01
2.860145513338724910e-01
2.801940177849636671e-01
2.752357855025599487e-01
2.539477229857182716e-01
2.991107518189168313e-01
3.047157100511990735e-01
2.805712745890596715e-01
2.790083535435191608e-01
2.729183508488277066e-01
2.538399353274050640e-01
2.448935596874158849e-01
2.921584478577204380e-01
2.828887092427916916e-01
2.690918889787118906e-01
2.619240097008891377e-01
2.541632983023444092e-01
2.464025869037995420e-01
2.441390460792240980e-01
2.645109135004040657e-01
2.700080840743733224e-01
2.618701158717329225e-01
2.561034761519807579e-01
2.418755052546484041e-01
2.425222312045271778e-01
2.400970088924818113e-01
2.658043654001616130e-01
2.584748046348694372e-01
2.451845863648608181e-01
2.434923201293451855e-01
2.425222312045271778e-01
2.389652384801940477e-01
2.425222312045271778e-01
2.561034761519806469e-01
2.500673672864457964e-01
2.395580706009161343e-01
2.367016976556184649e-01
2.378334680679062563e-01
2.367016976556184649e-01
2.379951495553760399e-01
2.441390460792238482e-01
2.310428455941795078e-01
2.389652384801939089e-01
2.349770951226084481e-01
2.312045270816491804e-01
2.344381568310428821e-01
2.472648881703043144e-01
2.254917811910538139e-01
2.279708973322554788e-01
2.338992185394772050e-01
2.317434653732148575e-01
2.344381568310428821e-01
2.232821341956345573e-01
2.344381568310428821e-01
2.258151441659930203e-01
2.344381568310428821e-01
2.322824036647805346e-01
2.275397466990030371e-01
2.344381568310428821e-01
2.150363783346807001e-01
2.236593909997305618e-01
2.322824036647804236e-01
2.318512530315278430e-01
2.240344920506597559e-01
2.078146052277015376e-01
2.177310697925089467e-01
2.187011587173267324e-01
2.301266504985179651e-01
2.327135542980328653e-01
1.950956615467530908e-01
1.934788466720560596e-01
2.107248720021560051e-01
2.193478846672056171e-01
2.141740770681756778e-01
1.829695499865265085e-01
1.886284020479655765e-01
1.950956615467528410e-01
1.973592023713285348e-01
2.025330099703583631e-01
2.163298302344381641e-01
2.128806251684182416e-01
1.870115871732689061e-01
1.908919428725411316e-01
1.960657504715712096e-01
2.012395580706008991e-01
2.037186742118027027e-01
2.101492859067636554e-01
1.850714093236324187e-01
1.895984909727835566e-01
1.947722985718133848e-01
1.945567232551874137e-01
2.067367286445702945e-01
2.108326596604689906e-01
1.837779574238749547e-01
1.883050390730261203e-01
1.934788466720560596e-01
1.927243330638642727e-01
1.898679601185664645e-01
2.012524925895984862e-01
1.611425491781190711e-01
1.697655618431691826e-01
1.921853947722985956e-01
1.908919428725412704e-01
1.865804365400162146e-01
1.934788466720564204e-01
1.589867960118566126e-01
1.676098086769066964e-01
1.908919428725411316e-01
1.890595526812182403e-01
1.667475074104014521e-01
1.632983023443814186e-01
1.593101589867960688e-01
1.654540555106437660e-01
1.721627593640530363e-01
1.751549447588249819e-01
1.676098086769064743e-01
1.641606036108865518e-01
1.607113985448665183e-01
1.589867960118566126e-01
1.774184855834007868e-01
1.719213150094313913e-01
1.684721099434113578e-01
1.650229048773915463e-01
1.599568849366746204e-01
1.589867960118566126e-01
1.589867960118568624e-01
1.589867960118566126e-01
1.679331716518457918e-01
1.658852061438964576e-01
1.624360010778765351e-01
1.589867960118566126e-01
1.589867960118566126e-01
1.589867960118566126e-01
1.589867960118566126e-01
1.650229048773915463e-01
1.606036108865533940e-01
1.593101589867960688e-01
1.589867960118566126e-01
1.589867960118566126e-01
1.583400700619777002e-01
1.535974130962005635e-01
1.641606036108865518e-01
1.596335219617353862e-01
1.589867960118566126e-01
1.589867960118566126e-01
1.589867960118566126e-01
1.589867960118566126e-01
1.612503368364321954e-01
1.599568849366746204e-01
1.589867960118566126e-01
1.589867960118566126e-01
1.589867960118566126e-01
1.525195365130692093e-01
1.546752896793316678e-01
1.602802479116140766e-01
1.589867960118566126e-01
1.562921045540288378e-01
1.589867960118566126e-01
1.519805982215036710e-01
1.541363513877661295e-01
1.562921045540285880e-01
1.593101589867960688e-01
1.589867960118566126e-01
1.492859067636756465e-01
1.514416599299381050e-01
1.535974130962005635e-01
1.557531662624627999e-01
1.567232551872811408e-01
1.589867960118566126e-01
1.487469684721100804e-01
1.509027216383723169e-01
1.530584748046347754e-01
1.552142279708972339e-01
1.530045809754783381e-01
1.460522770142818338e-01
1.482080301805442923e-01
1.503637833468067508e-01
1.525195365130692093e-01
1.546752896793316678e-01
1.510105092966856632e-01
1.455133387227162678e-01
1.562921045540288378e-01
1.498248450552411848e-01
1.519805982215036710e-01
1.455133387227162678e-01
1.455133387227162678e-01
1.569927243330639377e-01
1.535974130962008133e-01
1.492859067636756465e-01
1.514416599299381050e-01
1.535974130962005635e-01
1.455133387227162678e-01
1.455133387227162678e-01
1.465912153058474832e-01
1.487469684721100804e-01
1.455133387227162678e-01
1.455133387227162678e-01
1.455133387227162678e-01
1.455133387227162678e-01
1.460522770142818338e-01
1.482080301805442923e-01
1.503637833468067508e-01
1.455133387227162678e-01
1.455133387227162678e-01
1.455133387227162678e-01
1.455133387227162678e-01
1.476690918889787263e-01
1.498248450552411848e-01
1.455133387227162678e-01
1.455133387227162678e-01
1.455133387227162678e-01
1.455133387227162678e-01
1.471301535974131602e-01
1.492859067636756465e-01
1.455133387227162678e-01
1.455133387227162678e-01
1.455133387227162678e-01
1.455133387227162678e-01
1.465912153058474832e-01
1.455133387227162678e-01
1.455133387227162678e-01
1.455133387227162678e-01
1.455133387227162678e-01
1.455133387227162678e-01
1.460522770142818338e-01
1.482080301805442923e-01
1.455133387227162678e-01
1.455133387227162678e-01
1.455133387227162678e-01
1.455133387227162678e-01
1.455133387227162678e-01
1.455133387227162678e-01
1.455133387227162678e-01
1.455133387227162678e-01
1.455133387227162678e-01
1.455133387227162678e-01
1.455133387227162678e-01
1.455133387227162678e-01
1.455133387227162678e-01
1.455133387227162678e-01
1.455133387227162678e-01
1.455133387227162678e-01
1.455133387227162678e-01
1.455133387227162678e-01
1.455133387227162678e-01
1.455133387227162678e-01
1.455133387227162678e-01
1.455133387227162678e-01
1.455133387227162678e-01
1.455133387227162678e-01
1.455133387227162678e-01
1.455133387227162678e-01
1.455133387227162678e-01
1.455133387227162678e-01
1.455133387227162678e-01
1.455133387227162678e-01
1.455133387227162678e-01
1.455133387227162678e-01
1.455133387227162678e-01
1.455133387227162678e-01
1.455133387227162678e-01
1.440582053354891312e-01
1.455133387227162678e-01
1.455133387227162678e-01
1.455133387227162678e-01
1.455133387227162678e-01
1.367825383993531707e-01
1.426030719482620224e-01
1.455133387227162678e-01
1.455133387227162678e-01
1.455133387227162678e-01
1.370520075451361897e-01
1.353274050121260619e-01
1.411479385610348858e-01
1.455133387227162678e-01
1.455133387227162678e-01
1.455133387227162678e-01
1.455133387227162678e-01
1.338722716248989253e-01
