1.168143527463428200e+00
1.107546232404085229e+00
1.000920783880761666e+00
8.571305547888489196e-01
7.873298371515318195e-01
7.321821694728125607e-01
6.900358818658571813e-01
6.638697212255038060e-01
6.327905051062654440e-01
6.083356334529396170e-01
5.861683687551751953e-01
5.589732266077838130e-01
5.377002484129173032e-01
5.229367927132211324e-01
5.339773668230748394e-01
5.346398012696661484e-01
5.080430582390281780e-01
4.964946177201214894e-01
4.563378415677613598e-01
4.651945901186861909e-01
4.866685067623515160e-01
4.913055478884901794e-01
4.113651669886833062e-01
3.949765387800165950e-01
4.074523875241512494e-01
4.176649185757660421e-01
4.046812034225780730e-01
3.555616892078388713e-01
3.519735026221364471e-01
3.661495997791884838e-01
3.660502346121997652e-01
3.397736682307481160e-01
3.267457907811205930e-01
3.254209218879380305e-01
3.190173889042229871e-01
3.306629864752965164e-01
3.262489649461772223e-01
3.064311344189896702e-01
3.059343085840462995e-01
2.970466464256140138e-01
2.957769804029808935e-01
3.038918023737233187e-01
2.888214187137729261e-01
2.908639249240960178e-01
2.807617996135798877e-01
2.833011316588463502e-01
2.773944245100743999e-01
2.804857852608334534e-01
2.824156776152357273e-01
2.740822522771184100e-01
2.723709632900911393e-01
2.586254485233230871e-01
2.565277394424508306e-01
2.703284570797681585e-01
2.712117030085564040e-01
2.616064035329835891e-01
2.622136351090256223e-01
2.589014628760695214e-01
2.548164504554235599e-01
2.539332045266352589e-01
2.568589566657464296e-01
2.564173337013523346e-01
2.557548992547613032e-01
2.558167264697765453e-01
2.511730609991719154e-01
2.514490753519180721e-01
2.514490753519181832e-01
2.521667126690586014e-01
2.511730609991719154e-01
2.511730609991719154e-01
2.509522495169748124e-01
2.511730609991719154e-01
2.496273806237923054e-01
2.480817002484126954e-01
2.452111509798509392e-01
2.499033949765387397e-01
2.500690035881864004e-01
2.498481921059896027e-01
2.478608887662157589e-01
2.476952801545679872e-01
2.457079768147942822e-01
2.423406017112889055e-01
2.459839911675407165e-01
2.389732266077836675e-01
2.453215567209494630e-01
2.383659950317415233e-01
2.437206734750207160e-01
2.404637041126139740e-01
2.334242340601707100e-01
2.390836323488820525e-01
2.383107921611923863e-01
2.370963290091085973e-01
2.378691691967982913e-01
2.288158984267180118e-01
2.293127242616614936e-01
2.342809826110958393e-01
2.373723433618548095e-01
2.371515318796577343e-01
2.186033673751035800e-01
2.243444659122276197e-01
2.273806237924370643e-01
2.322605575489924967e-01
2.361026773392215228e-01
2.370411261385592105e-01
2.141319348606126050e-01
2.183825558929064214e-01
2.188793817278499032e-01
2.276566381451837484e-01
2.338393596467017443e-01
2.360474744686722470e-01
2.126392492409605872e-01
2.172232956113717695e-01
2.171680927408224104e-01
2.244548716533258936e-01
2.266629864752966461e-01
2.353850400220812156e-01
2.092188793817277292e-01
2.096052994755725762e-01
2.147391664366548603e-01
2.195970190449904325e-01
2.203698592326799877e-01
2.028705492685619338e-01
2.079492133590945813e-01
2.130278774496274785e-01
2.137455147667678690e-01
2.172232956113717695e-01
2.150151807894011557e-01
2.029809550096603465e-01
2.028705492685619338e-01
2.014706044714321964e-01
2.067899530775601791e-01
2.039746066795473101e-01
2.005520287054926853e-01
2.030913607507589813e-01
2.028705492685619338e-01
2.013800717637319881e-01
2.048026497377865018e-01
2.028705492685619338e-01
2.001656086116478384e-01
2.017112889870273096e-01
2.022633176925200671e-01
1.970742478608887571e-01
1.991719569417608748e-01
1.969086392492409854e-01
1.997791885178028803e-01
2.013248688931823516e-01
2.028705492685619338e-01
2.004416229643941616e-01
1.982887110129726571e-01
1.964118134142976146e-01
1.941484957217775031e-01
1.992823626828595096e-01
1.992271598123103726e-01
1.939276842395805667e-01
1.945901186861717092e-01
1.907811206182722374e-01
1.951421473916643279e-01
1.904499033949766662e-01
1.906707148771737137e-01
1.902290919127796187e-01
1.897874689483853849e-01
1.910019321004691739e-01
1.876897598675131562e-01
1.904499033949766662e-01
1.904499033949766662e-01
1.903394976538781425e-01
1.898978746894839087e-01
1.894562517250898137e-01
1.857024565277394790e-01
1.904499033949766662e-01
1.895666574661883375e-01
1.904499033949766662e-01
1.900082804305825712e-01
1.895666574661882264e-01
1.855368479160915685e-01
1.797405465084185028e-01
1.904499033949766662e-01
1.902290919127796187e-01
1.854264421749931557e-01
1.861992823626829607e-01
1.837703560585151608e-01
1.824454871653326260e-01
1.782500690035883073e-01
1.900082804305825712e-01
1.892354402428926274e-01
1.868065139387248552e-01
1.843775876345570552e-01
1.795197350262214553e-01
1.787468948385317891e-01
1.896218603367375855e-01
1.885730057963016237e-01
1.813414297543472498e-01
1.799348606127514072e-01
1.799061551200664133e-01
1.783604747446868311e-01
1.772564173337014548e-01
1.849296163400497850e-01
1.802925752139111215e-01
1.754347226055755493e-01
1.802925752139112603e-01
1.787468948385316503e-01
1.769252001104057448e-01
1.849296163400497850e-01
1.767993375655532440e-01
1.773116202042507028e-01
1.806789953077561073e-01
1.791333149323764973e-01
1.772564173337014548e-01
1.717361302787746014e-01
1.816174441070936840e-01
1.740546508418438498e-01
1.719569417609716488e-01
1.795197350262214553e-01
1.739994479712946018e-01
1.715705216671266908e-01
1.833287330941209270e-01
1.744410709356885858e-01
1.717361302787746014e-01
1.792437206734750210e-01
1.779188517802927361e-01
1.721777532431686963e-01
1.697488269390008964e-01
1.706320728677892251e-01
1.707424786088876101e-01
1.722329561137177223e-01
1.697488269390008964e-01
1.697488269390008964e-01
1.703560585150427908e-01
1.704112613855920388e-01
1.703008556444935151e-01
1.714049130554788913e-01
1.725089704664642676e-01
1.733922163952527074e-01
1.709632900910847964e-01
1.701904499033949913e-01
1.702279878553683568e-01
1.697488269390008964e-01
1.697488269390008964e-01
1.697488269390008964e-01
1.714049130554788913e-01
1.699696384211979439e-01
1.697488269390008964e-01
1.708528843499861338e-01
1.697488269390008964e-01
1.693072039746066626e-01
1.719569417609716488e-01
1.697488269390008964e-01
1.697488269390008964e-01
1.705768699972398383e-01
1.697488269390008964e-01
1.697488269390008964e-01
1.694728125862545731e-01
1.703008556444935151e-01
1.697488269390008964e-01
1.697488269390008964e-01
1.697488269390008964e-01
1.691967982335081389e-01
1.697488269390008964e-01
1.696384211979023726e-01
1.697488269390008964e-01
1.697488269390008964e-01
1.697488269390008964e-01
1.691415953629588909e-01
1.693624068451559384e-01
1.695832183273530969e-01
1.697488269390008964e-01
1.697488269390008964e-01
1.697488269390008964e-01
1.690863924924096151e-01
1.693072039746066626e-01
1.695280154568038489e-01
1.697488269390008964e-01
1.646701628484680269e-01
1.697488269390008964e-01
1.631244824730884169e-01
1.692520011040574146e-01
1.694728125862545731e-01
1.696936240684516484e-01
1.659398288711014247e-01
1.697488269390008964e-01
1.689759867513110914e-01
1.691967982335081389e-01
1.683687551752690859e-01
1.696384211979023726e-01
1.663814518354954086e-01
1.686999723985647959e-01
1.689207838807618434e-01
1.691415953629588909e-01
1.693624068451559384e-01
1.683687551752690859e-01
1.673751035053822334e-01
1.622964394148493639e-01
1.574385868065140137e-01
1.690863924924096151e-01
1.693072039746066626e-01
1.683687551752690859e-01
1.697488269390008964e-01
1.635109025669332639e-01
1.586530499585979137e-01
1.690311896218603671e-01
1.683687551752690859e-01
1.683687551752690859e-01
1.683687551752690859e-01
1.653878001656084173e-01
1.598675131106818137e-01
1.689759867513110914e-01
1.683687551752690859e-01
1.683687551752690859e-01
1.683687551752690859e-01
1.659398288711012859e-01
1.610819762627657137e-01
1.653325972950594192e-01
1.572729781948659922e-01
1.683687551752690859e-01
1.683687551752690859e-01
1.671542920231851859e-01
1.622964394148493639e-01
1.574385868065140137e-01
1.518630968810376347e-01
1.683687551752690859e-01
1.683687551752690859e-01
1.683687551752690859e-01
1.632900910847362164e-01
1.586530499585979137e-01
1.531327629036708105e-01
1.683687551752690859e-01
1.460999171956938736e-01
1.683687551752690859e-01
1.647253657190171638e-01
1.594810930168368557e-01
1.544024289263042082e-01
1.493237648357713387e-01
1.683687551752690859e-01
1.683687551752690859e-01
1.658294231300027621e-01
1.610819762627657137e-01
1.556720949489373562e-01
1.505934308584044867e-01
1.683687551752690859e-01
1.683687551752690859e-01
1.667126690587910909e-01
1.620204250621030406e-01
1.569417609715705320e-01
1.518630968810376347e-01
1.467844327905050150e-01
1.441346950041400288e-01
1.683687551752690859e-01
1.632900910847362164e-01
1.582114269942036799e-01
1.531327629036708105e-01
1.480540988131381630e-01
1.429754347226054045e-01
1.378967706320728959e-01
1.645597571073693643e-01
1.594810930168368557e-01
1.544024289263042082e-01
1.493237648357713387e-01
1.373447419265801384e-01
1.377863648909743721e-01
1.649461772012144611e-01
1.607507590394700037e-01
1.556720949489373562e-01
1.505934308584044867e-01
1.455147667678718393e-01
1.358542644217500539e-01
1.670990891526359379e-01
1.620204250621030406e-01
1.569417609715705320e-01
1.518630968810376347e-01
1.467844327905050150e-01
1.351366271046095247e-01
1.366271046094396091e-01
1.615235992271595589e-01
1.582114269942036799e-01
1.531327629036708105e-01
1.480540988131381630e-01
1.344189897874691064e-01
1.359646701628484666e-01
1.366271046094396091e-01
1.594810930168368557e-01
1.303891802373723374e-01
1.493237648357713387e-01
1.326524979298922269e-01
1.353022357162571854e-01
1.366271046094396091e-01
1.607507590394700037e-01
1.556720949489373562e-01
1.505934308584044867e-01
1.321490477504828620e-01
1.346398012696660429e-01
1.366271046094396091e-01
1.366271046094396091e-01
1.569417609715705320e-01
1.293955285674855959e-01
1.313276290367098031e-01
