6.249911235581716573e-01
5.965006882802489363e-01
5.993092514358953071e-01
5.689132766886602077e-01
5.350468505245172812e-01
5.216594674134905629e-01
5.005060046518251538e-01
5.053116248160631763e-01
4.980141453458016843e-01
5.021218018702238162e-01
4.763282859448427220e-01
4.626173636493096097e-01
4.384867328048608348e-01
4.471448236578535740e-01
4.499142735083307976e-01
4.633312764038541309e-01
4.412094745336310186e-01
4.187686903688235263e-01
4.127782788247023604e-01
4.037404471448238219e-01
3.927564437271563458e-01
3.887596715241848355e-01
3.943809749845730295e-01
3.886267622347749362e-01
3.799971519437986278e-01
3.682156927896713117e-01
3.604215123178430291e-01
3.598613945981868345e-01
3.646176484549297769e-01
3.598044334741539174e-01
3.571367541652822331e-01
3.451369440356956142e-01
3.371718801917693020e-01
3.413300422461670869e-01
3.429454597237382996e-01
3.403157544975554116e-01
3.265296435182992729e-01
3.270065979968672099e-01
3.149095742155981204e-01
3.308491954241234434e-01
3.207860635116533410e-01
3.180329425167324198e-01
3.127450515023498800e-01
3.104855935823799817e-01
3.041439217733898914e-01
3.026249584658469716e-01
3.180329425167324198e-01
3.033533013718125448e-01
3.008401765794846416e-01
2.918403189822946220e-01
2.881663264821759385e-01
2.812930175155459733e-01
2.803011344757204704e-01
2.855271277353205739e-01
2.905207196088670507e-01
2.836853847249252714e-01
2.729861869274221586e-01
2.720937959842406051e-01
2.673945032515308573e-01
2.644420183224950316e-01
2.815018749703327994e-01
2.657711112165947465e-01
2.675369060616127892e-01
2.601976551003937765e-01
2.643091090330848547e-01
2.591351402667679826e-01
2.598376607965064977e-01
2.330564389803959913e-01
2.454078891156782627e-01
2.503821142070536965e-01
2.514579199696205247e-01
2.594104523662600914e-01
2.229363459438938877e-01
2.235059571842228920e-01
2.301893957374097632e-01
2.401955665258462824e-01
2.486353064033795801e-01
2.551858356671581340e-01
2.113542507238813650e-01
2.200408221388902852e-01
2.277305738833244886e-01
2.304609104286326760e-01
2.380405373332705188e-01
2.072150757108274788e-01
2.090568187212228091e-01
2.026107181848388894e-01
2.147434376038358239e-01
2.048227085014479032e-01
2.052878910143827451e-01
2.027721080362656081e-01
1.909530545402768897e-01
2.030189395737412028e-01
2.046897992120378929e-01
2.183130013765604005e-01
1.988228034366547603e-01
2.013290928940999480e-01
2.048227085014479032e-01
1.926425214790903617e-01
1.972753595670959648e-01
1.950728627711589280e-01
1.967057483267671270e-01
1.860730051739689084e-01
1.859211088432146664e-01
1.894242179712349039e-01
1.944367968861254459e-01
1.861299662980016312e-01
1.780509802060093461e-01
1.811648549864716684e-01
1.782978117434851073e-01
1.863008496701004379e-01
1.870983054065601392e-01
1.805192955807664035e-01
1.786965396117151383e-01
1.750510276736129411e-01
1.763516400056958089e-01
1.837470926092946710e-01
1.828926757488015808e-01
1.808610623249633509e-01
1.785446432809607298e-01
1.750130535909241447e-01
1.769117577253523643e-01
1.822755969051123026e-01
1.831015332035885457e-01
1.784022404708786036e-01
1.766554326672047925e-01
1.750984952769735481e-01
1.706935016850999742e-01
1.684055632031138672e-01
1.757155741206626320e-01
1.788864100251578437e-01
1.769497318080409942e-01
1.728409360611379841e-01
1.710447619499692318e-01
1.690131485261310018e-01
1.684708786253378832e-01
1.760098732614988337e-01
1.718327241657568172e-01
1.741681302511036700e-01
1.710257749086248336e-01
1.685859400958844845e-01
1.677501305359092032e-01
1.677979778800968991e-01
1.728770114396924462e-01
1.735510514074144195e-01
1.716903213556746910e-01
1.691650448568852438e-01
1.677979778800968991e-01
1.676081074666541659e-01
1.677979778800968991e-01
1.741491432097591052e-01
1.715384250249206155e-01
1.697441496178856979e-01
1.676081074666539994e-01
1.667916646888500665e-01
1.671144443917028100e-01
1.672663407224570520e-01
1.668486258128827893e-01
1.692409930222625591e-01
1.662600275312103859e-01
1.668106517301941316e-01
1.670764703090141523e-01
1.672283666397683943e-01
1.662695210518821687e-01
1.685004984098353864e-01
1.672853277638012837e-01
1.668296387715383911e-01
1.667536906061614366e-01
1.663359756965871739e-01
1.638106991977975879e-01
1.651397920918974693e-01
1.667916646888498999e-01
1.668486258128827893e-01
1.666207813167514262e-01
1.663929368206200632e-01
1.653011819433239937e-01
1.641999335453554754e-01
1.653771301087009482e-01
1.665543266720464211e-01
1.666777424407843156e-01
1.624816063036977065e-01
1.625195803863861699e-01
1.644752456448474454e-01
1.650828309678645800e-01
1.653866236293735636e-01
1.659182607870127446e-01
1.665068590686856476e-01
1.622442682868941999e-01
1.628138795272227046e-01
1.647885318270280453e-01
1.646556225376180349e-01
1.663834432999479473e-01
1.604879669625483007e-01
1.616271894432051159e-01
1.625765415104192257e-01
1.632600749988134814e-01
1.647220771823232066e-01
1.668486258128827893e-01
1.593962120852517317e-01
1.604215123178429625e-01
1.623392034936157469e-01
1.593582380025635736e-01
1.620543978734516610e-01
1.594911472919732509e-01
1.589500166136611214e-01
1.601272131770067608e-01
1.621018654768121015e-01
1.586841980348411008e-01
1.584088859353491308e-01
1.593392509612186758e-01
1.587316656382020408e-01
1.609151753927944850e-01
1.618645274600085948e-01
1.628138795272227046e-01
1.607063179380073814e-01
1.582380025632504905e-01
1.583993924146771815e-01
1.595386148953340244e-01
1.607158114586794972e-01
1.587506526795462725e-01
1.585228081834147429e-01
1.582949636872833798e-01
1.580671191911520168e-01
1.592443157544974897e-01
1.604215123178429625e-01
1.580671191911520168e-01
1.585797693074476322e-01
1.583519248113162692e-01
1.581240803151849061e-01
1.589500166136611214e-01
1.601272131770067608e-01
1.580671191911520168e-01
1.583044572079556622e-01
1.584088859353491308e-01
1.581810414392176012e-01
1.586557174728249198e-01
1.580671191911520168e-01
1.580671191911520168e-01
1.580671191911520168e-01
1.579342099017420065e-01
1.569278967104950073e-01
1.583614183319885516e-01
1.580671191911520168e-01
1.580671191911520168e-01
1.580671191911520168e-01
1.585228081834147429e-01
1.582949636872833798e-01
1.580671191911520168e-01
1.576304172402335224e-01
1.580671191911520168e-01
1.580671191911520168e-01
1.549152703280015364e-01
1.561684150567239637e-01
1.576304172402335224e-01
1.580671191911520168e-01
1.580671191911520168e-01
1.580671191911520168e-01
1.537000996819669063e-01
1.554469074856412170e-01
1.573076375373807789e-01
1.572506764133477508e-01
1.567000522143636443e-01
1.515165899273746286e-01
1.573835857027579277e-01
1.550102055347225560e-01
1.567570133383965336e-01
1.576588978022497034e-01
1.580671191911520168e-01
1.540703469881807564e-01
1.528266957801301118e-01
1.545735035838040616e-01
1.563203113874780392e-01
1.580671191911520168e-01
1.576304172402335224e-01
1.533013718137375692e-01
1.523899938292117839e-01
1.541368016328857338e-01
1.537000996819672671e-01
1.571937152893151945e-01
1.483047420135756023e-01
1.483742345848957644e-01
1.519532918782929565e-01
1.537000996819672671e-01
1.554469074856412170e-01
1.563203113874783723e-01
1.481748706507809432e-01
1.484027151469123063e-01
1.482887928988465276e-01
1.532633977310486062e-01
1.519532918782931230e-01
1.554469074856408839e-01
1.475103242037310858e-01
1.560260122466415045e-01
1.510798879764561342e-01
1.528266957801301118e-01
1.545735035838040616e-01
1.471495704181895459e-01
1.471495704181895459e-01
1.472634926662552968e-01
1.483457540228794169e-01
1.482318317748136383e-01
1.502064840746194785e-01
1.537000996819672671e-01
1.471495704181895459e-01
1.472350121042387827e-01
1.473489343523045336e-01
1.482603123368300135e-01
1.493330801727826562e-01
1.471495704181895459e-01
1.471495704181895459e-01
1.472065315422224074e-01
1.473204537902881861e-01
1.474343760383539370e-01
1.433711491906775048e-01
1.442540466131857768e-01
1.471495704181895459e-01
1.471780509802058934e-01
1.472919732282714778e-01
1.434755779180706681e-01
1.422793943133809358e-01
1.471495704181895459e-01
1.471495704181895459e-01
1.471495704181895459e-01
1.455166848625809861e-01
1.473774149143209089e-01
1.422509137513644217e-01
1.411306783120521713e-01
1.471495704181895459e-01
1.471495704181895459e-01
1.472350121042387827e-01
1.473489343523045336e-01
1.426591351402667351e-01
1.415958608249866801e-01
1.471495704181895459e-01
1.471495704181895459e-01
1.463331276403856129e-01
1.447002420847770532e-01
1.430673565291685212e-01
1.414344709735604888e-01
1.402003132861817936e-01
1.383395832344425647e-01
1.467413490292872325e-01
1.451084634736792001e-01
1.434755779180706681e-01
1.418426923624621083e-01
1.406654957991169685e-01
1.471495704181895459e-01
1.471495704181895459e-01
1.455166848625809861e-01
1.438837993069729537e-01
1.422509137513644217e-01
1.411306783120521713e-01
1.392699482603120820e-01
1.471495704181895459e-01
1.421381307257791327e-01
1.442920206958747675e-01
1.426591351402667351e-01
1.410262495846581754e-01
1.393933640290501430e-01
1.378744007215073897e-01
1.463331276403856129e-01
1.447002420847770532e-01
1.430673565291685212e-01
1.414344709735604888e-01
1.398015854179519568e-01
1.381686998623439244e-01
1.449375801015795329e-01
1.451084634736792001e-01
1.434755779180706681e-01
1.418426923624621083e-01
1.402098068068542425e-01
1.370579579437034567e-01
1.471495704181895459e-01
1.455166848625809861e-01
1.438837993069729537e-01
1.422509137513644217e-01
1.406180281957565559e-01
1.389851426401480239e-01
1.369725162576540256e-01
1.418806664451509325e-01
1.442920206958747675e-01
1.426591351402667351e-01
1.410262495846581754e-01
1.367731523235390378e-01
1.368870745716047888e-01
1.369440356956376781e-01
1.369440356956376781e-01
1.369440356956376781e-01
1.366307495134570782e-01
1.398015854179519568e-01
1.368585940095884412e-01
1.369440356956376781e-01
1.451084634736792001e-01
1.369440356956376781e-01
1.418426923624621083e-01
1.367161911995063150e-01
