6.703832752613240187e-01
5.652682926829269983e-01
5.595818815331011775e-01
5.059233449477352762e-01
4.989547038327526440e-01
4.547038327526132795e-01
4.473867595818815657e-01
4.240975609756094666e-01
4.341463414634145757e-01
4.049337979094073114e-01
3.797909407665506221e-01
3.797909407665506221e-01
3.742160278745644275e-01
3.672473867595818509e-01
3.728222996515679344e-01
3.557491289198607687e-01
3.679442508710799586e-01
3.501742160278745741e-01
3.477351916376306695e-01
3.376864111498257270e-01
3.477351916376306695e-01
3.313588850174215561e-01
3.344947735191638460e-01
3.198606271777003629e-01
3.275261324041809918e-01
3.181742160278742682e-01
3.275261324041809918e-01
3.034843205574913050e-01
3.254355400696862799e-01
3.024390243902436715e-01
3.094076655052265812e-01
2.924459930313587641e-01
3.045296167247387720e-01
2.790940766550522034e-01
3.045296167247387720e-01
2.728222996515681231e-01
2.905923344947733966e-01
2.721254355400696268e-01
2.815331010452961080e-01
2.655052264808364093e-01
2.815331010452961080e-01
2.557491289198607354e-01
2.815331010452961080e-01
2.467456445993030656e-01
2.397212543554007869e-01
2.456445993031357855e-01
2.397212543554007869e-01
2.428571428571429380e-01
2.397212543554007869e-01
2.376864111498256660e-01
2.285714285714286476e-01
2.351916376306620315e-01
2.243902439024389461e-01
2.247386759581881388e-01
2.243902439024389461e-01
2.083623693379791086e-01
2.243902439024389461e-01
2.073170731707316972e-01
2.243902439024389461e-01
2.006968641114982022e-01
2.146341463414633000e-01
2.006968641114982022e-01
1.770034843205574304e-01
2.006968641114982022e-01
1.770034843205574304e-01
1.909407665505226670e-01
1.770034843205574304e-01
1.871080139372821582e-01
1.770034843205574304e-01
1.843205574912891720e-01
1.749128919860627185e-01
1.811846689895470208e-01
1.749128919860627185e-01
1.763066202090591839e-01
1.735191637630662254e-01
1.815331010452960747e-01
1.735191637630662254e-01
1.752613240418117724e-01
1.735191637630662254e-01
1.703832752613240742e-01
1.735191637630662254e-01
1.714285714285713746e-01
1.735191637630662254e-01
1.703832752613240742e-01
1.735191637630662254e-01
1.630662020905923326e-01
1.735191637630662254e-01
1.634146341463415253e-01
1.609756097560975929e-01
1.634146341463415253e-01
1.533101045296167975e-01
1.580069686411148810e-01
1.533101045296167975e-01
1.599303135888500427e-01
1.533101045296167975e-01
1.550522648083623445e-01
1.533101045296167975e-01
1.562090592334493544e-01
1.533101045296167975e-01
1.550522648083623445e-01
1.533101045296167975e-01
1.533101045296166864e-01
1.533101045296167975e-01
1.512195121951219468e-01
1.463414634146341375e-01
1.522648083623692472e-01
1.533101045296167975e-01
1.522648083623693860e-01
1.533101045296167975e-01
1.487804878048780421e-01
1.512195121951219468e-01
1.477351916376306029e-01
1.533101045296167975e-01
1.477351916376306029e-01
1.512195121951219468e-01
1.477351916376306029e-01
1.442508710801392591e-01
1.449477351916375056e-01
1.442508710801392591e-01
1.445993031358884517e-01
1.442508710801392591e-01
1.442508710801392591e-01
1.442508710801392591e-01
1.289198606271776681e-01
1.442508710801392591e-01
1.250871080139371594e-01
1.442508710801392591e-01
1.243902439024389128e-01
1.442508710801392591e-01
1.216027874564458156e-01
1.442508710801392591e-01
1.205574912891983902e-01
1.442508710801392591e-01
1.205574912891985151e-01
1.442508710801392591e-01
1.216027874564458156e-01
1.442508710801392591e-01
1.216027874564458156e-01
1.024390243902438269e-01
1.177700348432054178e-01
1.386759581881532033e-01
1.177700348432054178e-01
9.686411149825775724e-02
1.205574912891983902e-01
9.686411149825775724e-02
1.205574912891983902e-01
1.024390243902438269e-01
1.205574912891983902e-01
9.686411149825775724e-02
1.160278745644598708e-01
9.686411149825775724e-02
1.177700348432054178e-01
9.686411149825775724e-02
1.148571428571426856e-01
9.686411149825775724e-02
1.120139372822297336e-01
9.686411149825775724e-02
1.149825783972124454e-01
9.686411149825775724e-02
1.128919860627177196e-01
9.686411149825775724e-02
1.104529616724738011e-01
9.686411149825775724e-02
1.090592334494773219e-01
9.686411149825775724e-02
1.149825783972124454e-01
9.686411149825775724e-02
9.198606271776993415e-02
9.686411149825775724e-02
9.198606271776993415e-02
9.686411149825775724e-02
9.547038327526127799e-02
9.686411149825775724e-02
9.686411149825775724e-02
9.686411149825775724e-02
8.919860627177696177e-02
9.686411149825775724e-02
9.198606271776993415e-02
8.153310104529616631e-02
8.919860627177696177e-02
9.686411149825775724e-02
8.919860627177696177e-02
9.128919860627168759e-02
8.641114982578386450e-02
9.686411149825775724e-02
8.641114982578386450e-02
9.128919860627168759e-02
8.641114982578386450e-02
7.595818815331009666e-02
8.641114982578386450e-02
8.153310104529616631e-02
8.641114982578386450e-02
9.128919860627168759e-02
8.641114982578386450e-02
7.595818815331009666e-02
8.641114982578386450e-02
8.153310104529616631e-02
8.327526132404171333e-02
8.153310104529616631e-02
8.606271777003481060e-02
7.595818815331009666e-02
8.327526132404171333e-02
7.595818815331009666e-02
8.432055749128926359e-02
7.595818815331009666e-02
8.118466898954709854e-02
7.595818815331009666e-02
8.327526132404183823e-02
7.595818815331009666e-02
8.118466898954709854e-02
7.595818815331009666e-02
8.048780487804874095e-02
7.595818815331009666e-02
7.595818815331009666e-02
7.595818815331009666e-02
7.595818815331009666e-02
7.595818815331009666e-02
7.595818815331009666e-02
7.595818815331009666e-02
7.595818815331009666e-02
7.595818815331009666e-02
7.595818815331009666e-02
7.595818815331009666e-02
7.595818815331009666e-02
7.595818815331009666e-02
7.595818815331009666e-02
7.595818815331009666e-02
7.560975609756104276e-02
7.595818815331009666e-02
7.595818815331009666e-02
7.595818815331009666e-02
7.595818815331009666e-02
7.595818815331009666e-02
7.595818815331009666e-02
7.595818815331009666e-02
7.282229965156794549e-02
7.595818815331009666e-02
7.282229965156794549e-02
7.595818815331009666e-02
7.595818815331009666e-02
7.595818815331009666e-02
7.282229965156794549e-02
7.595818815331009666e-02
7.386759581881537085e-02
7.595818815331009666e-02
7.386759581881537085e-02
7.595818815331009666e-02
7.073170731707320580e-02
7.595818815331009666e-02
7.073170731707320580e-02
7.595818815331009666e-02
7.073170731707320580e-02
7.595818815331009666e-02
7.073170731707320580e-02
7.595818815331009666e-02
7.073170731707320580e-02
6.968641114982578044e-02
7.073170731707320580e-02
6.550522648083632882e-02
7.073170731707320580e-02
7.177700348432064503e-02
7.073170731707320580e-02
7.177700348432064503e-02
7.073170731707320580e-02
6.968641114982578044e-02
7.073170731707320580e-02
6.550522648083632882e-02
7.073170731707320580e-02
6.550522648083632882e-02
6.794425087108012240e-02
6.550522648083632882e-02
6.759581881533105463e-02
6.550522648083632882e-02
6.968641114982578044e-02
6.550522648083632882e-02
6.759581881533105463e-02
6.550522648083632882e-02
7.073170731707320580e-02
6.550522648083632882e-02
6.689895470383268317e-02
6.550522648083632882e-02
6.550522648083632882e-02
6.550522648083632882e-02
6.655052264808362927e-02
6.550522648083632882e-02
6.759581881533105463e-02
6.550522648083632882e-02
6.655052264808362927e-02
6.550522648083632882e-02
6.550522648083632882e-02
6.550522648083632882e-02
6.968641114982578044e-02
6.550522648083632882e-02
6.655052264808362927e-02
6.550522648083632882e-02
6.550522648083632882e-02
6.550522648083632882e-02
6.655052264808362927e-02
6.550522648083632882e-02
6.550522648083632882e-02
6.550522648083632882e-02
6.550522648083632882e-02
6.550522648083632882e-02
6.550522648083632882e-02
6.550522648083632882e-02
6.550522648083632882e-02
6.550522648083632882e-02
6.550522648083632882e-02
6.550522648083632882e-02
6.550522648083632882e-02
6.550522648083632882e-02
6.550522648083632882e-02
6.550522648083632882e-02
6.550522648083632882e-02
6.550522648083632882e-02
6.550522648083632882e-02
6.550522648083632882e-02
6.550522648083632882e-02
6.550522648083632882e-02
6.550522648083632882e-02
6.550522648083632882e-02
6.550522648083632882e-02
6.550522648083632882e-02
6.550522648083632882e-02
6.550522648083632882e-02
6.550522648083632882e-02
6.550522648083632882e-02
6.445993031358890346e-02
6.550522648083632882e-02
6.550522648083632882e-02
6.550522648083632882e-02
6.550522648083632882e-02
6.550522648083632882e-02
5.818815331010458725e-02
6.550522648083632882e-02
6.550522648083632882e-02
6.550522648083632882e-02
5.714285714285716189e-02
6.550522648083632882e-02
5.400696864111501072e-02
6.550522648083632882e-02
6.445993031358890346e-02
6.550522648083632882e-02
5.505226480836243608e-02
6.550522648083632882e-02
5.505226480836243608e-02
6.550522648083632882e-02
5.400696864111501072e-02
6.550522648083632882e-02
5.505226480836243608e-02
6.550522648083632882e-02
5.714285714285716189e-02
6.550522648083632882e-02
5.400696864111501072e-02
6.550522648083632882e-02
5.400696864111501072e-02
6.550522648083632882e-02
5.400696864111501072e-02
6.550522648083632882e-02
5.400696864111501072e-02
6.550522648083632882e-02
5.400696864111501072e-02
6.550522648083632882e-02
5.400696864111501072e-02
6.550522648083632882e-02
5.400696864111501072e-02
6.550522648083632882e-02
5.400696864111501072e-02
6.550522648083632882e-02
5.400696864111501072e-02
4.459930313588854334e-02
5.400696864111501072e-02
6.341463414634147810e-02
5.400696864111501072e-02
4.250871080139369262e-02
5.400696864111501072e-02
6.550522648083632882e-02
5.400696864111501072e-02
4.459930313588854334e-02
5.400696864111501072e-02
4.459930313588854334e-02
5.400696864111501072e-02
4.250871080139369262e-02
5.400696864111501072e-02
6.341463414634147810e-02
5.400696864111501072e-02
4.459930313588854334e-02
5.296167247386758536e-02
4.250871080139369262e-02
5.400696864111501072e-02
4.250871080139369262e-02
5.400696864111501072e-02
4.250871080139369262e-02
5.400696864111501072e-02
4.250871080139369262e-02
