6.309192576066835478e-01
5.875539943988230540e-01
5.856218730716288290e-01
5.661552190629894898e-01
5.360717710162815619e-01
5.131623866710970372e-01
5.039635448806191187e-01
5.017561114539328404e-01
4.960402525276500496e-01
4.980426259078180040e-01
4.834081739212987561e-01
4.680115820952202577e-01
4.474865904020506879e-01
4.458157307637539701e-01
4.517301941424977652e-01
4.599071533678266155e-01
4.420183224948975309e-01
4.239806332178290837e-01
4.097095932026392218e-01
3.967797977880096472e-01
4.026486922675275304e-01
4.333792186832488014e-01
3.945886932168795602e-01
3.826522998053829006e-01
3.777874400721508708e-01
3.591683675891204075e-01
3.652632078606352639e-01
3.624436322210092820e-01
3.570418189585608526e-01
3.604898656666820633e-01
3.528172022594577295e-01
3.434281103147101000e-01
3.405135994683629597e-01
3.438401291118809988e-01
3.426401480989225701e-01
3.402762614515593143e-01
3.297099729434661008e-01
3.302890777044666937e-01
3.235391845065743177e-01
3.244387905254667026e-01
3.366877106374900341e-01
3.219252859923103505e-01
3.070204585370487349e-01
3.052744102150279915e-01
3.031565956234871240e-01
2.998908245122703931e-01
2.897897185171121603e-01
3.031455831395076239e-01
2.986661603455643132e-01
2.860967389756492452e-01
2.869511558361420023e-01
2.890777044667013906e-01
2.807139127545450474e-01
2.873688707457155433e-01
2.905207196088670507e-01
2.790240660749039314e-01
2.729861869274221586e-01
2.718469644467650381e-01
2.670907105900223732e-01
2.632648217591497253e-01
2.667014762424646523e-01
2.699007927089762116e-01
2.619547159063941311e-01
2.609578962358190535e-01
2.627996392462144115e-01
2.607015711776711764e-01
2.601699340200314681e-01
2.349836236768405584e-01
2.495333934589642200e-01
2.512175440262020554e-01
2.523187924241707680e-01
2.594104523662600914e-01
2.172307400199367799e-01
2.241040489865672170e-01
2.318887359377228008e-01
2.358760146200221119e-01
2.484454359899368747e-01
2.065220487017607465e-01
2.134048511890638267e-01
2.196420942706604484e-01
2.258033891868799214e-01
2.304077467128686774e-01
2.380405373332705188e-01
2.046803056913657770e-01
2.042625907817916808e-01
2.123643613233979210e-01
2.099492096644043626e-01
2.237113969715673889e-01
2.052878910143827451e-01
2.022024967959371033e-01
1.885128399867095905e-01
2.016898466796414879e-01
2.072150757108274788e-01
2.048227085014479032e-01
1.978840841125932559e-01
2.001518963307544752e-01
1.860730051739689084e-01
1.952247591019128370e-01
2.018227559690514983e-01
1.950728627711589280e-01
1.980728153035554995e-01
1.860730051739689084e-01
1.858831347605261752e-01
1.894242179712349039e-01
1.872691887786587794e-01
1.861299662980016312e-01
1.874020980680686232e-01
1.851616271894432897e-01
1.856932643470833033e-01
1.854844068922961720e-01
1.838705083780320382e-01
1.849337826933120932e-01
1.779655385199602757e-01
1.755401338586412285e-01
1.846204965111314655e-01
1.822566098637680709e-01
1.821806616983909499e-01
1.808610623249633509e-01
1.767218873119096312e-01
1.747092609294156607e-01
1.750130535909241447e-01
1.677979778800968991e-01
1.817059856647838256e-01
1.788579294631413297e-01
1.771490957421561763e-01
1.730099207291024566e-01
1.710257749086250001e-01
1.695732662457868911e-01
1.764370816917452123e-01
1.788864100251578437e-01
1.764180946504011471e-01
1.733991550766600109e-01
1.712726064461005948e-01
1.688802392367210192e-01
1.681017705416053831e-01
1.761997436749417334e-01
1.687473299473111754e-01
1.741681302511036700e-01
1.715858926282811947e-01
1.685859400958844845e-01
1.677410167560640097e-01
1.677979778800968991e-01
1.728770114396924462e-01
1.735510514074144195e-01
1.716903213556746910e-01
1.691650448568852438e-01
1.677979778800968991e-01
1.675701333839655360e-01
1.677979778800968991e-01
1.688677077894332190e-01
1.711491906773625338e-01
1.697441496178856979e-01
1.674277305738832433e-01
1.676270945079984254e-01
1.671144443917028100e-01
1.672663407224570520e-01
1.668486258128827893e-01
1.681967057483269024e-01
1.674182370532114605e-01
1.668106517301941316e-01
1.670764703090141523e-01
1.668486258128827893e-01
1.662695210518821687e-01
1.654720653154223009e-01
1.664498979446529525e-01
1.664214173826364107e-01
1.665638201927185369e-01
1.663359756965871739e-01
1.638106991977975879e-01
1.644942326861918436e-01
1.675891204253097677e-01
1.668486258128827893e-01
1.667726776475056683e-01
1.663929368206200632e-01
1.653011819433239937e-01
1.638961408838468248e-01
1.653771301087009482e-01
1.665543266720464211e-01
1.666777424407843156e-01
1.664498979446527860e-01
1.625195803863861699e-01
1.630512175440261835e-01
1.650828309678645800e-01
1.662600275312102194e-01
1.659182607870127446e-01
1.665068590686856476e-01
1.618645274600085948e-01
1.634689324536002797e-01
1.637632315944368144e-01
1.654910523567665603e-01
1.663834432999479473e-01
1.616271894432052825e-01
1.616271894432051159e-01
1.625765415104192257e-01
1.635258935776333356e-01
1.639246214458633388e-01
1.654245977120615552e-01
1.600037974082688663e-01
1.604215123178429625e-01
1.623392034936157469e-01
1.599658233255805695e-01
1.628138795272228712e-01
1.646556225376185345e-01
1.590924194237432476e-01
1.601272131770067608e-01
1.621018654768121015e-01
1.586841980348411008e-01
1.613803579057296878e-01
1.593392509612186758e-01
1.587316656382020408e-01
1.598329140361703926e-01
1.618645274600085948e-01
1.621873071628613383e-01
1.607063179380073814e-01
1.582380025632504905e-01
1.583614183319885516e-01
1.595386148953340244e-01
1.607158114586794972e-01
1.625765415104192257e-01
1.600322779702853804e-01
1.582949636872833798e-01
1.580671191911520168e-01
1.592443157544974897e-01
1.580671191911520168e-01
1.580671191911520168e-01
1.580671191911520168e-01
1.583519248113162692e-01
1.581240803151849061e-01
1.580671191911520168e-01
1.601272131770067608e-01
1.588645749276118846e-01
1.586367304314804938e-01
1.584088859353491308e-01
1.581810414392176012e-01
1.580671191911520168e-01
1.580671191911520168e-01
1.580671191911520168e-01
1.573835857027579277e-01
1.584658470593820201e-01
1.569278967104950073e-01
1.583614183319885516e-01
1.580671191911520168e-01
1.580671191911520168e-01
1.580671191911520168e-01
1.580671191911520168e-01
1.565481558836094023e-01
1.580671191911520168e-01
1.580671191911520168e-01
1.580671191911520168e-01
1.559215835192483690e-01
1.549152703280015364e-01
1.561684150567239637e-01
1.576873783642664117e-01
1.580671191911520168e-01
1.580671191911520168e-01
1.551905824274931733e-01
1.543171785256561845e-01
1.554469074856412170e-01
1.571937152893151945e-01
1.580671191911520168e-01
1.580671191911520168e-01
1.544595813357384773e-01
1.532633977310486062e-01
1.550102055347225560e-01
1.567570133383965336e-01
1.576588978022497034e-01
1.560260122466415045e-01
1.554374139649692677e-01
1.528266957801301118e-01
1.545735035838040616e-01
1.563203113874780392e-01
1.580671191911520168e-01
1.496368728342904741e-01
1.529975791522289186e-01
1.523899938292117839e-01
1.541368016328857338e-01
1.558836094365597114e-01
1.571937152893151945e-01
1.568424550244457705e-01
1.507001471495705291e-01
1.519532918782929565e-01
1.537000996819672671e-01
1.554469074856412170e-01
1.471495704181895459e-01
1.477951298238953104e-01
1.473204537902881861e-01
1.515165899273746286e-01
1.532633977310486062e-01
1.550102055347225560e-01
1.567570133383965336e-01
1.471780509802058934e-01
1.487634689324536519e-01
1.474058954763372564e-01
1.528266957801301118e-01
1.545735035838040616e-01
1.563203113874780392e-01
1.580671191911520168e-01
1.472634926662552968e-01
1.483457540228794169e-01
1.482318317748136383e-01
1.541368016328857338e-01
1.537000996819672671e-01
1.471495704181895459e-01
1.472350121042387827e-01
1.473489343523045336e-01
1.482603123368300135e-01
1.493330801727826562e-01
1.471495704181895459e-01
1.471495704181895459e-01
1.472065315422224074e-01
1.473204537902881861e-01
1.482887928988465276e-01
1.484596762709451678e-01
1.471495704181895459e-01
1.471495704181895459e-01
1.471780509802058934e-01
1.472919732282714778e-01
1.474058954763372564e-01
1.471495704181895459e-01
1.452983338871217389e-01
1.471495704181895459e-01
1.471495704181895459e-01
1.472634926662552968e-01
1.473774149143209089e-01
1.422509137513644217e-01
1.502064840746188124e-01
1.471495704181895459e-01
1.471495704181895459e-01
1.472350121042387827e-01
1.442920206958747675e-01
1.450040347462857038e-01
1.432097593392513135e-01
1.471495704181895459e-01
1.471495704181895459e-01
1.472065315422224074e-01
1.473204537902881861e-01
1.430673565291685212e-01
1.414344709735604888e-01
1.402003132861817936e-01
1.471495704181895459e-01
1.471780509802058934e-01
1.451084634736792001e-01
1.434755779180706681e-01
1.418426923624621083e-01
1.402098068068542425e-01
1.471495704181895459e-01
1.471495704181895459e-01
1.455166848625809861e-01
1.438837993069729537e-01
1.422509137513644217e-01
1.411306783120521713e-01
1.389851426401480239e-01
1.471495704181895459e-01
1.459249062514832995e-01
1.442920206958747675e-01
1.426591351402667351e-01
1.410262495846581754e-01
1.397351307732472847e-01
1.471495704181895459e-01
1.463331276403856129e-01
1.447002420847770532e-01
1.430673565291685212e-01
1.414344709735604888e-01
1.398015854179519568e-01
1.471495704181895459e-01
1.369440356956376781e-01
1.369440356956376781e-01
1.434755779180706681e-01
1.418426923624621083e-01
1.402098068068542425e-01
1.385769212512457105e-01
1.369440356956376781e-01
1.383259125646732757e-01
1.438837993069729537e-01
1.422509137513644217e-01
1.406180281957565559e-01
1.389851426401480239e-01
1.369155551336211640e-01
1.406275217164281721e-01
1.442920206958747675e-01
1.426591351402667351e-01
1.410262495846581754e-01
1.367731523235390378e-01
1.377604784734416110e-01
1.369440356956376781e-01
1.369440356956376781e-01
1.430673565291685212e-01
1.414344709735604888e-01
1.367446717615228291e-01
1.368585940095884412e-01
1.369440356956376781e-01
1.369440356956376781e-01
1.434755779180706681e-01
1.418426923624621083e-01
1.367161911995063150e-01
