9.162225328487557663e-01
8.434889572267262325e-01
8.030371819960860913e-01
7.734772155437518171e-01
6.984064858820242527e-01
6.650891808778305325e-01
6.237517472742523106e-01
6.111266424377970186e-01
6.070450097847357451e-01
6.003645512999717937e-01
5.540106234274531083e-01
5.378809057869724519e-01
5.093653899916134042e-01
4.928577019849032514e-01
4.681017612524461802e-01
4.941190942130277985e-01
4.787028235951915067e-01
4.626469108191220703e-01
4.520078277886497298e-01
4.238367346938775593e-01
4.127481129438076435e-01
4.375174727425217847e-01
4.173888733575621957e-01
4.172770478054235177e-01
4.020754822476934609e-01
3.877551020408164795e-01
3.800167738328207867e-01
3.807100922560804346e-01
3.557170813530893816e-01
3.688006709533128147e-01
3.649426894045288416e-01
3.558848196812972042e-01
3.478691641039977078e-01
3.393346379647749766e-01
3.354766564159908371e-01
3.379368185630414190e-01
3.354766564159911146e-01
3.301649426894045503e-01
3.248532289628179859e-01
3.240704500978474067e-01
3.220754822476933898e-01
3.189823874755379207e-01
3.192619513558844213e-01
3.094011741682973216e-01
3.100922560805142725e-01
3.003634330444506229e-01
3.214984623986579249e-01
2.992451775230639544e-01
2.957785854067652709e-01
2.956667598546267595e-01
2.916969527537042750e-01
2.831982107911656388e-01
2.804584847637684453e-01
2.770478054235394616e-01
2.820799552697791368e-01
2.787811014816885535e-01
2.816102879507966228e-01
2.733575622029634222e-01
2.691081912216942151e-01
2.782264467430804467e-01
2.728543472183392882e-01
2.683813251327928362e-01
2.636846519429689728e-01
2.624858820240423274e-01
2.637964774951076508e-01
2.636846519429690838e-01
2.625104836455129931e-01
2.640201285993849512e-01
2.607212748112943679e-01
2.556332121889852149e-01
2.541794800111826236e-01
2.585965893206597088e-01
2.550181716522225139e-01
2.498741962538441608e-01
2.529493989376571106e-01
2.437237908862175950e-01
2.460162147050602155e-01
2.344422700587085462e-01
2.447861336315347858e-01
2.402571987699189116e-01
2.427732736930389434e-01
2.440592675426334346e-01
2.365110427732737275e-01
2.300251607492311834e-01
2.275649986021804905e-01
2.405926754263347511e-01
2.379088621750069799e-01
2.332121889851832552e-01
2.291864691081911820e-01
2.251607492311994974e-01
2.264467430807939885e-01
2.264467430807939885e-01
2.312552418227564743e-01
2.258317025440313985e-01
2.295219457646071326e-01
2.256639642158235481e-01
2.236511042773274560e-01
2.220855465473860757e-01
2.252166620072685588e-01
2.250489236790607084e-01
2.271176963936260007e-01
2.220631814369580792e-01
2.232597148448422775e-01
2.221414593234554147e-01
2.207995526977914735e-01
2.245457086944366576e-01
2.214145932345541745e-01
2.185608051439754673e-01
2.214145932345541745e-01
2.223091976516635149e-01
2.206318143695834844e-01
2.202963377131673950e-01
2.180598266703941412e-01
2.180598266703941412e-01
2.123567235113222873e-01
2.229801509644955271e-01
2.163824433883142495e-01
2.155437517472742204e-01
2.115180318702822859e-01
2.121621470506007689e-01
2.103997763488956452e-01
2.180598266703941412e-01
2.162706178361754605e-01
2.140341067934021790e-01
2.120212468549062257e-01
2.093933463796476546e-01
2.071568353368742621e-01
2.058149287112104320e-01
2.064858820240424719e-01
2.133631534805702779e-01
2.092256080514396932e-01
2.049203242941012304e-01
2.043052837573385294e-01
2.048644115180316694e-01
2.054794520547943704e-01
2.140341067934021790e-01
1.987699189264746646e-01
2.036902432205756897e-01
2.027397260273970381e-01
2.059826670394185322e-01
2.056471903830023318e-01
2.054794520547943704e-01
1.931786413195414609e-01
2.000559127760691558e-01
2.023483365949118873e-01
2.044372379088618408e-01
2.054794520547943704e-01
1.875873637126081461e-01
1.911098686049760575e-01
1.997204361196533162e-01
2.005591277606933176e-01
1.969918926474698018e-01
1.836175566116855506e-01
1.863013698630136550e-01
1.893765725468268268e-01
1.929549902152641605e-01
1.907855745037737860e-01
1.850712887894882530e-01
1.843488957226714631e-01
1.847917249091416136e-01
1.881464914733016747e-01
1.912216941571147077e-01
1.863013698630135440e-01
1.856304165501816428e-01
1.846239865809336522e-01
1.839530332681015012e-01
1.873077998322615345e-01
1.911657813810455075e-01
1.831143416270616109e-01
1.831143416270616109e-01
1.851272015655575920e-01
1.831143416270616109e-01
1.861895443108748938e-01
1.888733575622027760e-01
1.831143416270616109e-01
1.831143416270616109e-01
1.828347777467148605e-01
1.830584288509921609e-01
1.850712887894882530e-01
1.827229521945763213e-01
1.824993010902990209e-01
1.831143416270616109e-01
1.827788649706456603e-01
1.830025160749229607e-01
1.832820799552697111e-01
1.827788649706456603e-01
1.825552138663683599e-01
1.831143416270616109e-01
1.827229521945762103e-01
1.817165222253283308e-01
1.829466032988536217e-01
1.828347777467149715e-01
1.826111266424376711e-01
1.817165222253283308e-01
1.826670394185070101e-01
1.828906905227843105e-01
1.817165222253283308e-01
1.824433883142295709e-01
1.817165222253283308e-01
1.817165222253282197e-01
1.810120212468547263e-01
1.808778305842884682e-01
1.808778305842883294e-01
1.817165222253283308e-01
1.809337433603577794e-01
1.817165222253284695e-01
1.817165222253283308e-01
1.806541794800110290e-01
1.817165222253283308e-01
1.804305283757337286e-01
1.806541794800110290e-01
1.811573944646350798e-01
1.817165222253282197e-01
1.807100922560803680e-01
1.817165222253283308e-01
1.803746155996645284e-01
1.805982667039418288e-01
1.812133072407044188e-01
1.809896561364269796e-01
1.807660050321496792e-01
1.805423539278723788e-01
1.803187028235950784e-01
1.805982667039416900e-01
1.803746155996643896e-01
1.803187028235950784e-01
1.808219178082190182e-01
1.764048084987419052e-01
1.793122728543470878e-01
1.804864411518031786e-01
1.803187028235950784e-01
1.803187028235950784e-01
1.803187028235950784e-01
1.742801230081071628e-01
1.783058428850990973e-01
1.803187028235950784e-01
1.803187028235950784e-01
1.803187028235950784e-01
1.803187028235950784e-01
1.742801230081072739e-01
1.772994129158511067e-01
1.803746155996645284e-01
1.803187028235950784e-01
1.803187028235950784e-01
1.803187028235950784e-01
1.718199608610565809e-01
1.762929829466033660e-01
1.803187028235950784e-01
1.803187028235950784e-01
1.803187028235950784e-01
1.803187028235950784e-01
1.707576181157392514e-01
1.750069890970087638e-01
1.793122728543470878e-01
1.803187028235950784e-01
1.803187028235950784e-01
1.762952194576454801e-01
1.696952753704221994e-01
1.739446463516912122e-01
1.781940173329604471e-01
1.803187028235950784e-01
1.803187028235950784e-01
1.649426894045288861e-01
1.686329326251048977e-01
1.728823036063738827e-01
1.771316745876431453e-01
1.803187028235950784e-01
1.803187028235950784e-01
1.638244338831421343e-01
1.675705898797875681e-01
1.718199608610565809e-01
1.760693318423260656e-01
1.803187028235950784e-01
1.803187028235950784e-01
1.803187028235950784e-01
1.665082471344702664e-01
1.707576181157392514e-01
1.750069890970087638e-01
1.760134190662566156e-01
1.571149007548223175e-01
1.615879228403688528e-01
1.654459043891527148e-01
1.696952753704221994e-01
1.739446463516912122e-01
1.717081353089181806e-01
1.800950517193177780e-01
1.601341906625664002e-01
1.632653061224487445e-01
1.686329326251048977e-01
1.728823036063738827e-01
1.686329326251048977e-01
1.547106513838411856e-01
1.585127201565558197e-01
1.632093933463796831e-01
1.675705898797875681e-01
1.718199608610565809e-01
1.539658932065976205e-01
1.537601341906625063e-01
1.575622029633771681e-01
1.613642717360916912e-01
1.658932065977075654e-01
1.524741403410679041e-01
1.537601341906625063e-01
1.537601341906625063e-01
1.566116857701984888e-01
1.604137545429130118e-01
1.654459043891527148e-01
1.537601341906625063e-01
1.537601341906625063e-01
1.537601341906625063e-01
1.556611685770198372e-01
1.594632373497343603e-01
1.632653061224487445e-01
1.537601341906625063e-01
1.537601341906625063e-01
1.537601341906625063e-01
1.547106513838411856e-01
1.585127201565558197e-01
1.623147889292703427e-01
1.529773553256918439e-01
1.537601341906625063e-01
1.537601341906625063e-01
1.537601341906625063e-01
1.575622029633771681e-01
1.528655297735531937e-01
1.524182275649985652e-01
1.524741403410679041e-01
1.537601341906625063e-01
1.537601341906625063e-01
1.534246575342465557e-01
1.529773553256918439e-01
1.525300531171372431e-01
1.520827509085826146e-01
1.537601341906625063e-01
1.537601341906625063e-01
1.556611685770198372e-01
1.594632373497343603e-01
1.526418786692758933e-01
1.521945764607212648e-01
1.521386636846519536e-01
1.537601341906625063e-01
1.547106513838411856e-01
1.532010064299692553e-01
1.527537042214145435e-01
1.523064020128599150e-01
1.518590998043053142e-01
1.537601341906625063e-01
1.537601341906625063e-01
1.533128319821079055e-01
1.528655297735531937e-01
1.524182275649985652e-01
1.519709253564439644e-01
1.515236231478892526e-01
1.537601341906625063e-01
1.534246575342465557e-01
1.529773553256918439e-01
1.525300531171372431e-01
1.520827509085826146e-01
1.516354487000280138e-01
1.537601341906625063e-01
1.535364830863852059e-01
1.530891808778304941e-01
1.526418786692758933e-01
1.521945764607212648e-01
1.517472742521666640e-01
1.529773553256918439e-01
1.534805703103158947e-01
1.523623147889292540e-01
1.527537042214145435e-01
1.523064020128599150e-01
1.518590998043053142e-01
1.514117975957506024e-01
1.509644953871959738e-01
1.533128319821079055e-01
1.515236231478892526e-01
1.524182275649985652e-01
1.399250768800671119e-01
1.353089180877833086e-01
1.510763209393346240e-01
1.509644953871959738e-01
1.529773553256918439e-01
1.525300531171372431e-01
1.520827509085826146e-01
1.321778026279003260e-01
1.447022644674310077e-01
1.509644953871959738e-01
1.530891808778304941e-01
1.526418786692758933e-01
1.313950237629299966e-01
1.481688565837293303e-01
1.415711490075485246e-01
1.509644953871959738e-01
1.532010064299692553e-01
1.512440592675426132e-01
1.523064020128599150e-01
1.310036343304444850e-01
