1.506063055780112903e+00
1.417407706817569446e+00
1.396369711668014046e+00
1.245540285637294575e+00
1.021298841282672898e+00
9.853753705200755109e-01
9.684721099434113745e-01
9.372675828617624827e-01
8.412826731339262398e-01
8.142258151441659209e-01
7.784467798437076924e-01
7.448127189436809514e-01
7.252492589598489303e-01
7.077035839396388361e-01
7.113985448666125810e-01
7.161412018323901618e-01
6.739423336028023126e-01
6.285098356238210116e-01
6.375101050929667945e-01
6.358393963891134648e-01
6.253300997035838860e-01
5.957423874966315536e-01
5.880894637563998106e-01
5.854529776340606784e-01
5.703583939638912081e-01
5.469145782807870448e-01
5.521422797089733381e-01
5.483697116680140704e-01
5.511161412018321659e-01
5.493398005928321615e-01
5.339261654540555790e-01
5.198059822150364884e-01
5.112368633791432027e-01
5.080032336297494178e-01
5.254648342764752789e-01
5.030450013473456439e-01
4.936028024791155877e-01
4.914578280786849884e-01
4.930746429533818809e-01
4.876852600377256097e-01
4.709781729991915356e-01
4.758825114524385946e-01
4.691457828078685610e-01
4.665588790083535220e-01
4.680679062247369293e-01
4.659121530584749427e-01
4.688763136620856531e-01
4.620317973592024674e-01
4.593371059013743318e-01
4.526003772568040762e-01
4.575047157100513573e-01
4.540555106440312683e-01
4.518458636486121227e-01
4.514686068445163958e-01
4.499056857989760516e-01
4.452708164915117894e-01
4.408515225006737204e-01
4.363244408515225548e-01
4.434987873888437959e-01
4.458097547830774388e-01
4.456480732956076274e-01
4.360010778765832096e-01
4.248450552411749959e-01
4.293182430611698353e-01
4.328817030450015091e-01
4.337914308811642305e-01
4.273780652115333756e-01
4.299649690110483036e-01
4.174616006467260498e-01
4.119105362435999673e-01
4.230665588790084586e-01
4.338453247103207788e-01
4.165992993802210553e-01
4.144823497709501647e-01
3.784424683373753262e-01
3.926704392347077355e-01
4.017784963621666705e-01
4.228509835623824875e-01
4.162759364052815991e-01
4.071139854486661713e-01
3.720829964969010750e-01
3.815683104284557925e-01
3.925626515763943614e-01
4.037725680409592344e-01
4.122877930476961383e-01
3.406090002694689978e-01
3.559687415790891429e-01
3.645917542441390879e-01
3.862570735650769915e-01
3.990299110751820977e-01
4.100242522231204445e-01
3.330638641875505734e-01
3.371059013742926380e-01
3.521207221773099416e-01
3.552681218000539043e-01
3.789081110212880188e-01
3.193209377526272097e-01
3.234168687685259336e-01
3.206682834815413607e-01
3.318781999461062338e-01
3.260037725680409726e-01
2.904877391538657760e-01
3.189436809485312052e-01
3.125303152789004058e-01
3.149555375909459665e-01
3.300458097547833702e-01
2.912961465912151660e-01
2.789005658852059533e-01
3.116680140123956333e-01
3.120323362974935510e-01
3.075181891673403611e-01
2.966855295068712151e-01
3.035300458097546228e-01
2.732417138237672738e-01
2.686822958771214465e-01
3.009431420102399724e-01
3.036917272972244342e-01
2.860145513338724910e-01
2.760980867690650542e-01
2.743734842360548987e-01
2.588520614389652197e-01
2.425222312045271778e-01
2.979250875774723806e-01
2.815413635138776516e-01
2.816491511721907481e-01
2.758286176232819242e-01
2.538399353274050640e-01
2.444624090541634431e-01
2.918350848827809818e-01
2.821341956345997937e-01
2.751279978442466856e-01
2.651576394502829226e-01
2.541632983023444092e-01
2.472648881703045642e-01
2.441390460792240980e-01
2.797089733225545105e-01
2.764753435731607256e-01
2.600916195095663852e-01
2.561034761519807579e-01
2.418755052546484041e-01
2.425222312045271778e-01
2.425222312045271778e-01
2.658043654001616130e-01
2.584748046348694372e-01
2.481271894368096975e-01
2.434923201293451855e-01
2.425222312045271778e-01
2.389652384801940477e-01
2.370250606305577823e-01
2.573969280517380831e-01
2.410132039881433819e-01
2.344381568310428821e-01
2.367016976556184649e-01
2.354082457558611119e-01
2.367016976556184649e-01
2.379951495553760399e-01
2.441390460792238482e-01
2.344381568310428821e-01
2.344381568310428821e-01
2.349770951226084481e-01
2.363783346806791197e-01
2.376717865804366947e-01
2.344381568310428821e-01
2.260846133117755674e-01
2.344381568310428821e-01
2.338992185394772050e-01
2.301266504985179651e-01
2.344381568310428821e-01
2.127728375101051173e-01
2.218270008084075595e-01
2.258151441659930203e-01
2.344381568310428821e-01
2.322824036647805346e-01
2.275397466990030371e-01
2.344381568310428821e-01
2.202101859337107503e-01
2.236593909997305618e-01
2.322824036647804236e-01
2.318512530315278430e-01
2.284020479655079205e-01
1.983292912961466536e-01
2.177310697925089467e-01
2.215036378334681033e-01
2.301266504985179651e-01
2.327135542980328653e-01
1.950956615467530908e-01
1.967124764214498722e-01
1.986526542710861098e-01
2.193478846672056171e-01
2.154675289679332528e-01
2.335758555645378598e-01
1.886284020479655765e-01
1.950956615467528410e-01
1.973592023713285348e-01
2.025330099703583631e-01
2.157650229048773127e-01
2.128806251684182416e-01
2.309889517650228485e-01
1.908919428725411316e-01
1.960657504715712096e-01
2.150363783346807001e-01
2.177310697925087246e-01
1.625437887361896316e-01
1.841013203988141611e-01
1.895984909727835566e-01
1.947722985718133848e-01
1.945567232551874137e-01
2.018862840204795617e-01
1.652384801940176562e-01
1.639450282942602199e-01
1.883050390730261203e-01
1.934788466720560596e-01
1.972514147130154105e-01
1.898679601185664645e-01
1.615736998113715128e-01
1.611425491781190711e-01
1.697655618431691826e-01
1.864726488817029793e-01
1.908919428725412704e-01
1.658852061438964576e-01
1.624360010778765351e-01
1.589867960118566126e-01
1.676098086769066964e-01
1.808676906494207093e-01
1.890595526812182403e-01
1.667475074104014521e-01
1.632983023443814186e-01
1.615736998113715128e-01
1.654540555106437660e-01
1.740770681756938776e-01
1.872271624898948772e-01
1.676098086769064743e-01
1.641606036108865518e-01
1.607113985448665183e-01
1.632983023443815296e-01
1.719213150094313913e-01
1.719213150094313913e-01
1.684721099434113578e-01
1.612503368364321954e-01
1.599568849366746204e-01
1.611425491781190711e-01
1.589867960118568624e-01
1.718135273511182948e-01
1.589867960118566126e-01
1.658852061438964576e-01
1.602802479116140766e-01
1.589867960118566126e-01
1.589867960118566126e-01
1.727836162759364136e-01
1.680883858798160324e-01
1.650229048773915463e-01
1.606036108865533940e-01
1.593101589867960688e-01
1.589867960118566126e-01
1.589867960118566126e-01
1.589867960118566126e-01
1.535974130962005635e-01
1.609269738614927392e-01
1.596335219617353862e-01
1.589867960118566126e-01
1.589867960118566126e-01
1.589867960118566126e-01
1.530584748046347754e-01
1.552142279708972339e-01
1.599568849366746204e-01
1.589867960118566126e-01
1.589867960118566126e-01
1.589867960118566126e-01
1.589867960118566126e-01
1.615736998113715128e-01
1.602802479116140766e-01
1.589867960118566126e-01
1.589867960118566126e-01
1.498248450552411848e-01
1.519805982215036710e-01
1.541363513877661295e-01
1.562921045540285880e-01
1.463756399892212623e-01
1.549555375909452415e-01
1.589867960118566126e-01
1.514416599299381050e-01
1.535974130962005635e-01
1.557531662624627999e-01
1.567232551872811408e-01
1.531662624629478719e-01
1.589867960118566126e-01
1.509027216383723169e-01
1.530584748046347754e-01
1.552142279708972339e-01
1.481002425222311680e-01
1.589867960118566126e-01
1.482080301805442923e-01
1.503637833468067508e-01
1.525195365130692093e-01
1.455133387227162678e-01
1.510105092966856632e-01
1.455133387227162678e-01
1.476690918889787263e-01
1.498248450552411848e-01
1.519805982215036710e-01
1.541363513877661295e-01
1.455133387227162678e-01
1.455133387227162678e-01
1.471301535974131602e-01
1.492859067636756465e-01
1.514416599299381050e-01
1.535974130962005635e-01
1.455133387227162678e-01
1.455133387227162678e-01
1.465912153058474832e-01
1.487469684721100804e-01
1.509027216383723169e-01
1.455133387227162678e-01
1.455133387227162678e-01
1.455133387227162678e-01
1.460522770142818338e-01
1.482080301805442923e-01
1.503637833468067508e-01
1.455133387227162678e-01
1.455133387227162678e-01
1.455133387227162678e-01
1.455133387227162678e-01
1.476690918889787263e-01
1.498248450552411848e-01
1.455133387227162678e-01
1.455133387227162678e-01
1.455133387227162678e-01
1.455133387227162678e-01
1.471301535974131602e-01
1.492859067636756465e-01
1.455133387227162678e-01
1.455133387227162678e-01
1.455133387227162678e-01
1.455133387227162678e-01
1.465912153058474832e-01
1.455133387227162678e-01
1.455133387227162678e-01
1.455133387227162678e-01
1.455133387227162678e-01
1.455133387227162678e-01
1.460522770142818338e-01
1.455133387227162678e-01
1.455133387227162678e-01
1.455133387227162678e-01
1.455133387227162678e-01
1.455133387227162678e-01
1.455133387227162678e-01
1.455133387227162678e-01
1.455133387227162678e-01
1.455133387227162678e-01
1.455133387227162678e-01
1.455133387227162678e-01
1.455133387227162678e-01
1.455133387227162678e-01
1.455133387227162678e-01
1.455133387227162678e-01
1.455133387227162678e-01
1.455133387227162678e-01
1.426030719482620224e-01
1.455133387227162678e-01
1.455133387227162678e-01
1.455133387227162678e-01
1.455133387227162678e-01
1.455133387227162678e-01
1.455133387227162678e-01
1.455133387227162678e-01
1.455133387227162678e-01
1.455133387227162678e-01
1.455133387227162678e-01
1.430342225815143531e-01
1.455133387227162678e-01
1.455133387227162678e-01
1.455133387227162678e-01
1.455133387227162678e-01
1.455133387227162678e-01
1.455133387227162678e-01
1.382376717865805293e-01
1.440582053354891312e-01
1.455133387227162678e-01
1.455133387227162678e-01
1.455133387227162678e-01
1.455133387227162678e-01
1.455133387227162678e-01
1.426030719482620224e-01
1.455133387227162678e-01
1.455133387227162678e-01
1.455133387227162678e-01
1.455133387227162678e-01
1.455133387227162678e-01
1.411479385610348858e-01
1.455133387227162678e-01
1.455133387227162678e-01
1.455133387227162678e-01
1.455133387227162678e-01
1.338722716248989253e-01
