8.376068376068376287e-01
7.380995475113123483e-01
7.566616390145801674e-01
6.410256410256410797e-01
6.495726495726495964e-01
5.816993464052289120e-01
5.530417295123177812e-01
5.397184514831573354e-01
5.076721970839609410e-01
4.839115133232779198e-01
4.997486173956761646e-01
4.542483660130717804e-01
4.323780794369028735e-01
4.434791352438411383e-01
4.208144796380088870e-01
4.145299145299145560e-01
3.996983408748114308e-01
3.991955756661637600e-01
3.986928104575163112e-01
3.810055304172949020e-01
3.876319758672699956e-01
3.705781799899448004e-01
3.770739064856711842e-01
3.600603318250377161e-01
3.785822021116137526e-01
3.464052287581699807e-01
3.710407239819004110e-01
3.453996983408746946e-01
3.428858722976370066e-01
3.303167420814479560e-01
3.428858722976370066e-01
3.150628456510809472e-01
3.428858722976370066e-01
3.120060331825035838e-01
3.177476118652589054e-01
3.064353946706886989e-01
3.157365510306687217e-01
3.054298642533938013e-01
3.011563599798893209e-01
2.916038210155857402e-01
2.991452991452990817e-01
2.905982905982904541e-01
2.991452991452990817e-01
2.820512820512819929e-01
2.820512820512819929e-01
2.742584213172449270e-01
2.820512820512819929e-01
2.679738562091502074e-01
2.820512820512819929e-01
2.669683257918551433e-01
2.820512820512819929e-01
2.649572649572649041e-01
2.483660130718954862e-01
2.594268476621419683e-01
2.483660130718954862e-01
2.498743086978382211e-01
2.483660130718954862e-01
2.471091000502764756e-01
2.483660130718954862e-01
2.425842131724486039e-01
2.413273001508295934e-01
2.370537958773254461e-01
2.368024132730015552e-01
2.335344394167924997e-01
2.368024132730015552e-01
2.310206133735546730e-01
2.368024132730015552e-01
2.312719959778782308e-01
2.368024132730015552e-01
2.295123177476119103e-01
2.368024132730015552e-01
2.269984917043740835e-01
2.126696832579185736e-01
2.227249874308697697e-01
2.126696832579185736e-01
2.192056309703369898e-01
2.126696832579185736e-01
2.135042735042737283e-01
2.126696832579185736e-01
2.061337355455003240e-01
2.126696832579185736e-01
2.096530920060332703e-01
2.126696832579185736e-01
2.036199095022624694e-01
2.126696832579185736e-01
2.026143790849673776e-01
2.126696832579185736e-01
2.026143790849673776e-01
1.935646053293112734e-01
1.940673705379589165e-01
2.126696832579185736e-01
1.980894922071393116e-01
1.935646053293112734e-01
1.928104575163399059e-01
1.754650578179990927e-01
1.905480140774258035e-01
1.754650578179990927e-01
1.928104575163399059e-01
1.754650578179990927e-01
1.850175967823028123e-01
1.754650578179990927e-01
1.837606837606836352e-01
1.754650578179990927e-01
1.827551533433887099e-01
1.754650578179990927e-01
1.742081447963800822e-01
1.754650578179990927e-01
1.747109100050275310e-01
1.729512317747612382e-01
1.742081447963800822e-01
1.684263448969332000e-01
1.732026143790851569e-01
1.709401709401710545e-01
1.719457013574661464e-01
1.709401709401710545e-01
1.706887883358473024e-01
1.729512317747612382e-01
1.696832579185520440e-01
1.684263448969332000e-01
1.702262443438911921e-01
1.684263448969332000e-01
1.649069884364002536e-01
1.684263448969332000e-01
1.684263448969332000e-01
1.684263448969332000e-01
1.656611362493716211e-01
1.684263448969332000e-01
1.649069884364002536e-01
1.684263448969332000e-01
1.649069884364002536e-01
1.684263448969332000e-01
1.591251885369532049e-01
1.684263448969332000e-01
1.568627450980392690e-01
1.684263448969332000e-01
1.568627450980392690e-01
1.684263448969332000e-01
1.568627450980392690e-01
1.684263448969332000e-01
1.529110105580691603e-01
1.684263448969332000e-01
1.568627450980392690e-01
1.684263448969332000e-01
1.568627450980392690e-01
1.548516842634488910e-01
1.561085972850680681e-01
1.452991452991451438e-01
1.520864756158873121e-01
1.452991452991451438e-01
1.513323278029161112e-01
1.452991452991451438e-01
1.490698843640020088e-01
1.452991452991451438e-01
1.452991452991451438e-01
1.452991452991451438e-01
1.490698843640020088e-01
1.452991452991451438e-01
1.490698843640020088e-01
1.452991452991451438e-01
1.490698843640020088e-01
1.452991452991451438e-01
1.490698843640020088e-01
1.452991452991451438e-01
1.452991452991451438e-01
1.452991452991451438e-01
1.375062845651080501e-01
1.452991452991451438e-01
1.452991452991451438e-01
1.452991452991451438e-01
1.375062845651080501e-01
1.452991452991451438e-01
1.375062845651080501e-01
1.452991452991451438e-01
1.297134238310709842e-01
1.452991452991451438e-01
1.327300150829560932e-01
1.452991452991451438e-01
1.297134238310707899e-01
1.452991452991451438e-01
1.297134238310709842e-01
1.452991452991451438e-01
1.297134238310707899e-01
1.452991452991451438e-01
1.327300150829560932e-01
1.452991452991451438e-01
1.297134238310707899e-01
1.201608848667670704e-01
1.297134238310707899e-01
1.392659627953745372e-01
1.297134238310707899e-01
1.141277023629964499e-01
1.297134238310707899e-01
1.201608848667670704e-01
1.266968325791854866e-01
1.141277023629964499e-01
1.274509803921568540e-01
1.141277023629964499e-01
1.266968325791854866e-01
1.141277023629964499e-01
1.266968325791854866e-01
1.141277023629964499e-01
1.264454499748615957e-01
1.141277023629964499e-01
1.266968325791854866e-01
1.141277023629964499e-01
1.234288587229762785e-01
1.141277023629964499e-01
1.234288587229762785e-01
1.141277023629964499e-01
1.239517345399692438e-01
1.141277023629964499e-01
1.234288587229762785e-01
1.141277023629964499e-01
1.234288587229762785e-01
1.141277023629964499e-01
1.159678230266465299e-01
1.141277023629964499e-01
1.141277023629964499e-01
1.141277023629964499e-01
1.141277023629964499e-01
1.141277023629964499e-01
1.141277023629964499e-01
1.141277023629964499e-01
1.141277023629964499e-01
1.141277023629964499e-01
1.141277023629964499e-01
1.141277023629964499e-01
1.141277023629964499e-01
1.141277023629964499e-01
1.080945198592256629e-01
1.141277023629964499e-01
1.080945198592256629e-01
1.141277023629964499e-01
1.080945198592256629e-01
1.141277023629964499e-01
1.138763197586725451e-01
1.141277023629964499e-01
1.080945198592256629e-01
1.141277023629964499e-01
1.080945198592256629e-01
1.141277023629964499e-01
1.050779286073403596e-01
1.141277023629964499e-01
1.018099547511311515e-01
1.141277023629964499e-01
1.038210155857213490e-01
1.141277023629964499e-01
1.018099547511311515e-01
1.141277023629964499e-01
1.018099547511311515e-01
1.075917546505782002e-01
1.018099547511311515e-01
9.602815485168426923e-02
1.018099547511311515e-01
1.075917546505782002e-01
1.018099547511311515e-01
1.075917546505782002e-01
1.018099547511311515e-01
1.075917546505782002e-01
1.018099547511311515e-01
1.075917546505782002e-01
1.018099547511311515e-01
1.075917546505782002e-01
1.018099547511311515e-01
8.949220713926601956e-02
1.018099547511311515e-01
8.949220713926601956e-02
1.018099547511311515e-01
8.949220713926601956e-02
9.854198089492210988e-02
1.075917546505782002e-01
1.018099547511311515e-01
8.949220713926601956e-02
1.018099547511311515e-01
8.949220713926601956e-02
9.854198089492210988e-02
8.949220713926601956e-02
9.854198089492210988e-02
8.949220713926601956e-02
9.854198089492210988e-02
8.949220713926601956e-02
9.769733534439385692e-02
8.949220713926601956e-02
9.753645047762683762e-02
8.949220713926601956e-02
8.949220713926601956e-02
8.949220713926601956e-02
8.949220713926601956e-02
8.949220713926601956e-02
9.753645047762683762e-02
8.949220713926601956e-02
9.653092006033191230e-02
8.949220713926601956e-02
9.753645047762683762e-02
8.949220713926601956e-02
8.949220713926601956e-02
8.949220713926601956e-02
8.949220713926601956e-02
8.949220713926601956e-02
9.276018099547504725e-02
8.949220713926601956e-02
8.949220713926601956e-02
8.949220713926601956e-02
8.949220713926601956e-02
8.949220713926601956e-02
8.949220713926601956e-02
8.949220713926601956e-02
8.949220713926601956e-02
8.949220713926601956e-02
8.949220713926601956e-02
8.949220713926601956e-02
8.949220713926601956e-02
8.949220713926601956e-02
8.949220713926601956e-02
8.949220713926601956e-02
8.949220713926601956e-02
8.949220713926601956e-02
8.949220713926601956e-02
8.949220713926601956e-02
8.949220713926601956e-02
8.949220713926601956e-02
8.949220713926601956e-02
8.949220713926601956e-02
8.848667672197073342e-02
8.949220713926601956e-02
8.949220713926601956e-02
8.949220713926601956e-02
8.371040723981895693e-02
8.949220713926601956e-02
8.949220713926601956e-02
8.949220713926601956e-02
8.949220713926601956e-02
8.949220713926601956e-02
8.949220713926601956e-02
8.949220713926601956e-02
8.949220713926601956e-02
8.949220713926601956e-02
8.949220713926601956e-02
8.949220713926601956e-02
8.949220713926601956e-02
8.949220713926601956e-02
8.044243338360992923e-02
8.949220713926601956e-02
8.270487682252368467e-02
8.949220713926601956e-02
8.270487682252368467e-02
8.949220713926601956e-02
8.044243338360992923e-02
8.949220713926601956e-02
7.943690296631464309e-02
8.949220713926601956e-02
8.270487682252368467e-02
8.949220713926601956e-02
7.943690296631464309e-02
8.949220713926601956e-02
7.943690296631464309e-02
8.949220713926601956e-02
8.270487682252368467e-02
8.949220713926601956e-02
7.943690296631464309e-02
7.139265962795382503e-02
7.943690296631464309e-02
8.949220713926601956e-02
8.270487682252368467e-02
8.949220713926601956e-02
7.943690296631464309e-02
7.139265962795382503e-02
7.943690296631464309e-02
8.949220713926601956e-02
7.943690296631464309e-02
8.949220713926601956e-02
7.943690296631464309e-02
8.748114630467564157e-02
7.943690296631464309e-02
7.139265962795382503e-02
7.943690296631464309e-02
6.938159879336344704e-02
7.943690296631464309e-02
6.938159879336344704e-02
7.943690296631464309e-02
7.139265962795382503e-02
7.943690296631464309e-02
6.938159879336344704e-02
7.943690296631464309e-02
6.938159879336344704e-02
7.943690296631464309e-02
6.938159879336344704e-02
7.943690296631464309e-02
6.938159879336344704e-02
7.943690296631464309e-02
6.938159879336344704e-02
7.943690296631464309e-02
6.938159879336344704e-02
7.943690296631464309e-02
6.938159879336344704e-02
