6.684334399863655074e-01
6.657550802221896546e-01
6.606912046111299563e-01
6.345558921280768372e-01
6.010480403473844602e-01
5.858957692575865739e-01
5.675981375746638191e-01
5.571006902749482403e-01
5.598509439955378086e-01
5.870126046839534428e-01
5.541180207469846852e-01
5.285522819358688951e-01
5.149637043980820339e-01
5.051678429488919431e-01
5.033209119996285841e-01
4.947680102882734410e-01
4.822674486167388697e-01
4.762354836960313031e-01
4.752593373050613690e-01
4.561005275838829198e-01
4.493564406293820701e-01
4.340365202705321335e-01
4.410554776532202848e-01
4.274030632403406638e-01
4.312630249692050444e-01
4.297833109955919717e-01
4.154045197127341216e-01
4.131190976068920273e-01
3.985078905166605234e-01
4.005444727647410885e-01
4.043774742599490768e-01
3.940331115053573585e-01
3.926045290093664319e-01
3.783664267619056276e-01
3.753825176829695964e-01
3.807668172204621282e-01
3.737246182570365116e-01
3.767227821721583214e-01
3.726632527366962599e-01
3.681776276543824999e-01
3.639244183794421716e-01
3.686502064627091846e-01
3.648695759960957075e-01
3.649526259112634285e-01
3.639166711858630721e-01
3.602212598486195239e-01
3.590824223924884429e-01
3.596014843622899471e-01
3.599501080733504832e-01
3.543178983413259320e-01
3.608720241092666647e-01
3.516218749757900608e-01
3.576801803546667546e-01
3.557666235406227173e-01
3.479215054346562752e-01
3.473919072815873643e-01
3.428133158763240207e-01
3.434021025883376987e-01
3.487941493194092191e-01
3.489955763524664190e-01
3.424569449716840519e-01
3.349886503614067368e-01
3.402620100868460340e-01
3.304023117625640715e-01
3.460438955988197063e-01
3.399003710905725284e-01
3.371191285956663397e-01
3.287366651430520537e-01
3.260716305518327474e-01
3.246693885140110591e-01
3.260948721325700461e-01
3.238326916074653061e-01
3.281584146143053382e-01
3.237781513646681986e-01
3.204239264326499970e-01
3.214930391465693482e-01
3.158530822209654754e-01
3.211521626290881892e-01
3.101976309082031813e-01
3.239101635432566906e-01
3.197344262041075802e-01
3.121731652708805149e-01
3.072382029609779241e-01
3.090708790740558931e-01
3.085707202565871055e-01
3.028687857823508800e-01
3.104300467155775567e-01
3.031941679126738398e-01
3.011644031949427536e-01
3.063550228929571295e-01
3.068818320563378443e-01
3.064015060544318936e-01
3.022645046831785032e-01
3.026906003300307013e-01
2.980190426018180516e-01
2.960822442070362159e-01
3.064015060544318936e-01
2.962061993043020869e-01
2.883970281765431687e-01
2.937193501654029593e-01
2.901323995382673049e-01
2.893964161482505681e-01
2.891640003408767479e-01
2.914339280595606430e-01
2.886139495967586233e-01
2.901323995382673049e-01
2.804484075643601249e-01
2.840121166107579254e-01
2.881956011434859688e-01
2.847093640328792752e-01
2.743358718304298449e-01
2.802051456859753209e-01
2.764431084839518715e-01
2.829197623161010533e-01
2.846163977099296916e-01
2.879321965617951951e-01
2.790926486880129787e-01
2.721976464025908093e-01
2.756916307067767691e-01
2.692072296810490983e-01
2.821140541838724758e-01
2.604993840981106312e-01
2.741034560230563022e-01
2.715003989804694595e-01
2.633193625609123734e-01
2.624516768800503885e-01
2.626298623323698456e-01
2.602669682907368665e-01
2.634045816902829684e-01
2.672781784798458626e-01
2.629397500755352723e-01
2.626685983002657876e-01
2.658836836356039957e-01
2.609564685192789502e-01
2.624361824928920228e-01
2.604993840981106312e-01
2.604993840981106312e-01
2.596704343851444219e-01
2.551321283864915190e-01
2.578963270555245657e-01
2.614135529404477132e-01
2.602282323228411465e-01
2.604993840981106312e-01
2.474840988851793322e-01
2.526359826152977939e-01
2.570286413746621923e-01
2.604993840981106312e-01
2.467713570759003106e-01
2.545805282036589512e-01
2.463994917841018928e-01
2.518225272894898392e-01
2.550763485927227125e-01
2.570518829554001572e-01
2.434245694497174373e-01
2.405968437933361792e-01
2.453148846830237595e-01
2.481426103394040739e-01
2.542628932669140362e-01
2.333842065711697888e-01
2.373817584579993589e-01
2.395664670473124647e-01
2.436879740314075171e-01
2.337483246693889405e-01
2.333842065711697888e-01
2.333842065711697888e-01
2.351970498686848932e-01
2.385360903012889167e-01
2.426575972853839691e-01
2.328651446013681736e-01
2.333842065711697888e-01
2.333842065711697888e-01
2.333842065711697888e-01
2.367619829716686719e-01
2.329503637307387687e-01
2.327334423105232031e-01
2.325165208903076375e-01
2.333842065711696501e-01
2.333842065711697888e-01
2.359175388715441246e-01
2.330045940857926601e-01
2.439591258066766966e-01
2.325707512453615289e-01
2.323538298251459355e-01
2.282245756474728937e-01
2.329038805692638381e-01
2.330588244408464127e-01
2.281548509052606644e-01
2.264272267371149061e-01
2.306726888184755520e-01
2.244516923744372949e-01
2.320284476948227259e-01
2.320284476948227259e-01
2.092284569914565351e-01
2.190209096754714979e-01
2.118237668404626406e-01
2.227937929485047652e-01
2.320284476948227259e-01
1.861275652894735788e-01
1.968484416520111524e-01
2.122111265194202567e-01
2.212830902005765155e-01
2.194005221608480716e-01
2.289063286824356280e-01
2.320284476948227259e-01
1.931840190890852516e-01
1.994902346624934097e-01
2.067725966268717797e-01
2.168749370540535293e-01
2.257842096700485301e-01
1.781002331905285896e-01
1.830119539196933265e-01
1.933312157670888654e-01
2.036504776144845430e-01
2.101736146081082668e-01
2.226620906576591008e-01
2.320284476948227259e-01
1.804321384578448650e-01
1.907514003052404039e-01
2.010706621526361093e-01
2.113899240000316482e-01
2.187962410616758613e-01
1.675330611485991161e-01
1.778523229959946550e-01
1.881715848433901939e-01
1.907359059180827598e-01
2.088101085381832145e-01
2.154881894033896239e-01
1.675872915036530075e-01
1.752725075341462213e-01
1.855917693815417602e-01
1.959110312289372990e-01
1.675330611485991161e-01
1.675330611485991161e-01
1.675330611485991161e-01
1.726926920722977599e-01
1.830119539196933265e-01
1.933312157670888654e-01
1.950433455480755640e-01
1.675330611485991161e-01
1.675330611485991161e-01
1.701128766104493262e-01
1.804321384578448650e-01
1.804011496835283002e-01
1.939122552855237491e-01
1.675330611485991161e-01
1.675330611485991161e-01
1.675330611485991161e-01
1.771085924123984856e-01
1.774649633170400642e-01
1.675330611485991161e-01
1.675330611485991161e-01
1.675330611485991161e-01
1.669365272430065605e-01
1.747147095964490526e-01
1.745287769505497744e-01
1.675330611485991161e-01
1.675330611485991161e-01
1.675330611485991161e-01
1.663399933374138662e-01
1.723208267804996197e-01
1.674478420192286321e-01
1.675330611485991161e-01
1.675330611485991161e-01
1.675330611485991161e-01
1.675330611485991161e-01
1.673471285026999766e-01
1.675717971164960296e-01
1.671351652863740656e-01
1.675330611485991161e-01
1.648060490087466523e-01
1.651469255262283664e-01
1.675330611485991161e-01
1.667893305650029467e-01
1.669675160173227091e-01
1.675330611485991161e-01
1.621642559982650611e-01
1.645503916206358108e-01
1.669365272430065605e-01
1.669752632109019475e-01
1.662315326273059446e-01
1.654878020437098030e-01
1.614902501568807602e-01
1.639538577150431164e-01
1.663399933374138662e-01
1.671611958568009482e-01
1.664174652732049453e-01
1.664871900154170636e-01
1.589646650500858016e-01
1.633573238094501723e-01
1.657434594318209220e-01
1.673471285026999766e-01
1.666033979191039460e-01
1.563151248460248333e-01
1.586082941454461381e-01
1.627607899038576167e-01
1.651469255262283664e-01
1.675330611485991161e-01
1.667893305650029467e-01
1.660455999814068051e-01
1.575469286251057477e-01
1.592674253751581170e-01
1.645503916206358108e-01
1.667505945971081149e-01
1.648447849766427331e-01
1.554939223266376125e-01
1.571363273654119430e-01
1.593210359547257149e-01
1.607465195732846186e-01
1.526197135087815626e-01
1.551143098412595400e-01
1.550833210669437801e-01
1.567257261057186657e-01
1.583681311444931072e-01
1.600105361832679929e-01
1.651856614941238921e-01
1.549516187760996422e-01
1.546727198072498366e-01
1.563151248460248333e-01
1.579575298847993026e-01
1.627607899038576167e-01
1.644031949426327521e-01
1.526197135087815626e-01
1.542621185475565593e-01
1.559045235863308898e-01
1.575469286251057477e-01
1.591893336638802170e-01
1.599020754731600713e-01
1.482462677894929304e-01
1.538515172878626158e-01
1.554939223266376125e-01
1.571363273654119430e-01
1.569194059451967660e-01
1.494123753670234533e-01
1.484517233632116073e-01
1.499546789175627837e-01
1.550833210669437801e-01
1.567257261057186657e-01
1.583681311444931072e-01
1.587090076619749601e-01
1.485291952990030750e-01
1.512871962131711601e-01
1.509540668892692394e-01
1.533402025116405165e-01
1.579575298847998577e-01
1.494588585284981064e-01
1.487151279449019647e-01
1.479713973613059341e-01
1.503575329836771002e-01
1.511322523415893904e-01
1.575469286251057477e-01
1.496447911743972459e-01
1.489010605908009655e-01
1.481573300072047961e-01
1.497609990780841283e-01
1.521471347004552943e-01
1.545332703228256277e-01
1.498307238202961078e-01
1.490869932367001049e-01
1.483432626531039356e-01
1.491644651724911841e-01
1.515506007948623224e-01
1.507603870497911114e-01
1.500166564661952473e-01
1.492729258825989669e-01
1.485291952990030750e-01
1.512871962131711601e-01
1.479713973613059341e-01
1.503652801772560610e-01
1.502025891120941092e-01
1.494588585284981064e-01
1.487151279449019647e-01
1.479713973613059341e-01
1.479713973613059341e-01
1.479713973613059341e-01
1.503885217579931100e-01
1.496447911743972459e-01
1.489010605908009655e-01
1.481573300072047961e-01
1.479713973613059341e-01
1.485660719404401919e-01
1.505744544038922494e-01
1.498307238202961078e-01
1.490869932367001049e-01
1.483432626531039356e-01
1.491644651724911841e-01
1.479713973613059341e-01
1.479713973613059341e-01
1.479713973613059341e-01
1.492729258825989669e-01
1.485291952990030750e-01
1.479713973613059341e-01
1.479713973613059341e-01
1.479713973613059341e-01
1.479713973613059341e-01
1.494588585284981064e-01
