5.909136246209141241e-01
5.978321913961586187e-01
6.125198247781645788e-01
5.822545209479947914e-01
5.209983151746601093e-01
4.924268224194088828e-01
4.611928563405592318e-01
4.605863192182410026e-01
4.471989217117823823e-01
4.533312366617991418e-01
4.443333707738963967e-01
4.204762439627092729e-01
4.093227002134111614e-01
3.978209592272266004e-01
3.934291811748846235e-01
4.017072896776363589e-01
3.909356396720208848e-01
3.785249915758731043e-01
3.655958665618330716e-01
3.556666292261034257e-01
3.590812085813769872e-01
3.613950353813320526e-01
3.554258115242051597e-01
3.450796360777266258e-01
3.453168594855663409e-01
3.338986858362349430e-01
3.324901718521845462e-01
3.459283387622150152e-01
3.408850949118272800e-01
3.302706952712569088e-01
3.206784230034818162e-01
3.150061776929125590e-01
3.154891609569808741e-01
3.203414579355273739e-01
3.230371784791640222e-01
3.021754464787149708e-01
2.932157699651801730e-01
2.945074693923398490e-01
2.921379310344825453e-01
2.992811411883630757e-01
3.123666179939346699e-01
2.778456699988770540e-01
2.717847916432663546e-01
2.710434684937662597e-01
2.672950690778385097e-01
2.749634954509717066e-01
2.774345726159722081e-01
2.674716387734472622e-01
2.651241154666966193e-01
2.523082107154893117e-01
2.552667640121307202e-01
2.531438840840172788e-01
2.477254857913062658e-01
2.557564865775579510e-01
2.525665506009208139e-01
2.345726159721440995e-01
2.445243176457373435e-01
2.440637987195326541e-01
2.408289340671683487e-01
2.518364596203520600e-01
2.333595417275076134e-01
2.314950016848252301e-01
2.257553633606646237e-01
2.281815118499381512e-01
2.344602942828260539e-01
2.262158822868696184e-01
2.274514208693698969e-01
2.191733123666180505e-01
2.163540379647310441e-01
2.188925081433223951e-01
2.244861282713694617e-01
2.268898124227787805e-01
2.120521172638437646e-01
2.090958104009878193e-01
2.048747613164103587e-01
2.081208581377063660e-01
2.109401325395932891e-01
2.173986296753905312e-01
1.967426710097717468e-01
2.007188588116363970e-01
2.043131528698192423e-01
1.973492081320900593e-01
2.087498595978886651e-01
1.941817364933170198e-01
1.951926316971807074e-01
1.931933056273167082e-01
1.850499831517466998e-01
1.944629900033688075e-01
1.931933056273167082e-01
1.903627990564980832e-01
1.931933056273167082e-01
1.775244299674269832e-01
1.784230034819723476e-01
1.699651802763114949e-01
1.868134336740426282e-01
1.874424351342245110e-01
1.732562057733348648e-01
1.708300572840616705e-01
1.684039087947882540e-01
1.696506795462206230e-01
1.662810288666742853e-01
1.552847354824218873e-01
1.727619903403349033e-01
1.714365944063797609e-01
1.671122093676290776e-01
1.645400426822421491e-01
1.625856452881050962e-01
1.543300011232165425e-01
1.722677749073347475e-01
1.687408738627430849e-01
1.648320790744690068e-01
1.597776030551500692e-01
1.504212063349430750e-01
1.469616983039425673e-01
1.700550376277662479e-01
1.605750870493092841e-01
1.610693024823094399e-01
1.575985622823767585e-01
1.490733460631247231e-01
1.454341233292147095e-01
1.370773896439402006e-01
1.258002920363923416e-01
1.537854655734015863e-01
1.458946422554192879e-01
1.499831517466020669e-01
1.462428394923060981e-01
1.327642367741211082e-01
1.275412782208242835e-01
1.528352240817696106e-01
1.475682354262608520e-01
1.415028642030776440e-01
1.329888801527571995e-01
1.342244187352578111e-01
1.292822644052568359e-01
1.267887229023924589e-01
1.494327754689427357e-01
1.383241603953719867e-01
1.411209704593958114e-01
1.355498146692127592e-01
1.299786588790294850e-01
1.262945074693924974e-01
1.490508817252611251e-01
1.258002920363923416e-01
1.315511625294839282e-01
1.327642367741205254e-01
1.311733123666179168e-01
1.258002920363923416e-01
1.266072110524549821e-01
1.258002920363923416e-01
1.257621026620237836e-01
1.256992025160059701e-01
1.325395933954844341e-01
1.267100977198696854e-01
1.232393575199371843e-01
1.258002920363923416e-01
1.359092440750309660e-01
1.265303830169611787e-01
1.255194878130968805e-01
1.248118611703922104e-01
1.240930023587553666e-01
1.255868808266878411e-01
1.255194878130968805e-01
1.255194878130968805e-01
1.255194878130968805e-01
1.240817701898237757e-01
1.246770751432104835e-01
1.213074244636637294e-01
1.255194878130968805e-01
1.255194878130968805e-01
1.250252723800961141e-01
1.235875547568238142e-01
1.255194878130968805e-01
1.221049084578233468e-01
1.186903291025500212e-01
1.253060766033925744e-01
1.213523531393915084e-01
1.195102774345716129e-01
1.250365045490287041e-01
1.229585532966417233e-01
1.195439739413682034e-01
1.187577221161407875e-01
1.204088509491185732e-01
1.226215882286872949e-01
1.241266988655513465e-01
1.235875547568234117e-01
1.112883297764798440e-01
1.098506121532067531e-01
1.100190946871840714e-01
1.166011456812310471e-01
1.103111310794117200e-01
1.245535212849605416e-01
1.212512636190045678e-01
1.101089520386388243e-01
1.086263057396383569e-01
1.183758283724583721e-01
1.111984724250252854e-01
1.255194878130968805e-01
1.135347635628441432e-01
1.104796136133890383e-01
1.089969673143883766e-01
1.069864090755923564e-01
1.126586543861615719e-01
9.470964843311197034e-02
1.112209367628888834e-01
1.100640233629116421e-01
1.093676288891385906e-01
1.072672132988882199e-01
1.059305851960012784e-01
9.473211277097516592e-02
9.306975176906677472e-02
1.105470066269796103e-01
1.086150735707067522e-01
1.073907671571381617e-01
1.062226215882287328e-01
9.728675727282880270e-02
9.258676850499861222e-02
1.110299898910479671e-01
1.090980568347749147e-01
1.076828035493654079e-01
9.893294395147690656e-02
9.551836459620358100e-02
9.210378524093004726e-02
9.403571829720309971e-02
9.463102325058961317e-02
1.079748399415926680e-01
1.055936201280466419e-01
9.637200943502176320e-02
9.295743007974822947e-02
9.355273503313493721e-02
1.039312591261374458e-01
1.070313377513199271e-01
1.006402336291140620e-01
9.722565427383994541e-02
9.381107491856641167e-02
9.306975176906677472e-02
9.350780635740776892e-02
1.074356958328655381e-01
1.014938784679322442e-01
9.953948107379539945e-02
9.466471975738519062e-02
9.210378524093004726e-02
9.294619791081683291e-02
9.313714478265774921e-02
1.008873413456137513e-01
9.702347523306743826e-02
9.520386386611252860e-02
9.210378524093004726e-02
9.238458946422550833e-02
9.210378524093004726e-02
9.210378524093004726e-02
9.798944176120397143e-02
9.171065932831644341e-02
9.287880489722546984e-02
9.210378524093004726e-02
9.210378524093004726e-02
9.210378524093004726e-02
9.895540828934089317e-02
9.675390317870356804e-02
9.365382455352089242e-02
9.210378524093004726e-02
9.210378524093004726e-02
9.210378524093004726e-02
9.123890823317987175e-02
9.155340896327092415e-02
9.442884420981691174e-02
9.210378524093004726e-02
9.210378524093004726e-02
9.084578232056607361e-02
9.210378524093004726e-02
9.147478378074816452e-02
9.178928451083900875e-02
9.210378524093004726e-02
9.210378524093004726e-02
9.076715713804350827e-02
9.210378524093004726e-02
9.139615859822539101e-02
9.373244973604405450e-02
9.274401887004374290e-02
9.176682017297541072e-02
9.068853195552054047e-02
9.100303268561159287e-02
9.131753341570263138e-02
9.163203414579368378e-02
9.194653487588452800e-02
9.191508480287542693e-02
9.210378524093004726e-02
9.092440750308883324e-02
9.123890823317987175e-02
9.155340896327092415e-02
9.146355161181617122e-02
9.199146355161171018e-02
9.154217679433893085e-02
9.084578232056607361e-02
9.116028305065711212e-02
9.147478378074816452e-02
9.125014040211167077e-02
9.210378524093004726e-02
9.000336965067967654e-02
9.076715713804350827e-02
9.013815567786141736e-02
9.139615859822539101e-02
9.103672919240717032e-02
9.013815567786141736e-02
9.003706615747505970e-02
8.990228013029333276e-02
9.100303268561159287e-02
9.131753341570263138e-02
9.082331798270247558e-02
9.013815567786141736e-02
9.103672919240697603e-02
8.993597663708871592e-02
8.980119060990697510e-02
9.013815567786141736e-02
9.060990677299798901e-02
9.013815567786141736e-02
9.010445917106582603e-02
8.996967314388409909e-02
8.983488711670216398e-02
9.013815567786141736e-02
9.013815567786141736e-02
9.013815567786141736e-02
9.013815567786141736e-02
9.000336965067967654e-02
8.923958216331585869e-02
8.879029540604287118e-02
9.018308435358858566e-02
9.013815567786141736e-02
9.013815567786141736e-02
9.003706615747505970e-02
8.990228013029333276e-02
8.890261709536122214e-02
8.845333033808823464e-02
9.013815567786141736e-02
9.013815567786141736e-02
9.007076266427065103e-02
8.946422554195214427e-02
8.901493878467936494e-02
8.856565202740658560e-02
8.811636527013380626e-02
9.013815567786141736e-02
9.010445917106582603e-02
8.968886892058842986e-02
8.912726047399750773e-02
8.867797371672472839e-02
8.822868695945194906e-02
9.013815567786141736e-02
9.013815567786141736e-02
8.968886892058863802e-02
8.923958216331585869e-02
8.879029540604287118e-02
8.834100864877030002e-02
9.013815567786141736e-02
9.013815567786141736e-02
9.003706615747505970e-02
8.935190385263400148e-02
8.890261709536122214e-02
8.845333033808823464e-02
9.013815567786141736e-02
9.013815567786141736e-02
8.991351229922511790e-02
8.946422554195214427e-02
8.901493878467936494e-02
8.856565202740658560e-02
8.811636527013380626e-02
9.013815567786141736e-02
8.733011344490639039e-02
8.733011344490639039e-02
8.912726047399750773e-02
8.867797371672472839e-02
8.822868695945194906e-02
8.724025609345183174e-02
8.733011344490639039e-02
8.733011344490639039e-02
8.923958216331585869e-02
8.879029540604287118e-02
8.834100864877030002e-02
8.789172189149731251e-02
9.000336965067967654e-02
8.733011344490639039e-02
8.935190385263400148e-02
8.890261709536122214e-02
8.845333033808823464e-02
8.800404358081566347e-02
8.728518476917901392e-02
8.733011344490639039e-02
8.733011344490639039e-02
8.901493878467936494e-02
8.856565202740658560e-02
8.717286307986087113e-02
8.726272043131542977e-02
8.733011344490639039e-02
8.733011344490639039e-02
8.912726047399750773e-02
8.867797371672472839e-02
8.822868695945194906e-02
