5.608383693045562168e-01
5.354116706634691747e-01
5.289784172661871064e-01
4.900444444444445047e-01
4.659894484412468452e-01
4.460732214228615433e-01
4.251254996003197562e-01
4.206874500399680472e-01
4.221761790567545858e-01
4.134983213429255788e-01
4.080473221422862284e-01
3.880895283772980431e-01
3.763229416466827293e-01
3.649080735411670551e-01
3.910599520383691852e-01
3.936927258193445023e-01
3.734964028776978640e-01
3.497521982414069641e-01
3.458928856914467720e-01
3.360191846522783132e-01
3.296243005595523301e-01
3.117505995203837532e-01
3.442999200639488833e-01
3.351558752997602086e-01
3.280895283772981563e-01
3.158752997601919077e-01
3.091926458832933711e-01
3.024741806554755441e-01
2.982254196642686317e-01
3.132214228617105078e-01
3.033733013589128280e-01
2.993605115907273517e-01
2.901358912869704265e-01
2.887130295763388199e-01
2.852278177458034136e-01
2.862471622701839857e-01
2.880095923261390967e-01
2.820623501199044370e-01
2.813589128697042696e-01
2.794084732214227040e-01
2.816626698641085946e-01
2.778577138289367587e-01
2.781614708233414168e-01
2.728217426059152961e-01
2.718465227817746244e-01
2.727897681854518641e-01
2.805755395683453002e-01
2.758273381294962245e-01
2.681215027977618126e-01
2.586410871302958769e-01
2.579376498800959872e-01
2.640287769784170346e-01
2.634212629896082181e-01
2.566625099920060160e-01
2.617745803357314771e-01
2.485531574740211247e-01
2.473221422861711649e-01
2.484412470023981412e-01
2.528377298161472719e-01
2.538289368505197152e-01
2.332533972821743407e-01
2.358113509192646673e-01
2.415667466027179855e-01
2.392166266986410494e-01
2.485371702637890756e-01
2.273860911270983165e-01
2.314948041566747272e-01
2.318625099920063048e-01
2.286011191047163660e-01
2.270183852917665723e-01
2.252278177458034158e-01
2.270183852917665723e-01
2.234212629896083213e-01
2.199040767386096495e-01
2.194724220623502364e-01
2.175059952038369548e-01
2.246203037569944605e-01
2.241886490807360466e-01
2.135731414868105027e-01
2.121611510791363564e-01
2.171702637889687537e-01
2.122302158273380868e-01
2.130935251798560526e-01
2.122941646682653394e-01
2.111111111111111105e-01
2.055315747402081950e-01
2.039680255795365826e-01
2.062784972022384811e-01
2.076418864908073370e-01
2.086330935251800855e-01
1.978577138289372150e-01
1.971223021582731993e-01
2.017426059152677698e-01
1.970903277378097673e-01
2.014868105515588981e-01
2.027018385291768088e-01
2.122302158273380868e-01
1.962270183852919681e-01
1.930295763389289765e-01
1.872460431654680013e-01
1.859152677857714708e-01
1.969624300559549845e-01
1.952997601918467496e-01
1.947881694644285899e-01
1.887929656274980605e-01
1.843645083932853868e-01
1.876099120703434153e-01
1.819824140687448799e-01
1.944684252597923269e-01
1.935091926458834266e-01
1.833573141486811442e-01
1.820143884892087283e-01
1.781454836131095287e-01
1.821422861710632335e-01
1.784332533972816659e-01
1.791526778577139101e-01
1.798561151079136611e-01
1.757793764988009599e-01
1.745003996802556301e-01
1.731254996003196711e-01
1.683613109512392403e-01
1.534772182254196538e-01
1.767386091127097214e-01
1.720223820943241888e-01
1.748201438848920319e-01
1.690807354116707906e-01
1.585131894484412829e-01
1.541326938449239514e-01
1.555395683453238975e-01
1.689688249400479181e-01
1.592326139088729720e-01
1.635491606714626345e-01
1.584812150279778786e-01
1.545003996802558344e-01
1.548521183053556405e-01
1.534772182254196538e-01
1.604316546762586948e-01
1.656274980015987885e-01
1.570583533173461610e-01
1.550119904076736888e-01
1.534772182254196538e-01
1.534772182254196538e-01
1.559072741806554752e-01
1.643165467625894993e-01
1.559392486011190460e-01
1.548840927258191835e-01
1.534772182254196538e-01
1.484412470023986075e-01
1.450519584332535805e-01
1.487059952038375377e-01
1.565467625899277238e-01
1.552358113509192672e-01
1.420943245403675226e-01
1.463149480415669723e-01
1.445563549160671923e-01
1.465387689848121344e-01
1.469224620303756501e-01
1.537649880095922073e-01
1.431015187849716264e-01
1.432613908872905351e-01
1.440607513988811095e-01
1.447641886490810270e-01
1.462669864108713524e-01
1.410871302957634466e-01
1.419984012789768657e-01
1.414868105515587338e-01
1.430855315747404377e-01
1.421262989608313709e-01
1.410871302957634466e-01
1.410871302957634466e-01
1.410871302957634466e-01
1.410871302957634466e-01
1.426858513189448452e-01
1.415667466027176191e-01
1.449560351718627571e-01
1.410871302957634466e-01
1.402877697841727334e-01
1.409272581934453705e-01
1.407993605115907265e-01
1.404156674660272386e-01
1.400319744204635841e-01
1.396482813749000684e-01
1.401278976818546573e-01
1.407673860911271835e-01
1.408952837729816887e-01
1.405115907274180342e-01
1.401278976818545186e-01
1.393285371702638054e-01
1.399680255795363315e-01
1.406075139888089687e-01
1.386890487609911682e-01
1.386890487609911682e-01
1.402238209432453420e-01
1.397601918465229409e-01
1.381774580335731473e-01
1.389128697042367466e-01
1.346922462030374634e-01
1.393285371702638054e-01
1.359712230215826267e-01
1.378577138289367454e-01
1.381135091926458947e-01
1.383693045563549051e-01
1.387210231814548500e-01
1.366586730615507728e-01
1.358113509192645785e-01
1.377937649880094928e-01
1.380495603517185033e-01
1.370903277378097418e-01
1.368984812150274288e-01
1.350119904076738653e-01
1.356514788169463914e-01
1.377298161470824067e-01
1.379856115107913894e-01
1.355555555555554292e-01
1.349800159872101835e-01
1.348521183053556782e-01
1.354916067146283154e-01
1.376658673061550153e-01
1.358433253397281215e-01
1.354596322941646336e-01
1.350759392486009791e-01
1.346922462030374634e-01
1.353317346123099896e-01
1.346922462030374634e-01
1.346922462030374634e-01
1.355555555555554292e-01
1.351718625099919135e-01
1.347881694644282868e-01
1.351718625099919135e-01
1.346922462030374634e-01
1.346922462030374634e-01
1.334932054356516296e-01
1.352677857713827370e-01
1.348840927258192213e-01
1.350119904076738653e-01
1.346922462030374634e-01
1.346922462030374634e-01
1.346922462030374634e-01
1.346922462030374634e-01
1.349800159872101835e-01
1.348521183053556782e-01
1.354916067146283154e-01
1.346922462030374634e-01
1.346922462030374634e-01
1.316227018385291436e-01
1.337649880095924115e-01
1.346922462030374634e-01
1.346922462030374634e-01
1.346922462030374634e-01
1.316227018385294212e-01
1.312390087929656279e-01
1.332533972821742518e-01
1.344044764188647711e-01
1.346922462030374634e-01
1.346922462030374634e-01
1.310791366906474131e-01
1.308553157474019735e-01
1.323900879296564248e-01
1.341167066346923564e-01
1.346922462030374634e-01
1.346922462030374634e-01
1.289368505195843118e-01
1.304716227018384578e-01
1.320063948840926316e-01
1.335411670663468053e-01
1.346922462030374634e-01
1.337330135891294236e-01
1.285531574740207961e-01
1.300879296562749698e-01
1.316227018385291436e-01
1.331574740207832896e-01
1.346922462030374634e-01
1.272741806554754940e-01
1.240447641886489455e-01
1.297042366107115929e-01
1.312390087929656279e-01
1.327737809752198017e-01
1.336370903277379063e-01
1.325339728217424240e-01
1.277857713828936259e-01
1.293205435651477997e-01
1.308553157474022510e-01
1.323900879296564248e-01
1.325819344524383214e-01
1.332533972821739743e-01
1.230855315747400314e-01
1.231814548361309797e-01
1.304716227018384578e-01
1.320063948840926316e-01
1.315267785771380427e-01
1.254196642685853347e-01
1.234212629896082186e-01
1.220783373301356500e-01
1.300879296562749698e-01
1.316227018385291436e-01
1.304716227018385966e-01
1.250999200639487940e-01
1.237569944044763920e-01
1.240447641886489455e-01
1.297042366107115929e-01
1.312390087929656279e-01
1.250999200639487940e-01
1.250999200639487940e-01
1.240927258193444266e-01
1.227498001598718580e-01
1.227498001598721494e-01
1.250999200639487940e-01
1.250999200639487940e-01
1.250999200639487940e-01
1.244284572342126000e-01
1.230855315747400314e-01
1.231814548361307021e-01
1.160831334932053982e-01
1.273061550759398974e-01
1.250999200639487940e-01
1.247641886490806346e-01
1.234212629896083574e-01
1.186250999200636619e-01
1.157474020783376412e-01
1.250999200639487940e-01
1.250999200639487940e-01
1.250999200639487940e-01
1.237569944044762393e-01
1.224140687450039761e-01
1.177138289368502289e-01
1.250999200639487940e-01
1.111910471622699070e-01
1.250999200639487940e-01
1.240927258193444266e-01
1.227498001598718580e-01
1.171862509992005891e-01
1.152677857713824833e-01
1.250999200639487940e-01
1.250999200639487940e-01
1.244284572342126000e-01
1.207833733013587152e-01
1.179056754596316953e-01
1.150279776179056884e-01
1.121502797761785297e-01
1.250999200639487940e-01
1.247641886490806346e-01
1.215027977617906818e-01
1.186250999200636619e-01
1.157474020783366558e-01
1.128697042366106351e-01
1.250999200639487940e-01
1.250999200639487940e-01
1.237569944044762393e-01
1.193445243804956285e-01
1.164668265387686225e-01
1.135891286970426017e-01
1.250999200639487940e-01
1.244284572342131689e-01
1.229416466826537546e-01
1.200639488409267486e-01
1.171862509992005891e-01
1.143085531574735692e-01
1.114308553157475623e-01
1.087450039968023002e-01
1.226378896882498459e-01
1.207833733013587152e-01
1.179056754596316953e-01
1.150279776179056884e-01
1.121502797761785297e-01
1.072581934452437463e-01
1.243804956035168413e-01
1.215027977617906818e-01
1.186250999200636619e-01
1.157474020783366558e-01
1.128697042366106351e-01
1.073061550759392135e-01
1.250999200639487940e-01
1.222222222222217880e-01
1.193445243804956285e-01
1.164668265387686225e-01
1.135891286970426017e-01
1.073541167066346946e-01
1.244284572342131689e-01
1.214068745003994421e-01
1.164828137489998250e-01
1.171862509992005891e-01
1.133493205435652379e-01
1.074020783373301619e-01
1.072102318145484179e-01
1.071143085531574696e-01
1.177138289368502289e-01
1.179056754596316953e-01
1.130135891286970645e-01
1.074500399680255042e-01
1.092725819344525090e-01
1.071143085531574696e-01
1.189448441247004939e-01
1.186250999200636619e-01
1.076898481215028680e-01
1.074980015987211102e-01
