1.012913385826771595e+00
8.787905511811023862e-01
9.058267716535433056e-01
7.698141732283463323e-01
8.422047244094489349e-01
6.822047244094489038e-01
7.130708661417323180e-01
6.450897637795275363e-01
6.733858267716534840e-01
5.942677165354328661e-01
6.034645669291339720e-01
5.596850393700786297e-01
5.713385826771654186e-01
5.239307086614172215e-01
5.108661417322833964e-01
4.815748031496061565e-01
4.390551181102361755e-01
4.559999999999998499e-01
4.153448818897616523e-01
4.217322834645669261e-01
4.132283464566928188e-01
4.122834645669292142e-01
3.974803149606298547e-01
3.732283464566928388e-01
3.722834645669292342e-01
3.694488188976376986e-01
3.527559055118110187e-01
3.502362204724409622e-01
3.451968503937006827e-01
3.344881889763778871e-01
3.451968503937006827e-01
3.252409448818895377e-01
3.212598425196849239e-01
3.181102362204724643e-01
3.212598425196849239e-01
3.072881889763777186e-01
3.168503937007874915e-01
2.913385826771653364e-01
3.168503937007874915e-01
2.910236220472439128e-01
2.985826771653544709e-01
2.834645669291340764e-01
2.985826771653544709e-01
2.743307086614172330e-01
2.374803149606300179e-01
2.664566929133858619e-01
2.374803149606300179e-01
2.573606299212595760e-01
2.374803149606300179e-01
2.469291338582677020e-01
2.374803149606300179e-01
2.370519685039368663e-01
2.255118110236219442e-01
2.340157480314960514e-01
2.255118110236219442e-01
2.267716535433071667e-01
2.255118110236219442e-01
2.160629921259842323e-01
2.255118110236219442e-01
2.233070866141731170e-01
2.242519685039369159e-01
2.113385826771651543e-01
2.255118110236219442e-01
2.214173228346456024e-01
2.185826771653542611e-01
2.053543307086614089e-01
2.185826771653542611e-01
2.018897637795275535e-01
2.185826771653542611e-01
1.965354330708662112e-01
2.185826771653542611e-01
2.000000000000000389e-01
1.851968503937008736e-01
1.845669291338582485e-01
1.757480314960630507e-01
1.845669291338582485e-01
1.757480314960630507e-01
1.798425196850393926e-01
1.757480314960630507e-01
1.804724409448820177e-01
1.757480314960630507e-01
1.751181102362205366e-01
1.757480314960630507e-01
1.785826771653543921e-01
1.757480314960630507e-01
1.619401574803147614e-01
1.757480314960630507e-01
1.779527559055118779e-01
1.744881889763780503e-01
1.612598425196849483e-01
1.744881889763780503e-01
1.596850393700787463e-01
1.448818897637794700e-01
1.596850393700787463e-01
1.436220472440944418e-01
1.596850393700787463e-01
1.436220472440944418e-01
1.568503937007872939e-01
1.436220472440944418e-01
1.537007874015750009e-01
1.436220472440944418e-01
1.537007874015750009e-01
1.436220472440944418e-01
1.429921259842519554e-01
1.436220472440944418e-01
1.427275590551180251e-01
1.436220472440944418e-01
1.376377952755904743e-01
1.329133858267717294e-01
1.426771653543307539e-01
1.436220472440944418e-01
1.382677165354332105e-01
1.316535433070867289e-01
1.407874015748032392e-01
1.425637795275589148e-01
1.414173228346457256e-01
1.316535433070867289e-01
1.407874015748032392e-01
1.316535433070867289e-01
1.316535433070867289e-01
1.316535433070867289e-01
1.341732283464566189e-01
1.316535433070867289e-01
1.348031496062990220e-01
1.316535433070867289e-01
1.316535433070867289e-01
1.316535433070867289e-01
1.288188976377953876e-01
1.316535433070867289e-01
1.244094488188974973e-01
1.316535433070867289e-01
1.281889763779527625e-01
1.316535433070867289e-01
1.237795275590551081e-01
1.316535433070867289e-01
1.231496062992124968e-01
1.316535433070867289e-01
1.231496062992124968e-01
1.247244094488189209e-01
1.218897637795274824e-01
1.108661417322834575e-01
1.231496062992124968e-01
1.039370078740156633e-01
1.193700787401572316e-01
1.108661417322834575e-01
1.197732283464561787e-01
1.108661417322834575e-01
1.143307086614171741e-01
1.039370078740156633e-01
1.171653543307086265e-01
1.039370078740156633e-01
1.171653543307086265e-01
1.039370078740156633e-01
1.130708661417323957e-01
1.039370078740156633e-01
1.159055118110238342e-01
1.039370078740156633e-01
1.130708661417323957e-01
1.039370078740156633e-01
1.165354330708662373e-01
1.039370078740156633e-01
1.048818897637794761e-01
1.039370078740156633e-01
1.105511811023621449e-01
1.039370078740156633e-01
1.105511811023621449e-01
1.039370078740156633e-01
1.130708661417323957e-01
1.039370078740156633e-01
1.039370078740156633e-01
1.039370078740156633e-01
1.048818897637794761e-01
1.039370078740156633e-01
1.033070866141731492e-01
1.039370078740156633e-01
1.033070866141731492e-01
1.039370078740156633e-01
1.033070866141731492e-01
1.039370078740156633e-01
1.020472440944881348e-01
1.039370078740156633e-01
1.033070866141731492e-01
1.039370078740156633e-01
1.020472440944881348e-01
1.014173228346456346e-01
1.033070866141731492e-01
1.039370078740156633e-01
1.020472440944881348e-01
1.001574803149606202e-01
1.026771653543306489e-01
1.026771653543306489e-01
1.020472440944881348e-01
1.039370078740156633e-01
1.014173228346456346e-01
1.001574803149606202e-01
1.020472440944881348e-01
1.001574803149606202e-01
1.020472440944881348e-01
1.001574803149606202e-01
1.007874015748031205e-01
1.001574803149606202e-01
1.007874015748031205e-01
1.001574803149606202e-01
1.014173228346456346e-01
1.001574803149606202e-01
1.014173228346456346e-01
1.001574803149606202e-01
1.014173228346456346e-01
1.001574803149606202e-01
1.001574803149606202e-01
1.001574803149606202e-01
1.001574803149606202e-01
1.001574803149606202e-01
1.001574803149606202e-01
1.001574803149606202e-01
1.001574803149606202e-01
1.001574803149606202e-01
1.001574803149606202e-01
1.001574803149606202e-01
1.001574803149606202e-01
1.001574803149606202e-01
1.001574803149606202e-01
1.001574803149606202e-01
9.889763779527538379e-02
1.001574803149606202e-01
9.574803149606296582e-02
1.001574803149606202e-01
9.984251968503941865e-02
1.001574803149606202e-01
9.637795275590557709e-02
1.001574803149606202e-01
9.574803149606296582e-02
1.001574803149606202e-01
9.511811023622034067e-02
1.001574803149606202e-01
9.322834645669293707e-02
1.001574803149606202e-01
9.322834645669293707e-02
1.001574803149606202e-01
9.385826771653556222e-02
1.001574803149606202e-01
9.322834645669293707e-02
1.001574803149606202e-01
9.385826771653556222e-02
1.001574803149606202e-01
9.322834645669293707e-02
1.001574803149606202e-01
9.322834645669293707e-02
9.133858267716542245e-02
9.322834645669293707e-02
9.133858267716542245e-02
9.322834645669293707e-02
9.133858267716542245e-02
9.322834645669293707e-02
1.001574803149606202e-01
9.322834645669293707e-02
9.133858267716542245e-02
9.322834645669293707e-02
9.511811023622034067e-02
9.322834645669293707e-02
8.629921259842514292e-02
9.322834645669293707e-02
1.001574803149606202e-01
9.322834645669293707e-02
9.511811023622034067e-02
8.881889763779539371e-02
8.629921259842514292e-02
9.322834645669293707e-02
9.133858267716542245e-02
9.111181102362163331e-02
8.629921259842514292e-02
8.629921259842514292e-02
8.629921259842514292e-02
9.070866141732268628e-02
8.629921259842514292e-02
9.322834645669293707e-02
8.629921259842514292e-02
8.881889763779539371e-02
8.629921259842514292e-02
8.629921259842514292e-02
8.629921259842514292e-02
8.881889763779539371e-02
8.629921259842514292e-02
8.881889763779539371e-02
8.629921259842514292e-02
8.629921259842514292e-02
8.629921259842514292e-02
8.629921259842514292e-02
8.629921259842514292e-02
8.629921259842514292e-02
8.629921259842514292e-02
8.629921259842514292e-02
8.629921259842514292e-02
8.629921259842514292e-02
8.629921259842514292e-02
8.629921259842514292e-02
8.629921259842514292e-02
8.629921259842514292e-02
8.629921259842514292e-02
8.629921259842514292e-02
8.629921259842514292e-02
8.629921259842514292e-02
8.629921259842514292e-02
8.629921259842514292e-02
8.629921259842514292e-02
8.629921259842514292e-02
8.629921259842514292e-02
8.629921259842514292e-02
8.629921259842514292e-02
8.629921259842514292e-02
8.629921259842514292e-02
8.314960629921250290e-02
8.629921259842514292e-02
8.629921259842514292e-02
8.629921259842514292e-02
8.629921259842514292e-02
8.629921259842514292e-02
8.629921259842514292e-02
8.629921259842514292e-02
8.629921259842514292e-02
8.629921259842514292e-02
8.566929133858264267e-02
8.629921259842514292e-02
8.629921259842514292e-02
8.629921259842514292e-02
8.629921259842514292e-02
8.629921259842514292e-02
8.629921259842514292e-02
8.629921259842514292e-02
8.314960629921250290e-02
8.629921259842514292e-02
8.062992125984247416e-02
8.629921259842514292e-02
8.629921259842514292e-02
8.629921259842514292e-02
8.629921259842514292e-02
8.629921259842514292e-02
8.314960629921239188e-02
8.629921259842514292e-02
8.566929133858264267e-02
8.629921259842514292e-02
8.251968503937000265e-02
8.629921259842514292e-02
8.125984251968498828e-02
8.629921259842514292e-02
8.314960629921250290e-02
8.629921259842514292e-02
7.559055118110231952e-02
8.629921259842514292e-02
7.811023622047234827e-02
8.629921259842514292e-02
7.559055118110231952e-02
8.629921259842514292e-02
7.559055118110231952e-02
8.629921259842514292e-02
7.811023622047234827e-02
8.629921259842514292e-02
7.559055118110231952e-02
8.629921259842514292e-02
7.999999999999997391e-02
7.496062992125980540e-02
7.559055118110231952e-02
8.629921259842514292e-02
7.559055118110231952e-02
8.629921259842514292e-02
7.999999999999997391e-02
7.783307086614014991e-02
7.559055118110231952e-02
8.629921259842514292e-02
7.559055118110231952e-02
7.622047244094481977e-02
7.559055118110231952e-02
8.629921259842514292e-02
7.559055118110231952e-02
8.629921259842514292e-02
7.559055118110231952e-02
8.629921259842514292e-02
7.559055118110231952e-02
7.496062992125980540e-02
7.559055118110231952e-02
7.622047244094481977e-02
7.559055118110231952e-02
6.488188976377948225e-02
6.992125984251965076e-02
7.622047244094481977e-02
7.559055118110231952e-02
6.488188976377948225e-02
7.559055118110231952e-02
6.488188976377948225e-02
7.559055118110231952e-02
6.488188976377948225e-02
7.559055118110231952e-02
6.669606299212439693e-02
7.559055118110231952e-02
7.496062992125980540e-02
