1.405571461031583702e+00
1.299277436946148390e+00
1.269756873437855038e+00
1.169825039763690233e+00
1.051371960917973025e+00
9.994546693933199499e-01
9.690979322881164704e-01
9.398918427630085226e-01
9.156609861395137440e-01
8.922681208816178877e-01
8.302204044535334004e-01
8.043626448534424433e-01
7.942285844126334426e-01
7.791738241308791002e-01
7.743694614860259229e-01
7.566771188366279155e-01
7.079754601226990740e-01
7.028402635764599005e-01
6.938423085662349665e-01
6.783003862758465452e-01
6.609406952965235504e-01
6.169052488070893014e-01
6.349011588275392803e-01
6.275846398545784632e-01
6.131333787775504751e-01
6.037264258123152816e-01
5.962281299704612625e-01
6.020449897750511647e-01
5.830493069756872426e-01
5.807316518972961417e-01
5.851851851851852526e-01
5.785048852533516417e-01
5.663258350374915651e-01
5.683708248125425300e-01
5.609815950920243877e-01
5.554192229038854567e-01
5.523744603499206596e-01
5.428766189502386430e-01
5.333842308566233426e-01
5.280163599182005063e-01
5.451033855941830319e-01
5.387411951829129686e-01
5.305157918654850313e-01
5.223812769825040281e-01
5.170188593501477969e-01
5.162008634401272777e-01
5.169279709157010849e-01
5.191638264030898897e-01
5.159990911156554505e-01
5.053396955237445809e-01
5.001136105430584733e-01
5.010224948875255935e-01
4.997500568052716252e-01
5.071011133833217555e-01
4.834919336514427179e-01
4.868438991138378524e-01
4.894342194955690895e-01
4.814360372642582098e-01
4.856550783912744196e-01
4.728925244262667804e-01
4.790274937514201747e-01
4.642126789366053941e-01
4.676209952283572613e-01
4.630311292887981933e-01
4.624857986821178657e-01
4.702567598273120764e-01
4.498795728243580871e-01
4.491251988184504773e-01
4.578050443081118637e-01
4.516700749829584138e-01
4.359009316064530459e-01
4.317200636219041265e-01
4.359009316064530459e-01
4.411270165871394866e-01
4.342194955691888736e-01
4.293569643262895585e-01
4.337650533969553135e-01
4.303567371052033352e-01
4.157236991592821451e-01
4.314019541013407455e-01
4.304021813224267468e-01
4.239945466939332164e-01
4.166907521017948479e-01
4.252669847761872401e-01
4.310511247443762350e-01
4.205862304021815157e-01
4.185412406271301067e-01
4.206771188366281167e-01
4.058623040218132250e-01
4.039536468984321060e-01
4.053169734151328973e-01
4.080890706657578360e-01
4.113610543058395796e-01
4.045898659395592567e-01
4.008179959100205414e-01
4.019086571233810856e-01
4.033174278573051774e-01
4.042717564189957646e-01
3.995455578277663511e-01
3.993637809588730936e-01
3.999091115655533657e-01
3.942285844126334760e-01
3.954555782776643102e-01
3.992274483072030811e-01
3.983185639627357943e-01
3.979095660077255903e-01
3.971824585321518386e-01
3.888207225630538333e-01
3.963644626221313749e-01
3.974551238354918636e-01
3.855941831401956676e-01
3.824130879345604139e-01
3.797773233356054323e-01
3.842308566234945433e-01
3.864576232674391543e-01
3.955010224948876663e-01
3.778686662122243689e-01
3.797318791183820763e-01
3.740967961826857646e-01
3.711429220631674575e-01
3.746421267893660922e-01
3.953646898432175427e-01
3.597818677573278445e-01
3.672347193819585631e-01
3.536468984321747278e-01
3.690979322881164926e-01
3.787775505566917111e-01
3.878209497841402786e-01
3.948193592365371596e-01
3.634628493524200699e-01
3.510565780504431022e-01
3.603726425812316392e-01
3.516927970915700308e-01
3.514201317882298947e-01
3.542376732560782449e-01
3.610543058395819238e-01
3.510565780504431022e-01
3.510565780504431022e-01
3.510565780504431022e-01
3.458759372869801840e-01
3.526471256532605625e-01
3.590093160645307369e-01
3.510565780504431022e-01
3.508748011815496781e-01
3.510565780504431022e-01
3.510565780504431022e-01
3.510565780504431022e-01
3.574187684617132765e-01
3.344239945466939701e-01
3.498750284026356794e-01
3.471029311520110183e-01
3.424221767780049608e-01
3.476482617586912904e-01
3.505112474437627190e-01
3.497841399681890784e-01
3.248807089297887640e-01
3.406044080890708869e-01
3.406952965235174879e-01
3.438763917291526306e-01
3.505112474437627190e-01
3.277891388320836596e-01
3.233356055441945487e-01
3.295160190865712990e-01
3.369688707112019621e-01
3.402862985685070063e-01
3.507839127471029661e-01
3.244717109747783379e-01
3.217905021586003333e-01
3.279709157009768616e-01
3.192456259940922303e-01
3.048089070665757627e-01
3.078845716882525618e-01
3.102476709838672408e-01
3.195182912974324219e-01
3.264258123153829794e-01
3.158373097023404186e-01
3.292433537832311630e-01
3.043417405135193099e-01
3.085207907293796015e-01
3.154283117473301590e-01
3.058850261304248419e-01
3.124289934105886068e-01
3.044308111792773386e-01
3.040672574414904905e-01
3.067939104748920176e-01
3.166098613951374152e-01
3.051579186548510902e-01
3.065212451715521036e-01
3.046125880481707626e-01
3.038854805725970665e-01
3.050670302204043782e-01
3.033401499659167389e-01
3.033401499659167389e-01
3.043399227448306266e-01
3.047943649170642422e-01
3.040672574414904905e-01
3.033401499659167389e-01
3.102476709838674629e-01
3.033401499659167389e-01
3.046125880481707626e-01
3.049761417859576662e-01
2.949329697795953775e-01
3.016587139286525665e-01
3.033401499659167389e-01
2.942967507384687265e-01
2.962508520790728128e-01
2.851624630765736690e-01
2.932515337423312052e-01
2.999772778913881721e-01
3.033401499659167389e-01
3.033401499659167389e-01
2.926607589184275771e-01
2.828448079981822905e-01
2.915700977050668108e-01
2.982958418541239998e-01
3.033401499659167389e-01
3.033401499659167389e-01
2.854351283799135275e-01
2.809815950920246941e-01
2.884344467166552461e-01
2.966144058168599384e-01
3.033401499659167389e-01
2.734378550329476520e-01
2.716655305612361571e-01
2.791183821858670977e-01
2.867530106793910738e-01
2.940240854351285904e-01
2.569416041808680329e-01
2.725744149057029997e-01
2.698023176550785607e-01
2.772551692797091127e-01
2.847080209043400534e-01
2.567598273119746644e-01
2.950693024312656121e-01
2.637582367643716563e-01
2.679391047489207422e-01
2.753919563735512943e-01
2.828448079981822905e-01
2.887071120199953822e-01
2.909338786639401597e-01
2.585321517836854932e-01
2.660758918427632014e-01
2.735287434673937534e-01
2.764989775051124865e-01
2.567598273119746644e-01
2.567598273119746644e-01
2.567598273119746644e-01
2.638491251988187569e-01
2.716655305612361571e-01
2.750738468529880243e-01
2.661213360599864464e-01
2.567598273119746644e-01
2.567598273119746644e-01
2.620768007271074840e-01
2.691660986139515210e-01
2.762553965007952250e-01
2.824358100431719754e-01
2.567598273119746644e-01
2.567598273119746644e-01
2.603044762553965996e-01
2.673937741422404146e-01
2.719836400817995381e-01
2.567598273119746644e-01
2.567598273119746644e-01
2.567598273119746644e-01
2.585321517836854932e-01
2.656214496705296413e-01
2.690752101795045870e-01
2.555782776641673526e-01
2.566689388775279523e-01
2.567598273119746644e-01
2.567598273119746644e-01
2.563962735741878163e-01
2.670756646216768670e-01
2.556691660986140646e-01
2.567598273119746644e-01
2.567598273119746644e-01
2.567598273119746644e-01
2.570779368325379899e-01
2.561236082708475692e-01
2.557600545330607766e-01
2.553965007952739286e-01
2.547602817541468889e-01
2.563053851397411043e-01
2.557600545330607766e-01
2.562144967052942812e-01
2.558509429675074887e-01
2.554873892297206406e-01
2.551238354919337925e-01
2.560781640536242132e-01
2.562599409225177483e-01
2.563053851397411043e-01
2.559418314019542007e-01
2.555782776641673526e-01
2.552147239263805045e-01
2.546693933197002879e-01
2.567598273119746644e-01
2.563962735741878163e-01
2.560327198364009127e-01
2.527152919790958130e-01
2.532606225857760296e-01
2.547148375369235329e-01
2.565326062258577733e-01
2.564871620086345283e-01
2.561236082708475692e-01
2.557600545330607766e-01
2.531242899341060726e-01
2.536696205407862892e-01
2.504885253351512575e-01
2.557600545330607766e-01
2.562144967052942812e-01
2.558509429675074887e-01
2.529879572824358935e-01
2.535332878891161656e-01
2.540786184957964933e-01
2.544876164508067529e-01
2.544876164508067529e-01
2.528879800045438775e-01
2.528516246307657700e-01
2.533969552374462086e-01
2.539422858441265363e-01
2.544876164508067529e-01
2.547602817541467779e-01
2.558509429675074887e-01
2.527152919790958130e-01
2.532606225857760296e-01
2.492615314701204232e-01
2.488979777323336029e-01
2.544876164508067529e-01
2.503976369007045455e-01
2.525789593274256339e-01
2.531242899341060726e-01
2.536696205407862892e-01
2.501249715973644649e-01
2.529879572824357825e-01
2.501704158145877099e-01
2.510793001590547746e-01
2.529879572824358935e-01
2.535332878891161656e-01
2.490797546012270269e-01
2.526244035446489899e-01
2.499431947284708466e-01
2.508520790729381056e-01
2.528516246307657700e-01
2.495341967734606425e-01
2.491706430356737390e-01
2.488070892978868909e-01
2.497159736423541776e-01
2.506248579868212145e-01
2.515337423312885012e-01
2.496250852079073546e-01
2.492615314701204232e-01
2.488979777323336029e-01
2.494887525562372865e-01
2.503976369007045455e-01
2.513065212451716102e-01
2.493524199045667467e-01
2.493524199045672463e-01
2.501249715973644649e-01
2.492615314701204232e-01
2.501704158145877099e-01
2.510793001590547746e-01
2.498068620768007786e-01
2.494433083390139583e-01
2.490797546012270269e-01
2.490343103840037542e-01
2.499431947284708466e-01
2.488070892978868909e-01
2.488070892978868909e-01
2.495341967734606425e-01
2.491706430356737390e-01
2.488070892978868909e-01
2.497159736423541776e-01
2.488070892978868909e-01
2.488070892978868909e-01
2.488070892978868909e-01
2.488070892978868909e-01
2.488979777323336029e-01
2.494887525562372865e-01
2.488070892978868909e-01
2.488070892978868909e-01
2.488070892978868909e-01
2.493524199045672463e-01
2.489888661667803149e-01
2.492615314701204232e-01
2.501704158145877099e-01
2.488070892978868909e-01
2.488070892978868909e-01
2.488070892978868909e-01
2.488070892978868909e-01
2.490343103840037542e-01
2.488070892978868909e-01
2.488070892978868909e-01
2.488070892978868909e-01
2.488070892978868909e-01
