7.555089192025183920e-01
6.943861490031478789e-01
6.490031479538299619e-01
5.739769150052465019e-01
6.117523609653726657e-01
5.074711437565582184e-01
4.695697796432318771e-01
4.643651626442810154e-01
4.512067156348373853e-01
4.204616998950680973e-01
3.662119622245539885e-01
3.789296956977962760e-01
3.426023084994753165e-01
3.549317943336830483e-01
3.247639034627493038e-01
3.174186778593912628e-01
3.126967471143757282e-01
3.098111227701994541e-01
2.995802728226653056e-01
2.974816369359917223e-01
2.901364113326338479e-01
2.828751311647429434e-01
2.696747114375656063e-01
2.707240293809024534e-01
2.696747114375656063e-01
2.639034627492128915e-01
2.597061909758656695e-01
2.578698845750261870e-01
2.597061909758656695e-01
2.511752360965371911e-01
2.513116474291710034e-01
2.461070304302203360e-01
2.513116474291710034e-01
2.429171038824765316e-01
2.360965372507869975e-01
2.355718782791186849e-01
2.360965372507869975e-01
2.298006295907661645e-01
2.313746065057712686e-01
2.277019937040923592e-01
2.261280167890870330e-01
2.217523609653724026e-01
2.261280167890870330e-01
2.187827911857293806e-01
2.261280167890870330e-01
2.151941238195173856e-01
2.061909758656874925e-01
2.122245540398740027e-01
2.061909758656874925e-01
2.109968520461699693e-01
2.061909758656874925e-01
2.109129066107028605e-01
1.972717733473243473e-01
2.082896117523611035e-01
1.967471143756558405e-01
2.007240293809022802e-01
2.056663168940189856e-01
2.038300104931795309e-01
1.967471143756558405e-01
1.991080797481638021e-01
1.967471143756558405e-01
1.972717733473245139e-01
1.967471143756558405e-01
1.964847848898218785e-01
1.956977964323190211e-01
1.933368310598110595e-01
1.925498426023085907e-01
1.935991605456454101e-01
1.925498426023085907e-01
1.925498426023085907e-01
1.925498426023085907e-01
1.888772298006296813e-01
1.925498426023085907e-01
1.904512067156349797e-01
1.925498426023085907e-01
1.888772298006296813e-01
1.873032528856243828e-01
1.854879328436512265e-01
1.904512067156349797e-01
1.799580272822665361e-01
1.873032528856243828e-01
1.810073452256033277e-01
1.873032528856243828e-01
1.796956977964323798e-01
1.873032528856243828e-01
1.785099685204615261e-01
1.873032528856243828e-01
1.768100734522561057e-01
1.873032528856243828e-01
1.768100734522561057e-01
1.873032528856243828e-01
1.763273871983209728e-01
1.657922350472193218e-01
1.765477439664217552e-01
1.657922350472193218e-01
1.762854144805875989e-01
1.867785939139558760e-01
1.762854144805875989e-01
1.652675760755508150e-01
1.747114375655823004e-01
1.867785939139558760e-01
1.760230849947534426e-01
1.652675760755508150e-01
1.726128016789086894e-01
1.652675760755508150e-01
1.718677859391395946e-01
1.652675760755508150e-01
1.727806925498423518e-01
1.652675760755508150e-01
1.726128016789086894e-01
1.652675760755508150e-01
1.718258132214062206e-01
1.652675760755508150e-01
1.697271773347324153e-01
1.652675760755508150e-01
1.629066107030430477e-01
1.652675760755508150e-01
1.605456453305350861e-01
1.652675760755508150e-01
1.629066107030430477e-01
1.626442812172087249e-01
1.605456453305350861e-01
1.605456453305350861e-01
1.605456453305350861e-01
1.626442812172087249e-01
1.592339979013639439e-01
1.626442812172087249e-01
1.592339979013639439e-01
1.579223504721929683e-01
1.539874081846797083e-01
1.579223504721929683e-01
1.579223504721929683e-01
1.626442812172087249e-01
1.524134312696746041e-01
1.579223504721929683e-01
1.513641133263377847e-01
1.579223504721929683e-01
1.516264428121721353e-01
1.579223504721929683e-01
1.505771248688351216e-01
1.579223504721929683e-01
1.505771248688351216e-01
1.579223504721929683e-01
1.508394543546694722e-01
1.579223504721929683e-01
1.500524658971668091e-01
1.579223504721929683e-01
1.474291710388245247e-01
1.579223504721929683e-01
1.493913955928644899e-01
1.579223504721929683e-01
1.474606505771245413e-01
1.579223504721929683e-01
1.471668415529905627e-01
1.579223504721929683e-01
1.469045120671562121e-01
1.537250786988457463e-01
1.469045120671562121e-01
1.400839454354668723e-01
1.469045120671562121e-01
1.358866736621196225e-01
1.469045120671562121e-01
1.537250786988457463e-01
1.461175236096535490e-01
1.358866736621196225e-01
1.469045120671562121e-01
1.400839454354668723e-01
1.379853095487932335e-01
1.358866736621196225e-01
1.461175236096535490e-01
1.400839454354668723e-01
1.469045120671562121e-01
1.358866736621196225e-01
1.463798530954878996e-01
1.358866736621196225e-01
1.371983210912905982e-01
1.358866736621196225e-01
1.374606505771249210e-01
1.358866736621196225e-01
1.358866736621196225e-01
1.358866736621196225e-01
1.358866736621196225e-01
1.358866736621196225e-01
1.369359916054564419e-01
1.358866736621196225e-01
1.358866736621196225e-01
1.358866736621196225e-01
1.358866736621196225e-01
1.358866736621196225e-01
1.353620146904511157e-01
1.358866736621196225e-01
1.358866736621196225e-01
1.358866736621196225e-01
1.358866736621196225e-01
1.358866736621196225e-01
1.358866736621196225e-01
1.358866736621196225e-01
1.358866736621196225e-01
1.358866736621196225e-01
1.345750262329484803e-01
1.358866736621196225e-01
1.353620146904511157e-01
1.345645330535149564e-01
1.345750262329484803e-01
1.343126967471143240e-01
1.345750262329484803e-01
1.358866736621196225e-01
1.345750262329484803e-01
1.358866736621196225e-01
1.345750262329484803e-01
1.358866736621196225e-01
1.345750262329484803e-01
1.332633788037775047e-01
1.345750262329484803e-01
1.343126967471143240e-01
1.345750262329484803e-01
1.332633788037775047e-01
1.340503672612801678e-01
1.348373557187828031e-01
1.345750262329484803e-01
1.332633788037775047e-01
1.345750262329484803e-01
1.332633788037775047e-01
1.345750262329484803e-01
1.332633788037775047e-01
1.340503672612801678e-01
1.332633788037775047e-01
1.340503672612801678e-01
1.332633788037775047e-01
1.337880377754460115e-01
1.332633788037775047e-01
1.332633788037775047e-01
1.332633788037775047e-01
1.337880377754460115e-01
1.332633788037775047e-01
1.340503672612801678e-01
1.332633788037775047e-01
1.332633788037775047e-01
1.332633788037775047e-01
1.332633788037775047e-01
1.332633788037775047e-01
1.332633788037775047e-01
1.332633788037775047e-01
1.332633788037775047e-01
1.332633788037775047e-01
1.332633788037775047e-01
1.332633788037775047e-01
1.332633788037775047e-01
1.332633788037775047e-01
1.327387198321091921e-01
1.332633788037775047e-01
1.332633788037775047e-01
1.332633788037775047e-01
1.238195173137460470e-01
1.332633788037775047e-01
1.332633788037775047e-01
1.332633788037775047e-01
1.332633788037775047e-01
1.332633788037775047e-01
1.332633788037775047e-01
1.332633788037775047e-01
1.332633788037775047e-01
1.332633788037775047e-01
1.238195173137460470e-01
1.332633788037775047e-01
1.238195173137460470e-01
1.332633788037775047e-01
1.232948583420777344e-01
1.332633788037775047e-01
1.332633788037775047e-01
1.332633788037775047e-01
1.232948583420777344e-01
1.332633788037775047e-01
1.231164742917105204e-01
1.332633788037775047e-01
1.235571878279118907e-01
1.332633788037775047e-01
1.238195173137460470e-01
1.332633788037775047e-01
1.230325288562435782e-01
1.332633788037775047e-01
1.230325288562435782e-01
1.332633788037775047e-01
1.230325288562435782e-01
1.332633788037775047e-01
1.230325288562435782e-01
1.332633788037775047e-01
1.230325288562435782e-01
1.332633788037775047e-01
1.235571878279118907e-01
1.133263378803777699e-01
1.230325288562435782e-01
1.332633788037775047e-01
1.230325288562435782e-01
1.128016789087094573e-01
1.230325288562435782e-01
1.133263378803777699e-01
1.230325288562435782e-01
1.133263378803777699e-01
1.230325288562435782e-01
1.128016789087094573e-01
1.230325288562435782e-01
1.128016789087094573e-01
1.230325288562435782e-01
1.128016789087094573e-01
1.230325288562435782e-01
1.128016789087094573e-01
1.230325288562435782e-01
1.128016789087094573e-01
1.222455403987409289e-01
1.128856243441763996e-01
1.222455403987409289e-01
1.133263378803777699e-01
1.230325288562435782e-01
1.128016789087094573e-01
1.217208814270724221e-01
1.128016789087094573e-01
1.230325288562435782e-01
1.128016789087094573e-01
1.230325288562435782e-01
1.128016789087094573e-01
1.230325288562435782e-01
1.128016789087094573e-01
1.128016789087094573e-01
1.128016789087094573e-01
1.214585519412382658e-01
1.128016789087094573e-01
1.214585519412382658e-01
1.128016789087094573e-01
1.217208814270724221e-01
1.128016789087094573e-01
1.217208814270724221e-01
1.128016789087094573e-01
1.227701993704094219e-01
1.128016789087094573e-01
1.128016789087094573e-01
1.128016789087094573e-01
1.227701993704094219e-01
1.128016789087094573e-01
1.128016789087094573e-01
1.128016789087094573e-01
1.128016789087094573e-01
1.128016789087094573e-01
1.214585519412382658e-01
1.128016789087094573e-01
1.128016789087094573e-01
1.128016789087094573e-01
1.128016789087094573e-01
1.128016789087094573e-01
1.128016789087094573e-01
1.128016789087094573e-01
1.128016789087094573e-01
1.128016789087094573e-01
1.128016789087094573e-01
1.128016789087094573e-01
1.128016789087094573e-01
1.128016789087094573e-01
1.128016789087094573e-01
1.128016789087094573e-01
1.128016789087094573e-01
1.128016789087094573e-01
1.128016789087094573e-01
1.128016789087094573e-01
1.128016789087094573e-01
1.128016789087094573e-01
1.128016789087094573e-01
1.128016789087094573e-01
1.128016789087094573e-01
1.128016789087094573e-01
1.128016789087094573e-01
1.128016789087094573e-01
1.128016789087094573e-01
1.128016789087094573e-01
1.128016789087094573e-01
1.128016789087094573e-01
1.128016789087094573e-01
1.128016789087094573e-01
1.128016789087094573e-01
1.128016789087094573e-01
1.128016789087094573e-01
1.128016789087094573e-01
1.128016789087094573e-01
1.128016789087094573e-01
1.128016789087094573e-01
1.128016789087094573e-01
1.128016789087094573e-01
1.128016789087094573e-01
1.128016789087094573e-01
1.128016789087094573e-01
1.128016789087094573e-01
1.128016789087094573e-01
1.122770199370409644e-01
1.128016789087094573e-01
1.128016789087094573e-01
1.128016789087094573e-01
