9.291823643213521500e-01
8.838203848895227477e-01
8.293269524488340316e-01
7.671316566541086512e-01
7.183484370227065652e-01
6.812076163323488309e-01
6.671927502291008505e-01
6.381223907952348062e-01
6.246308929844212043e-01
6.034008756745750102e-01
5.952041543630993692e-01
5.696975868037876811e-01
5.502494654312187761e-01
5.395132878525610298e-01
5.457183586192853042e-01
5.404235821199471212e-01
5.187862743101516738e-01
4.757662152530292010e-01
4.674167600040728954e-01
4.701150595662356158e-01
4.844028103044495936e-01
4.531106811933612311e-01
4.369717951328785932e-01
4.052031361368497731e-01
4.060686284492413534e-01
4.275776397515527738e-01
4.207819977599022709e-01
4.012829650748396260e-01
3.712025252010997534e-01
3.697260971387843487e-01
3.455350778943080403e-01
3.665614499541799409e-01
3.621830770797271337e-01
3.564300987679462351e-01
3.165156297729356250e-01
3.276142958965482244e-01
3.194684858975665454e-01
3.198757763975154655e-01
3.152957947255880522e-01
2.909072395886366791e-01
2.906017717136747947e-01
2.947764993381529197e-01
3.010263720598717607e-01
2.820486712147439734e-01
2.781794114652275662e-01
2.800122187149984843e-01
2.825577843396802624e-01
2.801140413399858531e-01
2.813359128398330022e-01
2.750229100906220192e-01
2.723755218409531498e-01
2.535383362183078471e-01
2.783321454027085640e-01
2.781794114652275662e-01
2.725282557784339255e-01
2.753792892780775881e-01
2.692292027288461509e-01
2.499236330312596122e-01
2.560329905304958298e-01
2.700336014662457762e-01
2.717645860910294364e-01
2.436106302820487401e-01
2.383667650952041306e-01
2.448834130943897402e-01
2.507382140311578134e-01
2.583749109052031478e-01
2.049180327868855289e-01
2.244679767844415530e-01
2.298136645962734204e-01
2.380103859077488393e-01
2.435088076570613713e-01
1.909174218511354437e-01
2.008960390998880408e-01
2.170858364728643353e-01
2.234497505345688084e-01
2.273190102840851878e-01
2.275735668465533323e-01
1.905610426636801524e-01
1.913247123510845860e-01
2.019651766622546085e-01
2.106200997861725766e-01
2.026270237246717010e-01
1.922411159759699339e-01
1.863354037267081209e-01
1.870990734141126932e-01
1.917320028510335339e-01
1.888809693513899823e-01
1.869972507891255464e-01
1.864881376641891464e-01
1.801242236024845345e-01
1.799714896650037588e-01
1.812442724773443981e-01
1.833825476020772283e-01
1.826697892271663959e-01
1.820079421647490814e-01
1.796660217900417356e-01
1.769168109153854695e-01
1.783423276652073564e-01
1.795641991650544778e-01
1.737093982282862936e-01
1.766622543529174361e-01
1.736075756032990358e-01
1.736584869157928868e-01
1.776804806027900419e-01
1.723347927909581745e-01
1.719275022910092265e-01
1.738621321657672081e-01
1.754403828530702036e-01
1.741676000407292035e-01
1.742185113532228324e-01
1.701456063537318264e-01
1.715711231035537132e-01
1.680073312289991350e-01
1.676509520415434829e-01
1.664799918541899904e-01
1.682618877914673905e-01
1.692801140413398853e-01
1.670909276041136760e-01
1.666836371041645060e-01
1.646980959169128123e-01
1.659708787292536736e-01
1.680073312289991350e-01
1.683413094389573650e-01
1.613888606048263785e-01
1.656654108542919002e-01
1.634253131045719232e-01
1.654617656043173846e-01
1.667854597291519858e-01
1.580287139802465379e-01
1.606251909174220283e-01
1.597596986050301981e-01
1.613888606048264895e-01
1.590469402301192547e-01
1.637307809795337243e-01
1.563995519804500245e-01
1.565013746054375043e-01
1.593524081050811392e-01
1.586905610426634916e-01
1.579778026677526870e-01
1.627125547296608687e-01
1.535994297933001296e-01
1.562977293554627667e-01
1.589451176051318859e-01
1.542164749007224056e-01
1.565665410854289730e-01
1.531412279808573307e-01
1.527339374809082717e-01
1.547703899806537331e-01
1.528357601058955573e-01
1.527339374809082717e-01
1.527339374809082717e-01
1.532430506058446995e-01
1.524834538234393910e-01
1.542612768557174163e-01
1.527339374809082717e-01
1.527339374809082717e-01
1.461154668567356540e-01
1.527339374809082717e-01
1.516138886060481861e-01
1.527339374809082717e-01
1.527339374809082717e-01
1.527339374809082717e-01
1.525812035434272740e-01
1.488137664188982912e-01
1.510538641686181294e-01
1.527339374809082717e-01
1.527339374809082717e-01
1.467264026066592009e-01
1.507993076061500959e-01
1.474391609815700332e-01
1.502901944812138069e-01
1.527339374809082717e-01
1.408716016698909057e-01
1.446899501069137672e-01
1.441299256694837105e-01
1.467773139191527187e-01
1.494247021688219768e-01
1.502392831687200392e-01
1.401588432949799623e-01
1.429589654821302180e-01
1.434680786070663960e-01
1.456063537317993373e-01
1.484573872314428611e-01
1.361877609204764639e-01
1.381223907952346397e-01
1.389369717951328409e-01
1.422971184197130146e-01
1.448935953568882828e-01
1.366968740454127529e-01
1.361877609204764639e-01
1.371550758578555518e-01
1.384787699826900420e-01
1.419407392322575012e-01
1.441808369819774505e-01
1.361877609204764639e-01
1.361877609204764639e-01
1.361877609204764639e-01
1.380205681702474929e-01
1.398533754200182999e-01
1.423480297322066435e-01
1.338458405457692291e-01
1.361877609204764639e-01
1.361368496079827239e-01
1.375623663578045830e-01
1.393951736075756398e-01
1.364239894104460338e-01
1.331330821708582857e-01
1.341513084207310025e-01
1.360859382954892061e-01
1.371041645453620339e-01
1.379696568577537530e-01
1.341513084207310025e-01
1.333367274208328013e-01
1.332349047958455435e-01
1.360594644129924091e-01
1.366459627329192350e-01
1.374605437328174362e-01
1.343549536707055458e-01
1.335403726708073446e-01
1.323185011709601955e-01
1.359841156705019483e-01
1.310966296711128520e-01
1.353731799205782627e-01
1.345585989206800615e-01
1.337440179207818602e-01
1.324712351084409712e-01
1.318602993585173133e-01
1.361368496079827239e-01
1.319621219835046821e-01
1.347622441706546881e-01
1.339476631707564869e-01
1.326239690459219966e-01
1.326239690459219966e-01
1.304347826086956486e-01
1.334385500458203089e-01
1.349658894206292037e-01
1.333876387333264302e-01
1.327767029834027723e-01
1.321657672334790867e-01
1.318602993585173133e-01
1.310966296711128520e-01
1.310966296711128520e-01
1.335403726708074557e-01
1.329294369208837701e-01
1.323185011709601955e-01
1.317075654210365099e-01
1.310966296711128520e-01
1.343040423582118892e-01
1.336931066082882313e-01
1.330821708583645457e-01
1.324712351084409712e-01
1.318602993585173133e-01
1.300274921087464786e-01
1.310966296711128520e-01
1.338458405457693401e-01
1.332349047958456545e-01
1.318602993585174243e-01
1.310457183586192231e-01
1.302311373587210219e-01
1.299256694837592208e-01
1.339985744832501158e-01
1.333876387333264302e-01
1.320639446084919399e-01
1.312493636085937387e-01
1.304347826086955375e-01
1.298747581712657029e-01
1.300784034212402462e-01
1.298238468587719630e-01
1.322675898584664556e-01
1.314530088585683654e-01
1.306384278586701642e-01
1.298238468587719630e-01
1.300274921087464786e-01
1.302311373587210219e-01
1.325689848284286321e-01
1.316566541085428810e-01
1.308420731086446798e-01
1.296711129212909652e-01
1.299765807962529607e-01
1.301802260462275040e-01
1.298238468587719630e-01
1.298238468587719630e-01
1.310457183586192231e-01
1.282455961714693005e-01
1.299256694837592208e-01
1.301293147337337641e-01
1.298238468587719630e-01
1.298238468587719630e-01
1.312493636085937387e-01
1.304347826086955375e-01
1.298747581712657029e-01
1.300784034212402462e-01
1.298238468587719630e-01
1.298238468587719630e-01
1.298238468587719630e-01
1.306384278586701642e-01
1.298238468587719630e-01
1.298238468587719630e-01
1.298238468587719630e-01
1.298238468587719630e-01
1.316566541085428810e-01
1.308420731086446798e-01
1.296711129212909652e-01
1.298238468587719630e-01
1.298238468587719630e-01
1.298238468587719630e-01
1.298238468587719630e-01
1.225435291721819059e-01
1.282455961714693005e-01
1.298238468587719630e-01
1.298238468587719630e-01
1.298238468587719630e-01
1.298238468587719630e-01
1.196924956725382572e-01
1.268200794216474414e-01
1.298238468587719630e-01
1.298238468587719630e-01
1.298238468587719630e-01
1.298238468587719630e-01
1.298238468587719630e-01
1.245799816719274644e-01
1.298238468587719630e-01
1.298238468587719630e-01
1.298238468587719630e-01
1.298238468587719630e-01
1.270237246716221791e-01
1.229508196721312840e-01
1.282455961714693005e-01
1.298238468587719630e-01
1.298238468587719630e-01
1.082883616739638982e-01
1.148050096731492858e-01
1.203543427349555717e-01
1.266673454841666657e-01
1.298238468587719630e-01
1.298238468587719630e-01
1.132776702983401412e-01
1.131758476733531055e-01
1.187760920476529092e-01
1.250890947968640032e-01
1.298238468587719630e-01
1.298238468587719630e-01
1.050300376743710934e-01
1.108848386111393886e-01
1.171978413603502467e-01
1.235108441095613407e-01
1.298238468587719630e-01
1.298238468587719630e-01
1.298238468587719630e-01
1.093065879238367399e-01
1.156195906730475981e-01
1.219325934222584562e-01
1.282455961714693005e-01
1.298238468587719630e-01
1.017717136747785245e-01
1.077283372365338554e-01
1.140413399857449356e-01
1.203543427349555717e-01
1.266673454841666657e-01
1.298238468587719630e-01
1.001425516749823441e-01
1.066591996741674958e-01
1.124630892984422731e-01
1.187760920476529092e-01
1.250890947968640032e-01
1.298238468587719630e-01
9.851338967518594170e-02
1.045718358619285304e-01
1.108848386111393886e-01
1.171978413603502467e-01
1.235108441095613407e-01
9.036757967620405452e-02
9.688422767538953928e-02
1.029935851746258818e-01
1.093065879238367399e-01
1.156195906730475981e-01
1.219325934222584562e-01
1.282455961714693005e-01
9.525506567559326176e-02
1.014153344873232193e-01
1.077283372365338554e-01
1.140413399857449356e-01
1.203543427349555717e-01
1.266673454841666657e-01
9.362590367579673445e-02
9.983708380002033478e-02
1.061500865492311929e-01
1.124630892984422731e-01
1.187760920476529092e-01
1.250890947968640032e-01
9.199674167600033203e-02
9.825883311271768616e-02
1.045718358619285304e-01
1.108848386111393886e-01
9.036757967620405452e-02
