6.345802426870553736e-01
6.010593784472594292e-01
5.867400814028682632e-01
5.597778538552246053e-01
5.147491346190422590e-01
5.164939708623378367e-01
4.987827608505460142e-01
4.836178629845183097e-01
4.640248773251170467e-01
4.504165240214538235e-01
4.441020959336604013e-01
4.413442884856783599e-01
4.335273308227776679e-01
4.292004260337023425e-01
4.198828407318652700e-01
4.121115295370688103e-01
4.040663395336452357e-01
3.974190726159230191e-01
3.913382022899308255e-01
3.876621400585796851e-01
3.888698695271787797e-01
4.043991783635741966e-01
3.821940735668911127e-01
3.737875156909735153e-01
3.696888432424207394e-01
3.568366997603559798e-01
3.651127848149415822e-01
3.741774126060330996e-01
3.666362356879301898e-01
3.507931073833161495e-01
3.167674692837308403e-01
3.219977937540415835e-01
3.331241203545211027e-01
3.532534520141508705e-01
3.483776484461181266e-01
3.040720453421581482e-01
2.981284948077142505e-01
2.993156833656664961e-01
3.093689375784548501e-01
2.927840541671417607e-01
2.885427365057627314e-01
2.721195176689871764e-01
2.805355852257597760e-01
2.838449541633388251e-01
2.802312754383962656e-01
2.456921145726350120e-01
2.415458937198068645e-01
2.459013275514476404e-01
2.677640838373464005e-01
2.623816044733539021e-01
2.590912548974857454e-01
2.396439575487846474e-01
2.385503442504469385e-01
2.382175054205181719e-01
2.386834797824186893e-01
2.389497508463616637e-01
2.330347293544828835e-01
2.322507512647874472e-01
2.271767659477351153e-01
2.302008444596606307e-01
2.248088554148123808e-01
2.265205979687321680e-01
2.227357449883983764e-01
2.213283122218417664e-01
2.206245958385636974e-01
2.213092928601317622e-01
2.222412415839326028e-01
2.203012666894898497e-01
2.163547491346192453e-01
2.188325915782267095e-01
2.173247365818409549e-01
2.189604016889193649e-01
2.182376659439309585e-01
2.111814827494391811e-01
2.094221917912436337e-01
2.126269542394158274e-01
2.143957548784663214e-01
2.172296397732895734e-01
2.142626193464952367e-01
2.101038457149377869e-01
2.071208490243068301e-01
2.071208490243069966e-01
2.092829700635246148e-01
2.137015481760433377e-01
1.996652592339001886e-01
2.022804214690555602e-01
2.032218798737114862e-01
1.995701624253489459e-01
2.041728479592225254e-01
2.011297500855868392e-01
1.997032979573201972e-01
1.975636197649205950e-01
1.970215679561795330e-01
2.008634790216440036e-01
1.960896192323786924e-01
1.943482064741908766e-01
1.968503937007874405e-01
1.926946631671042076e-01
1.958138384875806326e-01
1.952147285937091969e-01
1.943683669976036532e-01
1.956141351896229230e-01
1.902031267830651406e-01
1.917817338050135378e-01
1.925995663585529927e-01
1.923713340180303599e-01
1.925710373159879030e-01
1.921526113583638395e-01
1.903172429533265542e-01
1.902358400852069142e-01
1.912301723154168909e-01
1.889573585910457043e-01
1.899558750808323371e-01
1.901555783787895471e-01
1.894994103997870993e-01
1.898607782722812887e-01
1.894803910380767620e-01
1.869055498497467771e-01
1.881014873140855748e-01
1.887386359313783513e-01
1.893472555061053442e-01
1.899558750808323371e-01
1.884723648674350160e-01
1.866084674198336402e-01
1.835273308227775846e-01
1.839837955038228501e-01
1.865799383772680509e-01
1.866430826581458591e-01
1.863231769941801619e-01
1.846209441211154600e-01
1.837460534824452985e-01
1.834246262695427565e-01
1.859047510365554323e-01
1.862280801856291135e-01
1.862661189090496217e-01
1.848396667807830074e-01
1.839647761421126793e-01
1.829472402906158479e-01
1.785537677355548969e-01
1.771653543307087908e-01
1.854577960363650857e-01
1.842976149720416124e-01
1.841834988017803931e-01
1.791795047358211435e-01
1.812925558218266009e-01
1.790863098634410400e-01
1.768800639050554790e-01
1.833751759290958572e-01
1.793811099699494649e-01
1.781828901822059552e-01
1.766613412453879317e-01
1.761192894366467310e-01
1.768325155007800242e-01
1.787915097569324485e-01
1.738084369888546754e-01
1.747498953935106292e-01
1.753585149682377886e-01
1.759671345429648093e-01
1.691011449655766552e-01
1.803183841150280409e-01
1.678553767735556923e-01
1.698429000722735394e-01
1.752063600745560334e-01
1.758149796492830541e-01
1.667807828369278489e-01
1.768800639050554790e-01
1.671801894328429072e-01
1.701662292213472205e-01
1.706036745406826483e-01
1.715546426261936597e-01
1.757008634790218071e-01
1.638042527292784267e-01
1.665050020921297613e-01
1.679885123055269436e-01
1.700806420936515906e-01
1.638042527292784267e-01
1.701757389022029998e-01
1.641751302826277292e-01
1.653733500703717108e-01
1.674654798584960524e-01
1.675605766670471009e-01
1.638042527292784267e-01
1.638042527292784267e-01
1.645460078359768374e-01
1.638993495378294751e-01
1.669424474114650225e-01
1.668948990071895677e-01
1.638042527292784267e-01
1.638042527292784267e-01
1.649168853893264730e-01
1.638518011335540481e-01
1.664194149644341314e-01
1.662292213473318681e-01
1.638042527292784267e-01
1.638042527292784267e-01
1.638042527292784267e-01
1.638042527292784267e-01
1.619023165582563761e-01
1.611605614515581320e-01
1.638042527292784267e-01
1.638042527292784267e-01
1.630910266651451057e-01
1.640324850698010595e-01
1.639468979421050965e-01
1.604758644299897341e-01
1.637662140058580851e-01
1.623778006010118125e-01
1.629483814523186302e-01
1.635189623036251150e-01
1.628532846437672210e-01
1.609513484727451704e-01
1.590494123017231198e-01
1.596580318764501127e-01
1.628057362394917940e-01
1.602381224086120159e-01
1.633287686865226573e-01
1.614268325155006067e-01
1.618871010688879286e-01
1.603617482597283483e-01
1.626630910266651242e-01
1.632336718779717755e-01
1.638042527292784267e-01
1.619023165582563761e-01
1.600003803872342978e-01
1.562440564494654571e-01
1.549127011297500578e-01
1.525828293202478314e-01
1.626155426223898637e-01
1.592396059188253832e-01
1.579082505991099838e-01
1.565768952793945568e-01
1.552455399596789909e-01
1.602381224086120159e-01
1.602381224086120159e-01
1.606185096428165704e-01
1.582410894290387504e-01
1.569097341093233511e-01
1.555783787896077575e-01
1.542755525124577809e-01
1.508901061280385758e-01
1.599052835786829163e-01
1.611890904941232217e-01
1.572425729392521176e-01
1.559112176195366906e-01
1.521548936817680164e-01
1.502529575107459658e-01
1.602381224086120159e-01
1.589067670888966166e-01
1.494921830423371900e-01
1.545323138955455033e-01
1.526303777245234528e-01
1.507284415535014022e-01
1.602381224086120159e-01
1.487789569782038968e-01
1.579082505991099838e-01
1.550077979383012727e-01
1.531058617672792221e-01
1.512039255962568107e-01
1.504051124044273602e-01
1.567385598539307312e-01
1.512229449579670093e-01
1.554832819810567091e-01
1.535813458100346585e-01
1.516794096390125801e-01
1.508901061280385758e-01
1.484936665525505572e-01
1.527254745330741681e-01
1.483510213397238875e-01
1.540568298527900670e-01
1.521548936817680164e-01
1.502529575107459658e-01
1.602381224086120159e-01
1.497013960211498185e-01
1.564342500665675817e-01
1.545323138955455033e-01
1.526303777245234528e-01
1.507284415535014022e-01
1.488265053824793238e-01
1.487789569782038968e-01
1.497204153828598228e-01
1.483510213397238875e-01
1.531058617672788891e-01
1.476377952755909273e-01
1.472098596371109458e-01
1.483510213397238875e-01
1.483510213397238875e-01
1.483510213397238875e-01
1.535813458100346585e-01
1.516794096390125801e-01
1.466392787858039337e-01
1.483510213397238875e-01
1.507759899577763296e-01
1.483510213397238875e-01
1.464300658069919991e-01
1.462113431473241187e-01
1.460686979344974490e-01
1.483510213397238875e-01
1.483510213397238875e-01
1.483510213397238875e-01
1.541329072996316385e-01
1.454981170831909643e-01
1.454981170831909643e-01
1.477804404884177636e-01
1.483510213397238875e-01
1.483510213397238875e-01
1.483510213397238875e-01
1.400300505915028360e-01
1.449275362318839799e-01
1.472098596371109458e-01
1.483510213397238875e-01
1.483510213397238875e-01
1.340865000570591326e-01
1.368443075050403135e-01
1.410285670812894965e-01
1.466392787858039337e-01
1.483510213397238875e-01
1.483510213397238875e-01
1.483510213397238875e-01
1.357982426109775598e-01
1.399825021872269093e-01
1.460686979344978098e-01
1.483510213397238875e-01
1.483510213397238875e-01
1.483510213397238875e-01
1.347521777169163326e-01
1.389364372931641556e-01
1.454981170831909643e-01
1.473049564456626603e-01
1.483510213397238875e-01
1.295218532466058947e-01
1.337061128228535511e-01
1.378903723991029007e-01
1.420746319753507236e-01
1.462588915516000732e-01
1.483510213397238875e-01
1.284757883525431410e-01
1.326600479287924905e-01
1.368443075050403135e-01
1.410285670812894965e-01
1.452128266575373194e-01
1.483510213397238875e-01
1.281429495226137083e-01
1.328977899501697091e-01
1.357982426109790863e-01
1.399825021872269093e-01
1.360645136749235873e-01
1.483510213397238875e-01
1.269542394157259779e-01
1.305679181406669831e-01
1.347521777169163326e-01
1.389364372931641556e-01
1.329928867587212571e-01
1.473049564456626603e-01
1.253375936703565730e-01
1.295218532466058947e-01
1.337061128228535511e-01
1.247099547339170222e-01
1.420746319753507236e-01
1.221993989881699771e-01
1.242915287762938054e-01
1.284757883525431410e-01
1.326600479287924905e-01
1.368443075050403135e-01
1.248685762105846975e-01
1.221993989881699771e-01
1.232454638822327447e-01
1.274297234584803873e-01
1.316139830347297368e-01
1.357982426109790863e-01
1.221993989881699771e-01
1.221993989881699771e-01
1.221993989881699771e-01
1.263836585644193267e-01
1.305679181406669831e-01
1.221993989881699771e-01
1.221993989881699771e-01
1.221993989881699771e-01
1.221993989881699771e-01
1.253375936703565730e-01
1.295218532466058947e-01
1.337061128228535511e-01
1.221993989881699771e-01
1.221993989881699771e-01
1.221993989881699771e-01
1.242915287762938054e-01
1.284757883525431410e-01
1.326600479287924905e-01
1.221993989881699771e-01
1.221993989881699771e-01
1.221993989881699771e-01
1.222184183498803284e-01
1.274297234584803873e-01
1.144623226444503733e-01
1.221993989881699771e-01
1.221993989881699771e-01
