7.033241967022740848e-01
6.262503095353987304e-01
5.924895184910042856e-01
5.808933405060158206e-01
5.564686494009956075e-01
5.575250830408760017e-01
5.218126392909291367e-01
5.069207845548242553e-01
4.750108871071037075e-01
4.790412514622879869e-01
4.655156219313301702e-01
4.496161761064290108e-01
4.356202235485990282e-01
4.302243171008700573e-01
3.985364312489860228e-01
3.804964520839205222e-01
4.077755291987945063e-01
4.057518081136701760e-01
3.938058764761637742e-01
3.793751227467958564e-01
3.730983425980482493e-01
3.490278453774625644e-01
3.493649614468326003e-01
3.740639222617860304e-01
3.511967278906338863e-01
3.451938758955180320e-01
3.428371374166390706e-01
3.233257337056295033e-01
3.289784904919264563e-01
3.300998198290509555e-01
3.244870251300049913e-01
3.307545832586176737e-01
3.162975296940500614e-01
3.142707346022146075e-01
3.090401414043090766e-01
3.143137706961771083e-01
3.117128194618782322e-01
3.117042805543459028e-01
3.081264782983665351e-01
3.053427944428791507e-01
3.047023763779663219e-01
3.030458283167252187e-01
3.004158447968168222e-01
2.967270367429190037e-01
3.030120142428976426e-01
2.972393711948495554e-01
3.018503812622214122e-01
2.950110578852541687e-01
2.937384191066595429e-01
2.836454304036342133e-01
2.878978063546551169e-01
2.907071069327388790e-01
2.938494249045777718e-01
2.912792137373942936e-01
2.809215189008718583e-01
2.749101279982240076e-01
2.811862250343692970e-01
2.836795860337632535e-01
2.843456208212723491e-01
2.719044325468998879e-01
2.736463696834626758e-01
2.705979796944780191e-01
2.730315683411465022e-01
2.646463611445553643e-01
2.597621060361536283e-01
2.688994202081786411e-01
2.653465515621930559e-01
2.651928512266140681e-01
2.584983477213924630e-01
2.580884801598484768e-01
2.555609635303259242e-01
2.484822091861568216e-01
2.602915183031481727e-01
2.602573626730195766e-01
2.559879089069344582e-01
2.547668451298341075e-01
2.481406528848698889e-01
2.493104832167772344e-01
2.483712033882388426e-01
2.519404667366857975e-01
2.549120065578810990e-01
2.482687364978525824e-01
2.454778799600377537e-01
2.460315427244238740e-01
2.466292662516759160e-01
2.453996635670433746e-01
2.495495726276781845e-01
2.394907395547813123e-01
2.452203465088676204e-01
2.440419772694284173e-01
2.438541213037205002e-01
2.313190050464945524e-01
2.315239388272664622e-01
2.332573370562970871e-01
2.422402677801401283e-01
2.404983306435775070e-01
2.444262281083759425e-01
2.252563806986534745e-01
2.293550563140953902e-01
2.315068610122021642e-01
2.308664429472893631e-01
2.387598090700274456e-01
2.211577050832116975e-01
2.223200211764907452e-01
2.259651100238234678e-01
2.254954701095541469e-01
2.291415836257913174e-01
2.283218485027029010e-01
2.202013474396085912e-01
2.203550477751876069e-01
2.196804740801469591e-01
2.204745924806379986e-01
2.197060908027426429e-01
2.199281023985791561e-01
2.196719351726141856e-01
2.203806644977842066e-01
2.130457429276499948e-01
2.194499235767775336e-01
2.194499235767775336e-01
2.154878704818506130e-01
2.167516287966117783e-01
2.194499235767775336e-01
2.167857844267402079e-01
2.143095012424112711e-01
2.194499235767775336e-01
2.149926138449846924e-01
2.169736403924481249e-01
2.166928811127908638e-01
2.093483959662202076e-01
2.090666120176584708e-01
2.061463056416562023e-01
2.120210740237895020e-01
2.102279034420338200e-01
2.138484002356739466e-01
2.073929861413530418e-01
2.061845599474002033e-01
2.063853950525570136e-01
2.070685076551305737e-01
2.070685076551305737e-01
2.072734414359026500e-01
2.068977295044871212e-01
2.062146169019135611e-01
2.026624313685309320e-01
1.992297905405981118e-01
2.027136648137235486e-01
2.062364765051957760e-01
2.070685076551305737e-01
2.049081640494918033e-01
2.017402293550562553e-01
1.999641365883645661e-01
1.970267523972981383e-01
2.058303660629658693e-01
2.060267609362059493e-01
2.046007633783333279e-01
2.024062641425655173e-01
1.962753285344673859e-01
1.952848152607356558e-01
2.055827377445328952e-01
2.039774231284856021e-01
2.020220133036181309e-01
2.013389007010444320e-01
1.966937350035435350e-01
1.950201091272382448e-01
2.053351094260999488e-01
1.909299724193287973e-01
2.012876672558512325e-01
1.982734328969948390e-01
1.962497118118703421e-01
1.954385155963145326e-01
1.901016983887080791e-01
1.891880352827661482e-01
2.008777996943071076e-01
1.968132797089940933e-01
1.975305479416963883e-01
1.895722861217130628e-01
1.902212430941583321e-01
1.878986602454081056e-01
1.857639333623654909e-01
1.976500926471466413e-01
1.937648897200092424e-01
1.935514170317050309e-01
1.908872778816680382e-01
1.881633663789056832e-01
1.856956221021081321e-01
1.847221866434410054e-01
1.929366156893883855e-01
1.942174518192141264e-01
1.842269300065750570e-01
1.877876544474901543e-01
1.838426791676273930e-01
1.844745583250078924e-01
1.854650715987399279e-01
1.889660236869290244e-01
1.844489416024111261e-01
1.822626397178744306e-01
1.837145955546448384e-01
1.842269300065750570e-01
1.842269300065750570e-01
1.874952822535882746e-01
1.857126999171719861e-01
1.830741774897320373e-01
1.802563380041160013e-01
1.840988463935925024e-01
1.842269300065750570e-01
1.842269300065750570e-01
1.779252162478333343e-01
1.762857460016565014e-01
1.834584283286797013e-01
1.839707627806100865e-01
1.842269300065750570e-01
1.842269300065750570e-01
1.763284405393173992e-01
1.754916276011648513e-01
1.786681012031320903e-01
1.838426791676273930e-01
1.836292064793228762e-01
1.842269300065750570e-01
1.715210355987059343e-01
1.746975092006732011e-01
1.778739828026404401e-01
1.816994133770526154e-01
1.842269300065750570e-01
1.685409568699779981e-01
1.707269171982136735e-01
1.739033908001815232e-01
1.770798644021487622e-01
1.802563380041160013e-01
1.650400047817881521e-01
1.689849800616511910e-01
1.699327987977220233e-01
1.731092723996892624e-01
1.712477905576760828e-01
1.764394463372364330e-01
1.816311021167958673e-01
1.652620163776248041e-01
1.655523392337185373e-01
1.723151539991976122e-01
1.754916276011648513e-01
1.751415323923457557e-01
1.643739699942790289e-01
1.648179931859522218e-01
1.653559443604786239e-01
1.715210355987059343e-01
1.686519626678967265e-01
1.738436184474561608e-01
1.643739699942790289e-01
1.643739699942790289e-01
1.651595494872387104e-01
1.643739699942790289e-01
1.673540487230071316e-01
1.725457045025665659e-01
1.643739699942790289e-01
1.643739699942790289e-01
1.649631546139987970e-01
1.657487341069584508e-01
1.643739699942790289e-01
1.643739699942790289e-01
1.643739699942790289e-01
1.643739699942790289e-01
1.647667597407588835e-01
1.607876288307673596e-01
1.583967347217596355e-01
1.640836471381851569e-01
1.643739699942790289e-01
1.643739699942790289e-01
1.645703648675191089e-01
1.613853523580190963e-01
1.603094500089663199e-01
1.643739699942790289e-01
1.607732834661125265e-01
1.643739699942790289e-01
1.643739699942790289e-01
1.619830758852714714e-01
1.595921817762632755e-01
1.572012876672556903e-01
1.548103935582479662e-01
1.643739699942790289e-01
1.638701744498811119e-01
1.625807994125232081e-01
1.601899053035154563e-01
1.577990111945078988e-01
1.554081170854998417e-01
1.580121423265095637e-01
1.633663789054831672e-01
1.631785229397749448e-01
1.607876288307673596e-01
1.583967347217596355e-01
1.560058406127520503e-01
1.536149465037444650e-01
1.517107701240703599e-01
1.637762464670268481e-01
1.613853523580190963e-01
1.589944582490115388e-01
1.566035641400037870e-01
1.501823056758119501e-01
1.623587878166868337e-01
1.643739699942790289e-01
1.619830758852714714e-01
1.595921817762632755e-01
1.534414359026907704e-01
1.502762336586657699e-01
1.523768049115793166e-01
1.638701744498814172e-01
1.625807994125232081e-01
1.584138125368249883e-01
1.577990111945078988e-01
1.554081170854998417e-01
1.499944497101041718e-01
1.496187377786886430e-01
1.494308818129808925e-01
1.574659938007535731e-01
1.577990111945072882e-01
1.504640896243735204e-01
1.500883776929579916e-01
1.519157039048424362e-01
1.494308818129808925e-01
1.610864905943936998e-01
1.509337295386430078e-01
1.505580176072274790e-01
1.501823056758119501e-01
1.498065937443964213e-01
1.494308818129808925e-01
1.543407536439793670e-01
1.573806047254314444e-01
1.506519455900812987e-01
1.502762336586657699e-01
1.471253767792951306e-01
1.489697808062441509e-01
1.407297350376995881e-01
1.511215855043506195e-01
1.500883776929581304e-01
1.503701616415197284e-01
1.499944497101041718e-01
1.380314402575333610e-01
1.494308818129808925e-01
1.398587664694181110e-01
1.502420780285370072e-01
1.504640896243735204e-01
1.500883776929579916e-01
1.480475787927691966e-01
1.373397887474279710e-01
1.393549709250198609e-01
1.471680713169557231e-01
1.497809770217998215e-01
1.491661756794836202e-01
1.475864777860324550e-01
1.494308818129808925e-01
1.420276489825900712e-01
1.408663575582139726e-01
1.499346773573789759e-01
1.502762336586657699e-01
1.471253767792951306e-01
1.374337167302811524e-01
1.383473798362239993e-01
1.403625620138163610e-01
1.423777441914082509e-01
1.443929263690007514e-01
1.404223343665413903e-01
1.380314402575333610e-01
1.378435842918256105e-01
1.398587664694181110e-01
1.418739486470106115e-01
1.377838119391005534e-01
1.410200578937928495e-01
1.386291637847855696e-01
1.373397887474279710e-01
1.393549709250198609e-01
1.413701531026123615e-01
1.433853352802048897e-01
1.409602855410680977e-01
1.379716679048078598e-01
1.368359932030297210e-01
1.388511753806222215e-01
1.368359932030297210e-01
1.368359932030297210e-01
1.413001340608486534e-01
1.398246108392892095e-01
1.374337167302811524e-01
1.383473798362239993e-01
1.368359932030297210e-01
1.368359932030297210e-01
1.368359932030297210e-01
1.368359932030297210e-01
1.380314402575333610e-01
1.378435842918256105e-01
1.398587664694181110e-01
1.368359932030297210e-01
1.368359932030297210e-01
1.368359932030297210e-01
1.386291637847855696e-01
1.373397887474279710e-01
1.393549709250198609e-01
1.368359932030297210e-01
1.368359932030297210e-01
1.368359932030297210e-01
