8.355957767722471674e-01
7.345399698340874250e-01
7.566616390145801674e-01
6.294620412267468712e-01
6.184012066365007776e-01
5.829964806435394831e-01
5.530417295123177812e-01
5.349421820010055173e-01
5.067873303167420573e-01
4.849170437405729284e-01
4.846656611362493150e-01
4.684464555052789136e-01
4.479638009049772829e-01
4.394972347913522759e-01
4.278531925590747798e-01
4.161186525892409116e-01
3.996983408748114308e-01
4.052287581699347552e-01
3.926596279537457046e-01
3.810960281548517736e-01
3.876319758672699956e-01
3.682755153343386656e-01
3.846153846153845257e-01
3.650075414781295824e-01
3.770739064856711842e-01
3.495022624434390157e-01
3.690296631473101718e-01
3.411261940673707138e-01
3.428858722976370066e-01
3.323278029160381952e-01
3.428858722976370066e-01
3.252890899949724690e-01
3.348416289592759942e-01
3.180392156862741904e-01
3.177476118652589054e-01
3.062242332830567015e-01
3.157365510306687217e-01
2.966716943187531208e-01
2.991452991452990817e-01
2.916038210155857402e-01
2.991452991452990817e-01
2.895927601809953900e-01
2.820512820512819929e-01
2.830568124685772791e-01
2.941176470588235947e-01
2.782805429864253499e-01
2.820512820512819929e-01
2.687280040221216026e-01
2.820512820512819929e-01
2.652086475615888506e-01
2.483660130718954862e-01
2.533936651583711952e-01
2.750125691302163222e-01
2.594268476621419683e-01
2.483660130718954862e-01
2.538964303670188105e-01
2.483660130718954862e-01
2.476118652589241187e-01
2.483660130718954862e-01
2.403217697335345016e-01
2.438411261940674479e-01
2.413273001508295934e-01
2.368024132730015552e-01
2.405731523378583925e-01
2.368024132730015552e-01
2.384313725490196101e-01
2.368024132730015552e-01
2.297637003519356624e-01
2.368024132730015552e-01
2.330316742081450510e-01
2.368024132730015552e-01
2.257415786827550730e-01
2.342885872297637007e-01
2.204625439919558338e-01
2.151835093011564004e-01
2.161890397184515200e-01
2.126696832579185736e-01
2.131724484665660224e-01
2.342885872297637007e-01
2.083961789844144263e-01
2.126696832579185736e-01
2.048768225238814800e-01
2.126696832579185736e-01
2.061337355455003240e-01
2.126696832579185736e-01
2.026143790849673776e-01
2.126696832579185736e-01
1.953242835595779270e-01
1.935646053293112734e-01
1.980894922071393116e-01
1.935646053293112734e-01
1.938159879336348312e-01
1.754650578179990927e-01
1.928104575163399059e-01
1.754650578179990927e-01
1.905480140774258035e-01
1.754650578179990927e-01
1.905480140774258035e-01
1.754650578179990927e-01
1.784816490698843960e-01
1.754650578179990927e-01
1.759477124183003449e-01
1.754650578179990927e-01
1.754650578179990927e-01
1.709401709401710545e-01
1.754650578179990927e-01
1.754650578179990927e-01
1.734539969834087147e-01
1.709401709401710545e-01
1.742081447963800822e-01
1.754650578179990927e-01
1.706887883358473024e-01
1.684263448969332000e-01
1.732026143790851569e-01
1.684263448969332000e-01
1.684263448969332000e-01
1.684263448969332000e-01
1.706887883358473024e-01
1.684263448969332000e-01
1.696832579185520440e-01
1.684263448969332000e-01
1.639014580191049675e-01
1.684263448969332000e-01
1.684263448969332000e-01
1.684263448969332000e-01
1.581196581196580853e-01
1.684263448969332000e-01
1.636500754147814096e-01
1.684263448969332000e-01
1.649069884364002536e-01
1.684263448969332000e-01
1.603821015585720211e-01
1.684263448969332000e-01
1.581196581196580853e-01
1.684263448969332000e-01
1.603821015585720211e-01
1.684263448969332000e-01
1.568627450980392690e-01
1.684263448969332000e-01
1.568627450980392690e-01
1.548516842634488910e-01
1.568627450980392690e-01
1.588738059326294527e-01
1.561085972850680681e-01
1.548516842634488910e-01
1.568627450980392690e-01
1.452991452991451438e-01
1.546003016591251389e-01
1.452991452991451438e-01
1.513323278029161112e-01
1.452991452991451438e-01
1.520864756158873121e-01
1.452991452991451438e-01
1.490698843640020088e-01
1.452991452991451438e-01
1.452991452991451438e-01
1.452991452991451438e-01
1.375062845651080501e-01
1.452991452991451438e-01
1.447963800904978615e-01
1.452991452991451438e-01
1.387631975867268941e-01
1.452991452991451438e-01
1.452991452991451438e-01
1.452991452991451438e-01
1.452991452991451438e-01
1.452991452991451438e-01
1.375062845651080501e-01
1.452991452991451438e-01
1.375062845651080501e-01
1.452991452991451438e-01
1.375062845651080501e-01
1.452991452991451438e-01
1.342383107088988559e-01
1.452991452991451438e-01
1.297134238310707899e-01
1.452991452991451438e-01
1.305882352941176716e-01
1.201608848667670704e-01
1.327300150829560932e-01
1.452991452991451438e-01
1.297134238310707899e-01
1.452991452991451438e-01
1.297134238310707899e-01
1.201608848667670704e-01
1.297134238310707899e-01
1.201608848667670704e-01
1.297134238310707899e-01
1.141277023629964499e-01
1.297134238310707899e-01
1.452991452991451438e-01
1.297134238310707899e-01
1.141277023629964499e-01
1.297134238310707899e-01
1.141277023629964499e-01
1.274509803921568540e-01
1.141277023629964499e-01
1.266968325791854866e-01
1.141277023629964499e-01
1.297134238310707899e-01
1.141277023629964499e-01
1.274509803921568540e-01
1.141277023629964499e-01
1.266968325791854866e-01
1.141277023629964499e-01
1.264454499748615957e-01
1.141277023629964499e-01
1.234288587229762785e-01
1.141277023629964499e-01
1.143790849673201881e-01
1.141277023629964499e-01
1.141277023629964499e-01
1.141277023629964499e-01
1.234288587229762785e-01
1.141277023629964499e-01
1.141277023629964499e-01
1.141277023629964499e-01
1.141277023629964499e-01
1.141277023629964499e-01
1.138763197586725451e-01
1.141277023629964499e-01
1.141277023629964499e-01
1.141277023629964499e-01
1.141277023629964499e-01
1.141277023629964499e-01
1.141277023629964499e-01
1.141277023629964499e-01
1.141277023629964499e-01
1.141277023629964499e-01
1.141277023629964499e-01
1.141277023629964499e-01
1.080945198592256629e-01
1.141277023629964499e-01
1.080945198592256629e-01
1.141277023629964499e-01
1.141277023629964499e-01
1.141277023629964499e-01
1.038210155857213490e-01
1.141277023629964499e-01
1.141277023629964499e-01
1.141277023629964499e-01
1.050779286073403596e-01
1.141277023629964499e-01
1.050779286073403596e-01
1.141277023629964499e-01
1.018099547511311515e-01
1.141277023629964499e-01
1.018099547511311515e-01
1.141277023629964499e-01
1.050779286073403596e-01
1.141277023629964499e-01
1.018099547511311515e-01
1.141277023629964499e-01
1.018099547511311515e-01
1.075917546505782002e-01
1.018099547511311515e-01
9.892408245349158802e-02
1.018099547511311515e-01
9.602815485168426923e-02
1.018099547511311515e-01
1.141277023629964499e-01
1.018099547511311515e-01
1.075917546505782002e-01
1.018099547511311515e-01
8.949220713926601956e-02
1.018099547511311515e-01
1.075917546505782002e-01
1.018099547511311515e-01
8.949220713926601956e-02
1.018099547511311515e-01
8.949220713926601956e-02
1.008044243338358653e-01
8.949220713926601956e-02
9.854198089492210988e-02
8.949220713926601956e-02
1.018099547511311515e-01
8.949220713926601956e-02
1.018099547511311515e-01
8.949220713926601956e-02
9.753645047762683762e-02
8.949220713926601956e-02
9.753645047762683762e-02
8.949220713926601956e-02
9.854198089492210988e-02
8.949220713926601956e-02
9.753645047762683762e-02
8.949220713926601956e-02
9.753645047762683762e-02
8.949220713926601956e-02
9.753645047762683762e-02
8.949220713926601956e-02
8.949220713926601956e-02
8.949220713926601956e-02
8.949220713926601956e-02
8.949220713926601956e-02
8.949220713926601956e-02
8.949220713926601956e-02
8.949220713926601956e-02
8.949220713926601956e-02
8.949220713926601956e-02
8.949220713926601956e-02
8.949220713926601956e-02
8.949220713926601956e-02
8.949220713926601956e-02
8.949220713926601956e-02
8.949220713926601956e-02
8.949220713926601956e-02
8.949220713926601956e-02
8.949220713926601956e-02
8.949220713926601956e-02
8.949220713926601956e-02
8.949220713926601956e-02
8.949220713926601956e-02
8.949220713926601956e-02
8.949220713926601956e-02
8.949220713926601956e-02
8.949220713926601956e-02
8.949220713926601956e-02
8.949220713926601956e-02
8.949220713926601956e-02
8.949220713926601956e-02
8.949220713926601956e-02
8.949220713926601956e-02
8.949220713926601956e-02
8.949220713926601956e-02
8.371040723981895693e-02
8.949220713926601956e-02
8.949220713926601956e-02
8.949220713926601956e-02
8.949220713926601956e-02
8.949220713926601956e-02
8.949220713926601956e-02
8.949220713926601956e-02
8.371040723981895693e-02
8.949220713926601956e-02
8.371040723981895693e-02
8.949220713926601956e-02
8.848667672197073342e-02
8.949220713926601956e-02
8.949220713926601956e-02
8.949220713926601956e-02
8.044243338360992923e-02
8.949220713926601956e-02
8.044243338360992923e-02
8.949220713926601956e-02
8.044243338360992923e-02
8.949220713926601956e-02
8.044243338360992923e-02
8.949220713926601956e-02
8.270487682252368467e-02
8.949220713926601956e-02
7.943690296631464309e-02
8.949220713926601956e-02
7.943690296631464309e-02
8.949220713926601956e-02
7.995977878330760846e-02
8.949220713926601956e-02
7.943690296631464309e-02
8.949220713926601956e-02
7.943690296631464309e-02
8.949220713926601956e-02
8.044243338360992923e-02
8.949220713926601956e-02
7.943690296631464309e-02
8.949220713926601956e-02
7.943690296631464309e-02
8.949220713926601956e-02
7.943690296631464309e-02
8.949220713926601956e-02
7.943690296631464309e-02
8.949220713926601956e-02
7.943690296631464309e-02
6.938159879336344704e-02
7.943690296631464309e-02
8.949220713926601956e-02
7.943690296631464309e-02
8.748114630467564157e-02
7.943690296631464309e-02
7.139265962795382503e-02
7.943690296631464309e-02
7.139265962795382503e-02
7.943690296631464309e-02
6.938159879336344704e-02
7.943690296631464309e-02
8.748114630467564157e-02
7.943690296631464309e-02
7.139265962795382503e-02
7.943690296631464309e-02
6.938159879336344704e-02
7.943690296631464309e-02
6.938159879336344704e-02
7.943690296631464309e-02
7.227752639517076583e-02
7.943690296631464309e-02
6.938159879336344704e-02
