6.466898954703832469e-01
5.731707317073171382e-01
5.686411149825784106e-01
5.083623693379790698e-01
4.989547038327526440e-01
4.620766550522646399e-01
4.473867595818815657e-01
4.216027874564460265e-01
4.111498257839723003e-01
4.024947735191637954e-01
3.923344947735191157e-01
3.826898954703831790e-01
3.756097560975611427e-01
3.693379790940767293e-01
3.721254355400696601e-01
3.516236933797909359e-01
3.721254355400696601e-01
3.477351916376306695e-01
3.581881533101044512e-01
3.362369337979093653e-01
3.477351916376306695e-01
3.278745644599303510e-01
3.344947735191638460e-01
3.216585365853656397e-01
3.317073170731707488e-01
3.121951219512194009e-01
3.275261324041809918e-01
3.048780487804876871e-01
3.184668989547038698e-01
2.940766550522649903e-01
3.184668989547038698e-01
2.909407665505227003e-01
3.045296167247387720e-01
2.825783972125434085e-01
3.045296167247387720e-01
2.738675958188150905e-01
3.045296167247387720e-01
2.679442508710800919e-01
2.815331010452961080e-01
2.599303135888503258e-01
2.815331010452961080e-01
2.574912891986063102e-01
2.668989547038329024e-01
2.498257839721255147e-01
2.397212543554007869e-01
2.432055749128920197e-01
2.397212543554007869e-01
2.362369337979093320e-01
2.397212543554007869e-01
2.324041811846687955e-01
2.285714285714286476e-01
2.327386759581878128e-01
2.285714285714286476e-01
2.271777003484320434e-01
2.243902439024389461e-01
2.121951219512195064e-01
2.243902439024389461e-01
2.055749128919860114e-01
2.243902439024389461e-01
2.066202090592334506e-01
1.867595818815330766e-01
2.055749128919860114e-01
1.770034843205574304e-01
1.954703832752613113e-01
1.770034843205574304e-01
1.989547038327525164e-01
1.770034843205574304e-01
1.919860627177699675e-01
1.770034843205574304e-01
1.843205574912890610e-01
1.770034843205574304e-01
1.811846689895470208e-01
1.749128919860627185e-01
1.806550522648082135e-01
1.770034843205574304e-01
1.714285714285713746e-01
1.756097560975609373e-01
1.745644599303135258e-01
1.735191637630662254e-01
1.668989547038327304e-01
1.735191637630662254e-01
1.652682926829266430e-01
1.735191637630662254e-01
1.641114982578397441e-01
1.735191637630662254e-01
1.696864111498258276e-01
1.735191637630662254e-01
1.623693379790940861e-01
1.658536585365854299e-01
1.644599303135888257e-01
1.533101045296167975e-01
1.630662020905923326e-01
1.533101045296167975e-01
1.599303135888500427e-01
1.533101045296167975e-01
1.606271777003482892e-01
1.533101045296167975e-01
1.560975609756097837e-01
1.533101045296167975e-01
1.533101045296167975e-01
1.533101045296167975e-01
1.533101045296167975e-01
1.533101045296167975e-01
1.522648083623692472e-01
1.533101045296167975e-01
1.487804878048780421e-01
1.512195121951219468e-01
1.512195121951218357e-01
1.533101045296167975e-01
1.512195121951218357e-01
1.463414634146341375e-01
1.487804878048780421e-01
1.512195121951219468e-01
1.487804878048780421e-01
1.442508710801392591e-01
1.477351916376306029e-01
1.442508710801392591e-01
1.317073170731706544e-01
1.442508710801392591e-01
1.449477351916375056e-01
1.442508710801392591e-01
1.317073170731706544e-01
1.442508710801392591e-01
1.243902439024389128e-01
1.442508710801392591e-01
1.250871080139371594e-01
1.442508710801392591e-01
1.254355400696863521e-01
1.442508710801392591e-01
1.226480836236932409e-01
1.442508710801392591e-01
1.216027874564458156e-01
1.442508710801392591e-01
1.219372822299646941e-01
1.442508710801392591e-01
1.216027874564458156e-01
1.442508710801392591e-01
1.226480836236932409e-01
1.442508710801392591e-01
1.205574912891983902e-01
1.091289198606210376e-01
1.205574912891983902e-01
1.386759581881532033e-01
1.188153310104528432e-01
1.442508710801392591e-01
1.179372822299648571e-01
9.686411149825775724e-02
1.196236933797906743e-01
9.686411149825775724e-02
1.160278745644598708e-01
9.686411149825775724e-02
1.177700348432054178e-01
9.686411149825775724e-02
1.177700348432054178e-01
9.686411149825775724e-02
1.118466898954702943e-01
9.686411149825775724e-02
1.104529616724739260e-01
9.686411149825775724e-02
1.149825783972124454e-01
9.686411149825775724e-02
1.083623693379792002e-01
9.686411149825775724e-02
1.114982578397212265e-01
9.686411149825775724e-02
9.547038327526127799e-02
9.686411149825775724e-02
9.686411149825775724e-02
9.686411149825775724e-02
1.080696864111497513e-01
9.686411149825775724e-02
9.198606271776993415e-02
9.686411149825775724e-02
8.919860627177696177e-02
9.686411149825775724e-02
8.641114982578386450e-02
9.686411149825775724e-02
8.919860627177696177e-02
9.686411149825775724e-02
8.919860627177696177e-02
9.686411149825775724e-02
8.641114982578386450e-02
9.686411149825775724e-02
8.919860627177696177e-02
9.686411149825775724e-02
8.641114982578386450e-02
7.595818815331009666e-02
8.641114982578386450e-02
9.128919860627168759e-02
8.641114982578386450e-02
7.595818815331009666e-02
8.641114982578386450e-02
7.595818815331009666e-02
8.327526132404171333e-02
7.595818815331009666e-02
8.432055749128926359e-02
7.595818815331009666e-02
8.327526132404171333e-02
7.595818815331009666e-02
8.641114982578386450e-02
7.595818815331009666e-02
8.327526132404171333e-02
7.595818815331009666e-02
8.606271777003481060e-02
7.595818815331009666e-02
8.048780487804874095e-02
7.595818815331009666e-02
8.118466898954709854e-02
7.595818815331009666e-02
7.665505226480846812e-02
7.595818815331009666e-02
7.595818815331009666e-02
7.595818815331009666e-02
7.665505226480846812e-02
7.595818815331009666e-02
7.595818815331009666e-02
7.595818815331009666e-02
7.665505226480846812e-02
7.595818815331009666e-02
7.595818815331009666e-02
7.595818815331009666e-02
7.595818815331009666e-02
7.595818815331009666e-02
7.595818815331009666e-02
7.595818815331009666e-02
7.595818815331009666e-02
7.595818815331009666e-02
7.595818815331009666e-02
7.595818815331009666e-02
7.386759581881537085e-02
7.595818815331009666e-02
7.595818815331009666e-02
7.595818815331009666e-02
7.595818815331009666e-02
7.595818815331009666e-02
7.073170731707320580e-02
7.595818815331009666e-02
7.247386759581887772e-02
7.595818815331009666e-02
7.560975609756104276e-02
7.595818815331009666e-02
7.595818815331009666e-02
7.595818815331009666e-02
7.595818815331009666e-02
7.595818815331009666e-02
7.595818815331009666e-02
6.968641114982578044e-02
7.073170731707320580e-02
7.595818815331009666e-02
7.282229965156794549e-02
7.177700348432064503e-02
7.073170731707320580e-02
6.550522648083632882e-02
7.073170731707320580e-02
7.177700348432064503e-02
7.073170731707320580e-02
6.968641114982578044e-02
7.073170731707320580e-02
6.968641114982578044e-02
6.839024390243858553e-02
6.968641114982578044e-02
7.073170731707320580e-02
7.177700348432064503e-02
7.073170731707320580e-02
6.550522648083632882e-02
7.073170731707320580e-02
6.550522648083632882e-02
7.073170731707320580e-02
6.550522648083632882e-02
7.073170731707320580e-02
6.550522648083632882e-02
7.073170731707320580e-02
6.550522648083632882e-02
6.794425087108012240e-02
6.550522648083632882e-02
6.985365853658521973e-02
6.550522648083632882e-02
6.759581881533105463e-02
6.550522648083632882e-02
6.968641114982578044e-02
6.550522648083632882e-02
6.655052264808362927e-02
6.550522648083632882e-02
6.655052264808362927e-02
6.550522648083632882e-02
6.655052264808362927e-02
6.550522648083632882e-02
6.550522648083632882e-02
6.550522648083632882e-02
6.759581881533105463e-02
6.550522648083632882e-02
6.655052264808362927e-02
6.550522648083632882e-02
6.550522648083632882e-02
6.550522648083632882e-02
6.759581881533105463e-02
6.550522648083632882e-02
6.550522648083632882e-02
6.550522648083632882e-02
6.550522648083632882e-02
6.550522648083632882e-02
6.550522648083632882e-02
6.550522648083632882e-02
6.550522648083632882e-02
6.550522648083632882e-02
6.550522648083632882e-02
6.550522648083632882e-02
6.550522648083632882e-02
6.550522648083632882e-02
6.550522648083632882e-02
6.550522648083632882e-02
6.550522648083632882e-02
6.550522648083632882e-02
6.550522648083632882e-02
6.550522648083632882e-02
6.550522648083632882e-02
6.550522648083632882e-02
6.550522648083632882e-02
6.550522648083632882e-02
6.445993031358890346e-02
6.550522648083632882e-02
6.550522648083632882e-02
6.550522648083632882e-02
6.550522648083632882e-02
6.550522648083632882e-02
6.550522648083632882e-02
6.550522648083632882e-02
6.550522648083632882e-02
6.550522648083632882e-02
6.550522648083632882e-02
6.550522648083632882e-02
6.550522648083632882e-02
6.550522648083632882e-02
6.550522648083632882e-02
6.550522648083632882e-02
6.550522648083632882e-02
6.550522648083632882e-02
6.445993031358890346e-02
6.550522648083632882e-02
5.818815331010458725e-02
6.550522648083632882e-02
5.400696864111501072e-02
6.550522648083632882e-02
5.714285714285716189e-02
6.550522648083632882e-02
5.400696864111501072e-02
6.550522648083632882e-02
5.400696864111501072e-02
6.550522648083632882e-02
6.445993031358890346e-02
6.550522648083632882e-02
5.714285714285716189e-02
6.341463414634147810e-02
5.714285714285716189e-02
6.550522648083632882e-02
5.400696864111501072e-02
6.550522648083632882e-02
5.714285714285716189e-02
6.550522648083632882e-02
5.400696864111501072e-02
6.550522648083632882e-02
5.400696864111501072e-02
6.550522648083632882e-02
5.400696864111501072e-02
6.341463414634147810e-02
5.400696864111501072e-02
6.550522648083632882e-02
5.400696864111501072e-02
4.459930313588854334e-02
5.400696864111501072e-02
4.459930313588854334e-02
5.400696864111501072e-02
4.459930313588854334e-02
5.400696864111501072e-02
6.341463414634147810e-02
5.400696864111501072e-02
4.459930313588854334e-02
5.400696864111501072e-02
6.341463414634147810e-02
5.400696864111501072e-02
4.250871080139369262e-02
5.296167247386758536e-02
4.250871080139369262e-02
5.400696864111501072e-02
4.250871080139369262e-02
5.400696864111501072e-02
6.341463414634147810e-02
5.400696864111501072e-02
4.250871080139369262e-02
5.296167247386758536e-02
4.250871080139369262e-02
5.400696864111501072e-02
4.250871080139369262e-02
5.400696864111501072e-02
4.250871080139369262e-02
