1.522415660141607452e+00
1.435318617242814954e+00
1.315685131195334812e+00
1.158637604701744594e+00
1.088392799296589164e+00
9.971826553750750000e-01
9.789809801471607287e-01
9.833254662409176561e-01
9.887158128557543835e-01
8.575649035124250918e-01
8.251654403257900894e-01
7.938821787218287573e-01
7.761580822805311808e-01
7.763431903373594345e-01
7.798954139478918579e-01
7.812022768290988184e-01
7.113887731963529637e-01
6.736544958119300430e-01
6.627331204590679592e-01
6.806256652320790135e-01
6.820658059142019614e-01
6.247396917950852613e-01
6.061826090980609871e-01
5.763339349345180107e-01
5.851265676338560651e-01
5.708473321301307246e-01
5.766115970197600582e-01
5.526401036605118611e-01
5.424591605349623480e-01
5.238243324540697854e-01
5.375352862233327977e-01
5.152945531954277181e-01
5.208477949002729979e-01
5.204831320283211937e-01
5.015965569901428278e-01
4.900273034383820780e-01
4.731824702670183735e-01
4.777176176593086465e-01
4.700819103151463452e-01
4.682771067610717042e-01
4.842426766625014811e-01
4.639270674256096294e-01
4.555509278541346463e-01
4.566615761951036689e-01
4.551325836457029705e-01
4.504141792771528818e-01
4.812809477532508096e-01
4.590217039196627380e-01
4.339858392336524706e-01
4.310703873386088625e-01
4.381044934980793948e-01
4.370863991855243325e-01
4.203803970567817627e-01
4.233421259660324343e-01
4.180202693322225271e-01
4.169096209912535045e-01
4.199639039289183584e-01
4.130223517978618974e-01
4.035355638854180027e-01
4.037206719422460344e-01
4.048313202832152791e-01
4.012217131750657750e-01
3.962237956407052564e-01
3.970567818964318429e-01
3.955759174418065904e-01
3.889120273959922880e-01
3.911425794807713574e-01
3.940024989587669890e-01
3.933546207598684896e-01
3.889120273959921770e-01
3.876162709981950116e-01
3.887269193391641453e-01
3.836364477763893888e-01
3.836827247905964522e-01
3.714026563006153636e-01
3.792864084409273695e-01
3.778055439863016729e-01
3.820630292933500094e-01
3.765097875885045631e-01
3.800268406682399958e-01
3.610995418575593807e-01
3.614234809570086582e-01
3.748438150770511124e-01
3.752140311907075088e-01
3.713267619973159017e-01
3.615160349854226740e-01
3.554074691100928551e-01
3.481419778795871722e-01
3.740108288213244148e-01
3.725299643666989957e-01
3.726225183951129560e-01
3.618862510990791814e-01
3.553149150816787838e-01
3.469387755102041337e-01
3.426350131889489559e-01
3.725299643666989957e-01
3.748438150770511124e-01
3.648479800083296865e-01
3.532787264565688257e-01
3.425424591605348845e-01
3.298625572678048901e-01
3.286778657041045104e-01
3.720671942246285835e-01
3.614234809570084916e-01
3.538803276412603172e-01
3.356934610578924394e-01
3.297237262251838663e-01
3.206071544263963125e-01
3.699384515711046650e-01
3.651256420935718450e-01
3.497616733768335040e-01
3.318061918645007213e-01
3.293997871257344778e-01
3.207459854690176138e-01
3.161645610625203329e-01
3.629302605395896553e-01
3.405988245638391088e-01
3.294460641399417633e-01
3.218566338099865254e-01
3.200518302559119399e-01
3.150539127215510882e-01
3.725299643666989957e-01
3.368041093988615176e-01
3.321764079781571177e-01
3.157480679346566510e-01
3.143134804942384619e-01
3.040399833402747665e-01
2.943218103567956101e-01
2.937664861863111265e-01
3.297237262251837553e-01
3.168587162756257847e-01
3.052339303068166143e-01
3.065389421074550258e-01
2.965431070387336554e-01
2.930260539589985003e-01
2.959877828682493939e-01
3.193113980285989251e-01
3.039474293118608617e-01
2.899254940071268605e-01
2.975149243370818763e-01
2.916636586607430637e-01
2.915451895043730812e-01
2.900643250497476622e-01
3.046878615391734879e-01
2.931648850016197461e-01
2.995048359479846045e-01
2.915451895043730812e-01
2.876579203109814742e-01
2.888148456661575048e-01
2.849275764727658977e-01
2.939053172289323723e-01
2.889999537229857030e-01
2.908973113054745818e-01
2.799296589384053791e-01
2.807626451941320211e-01
2.844185293164883666e-01
2.921190244805401681e-01
2.788190105974362454e-01
2.852515155722152862e-01
2.795594428247490382e-01
2.863158868989772454e-01
2.839094821602110574e-01
2.788190105974362454e-01
2.802073210236473710e-01
2.788190105974362454e-01
2.783562404553658332e-01
2.765051598870841287e-01
2.700726549123050879e-01
2.788190105974362454e-01
2.788190105974362454e-01
2.788190105974362454e-01
2.788190105974362454e-01
2.769679300291544854e-01
2.710444722106529758e-01
2.788190105974362454e-01
2.781970475264935461e-01
2.718774584663797844e-01
2.777083622564673338e-01
2.736822620204542589e-01
2.720162895090009192e-01
2.681290203156092566e-01
2.607709750566894469e-01
2.708593641538246111e-01
2.592438335878569089e-01
2.753945115461149951e-01
2.729881068073488071e-01
2.691008376139572000e-01
2.601230968577906144e-01
2.613262992271739305e-01
2.616039613124162555e-01
2.780323013559166112e-01
2.723402286084501411e-01
2.539682539682538986e-01
2.594752186588921705e-01
2.534129297977694706e-01
2.578555231616456167e-01
2.545235781387386043e-01
2.553102873802582384e-01
2.606636123837285934e-01
2.527187745846639078e-01
2.532740987551484468e-01
2.538294229256329859e-01
2.528576056272849870e-01
2.545235781387386043e-01
2.491091674765143760e-01
2.525799435420426620e-01
2.531352677125272010e-01
2.536905918830116846e-01
2.511916331158316473e-01
2.545235781387386043e-01
2.334212596603268686e-01
2.492017215049285583e-01
2.529964366699061218e-01
2.535517608403906609e-01
2.495256606043780301e-01
2.545235781387386043e-01
2.348558471007451687e-01
2.367532046832338255e-01
2.528576056272848760e-01
2.479059651071311710e-01
2.441575269563611983e-01
2.267573696145125384e-01
2.311999629783888233e-01
2.356425563422649139e-01
2.488315053912721619e-01
2.424915544449071925e-01
2.316164561062519778e-01
2.277291869128604540e-01
2.300893146374194953e-01
2.345319080012957802e-01
2.389745013651718708e-01
2.281456800407238861e-01
2.325882734045999767e-01
2.287010042112083419e-01
2.289786662964505837e-01
2.267573696145125384e-01
2.267573696145125384e-01
2.329122125040491431e-01
2.277291869128604540e-01
2.296728215095562575e-01
2.275440788560320893e-01
2.323106113193577626e-01
2.267573696145125384e-01
2.267573696145125384e-01
2.267573696145125384e-01
2.267573696145125384e-01
2.267573696145125384e-01
2.254616132167152620e-01
2.267573696145125384e-01
2.267573696145125384e-01
2.267573696145125384e-01
2.267573696145125384e-01
2.277291869128604540e-01
2.257855523161646227e-01
2.267573696145125384e-01
2.267573696145125384e-01
2.267573696145125384e-01
2.267573696145125384e-01
2.237030866768478232e-01
2.261094914156140112e-01
2.267573696145125384e-01
2.267573696145125384e-01
2.267573696145125384e-01
2.267573696145125384e-01
2.221759452080154518e-01
2.264334305150631776e-01
2.251376741172659013e-01
2.267573696145125384e-01
2.228701004211211256e-01
2.145402378638530116e-01
2.206488037391828860e-01
2.267573696145125384e-01
2.254616132167152620e-01
2.241658568189182077e-01
2.202323106113196205e-01
2.130130963950206402e-01
2.191216622703505146e-01
2.252302281456801669e-01
2.257855523161646227e-01
2.244897959183673464e-01
2.174556897588965088e-01
2.218982831227730157e-01
2.175945208015179488e-01
2.237030866768478232e-01
2.261094914156140112e-01
2.248137350178167349e-01
2.006108565875329430e-01
2.062825674487474836e-01
2.160673793326855774e-01
2.221759452080154518e-01
2.264334305150631776e-01
2.251376741172659013e-01
2.094034892868712472e-01
2.084316719885235536e-01
2.145402378638530116e-01
2.206488037391828860e-01
2.267573696145125384e-01
2.254616132167152620e-01
1.982044518487669493e-01
2.045444027951317245e-01
2.130130963950206402e-01
2.191216622703505146e-01
2.249062890462308062e-01
1.955203850247585196e-01
1.970012494793835500e-01
2.018140589569161480e-01
2.066268684344487461e-01
2.175945208015179488e-01
2.237030866768478232e-01
1.909852376324679690e-01
2.024619371558148972e-01
2.006108565875329430e-01
2.054236660650655411e-01
2.160673793326855774e-01
2.169929196168265406e-01
1.904761904761904379e-01
1.945948447406173620e-01
1.994076542181499601e-01
2.042204636956825581e-01
2.090332731732147398e-01
2.131722893238925109e-01
1.885788328937017533e-01
1.933916423712343513e-01
1.982044518487669493e-01
2.030172613262995474e-01
2.078300708038317290e-01
1.927437641723362405e-01
1.842750705724466864e-01
1.921884400018513683e-01
1.970012494793835500e-01
2.018140589569161480e-01
2.033874774399556662e-01
1.824239900041649542e-01
1.830718682030634814e-01
1.909852376324679690e-01
1.957980471100005671e-01
1.957517700957934204e-01
2.018603359711232947e-01
1.827479291036143150e-01
1.814521727058170386e-01
1.897820352630847640e-01
1.899671433199131287e-01
1.994076542181499601e-01
2.003331945022909233e-01
1.830718682030634814e-01
1.817761118052664271e-01
1.804803554074691507e-01
1.896894812346708870e-01
1.859873200981074226e-01
1.922365680966256207e-01
1.833958073025128699e-01
1.821000509047155935e-01
1.808042945069185115e-01
1.850617798139666537e-01
1.911703456892961117e-01
1.972789115646257918e-01
1.837197464019622306e-01
1.824239900041649542e-01
1.811282336063676779e-01
1.835346383451338659e-01
1.902448054051551485e-01
1.853394418992086734e-01
1.840436855014113970e-01
1.827479291036143150e-01
1.814521727058170386e-01
1.820074968763015222e-01
1.881160627516313966e-01
1.804803554074691507e-01
1.843676246008607578e-01
1.830718682030634814e-01
1.817761118052664271e-01
1.804803554074691507e-01
1.865889212827990251e-01
1.804803554074691507e-01
1.804803554074691507e-01
1.833958073025128699e-01
1.821000509047155935e-01
1.808042945069185115e-01
1.804803554074691507e-01
1.804803554074691507e-01
1.804803554074691507e-01
1.837197464019622306e-01
1.824239900041649542e-01
1.811282336063676779e-01
1.804803554074691507e-01
1.804803554074691507e-01
1.804803554074691507e-01
1.804803554074691507e-01
1.827479291036143150e-01
1.814521727058170386e-01
1.804803554074691507e-01
1.804803554074691507e-01
1.804803554074691507e-01
1.804803554074691507e-01
1.830718682030634814e-01
