5.117275241523014939e-01
4.941269179768896236e-01
4.802815684788785955e-01
4.636017427543094316e-01
4.356546315590073548e-01
4.144875923470354162e-01
4.080363705247206929e-01
3.938279219549156163e-01
3.827291532487211434e-01
3.639898465618488510e-01
3.648569804887289991e-01
3.472430384542525283e-01
3.462804318999810893e-01
3.367910589126729137e-01
3.321841257813981652e-01
3.182496684978214918e-01
3.144156090168592210e-01
3.169994317105512827e-01
3.071339268800909461e-01
3.046107217275998980e-01
3.009078992233377714e-01
3.032771358211782120e-01
2.988769085053986641e-01
2.946845993559385479e-01
2.835309717749573410e-01
2.886304224284901854e-01
2.822504262170865696e-01
2.912654669444970645e-01
2.725895055881797369e-01
2.699602197385869151e-01
2.720969880659215301e-01
2.660352339458230131e-01
2.674521689713959538e-01
2.659897707899223640e-01
2.618602007956053468e-01
2.560636484182609585e-01
2.545936730441371032e-01
2.521235082401969141e-01
2.564652396287174785e-01
2.565637431331692642e-01
2.466830839174085632e-01
2.486455768137905975e-01
2.462587611290017187e-01
2.443493085811705434e-01
2.440765296457662326e-01
2.437885963250616683e-01
2.405758666414094249e-01
2.433945823072552472e-01
2.420155332449326901e-01
2.384239439287744733e-01
2.392119719643872044e-01
2.350824019700702983e-01
2.381587421860201226e-01
2.390225421481341483e-01
2.234741428300815180e-01
2.281656374313319191e-01
2.284614510323925984e-01
2.313771547641599868e-01
2.310437582875548013e-01
2.358325440424320907e-01
2.167152869861717068e-01
2.187156658458041247e-01
2.218677779882555212e-01
2.255048304603143594e-01
2.273915514301954877e-01
2.141087327145292374e-01
2.101155521879143617e-01
2.118431521121424410e-01
2.096078802803560681e-01
2.195794658079180395e-01
2.145706383784801441e-01
2.138662625497253222e-01
2.067209698806592999e-01
2.103504451600681779e-01
2.058192839552947240e-01
2.034930858117068309e-01
2.064406137526047236e-01
2.035461261602577177e-01
1.975374123887101985e-01
2.063193786702027799e-01
1.969842773252511448e-01
2.027277893540442855e-01
1.998105701837468162e-01
1.942034476226558448e-01
2.006743701458610085e-01
1.993407842394390728e-01
1.953021405569235758e-01
1.973025194165561325e-01
1.948914567152868205e-01
1.913771547641599236e-01
1.989922333775328844e-01
1.932184125781398476e-01
1.952036370524720676e-01
1.905967039211971803e-01
1.913392688009092624e-01
1.908467512786511944e-01
1.915135442318620929e-01
1.917863231672665703e-01
1.848456146997539407e-01
1.860106838416367148e-01
1.911043758287554462e-01
1.906800530403484628e-01
1.908088653154008107e-01
1.815874218602010481e-01
1.874976321272968927e-01
1.850956620572078160e-01
1.799583254404245880e-01
1.871945444212920195e-01
1.898768706194355338e-01
1.915135442318620929e-01
1.784807728736499954e-01
1.787080886531539625e-01
1.797158552756204231e-01
1.833983709035801601e-01
1.870354233756399420e-01
1.766622466376207845e-01
1.775336237923850480e-01
1.784731956810001463e-01
1.773063080128816360e-01
1.797537412388711953e-01
1.781170676264443864e-01
1.763591589316158836e-01
1.772987308202311207e-01
1.724720591021028926e-01
1.719037696533433635e-01
1.745103239249858329e-01
1.735934836143209203e-01
1.758060238681569687e-01
1.728660731199085088e-01
1.685243417313885272e-01
1.711990907368818038e-01
1.751846940708465805e-01
1.686228452358400354e-01
1.750558817957947877e-01
1.756165940519038016e-01
1.672589505588180925e-01
1.702974048115175054e-01
1.711612047736314202e-01
1.689865504830460330e-01
1.682136768327333887e-01
1.746467133926877524e-01
1.664709225232052225e-01
1.591286228452357954e-01
1.648948664519796492e-01
1.683500663004356968e-01
1.677741996590263185e-01
1.547338511081630397e-01
1.578935404432655065e-01
1.607274104944115545e-01
1.586057965523777202e-01
1.645538927827241149e-01
1.668876681189619682e-01
1.625307823451410949e-01
1.567266527751468574e-01
1.571206667929531398e-01
1.549838984656184138e-01
1.564053798067810142e-01
1.554764159878764818e-01
1.537942792195490238e-01
1.543549914756583152e-01
1.565675317294943636e-01
1.573025194165562080e-01
1.573328281871566314e-01
1.558476984277324673e-01
1.553854896760750726e-01
1.532487213487402355e-01
1.540443265770034542e-01
1.532499336995642725e-01
1.539615836332631771e-01
1.554309528319757217e-01
1.543398370903579786e-01
1.532487213487402355e-01
1.533926880090926426e-01
1.488312180337187651e-01
1.532487213487402355e-01
1.523621898086758575e-01
1.546126160257623172e-01
1.535215002841445464e-01
1.532487213487402355e-01
1.505436635726462580e-01
1.532487213487402355e-01
1.522636863042242383e-01
1.526577003220306594e-01
1.533699564311421792e-01
1.532487213487402355e-01
1.468502367872689396e-01
1.517711687819662814e-01
1.521651827997727302e-01
1.510740670581548484e-01
1.518999810570184905e-01
1.514377723053607072e-01
1.465429058533807283e-01
1.516726652775146622e-01
1.390869482856597061e-01
1.507861337374502841e-01
1.522712634968744760e-01
1.507861337374502841e-01
1.458154953589696767e-01
1.408448569804889028e-01
1.407008903201356909e-01
1.507861337374502841e-01
1.507861337374502841e-01
1.507861337374502841e-01
1.470581549535895094e-01
1.420875165751089020e-01
1.412312938056452249e-01
1.343815116499340045e-01
1.507861337374502841e-01
1.507027846182993902e-01
1.483008145482095086e-01
1.427391551430192973e-01
1.429437393445726900e-01
1.360939571888614696e-01
1.507861337374502841e-01
1.507861337374502841e-01
1.495434741428295078e-01
1.445728357643488726e-01
1.387156658458037484e-01
1.378064027277889347e-01
1.507861337374502841e-01
1.499374881606364562e-01
1.507861337374502841e-01
1.454214813411632279e-01
1.463686304224288415e-01
1.331161204773625983e-01
1.363212729683646318e-01
1.497253267664331033e-01
1.505739723432469312e-01
1.467626444402347352e-01
1.413979920439476790e-01
1.360333396476606227e-01
1.337374502746734029e-01
1.507861337374502841e-01
1.503618109490434396e-01
1.433150217844277319e-01
1.426179200606174924e-01
1.373745027467322410e-01
1.296760750142073315e-01
1.308353854896761592e-01
1.501496495548399479e-01
1.470505777609376619e-01
1.440803182420908046e-01
1.362076150786130369e-01
1.308050767190753194e-01
1.262890698996020911e-01
1.232581928395527771e-01
1.507861337374502841e-01
1.417920060617543776e-01
1.372381132790295444e-01
1.319340784239434738e-01
1.274180716044701067e-01
1.205152491002080134e-01
1.496116688766813974e-01
1.440500094714907697e-01
1.382686114794468568e-01
1.341466186777799108e-01
1.285470733093390661e-01
1.222276946391354785e-01
1.202576245501036090e-01
1.393597272210636562e-01
1.313960977457842294e-01
1.341920818336805599e-01
1.267058154953589755e-01
1.213411630990719192e-01
1.159765107027848630e-01
1.122636863042245775e-01
1.289016859253621639e-01
1.353210835385486865e-01
1.308050767190753194e-01
1.226823261981434265e-01
1.174146618677779086e-01
1.119530214055693140e-01
1.313885205531354627e-01
1.364500852434167022e-01
1.293881416935019624e-01
1.240234892972149200e-01
1.186588369009278637e-01
1.132941845046408075e-01
1.125895055881796503e-01
1.208183368062131641e-01
1.142867967418071812e-01
1.253646523962864134e-01
1.199999999999993572e-01
1.146353476037123009e-01
1.123773441939762974e-01
1.243417313885197550e-01
1.341920818336805599e-01
1.267058154953589755e-01
1.213411630990719192e-01
1.159765107027848630e-01
1.121651827997728057e-01
1.119530214055693140e-01
1.119530214055693140e-01
1.119530214055693140e-01
1.226823261981434265e-01
1.173176738018563703e-01
1.119530214055693140e-01
1.128016669823831419e-01
1.133548020458398919e-01
1.293881416935019624e-01
1.240234892972149200e-01
1.186588369009278637e-01
1.132941845046398638e-01
1.119530214055693140e-01
1.119530214055693140e-01
1.119530214055693140e-01
1.119530214055693140e-01
1.200000000000003009e-01
1.146353476037123009e-01
1.123773441939761586e-01
1.119530214055693140e-01
1.119530214055693140e-01
1.119530214055693140e-01
1.119530214055693140e-01
1.159765107027848630e-01
1.121651827997728057e-01
1.119530214055693140e-01
1.119530214055693140e-01
1.119530214055693140e-01
1.119530214055693140e-01
1.081038075393075254e-01
1.119530214055693140e-01
1.119530214055693140e-01
1.119530214055693140e-01
1.119530214055693140e-01
1.082629285849587980e-01
1.113847319568104510e-01
1.109907179390045712e-01
1.119530214055693140e-01
1.119530214055693140e-01
1.119530214055693140e-01
1.119530214055693140e-01
1.061792006061752086e-01
1.127107406705813303e-01
1.119530214055693140e-01
1.119530214055693140e-01
1.119530214055693140e-01
1.057169918545179665e-01
1.052168971396104658e-01
1.130896003030878172e-01
1.119530214055693140e-01
1.119530214055693140e-01
1.119530214055693140e-01
1.031634779314275774e-01
1.042545936730443906e-01
1.081038075393075254e-01
1.119530214055693140e-01
1.119530214055693140e-01
1.119530214055693140e-01
1.119530214055693140e-01
1.032922902064781628e-01
1.071415040727414364e-01
1.109907179390045712e-01
1.119530214055693140e-01
1.119530214055693140e-01
1.119530214055693140e-01
1.023299867399134200e-01
1.061792006061752086e-01
1.100284144724383434e-01
9.044137147186913361e-02
1.119530214055693140e-01
1.119530214055693140e-01
1.119530214055693140e-01
1.052168971396104658e-01
1.090661110058722544e-01
1.095586285281291150e-01
1.119530214055693140e-01
1.119530214055693140e-01
1.004053798067825881e-01
1.042545936730443906e-01
1.081038075393075254e-01
1.119530214055693140e-01
1.119530214055693140e-01
9.559386247395323943e-02
9.944307634021637421e-02
1.032922902064781628e-01
1.071415040727414364e-01
1.109907179390045712e-01
1.047698427732523668e-01
9.611668876681279949e-02
9.848077287365028520e-02
1.023299867399134200e-01
1.061792006061752086e-01
1.100284144724383434e-01
1.071642356506924271e-01
9.366925554082240757e-02
9.751846940708554234e-02
1.013676832733473310e-01
1.052168971396104658e-01
1.090661110058722544e-01
1.095586285281291150e-01
8.073498768706235951e-02
9.655616594051945334e-02
8.569107785565137358e-02
1.042545936730443906e-01
