6.242433437002198326e-01
5.913676704847152799e-01
4.598346355154365184e-01
4.304076462110291712e-01
3.980659940832890209e-01
3.717885155124024399e-01
3.621694606690434859e-01
3.464510354244101920e-01
3.347863157096261366e-01
3.265290146400666171e-01
3.082418265948568270e-01
3.015246908897822875e-01
2.846757187286658164e-01
2.803191989683684326e-01
2.715618599711749903e-01
2.716528862929530885e-01
2.577562011681711063e-01
2.503830691041492029e-01
2.466813320185086145e-01
2.392020025790792259e-01
2.352138360009102258e-01
2.324963968747630616e-01
2.233937646969582358e-01
2.285064097701585140e-01
2.191610407342790556e-01
2.143257225214290351e-01
2.123947508154441777e-01
2.075096715466890340e-01
2.076917241902451194e-01
1.994083289084427058e-01
2.062170977774405167e-01
1.992717894257758082e-01
1.987863157096260158e-01
2.018545095956914837e-01
1.881404839566108433e-01
1.894257756201167819e-01
1.852385648183266509e-01
1.867708412349237124e-01
1.846317226731395977e-01
1.845406963513614995e-01
1.845862095122505486e-01
1.767427747857088782e-01
1.761207615868921883e-01
1.774709853599331644e-01
1.744216035803685394e-01
1.760752484260031392e-01
1.767427747857088782e-01
1.684442084502769388e-01
1.675642873397557298e-01
1.676401426079040524e-01
1.668664188727906894e-01
1.661230372449366277e-01
1.666236820147159459e-01
1.581885761966169979e-01
1.589319578244709208e-01
1.593112341652127006e-01
1.619509974967761334e-01
1.615413790487749413e-01
1.630888265190016395e-01
1.533793521960100381e-01
1.550936812561632960e-01
1.513312599560038829e-01
1.519836152620799852e-01
1.478267465675491554e-01
1.511188652051885239e-01
1.524787984525525220e-01
1.519107942046573345e-01
1.493741940377758537e-01
1.474844875976636660e-01
1.427899567624971999e-01
1.503451414700749111e-01
1.517105362967458015e-01
1.497079572176287232e-01
1.449594174315405881e-01
1.440491542137600778e-01
1.416290677387541941e-01
1.397254039293029382e-01
1.401641508002730019e-01
1.470530228324357924e-01
1.444436016081316332e-01
1.414549040430857219e-01
1.399529697337480727e-01
1.374042327239625993e-01
1.358719563073655379e-01
1.418645224910870528e-01
1.411363119168626001e-01
1.375256011530001377e-01
1.369187590078130845e-01
1.343396798907683376e-01
1.334597587802472396e-01
1.354016536448456598e-01
1.382082985663353747e-01
1.358264431464766275e-01
1.325792308275808851e-01
1.361298642190699459e-01
1.301372980353485698e-01
1.297125085337176020e-01
1.306227717514981124e-01
1.353713115375862475e-01
1.332473640294317696e-01
1.305014033224607128e-01
1.294090874611240061e-01
1.301676401426078433e-01
1.301676401426078433e-01
1.291815216566790103e-01
1.269058636122278871e-01
1.311537586285367041e-01
1.279981794735643164e-01
1.287112189941591323e-01
1.226676780702421893e-01
1.247819161040733954e-01
1.232648107411059707e-01
1.235834028673292034e-01
1.262079951452627080e-01
1.224304027914737969e-01
1.210953500720624437e-01
1.226306606993855935e-01
1.220480922400057761e-01
1.237047712963664503e-01
1.202306000151709825e-01
1.202306000151709825e-01
1.183342183114616392e-01
1.198513236744290639e-01
1.224152317378441601e-01
1.193203367973904722e-01
1.190169157247970150e-01
1.196237578699840681e-01
1.187438367594628313e-01
1.183342183114616392e-01
1.188045209739816699e-01
1.193961920655388087e-01
1.178790867025713840e-01
1.180611393461275943e-01
1.182431919896836658e-01
1.180611393461274555e-01
1.183342183114616392e-01
1.183342183114616392e-01
1.178335735416824598e-01
1.180156261852384064e-01
1.155275733899719104e-01
1.181976788287946167e-01
1.171205340210876716e-01
1.163923234468633716e-01
1.153000075855267897e-01
1.151549723128270364e-01
1.156034286581202469e-01
1.153000075855267897e-01
1.172570735037548190e-01
1.162709550178259860e-01
1.153000075855267897e-01
1.082454676477281053e-01
1.153000075855267897e-01
1.153758628536751124e-01
1.152544944246377268e-01
1.161495865887886003e-01
1.148600470302661714e-01
1.036182962906774946e-01
1.100587119775468109e-01
1.115982704998863262e-01
1.152696654782673774e-01
1.144807706895243776e-01
9.345369035879549924e-02
9.944625654251687541e-02
1.029355988773418412e-01
1.095198361526207587e-01
1.152848365318971391e-01
1.146173101721914001e-01
1.083874687097008266e-01
9.468254570279897864e-02
9.988621709777735502e-02
1.072745202154290339e-01
1.153000075855267897e-01
1.147538496548585613e-01
8.727907153151778785e-02
9.327103087309387974e-02
9.645755897747093632e-02
1.033148752180838986e-01
1.133732837745581590e-01
1.148903891375255837e-01
8.051278161268292377e-02
8.815899264203901076e-02
9.428809830842754813e-02
1.016005461579307656e-01
1.111431388909960710e-01
1.144807706895243776e-01
7.696275506333913330e-02
8.624743988470003064e-02
9.219449290753248261e-02
9.928847758476803953e-02
1.057422437988317088e-01
1.148394143973298920e-01
7.502086019874072698e-02
8.105893954335129103e-02
9.040430857923073549e-02
9.635136160206320133e-02
6.456800424789505000e-02
6.371842524463322555e-02
7.295759690510521256e-02
8.145338693772284644e-02
8.861412425092940470e-02
9.577486156413556051e-02
1.012667829780776185e-01
6.393081999544872329e-02
7.168322840021228159e-02
7.775164985208225799e-02
8.603504513388426922e-02
9.064704543730564557e-02
9.914283546992314067e-02
6.414321474626406838e-02
6.757187286657048708e-02
7.527876811044539873e-02
8.237882120913286865e-02
8.702116361981351855e-02
6.467420162330278499e-02
6.367291208374417644e-02
6.564514905560185631e-02
7.335204429947676796e-02
7.902601835697477262e-02
8.476067662899201827e-02
6.481074110596980742e-02
6.426458317530145403e-02
6.371842524463322555e-02
6.872487294242603240e-02
7.655313661533792724e-02
6.371842524463322555e-02
6.371842524463322555e-02
6.440112265796861524e-02
6.370325419100344999e-02
6.652507016612281554e-02
7.447470226807249849e-02
7.960251839490241343e-02
6.371842524463322555e-02
6.362739892285512733e-02
6.368808313737395199e-02
6.408253053174524372e-02
6.893726769324139136e-02
6.371842524463322555e-02
6.371842524463322555e-02
6.265645149055591723e-02
6.367291208374417644e-02
6.371842524463322555e-02
6.371842524463322555e-02
6.371842524463322555e-02
6.371842524463322555e-02
6.250474095425925802e-02
6.365774103011453966e-02
6.371842524463322555e-02
6.262610938329664367e-02
6.371842524463322555e-02
6.371842524463322555e-02
6.235303041796246698e-02
6.295987256314951319e-02
6.340650838200703743e-02
6.371842524463322555e-02
6.371842524463322555e-02
6.159447773647875463e-02
6.220131988166580084e-02
6.280816202685271521e-02
6.332397785026179504e-02
6.317226731396501094e-02
6.371842524463322555e-02
6.076006978684657389e-02
6.204960934536900979e-02
6.265645149055591723e-02
6.271713570507475577e-02
6.344534627929905579e-02
6.371842524463322555e-02
6.101797769855111381e-02
6.189789880907221181e-02
6.250474095425925802e-02
6.238337252522187931e-02
5.992566183721453194e-02
6.262610938329664367e-02
6.113934612758849946e-02
5.992566183721453194e-02
6.071455662595765662e-02
5.992566183721453194e-02
5.992566183721453194e-02
5.956155655010238192e-02
5.907608283395284626e-02
5.983463551543655862e-02
5.992566183721453194e-02
6.171584616551613334e-02
5.992566183721453194e-02
5.968292497913976064e-02
5.919745126299023191e-02
6.076006978684657389e-02
5.856026701054376643e-02
5.992566183721453194e-02
5.992566183721453194e-02
5.980429340817714629e-02
5.931881969202747878e-02
6.047181976788289226e-02
5.932367442918884404e-02
5.992566183721453194e-02
5.992566183721453194e-02
5.992566183721453194e-02
5.944018812106499627e-02
5.774103011454136125e-02
5.664871425320477938e-02
5.678525373587193364e-02
5.992566183721453194e-02
5.992566183721453194e-02
5.956155655010238192e-02
5.907608283395284626e-02
5.692179321853895607e-02
5.719487218387313970e-02
5.992566183721453194e-02
5.992566183721453194e-02
5.968292497913976064e-02
5.829932488811340879e-02
5.719487218387313970e-02
5.610255632253655089e-02
5.596601683986952847e-02
5.992566183721453194e-02
5.839338542061746351e-02
5.856026701054376643e-02
5.746795114920731640e-02
5.637563528787059575e-02
5.528331942653414571e-02
5.419100356519756384e-02
5.992566183721453194e-02
5.859060911780317876e-02
5.774103011454136125e-02
5.664871425320477938e-02
5.555639839186819057e-02
5.446408253053160869e-02
5.974360919365845346e-02
5.892437229765591644e-02
5.801410907987554488e-02
5.692179321853895607e-02
5.582947735720237420e-02
5.473716149586579233e-02
5.355381931275123714e-02
5.937950390654630345e-02
5.828718804520972158e-02
5.719487218387313970e-02
5.610255632253655089e-02
5.501024046119996902e-02
5.337176666919515866e-02
5.959189865736166242e-02
5.856026701054376643e-02
5.746795114920731640e-02
5.616324053705524372e-02
5.382689827808541383e-02
5.346279299097313198e-02
5.309868770386098197e-02
5.883334597587794312e-02
5.309868770386098197e-02
5.610255632253655089e-02
5.555639839186819057e-02
5.355381931275109836e-02
5.318971402563908712e-02
5.309868770386098197e-02
5.801410907987554488e-02
5.437305620875364232e-02
5.582947735720237420e-02
5.364484563452920352e-02
5.328074034741705350e-02
5.309868770386098197e-02
5.309868770386098197e-02
5.188500341348701445e-02
5.610255632253655089e-02
5.373587195630730867e-02
5.337176666919515866e-02
5.309868770386098197e-02
5.309868770386098197e-02
5.537434574831211903e-02
5.450656148069443763e-02
5.382689827808541383e-02
5.346279299097313198e-02
5.309868770386098197e-02
4.988242433436991530e-02
5.309868770386098197e-02
5.428202988697553716e-02
5.391792459986338715e-02
5.355381931275109836e-02
5.318971402563908712e-02
5.309868770386098197e-02
5.537434574831225087e-02
5.437305620875364232e-02
5.400895092164135353e-02
5.364484563452920352e-02
5.328074034741705350e-02
5.309868770386098197e-02
4.963968747629515094e-02
5.036789805051958974e-02
5.325039824015764117e-02
5.373587195630730867e-02
5.337176666919515866e-02
4.872942425851464060e-02
4.945763483273907940e-02
5.400895092164135353e-02
5.340210877645443915e-02
5.382689827808541383e-02
