4.776230678432916155e-01
4.545837783148783950e-01
4.734020572199426069e-01
4.327545388117587932e-01
3.975999100668877739e-01
3.719183857006350125e-01
3.537912427631948464e-01
3.521094935641614909e-01
3.572606374009329455e-01
3.495531448485187931e-01
3.327356528581867368e-01
3.134776010342307240e-01
2.862795795627002815e-01
2.774886178404810111e-01
2.949468832555787179e-01
3.055870945983923392e-01
2.899218706087348107e-01
2.710487325051992857e-01
2.571956607273341300e-01
2.469776853465234789e-01
2.468679669495810469e-01
2.717666235737170033e-01
2.514023944691135548e-01
2.442886852903152217e-01
2.348322185374626114e-01
2.188223258951153827e-01
2.119509864538246802e-01
2.240813894665841244e-01
2.251587881513122946e-01
2.181271429374401216e-01
2.055702321398458488e-01
2.043718734191442010e-01
1.831130346804560050e-01
1.666572986341406382e-01
1.939238941037602637e-01
1.987015906919226693e-01
1.927097970884154576e-01
1.862303411837442912e-01
1.706424596706200558e-01
1.598448653813724918e-01
1.899499747063120025e-01
1.763532122983532680e-01
1.705131808217638101e-01
1.675566297566181972e-01
1.574335338092295034e-01
1.509752121859367080e-01
1.385532010567140648e-01
1.340059580686866203e-01
1.618627395874318309e-01
1.565342026867515557e-01
1.529649822944184889e-01
1.420943173514695734e-01
1.299421055589905782e-01
1.296723062222473188e-01
1.283289303580462670e-01
1.459726828171544200e-01
1.372885166657296097e-01
1.319037715698946067e-01
1.231633972233150687e-01
1.250070260243941744e-01
1.257602158394694469e-01
1.252880670001687846e-01
1.325333033556291007e-01
1.209768984317915741e-01
1.213422517002980677e-01
1.170697543701874066e-01
1.167725254342085323e-01
1.170198414928897146e-01
1.201675004215615739e-01
1.178798268787591697e-01
1.156877072677195972e-01
1.149457590916756616e-01
1.148783092574897913e-01
1.130065763588329331e-01
1.171547411612614553e-01
1.162380979146759724e-01
1.147490304086337259e-01
1.143611938620653495e-01
1.088584115564050214e-01
1.101512000449666462e-01
1.086448204148164759e-01
1.125569107975945560e-01
1.079759428924736836e-01
1.097183969422740740e-01
1.073520319262548650e-01
1.066325670282722154e-01
1.068236748917992807e-01
1.088303074588276714e-01
1.084537125512900213e-01
1.061716598280029039e-01
1.030577258164240839e-01
1.040132651340565512e-01
1.052498454274634482e-01
1.041256815243664091e-01
1.049744252712045134e-01
1.034118374458996292e-01
1.025799561576077323e-01
1.022876735428025763e-01
1.019953909279974202e-01
1.025799561576077323e-01
1.025799561576077323e-01
1.019616660109043949e-01
1.026642684503400182e-01
1.020572199426676152e-01
1.013602383227474590e-01
1.008487437468382902e-01
1.013433758642010435e-01
1.018380079815636025e-01
1.002866617952898609e-01
1.011972345567983683e-01
9.979202967792710766e-02
9.898263166769689925e-02
9.878028216513951021e-02
9.881400708223253559e-02
9.948850542409080899e-02
9.611601371479966405e-02
9.664999156877052133e-02
9.770670563768191208e-02
9.805519644764199017e-02
9.652633353942993710e-02
9.645888370524446920e-02
9.513237029958962476e-02
9.721769433983462605e-02
9.513237029958962476e-02
9.661626665167769024e-02
9.670057894440997615e-02
9.487268843797404261e-02
9.931426001911076995e-02
9.513237029958962476e-02
9.286155921533344182e-02
9.405317295261635124e-02
9.513237029958962476e-02
9.513237029958962476e-02
9.457028834804119544e-02
9.537968635827100139e-02
9.317070428868541587e-02
9.251868922488902525e-02
9.513237029958962476e-02
9.199595300994871383e-02
9.278848856163249281e-02
9.461525490416497486e-02
9.226575234669218140e-02
9.234444381990879192e-02
9.077623517508844053e-02
8.959024225732119262e-02
9.147321679500859670e-02
9.077623517508844053e-02
8.940475521330981667e-02
9.099544713619225900e-02
8.892698555449347897e-02
9.077623517508844053e-02
9.077623517508844053e-02
9.077623517508844053e-02
9.011859929177679085e-02
8.990500815018824532e-02
8.752740149513787982e-02
8.557697712326442496e-02
8.774661345624150399e-02
8.921364734978375066e-02
9.009049519419902452e-02
8.871901523242059495e-02
7.562812658085535378e-02
7.929852172446752445e-02
8.951784610196140968e-02
8.843235343713092000e-02
9.043336518464382967e-02
8.819065819796501060e-02
7.630262492271382146e-02
7.903434320723953799e-02
7.955145860266417401e-02
8.765105952447867221e-02
9.077623517508844053e-02
8.870777359338985479e-02
7.654994098139480951e-02
7.441402956551054770e-02
7.738182226968669253e-02
8.686976561182643830e-02
8.971952110617745224e-02
8.893822719352462158e-02
7.517846101961657423e-02
7.606655050306319887e-02
7.694901916699432853e-02
7.730875161598556311e-02
7.847608341296097301e-02
8.821314147602669908e-02
7.387443089202401503e-02
7.388567253105496335e-02
7.494238659996614593e-02
7.721881850373779610e-02
7.675229048395240672e-02
8.942161767185682897e-02
7.256477994491598860e-02
7.362149401382717118e-02
7.363835647237378101e-02
7.492552414141973038e-02
7.638693721544591309e-02
5.831600247316046787e-02
6.924287561126409030e-02
7.259288404249314430e-02
7.292451239390720930e-02
7.547074363442173028e-02
7.515035692203922424e-02
5.921533359563802695e-02
7.174976111517050725e-02
6.774211680062941499e-02
7.029396886065980565e-02
6.553875555055908853e-02
6.141869484570813831e-02
5.935023326400955951e-02
7.024338148502015655e-02
6.355460626159259441e-02
6.879883086954079185e-02
6.682637288516653229e-02
6.671350682929538811e-02
5.904108819065798791e-02
5.909729638581330546e-02
5.831600247316046787e-02
6.094092518689259858e-02
6.053060536226172877e-02
6.245292563655763241e-02
6.038446405485904667e-02
5.831600247316046787e-02
6.144117812377022925e-02
5.831600247316046787e-02
5.831600247316046787e-02
6.297004103198207414e-02
6.090157945028349534e-02
5.855769771232637033e-02
6.065988421111798840e-02
5.882749704906963667e-02
6.450452475970980259e-02
6.205384745095830074e-02
5.976617390815550102e-02
5.879939295149207851e-02
5.831600247316046787e-02
5.831600247316046787e-02
5.831600247316046787e-02
5.831600247316046787e-02
6.021583946939448179e-02
5.904108819065798791e-02
5.831600247316046787e-02
5.831600247316046787e-02
5.831600247316046787e-02
5.501096059805519328e-02
5.862514754651224069e-02
5.727615086279549961e-02
5.831600247316046787e-02
5.831600247316046787e-02
5.831600247316046787e-02
5.473554044179645278e-02
5.896239671744117616e-02
5.525265583722109575e-02
5.791130346804566204e-02
5.518273284244847032e-02
5.764712495081766863e-02
5.592153335956369375e-02
5.556180091057266734e-02
5.795064920465357178e-02
5.647237367208157027e-02
5.389241751447401696e-02
5.308301950424381549e-02
5.418470012927877055e-02
5.528638075431392684e-02
5.638806137934909007e-02
5.541565960316999218e-02
5.239165870383952900e-02
5.671406891124767397e-02
5.390927997302003005e-02
5.501096059805519328e-02
5.143049856669097697e-02
5.469057388567227090e-02
5.143049856669097697e-02
5.527513911528298546e-02
5.286942836265526996e-02
5.473554044179645278e-02
5.143049856669097697e-02
5.143049856669097697e-02
5.143049856669097697e-02
5.431397897813523140e-02
5.268956213815955553e-02
5.446012028553751105e-02
5.143049856669097697e-02
5.143049856669097697e-02
5.143049856669097697e-02
5.179023101568219767e-02
5.250969591366424355e-02
5.418470012927877055e-02
5.528638075431392684e-02
5.186330166938333402e-02
5.143049856669097697e-02
5.161036479118668446e-02
5.232982968916873034e-02
5.057051318082172314e-02
5.018829745376861273e-02
5.143049856669097697e-02
5.143049856669097697e-02
5.143049856669097697e-02
5.214996346467322408e-02
5.286942836265526996e-02
5.028385138553184003e-02
5.143049856669097697e-02
5.143049856669097697e-02
5.143049856669097697e-02
5.197009724017771087e-02
5.076162104434817773e-02
5.037940531729526855e-02
5.143049856669097697e-02
5.143049856669097697e-02
5.061547973694530134e-02
5.179023101568199644e-02
5.085717497611140503e-02
5.047495924905829462e-02
5.009274352200538544e-02
5.143049856669097697e-02
4.949131583384844962e-02
5.066606711258454798e-02
5.095272890787483355e-02
5.057051318082172314e-02
5.018829745376880702e-02
4.931707042886861181e-02
5.143049856669097697e-02
4.904165027260967702e-02
5.104828283963785962e-02
5.066606711258495044e-02
5.028385138553184003e-02
4.849080996009179356e-02
4.628744871002187650e-02
5.078410432241066419e-02
5.114383677140128814e-02
5.076162104434817773e-02
5.037940531729526855e-02
4.999718959024215120e-02
4.961497386318924202e-02
4.897420043842380666e-02
4.990163565847932636e-02
5.085717497611140503e-02
5.047495924905829462e-02
5.009274352200538544e-02
4.518576808498711572e-02
4.894047552133097556e-02
4.904165027260967702e-02
4.904165027260967702e-02
5.057051318082172314e-02
4.601202855376373968e-02
4.463492777246923920e-02
4.683828902253975301e-02
4.904165027260967702e-02
4.904165027260967702e-02
5.066606711258495044e-02
4.188072620988144562e-02
4.849080996009179356e-02
4.628744871002187650e-02
4.849080996009259154e-02
4.904165027260967702e-02
5.076162104434817773e-02
5.037940531729526855e-02
4.766454949131617574e-02
4.573660839750420121e-02
4.793996964757471502e-02
4.904165027260967702e-02
4.904165027260967702e-02
5.047495924905829462e-02
4.298240683491640068e-02
4.518576808498711572e-02
4.738912933505683850e-02
4.904165027260967702e-02
4.904165027260967702e-02
4.270698667865786141e-02
4.243156652239932214e-02
4.387049631836321267e-02
4.683828902253975301e-02
4.904165027260967702e-02
4.904165027260967702e-02
4.904165027260967702e-02
4.188072620988144562e-02
4.408408745995136269e-02
4.606261592940259081e-02
4.849080996009259154e-02
4.904165027260967702e-02
3.740655387555533867e-02
3.999213085267817186e-02
4.353324714743427720e-02
4.573660839750420121e-02
4.781631161823412385e-02
4.904165027260967702e-02
3.676015963127423486e-02
3.934573660839786602e-02
4.193131358552069227e-02
4.487100219212006996e-02
4.725422966668510472e-02
3.380360856612923959e-02
3.749086616828682661e-02
3.869934236411675527e-02
4.128491934124038643e-02
4.351076386937219320e-02
