4.624464571820944281e-01
4.284766046496421010e-01
4.343164503155347300e-01
3.868489029853186545e-01
3.524520158257855029e-01
3.254527024817708836e-01
3.275512539646209809e-01
3.092260406107969484e-01
3.038452735179674180e-01
2.815126050420167503e-01
2.669123369192035189e-01
2.611189222770819995e-01
2.550600006539579523e-01
2.399450675211718398e-01
2.337049995095314137e-01
2.344269692312722364e-01
2.252885590033678886e-01
2.179315305888892829e-01
2.097734035248340900e-01
2.053755354281790180e-01
1.990478370336460912e-01
1.990484909917274725e-01
1.978223195893143160e-01
1.850047411960892840e-01
1.874897819049798631e-01
1.864924958310172076e-01
1.799202171140830142e-01
1.689716509171760861e-01
1.656802798940587573e-01
1.670091227152341040e-01
1.691462577248798727e-01
1.632442860412647578e-01
1.588300689925775389e-01
1.537291959585390111e-01
1.538599875747963808e-01
1.531406336853807781e-01
1.535984043422816137e-01
1.516528790504528545e-01
1.496543831540398661e-01
1.482359480757283188e-01
1.489226040610796553e-01
1.466631788902329758e-01
1.419089036392767733e-01
1.393421181702252376e-01
1.434561684596017128e-01
1.420233463035018850e-01
1.459143968871595420e-01
1.365137494686590458e-01
1.348788542654416056e-01
1.361213746198867702e-01
1.366281921328842963e-01
1.356145571068894939e-01
1.339469639996076489e-01
1.267370761534183932e-01
1.261158159761957553e-01
1.278815027956707318e-01
1.301376581761109485e-01
1.268024719615472307e-01
1.233201451786940100e-01
1.240394990681096127e-01
1.222084164405061041e-01
1.226988850014713583e-01
1.233855409868226949e-01
1.230258640421148242e-01
1.219304842559590513e-01
1.229931661380504054e-01
1.222084164405061041e-01
1.217996926397018065e-01
1.220612758722164348e-01
1.179668443252785415e-01
1.199195631560015934e-01
1.222084164405061041e-01
1.136964980544746956e-01
1.168459601739527953e-01
1.157996272438935881e-01
1.162410489487622905e-01
1.192656050747146756e-01
1.091619527188307098e-01
1.104809861687865297e-01
1.119739724683647547e-01
1.129222116862308584e-01
1.157211522741390664e-01
1.169113559820814802e-01
1.089657652944444888e-01
1.084262498773826827e-01
1.111728738187880289e-01
1.115815976195926040e-01
1.077722917960959037e-01
1.081973645489323343e-01
1.087859268220905534e-01
1.081973645489323343e-01
1.074943596115487121e-01
1.036360069319557514e-01
1.077232449399993519e-01
1.079194323643852815e-01
1.065297714416506142e-01
1.062681882091358471e-01
1.060393028806852073e-01
1.041101265408887339e-01
1.034888663636660960e-01
1.071346826668409802e-01
1.062681882091358471e-01
1.062845371611679940e-01
1.055481803616388631e-01
1.037994964522774149e-01
1.022299970571885208e-01
1.059412091684922425e-01
1.061700944969427435e-01
1.063008861132001270e-01
1.053689958473661564e-01
1.033253768433444325e-01
1.018539711604486558e-01
1.059085112644279764e-01
1.028067880848833882e-01
1.055488343197200918e-01
1.052055063270443541e-01
1.035706111238269139e-01
1.013308046954189690e-01
1.002844717653597617e-01
9.881306608246397116e-02
1.055161364156556730e-01
1.054507406075269882e-01
1.036196579799233269e-01
1.017885753523198183e-01
9.974495634829809443e-02
9.804466533695181674e-02
1.053689958473661564e-01
1.054670895595592739e-01
1.039793349246312115e-01
1.020174606807703055e-01
1.001863780531667969e-01
9.842069123369182049e-02
9.670470522839465233e-02
1.050420168067227045e-01
1.040120328286956303e-01
1.023934865775104619e-01
1.005460549978745288e-01
9.840434228165968744e-02
9.673674917437782850e-02
1.001804924304343924e-01
1.047313867181113717e-01
1.014452473596442195e-01
9.949972206781530770e-02
9.887846189059280866e-02
9.724356668737522968e-02
9.487296864271003993e-02
1.050420168067227045e-01
1.023607886734460432e-01
9.997384167674844280e-02
9.935258149952579110e-02
9.719451983127881667e-02
9.539613510773957417e-02
9.333616715168556455e-02
1.024915802897034267e-01
1.001209822450380982e-01
9.776673315240490270e-02
9.768498839224408481e-02
9.572311414838304000e-02
9.382663571265083269e-02
1.025674394271327283e-01
9.974495634829794177e-02
9.801196743288739799e-02
9.817545695320920029e-02
9.621358270934829426e-02
9.425170846548740211e-02
9.279665173462375849e-02
9.694928555079618260e-02
9.732531144753620023e-02
9.608279109309091071e-02
9.670405127031356241e-02
9.474217702645265637e-02
9.278030278259161157e-02
9.284569859072031028e-02
9.784847791256573446e-02
9.640977013373437654e-02
9.719451983127881667e-02
9.523264558741777186e-02
9.327077134355687971e-02
9.282934963868817724e-02
9.278030278259161157e-02
9.576431350750407023e-02
9.425170846548724946e-02
9.572311414838304000e-02
9.376123990452213397e-02
9.235523002975504214e-02
9.278030278259161157e-02
9.278030278259161157e-02
9.278030278259161157e-02
9.278030278259161157e-02
9.382663571265083269e-02
9.255141745414112442e-02
9.278030278259161157e-02
9.278030278259161157e-02
9.569041624431876003e-02
9.278030278259161157e-02
9.278030278259161157e-02
9.278030278259161157e-02
9.278030278259161157e-02
9.278030278259161157e-02
9.278030278259161157e-02
9.278030278259161157e-02
9.147238662001763720e-02
9.300918811104211259e-02
9.209364679724027503e-02
9.278030278259161157e-02
9.278030278259161157e-02
9.278030278259161157e-02
9.121080338750287009e-02
9.225713631756207733e-02
9.232253212569077605e-02
9.140699081188895236e-02
9.278030278259161157e-02
9.278030278259161157e-02
9.094922015498810297e-02
9.199555308504731022e-02
9.255141745414112442e-02
9.163587614033930073e-02
9.072033482653761582e-02
8.980479351273577826e-02
9.068763692247319708e-02
9.173396985253240432e-02
9.278030278259161157e-02
9.186476146878978788e-02
9.094922015498810297e-02
8.682928424287994496e-02
8.803910669326095451e-02
9.147238662001763720e-02
9.212634470130455500e-02
9.209364679724027503e-02
9.117810548343845134e-02
9.026256416963676643e-02
9.016447045744366284e-02
9.121080338750287009e-02
9.225713631756207733e-02
9.196285518098290535e-02
8.643690939410779428e-02
8.659385933361668508e-02
8.669849262662256140e-02
9.026256416963676643e-02
8.852957525422622265e-02
9.237157898178718907e-02
9.163587614033930073e-02
8.668214367459042835e-02
8.964130399241412861e-02
9.068763692247319708e-02
8.902004381519133813e-02
9.278030278259161157e-02
9.186476146878978788e-02
8.650230520223663178e-02
8.663309681849401533e-02
8.676388843475124624e-02
8.689468005100862980e-02
8.673119053068682749e-02
8.633881568191467681e-02
8.646960729817206037e-02
8.660039891442959659e-02
8.673119053068698014e-02
8.215348396167797274e-02
8.208808815354928790e-02
8.516169113559822479e-02
8.643690939410779428e-02
8.656770101036517784e-02
8.669849262662256140e-02
8.212078605761370664e-02
8.607723244939990970e-02
8.078017199097529966e-02
8.550501912827382367e-02
8.653500310630089787e-02
8.666579472255828143e-02
8.234967138606405501e-02
8.143413007226237010e-02
8.051858875846053254e-02
8.565215969656334027e-02
8.650230520223663178e-02
8.663309681849401533e-02
8.257855671451454216e-02
8.166301540071271847e-02
8.074747408691103356e-02
8.579930026485300953e-02
8.286695222836175379e-02
8.372298335676686687e-02
8.280744204296504318e-02
8.189190072916320562e-02
8.097635941536138193e-02
8.588104502501384130e-02
8.208808815354928790e-02
8.395186868521721524e-02
8.303632737141539155e-02
8.212078605761370664e-02
8.120524474381186908e-02
8.078017199097529966e-02
8.182650492103452078e-02
8.462217571853641873e-02
8.092731255926496892e-02
8.234967138606405501e-02
8.143413007226237010e-02
8.051858875846053254e-02
8.156492168851975366e-02
8.297093156328669283e-02
8.051858875846053254e-02
8.257855671451454216e-02
8.166301540071271847e-02
8.074747408691103356e-02
8.130333845600498655e-02
8.051858875846053254e-02
8.138508321616580443e-02
8.280744204296504318e-02
8.189190072916320562e-02
8.051858875846053254e-02
8.104175522349006677e-02
8.051858875846053254e-02
8.051858875846053254e-02
8.051858875846053254e-02
8.051858875846053254e-02
8.120524474381186908e-02
8.078017199097529966e-02
8.051858875846053254e-02
8.051858875846053254e-02
8.051858875846053254e-02
8.051858875846053254e-02
8.143413007226237010e-02
8.051858875846053254e-02
8.051858875846053254e-02
8.051858875846053254e-02
8.051858875846053254e-02
7.764117320079780282e-02
7.790275643331272259e-02
7.996272438936673221e-02
8.051858875846053254e-02
8.051858875846053254e-02
8.051858875846053254e-02
8.051858875846053254e-02
7.581009057319415545e-02
7.894908936337179106e-02
8.051858875846053254e-02
8.051858875846053254e-02
8.051858875846053254e-02
8.051858875846053254e-02
7.973383906091609241e-02
7.885099565117882625e-02
8.051858875846053254e-02
8.051858875846053254e-02
8.051858875846053254e-02
7.110159238792790326e-02
7.424059117810540009e-02
7.737958996828303571e-02
8.051858875846053254e-02
8.051858875846053254e-02
8.051858875846053254e-02
7.345584148056109874e-02
7.764117320079780282e-02
7.659484027073873436e-02
7.996272438936673221e-02
7.997907334139872648e-02
8.051858875846053254e-02
8.051858875846053254e-02
7.659484027073859558e-02
7.581009057319415545e-02
7.894908936337179106e-02
8.051858875846053254e-02
8.051858875846053254e-02
7.136317562044267038e-02
7.554850734067952711e-02
7.502534087564985410e-02
7.816433966582748971e-02
8.033875028610659719e-02
8.051858875846053254e-02
7.031684269038346313e-02
7.110159238792790326e-02
7.424059117810540009e-02
7.737958996828303571e-02
8.051858875846053254e-02
6.508517804008769059e-02
6.927050976032424201e-02
7.031684269038360191e-02
7.345584148056109874e-02
7.659484027073873436e-02
7.973383906091623119e-02
8.051858875846053254e-02
6.639309420266152617e-02
6.953209299283900913e-02
7.267109178301665862e-02
7.581009057319415545e-02
7.894908936337179106e-02
8.015891181375266183e-02
6.560834450511722482e-02
6.874734329529470778e-02
7.188634208547235727e-02
7.502534087564985410e-02
6.089984631985083385e-02
8.033875028610659719e-02
6.482359480757277082e-02
6.796259359775026765e-02
7.110159238792790326e-02
7.424059117810540009e-02
