4.490885083389198340e-01
4.325024884717736384e-01
4.131675706421273353e-01
3.652264001462614540e-01
3.510723789790157756e-01
3.343953521441487275e-01
3.261421577589534437e-01
3.188494119080992895e-01
3.159071241391916973e-01
2.801828264976536920e-01
2.739959778170517612e-01
2.640827188331606457e-01
2.576634773599855155e-01
2.585572957929593851e-01
2.450061957868649165e-01
2.394011416499076950e-01
2.386901497145874906e-01
2.268673695329797846e-01
2.269226237633819587e-01
2.198996485668434919e-01
2.228378735246916986e-01
2.188839458021006046e-01
2.145570520242957024e-01
2.061876612428140132e-01
2.030235439900866246e-01
2.015560566355862615e-01
2.046641070956995712e-01
2.010482052532149011e-01
1.846141345196742334e-01
1.850204156255713384e-01
1.826639852113676465e-01
1.872955898185954260e-01
1.820041846953908138e-01
1.795965628618441390e-01
1.788855709265239347e-01
1.730960651674894046e-01
1.700286428179657028e-01
1.710865988177220354e-01
1.682613200073131698e-01
1.665955674731346703e-01
1.656611209295711928e-01
1.640359965059823288e-01
1.621467893635607505e-01
1.612732849858818929e-01
1.632161212342820023e-01
1.626140126353423088e-01
1.584496312998964485e-01
1.584090031893066464e-01
1.571495317610254738e-01
1.551587543421292792e-01
1.542852499644504216e-01
1.519491336055419084e-01
1.573526723139741235e-01
1.532289190891178987e-01
1.488004550348386024e-01
1.490239096430820698e-01
1.464643386759298949e-01
1.453267515794177678e-01
1.447303309159607143e-01
1.517459930525930645e-01
1.456111483535456608e-01
1.429093789993296504e-01
1.448392142523412252e-01
1.416499075710484779e-01
1.415686513498690402e-01
1.404513783086518974e-01
1.385052918114041409e-01
1.346212444390273710e-01
1.384199727791659007e-01
1.387856257744734256e-01
1.397200723180369031e-01
1.401669815345238101e-01
1.309240863753632633e-01
1.305178052694661306e-01
1.325288967436569487e-01
1.328539216283748381e-01
1.338696243931177532e-01
1.266378207081481910e-01
1.281004326893778467e-01
1.261705974363662719e-01
1.283442013529161041e-01
1.281816889105572566e-01
1.281816889105570900e-01
1.266158815284297301e-01
1.254392914457512498e-01
1.252158368375079767e-01
1.269628455928655253e-01
1.229812907550735107e-01
1.237532248562781406e-01
1.238547951327522018e-01
1.201576370690882745e-01
1.229000345338940869e-01
1.256221179434051094e-01
1.222702988197533203e-01
1.232047453633169781e-01
1.189997359172811492e-01
1.198529262396653833e-01
1.185121985902045927e-01
1.209498852255875279e-01
1.201576370690880941e-01
1.188372234749223016e-01
1.184309423690251689e-01
1.191825624149348006e-01
1.186023929957135681e-01
1.184918845349096084e-01
1.197513559631909613e-01
1.180246612631280501e-01
1.179840331525382480e-01
1.186340829219736381e-01
1.171706583785322581e-01
1.181059174843072934e-01
1.170089584983849545e-01
1.147687244804680429e-01
1.181262315396022777e-01
1.159119995124626296e-01
1.162573384524751424e-01
1.147744124159505025e-01
1.122351555040933258e-01
1.158104292359883880e-01
1.096755845369409843e-01
1.157901151806934037e-01
1.157901151806934037e-01
1.134946269323745122e-01
1.120523290064394939e-01
1.092489893757490477e-01
1.104678326934406124e-01
1.152822637983220433e-01
1.155666605724501167e-01
1.142665610335791421e-01
1.121538992829139020e-01
1.094318158734027130e-01
1.071566416803786254e-01
1.076441790074551819e-01
1.152822637983220433e-01
1.147744124159505025e-01
1.122554695593879631e-01
1.095943283157615605e-01
1.077660633392244077e-01
1.053283767038412921e-01
1.149978670241939560e-01
1.147947264712453064e-01
1.126414366099902781e-01
1.101631218640177212e-01
1.078879476709934532e-01
1.052674345379568527e-01
1.038860787779064543e-01
1.152822637983220433e-01
1.128445771629391081e-01
1.107319154122736876e-01
1.082129725557113287e-01
1.039876490543805015e-01
1.037032522802527890e-01
1.010120462347897652e-01
1.123570398358623712e-01
1.111585105734658047e-01
1.088020801592621267e-01
1.040079631096754997e-01
1.030125744002274024e-01
1.013265078107542932e-01
1.132914863794258487e-01
1.057752859203282270e-01
1.089849066569159586e-01
1.043533020496880126e-01
1.029719462896377807e-01
1.015905905295873823e-01
1.005748877648444672e-01
1.005545737095496633e-01
1.093708737075182735e-01
1.044345582708674364e-01
1.033172852296504740e-01
1.019359294695998952e-01
1.005545737095496633e-01
1.005545737095496633e-01
1.040282771649704979e-01
1.050439799297133991e-01
1.033782273955350939e-01
1.006561439860239049e-01
9.986389582952445720e-02
1.005545737095496633e-01
1.024356552298534284e-01
1.049424096532391576e-01
1.033985414508297174e-01
9.941698661303771667e-02
1.004326893777804375e-01
9.523229122229669164e-02
9.604485343409094322e-02
9.689804375647517731e-02
1.003717472118958176e-01
9.968106933187079188e-02
9.622767993174477508e-02
9.472443983992515082e-02
9.567920043878361258e-02
9.665427509293671171e-02
9.762934974708999125e-02
9.460336807036782980e-02
1.003108050460112116e-01
9.446035712109206173e-02
9.527291933288649373e-02
9.641050642939844040e-02
9.446035712109206173e-02
9.470412578463033304e-02
9.446035712109206173e-02
9.504946472464302631e-02
9.506977877993764980e-02
9.616673776586016908e-02
9.446035712109206173e-02
9.446035712109206173e-02
9.446035712109206173e-02
9.478538200580975681e-02
9.486663822698918058e-02
9.446035712109206173e-02
9.446035712109206173e-02
9.446035712109206173e-02
9.446035712109206173e-02
9.446035712109206173e-02
9.441972901050225964e-02
9.547605988583496295e-02
9.409470412578455067e-02
9.446035712109206173e-02
9.446035712109206173e-02
9.446035712109206173e-02
9.446035712109206173e-02
9.429784467873321419e-02
9.413533223637435277e-02
9.186015804335027901e-02
9.446035712109206173e-02
9.242895159160624541e-02
9.405407601519492899e-02
9.433847278932283587e-02
9.417596034696397445e-02
9.123042232920949846e-02
8.978812440327466060e-02
9.202267048570894614e-02
9.364779490929781014e-02
9.437910089991263796e-02
9.421658845755377654e-02
9.405407601519492899e-02
8.942247140796716343e-02
9.161638937981181341e-02
9.324151380340049700e-02
9.405407601519492899e-02
9.425721656814339822e-02
9.409470412578455067e-02
8.905681841265965237e-02
9.051943039388948842e-02
9.283523269750337814e-02
9.446035712109206173e-02
8.682227233022538071e-02
8.722855343612249956e-02
8.869116541735233561e-02
9.015377739858217165e-02
9.242895159160624541e-02
8.391736242306052640e-02
9.344465435634914663e-02
8.624860340869849873e-02
8.832551242204482456e-02
8.633473500314864379e-02
8.775671887378867775e-02
8.430332947366284135e-02
9.347715684482095500e-02
8.649724744550767175e-02
8.795985942673732738e-02
8.942247140796716343e-02
9.088508338919698559e-02
9.021471956446677765e-02
9.344465435634914663e-02
8.653787555609729343e-02
8.759420643142983021e-02
8.856928108558310975e-02
8.483149491132900566e-02
8.913807463383925656e-02
8.328762670891992625e-02
8.491275113250860984e-02
8.653787555609729343e-02
8.869116541735233561e-02
8.365327970422743731e-02
8.349076726186858977e-02
8.332825481950974222e-02
8.450647002661149099e-02
8.686290044081500239e-02
8.832551242204482456e-02
8.369390781481705899e-02
8.353139537245821145e-02
8.336888293009936390e-02
8.410018892071417784e-02
8.572531334430304184e-02
8.735043776789154502e-02
8.373453592540686108e-02
8.357202348304801354e-02
8.340951104068916599e-02
8.369390781481705899e-02
8.531903223840574257e-02
8.328762670891992625e-02
8.328762670891992625e-02
8.361265159363763522e-02
8.345013915127878767e-02
8.328762670891992625e-02
8.491275113250860984e-02
8.328762670891992625e-02
8.328762670891992625e-02
8.328762670891992625e-02
8.349076726186858977e-02
8.332825481950974222e-02
8.328762670891992625e-02
8.328762670891992625e-02
8.328762670891992625e-02
8.369390781481705899e-02
8.328762670891992625e-02
8.194689905945932995e-02
8.410018892071417784e-02
8.328762670891992625e-02
8.328762670891992625e-02
8.328762670891992625e-02
8.328762670891992625e-02
8.340951104068916599e-02
8.369390781481705899e-02
8.328762670891992625e-02
8.328762670891992625e-02
8.328762670891992625e-02
8.328762670891992625e-02
8.328762670891992625e-02
8.328762670891992625e-02
8.328762670891992625e-02
8.328762670891992625e-02
8.328762670891992625e-02
8.328762670891992625e-02
8.328762670891992625e-02
8.261726288418971831e-02
8.328762670891992625e-02
8.328762670891992625e-02
8.328762670891992625e-02
8.227192394417702503e-02
7.926544376053794305e-02
8.194689905945932995e-02
8.328762670891992625e-02
8.328762670891992625e-02
8.328762670891992625e-02
7.668555873809096424e-02
8.328762670891992625e-02
8.328762670891992625e-02
8.328762670891992625e-02
8.328762670891992625e-02
8.328762670891992625e-02
7.475572348507938947e-02
7.759969122635945737e-02
8.044365896763987223e-02
8.328762670891992625e-02
8.328762670891992625e-02
8.328762670891992625e-02
7.892010482052543019e-02
7.688869929103943346e-02
7.973266703231968178e-02
8.257663477359991622e-02
8.308448615597127662e-02
8.328762670891992625e-02
7.780283177930792660e-02
7.617770735571942342e-02
7.902167509699965786e-02
8.186564283827990618e-02
8.328762670891992625e-02
8.186564283827972577e-02
7.668555873809078383e-02
7.546671542039941338e-02
7.831068316167946741e-02
8.115465090295988226e-02
8.328762670891992625e-02
8.328762670891992625e-02
8.328762670891992625e-02
7.475572348507938947e-02
7.759969122635945737e-02
8.044365896763987223e-02
8.328762670891992625e-02
8.267820505007415777e-02
7.120076380847914499e-02
7.404473154975937943e-02
7.688869929103943346e-02
7.973266703231968178e-02
8.257663477359991622e-02
8.219066772299760126e-02
7.048977187315912107e-02
7.333373961443918898e-02
7.617770735571942342e-02
7.902167509699965786e-02
8.186564283827990618e-02
8.255632071830511232e-02
6.977877993783893062e-02
7.262274767911916507e-02
7.546671542039941338e-02
7.831068316167946741e-02
7.993580758526833141e-02
6.626444837182829395e-02
6.906778800251892059e-02
7.191175574379915503e-02
7.475572348507938947e-02
7.759969122635945737e-02
