4.911463187325256219e-01
4.166635601118357513e-01
3.985709847778813875e-01
3.487107797452626001e-01
2.960546753650203367e-01
3.047530288909598983e-01
2.799005902454178019e-01
2.673190431811120482e-01
2.516309412861137407e-01
2.477477477477477985e-01
2.339235787511649012e-01
2.242932587760173846e-01
2.165268716992855835e-01
2.089406648027337665e-01
2.106244175209693037e-01
1.882572227399813281e-01
1.966449207828517842e-01
1.828207517862689702e-01
1.960236098167133512e-01
1.738863000931965552e-01
1.792482137309724666e-01
1.678285181733456533e-01
1.736564150357254865e-01
1.624728176452315820e-01
1.593662628145387783e-01
1.543957750854302313e-01
1.553277415346381030e-01
1.450761105933520423e-01
1.515998757378068662e-01
1.432121776949362990e-01
1.506679092885989946e-01
1.371543957750854248e-01
1.388630009319665459e-01
1.304753028890960898e-01
1.323392357875116943e-01
1.245728487107795879e-01
1.323392357875116943e-01
1.223982603292947530e-01
1.237278657968300249e-01
1.154582168375269530e-01
1.220876048462256475e-01
1.115253184218701482e-01
1.205343274308792456e-01
1.076421248835040811e-01
1.189810500155328438e-01
1.045355700528114995e-01
9.319664492078275075e-02
1.040695868282075637e-01
9.319664492078275075e-02
9.961478720099394002e-02
9.319664492078275075e-02
9.474992233612915260e-02
9.319664492078275075e-02
9.770114942528723700e-02
9.257533395464420667e-02
9.133271202236713238e-02
8.698353525939724051e-02
9.133271202236713238e-02
8.698353525939724051e-02
8.480894687791230846e-02
8.698353525939724051e-02
8.325566946256601764e-02
8.698353525939724051e-02
8.325566946256601764e-02
7.890649269959612577e-02
7.766387076731905148e-02
7.642124883504197719e-02
7.766387076731905148e-02
7.642124883504197719e-02
7.256290773532139693e-02
7.642124883504197719e-02
7.129543336439883583e-02
7.642124883504197719e-02
7.020813917365635592e-02
6.803355079217140999e-02
6.958682820751771470e-02
6.648027337682511917e-02
7.082945013979501103e-02
6.648027337682511917e-02
6.834420627524062652e-02
5.809257533395456585e-02
6.710158434296377428e-02
5.809257533395456585e-02
6.533706119913020027e-02
5.809257533395456585e-02
6.337371854613231548e-02
5.809257533395456585e-02
6.182044113078591363e-02
5.809257533395456585e-02
6.197576887232052190e-02
5.809257533395456585e-02
5.949052500776636637e-02
5.809257533395456585e-02
5.778191985088535626e-02
5.716060888474681217e-02
5.762659210935063697e-02
5.716060888474681217e-02
5.747126436781613973e-02
5.747126436781613973e-02
5.747126436781602871e-02
5.716060888474681217e-02
5.560733146940029931e-02
5.716060888474681217e-02
5.560733146940029931e-02
5.716060888474681217e-02
5.716060888474681217e-02
5.716060888474681217e-02
5.514134824479648145e-02
5.716060888474681217e-02
5.483069276172726492e-02
5.343274308791536031e-02
5.498602050326176216e-02
5.716060888474681217e-02
5.467536502019254563e-02
5.343274308791536031e-02
5.467536502019254563e-02
5.716060888474681217e-02
5.436470953712311399e-02
5.219012115563827908e-02
5.467536502019254563e-02
5.219012115563827908e-02
5.265610438024210388e-02
5.591798695246973788e-02
5.219012115563827908e-02
5.219012115563827908e-02
5.234544889717310939e-02
5.219012115563827908e-02
5.250077663870738459e-02
5.219012115563827908e-02
5.156881018949985296e-02
5.219012115563827908e-02
5.048151599875737999e-02
5.219012115563827908e-02
5.094749922336109377e-02
5.219012115563827908e-02
5.094749922336109377e-02
5.219012115563827908e-02
5.032618825722266070e-02
5.219012115563827908e-02
5.032618825722266070e-02
5.219012115563827908e-02
4.970487729108423458e-02
5.219012115563827908e-02
4.970487729108423458e-02
5.219012115563827908e-02
4.970487729108423458e-02
5.094749922336120479e-02
4.970487729108423458e-02
5.219012115563827908e-02
4.970487729108423458e-02
4.721963342652985701e-02
4.908356632494558641e-02
5.094749922336120479e-02
4.908356632494558641e-02
4.721963342652985701e-02
4.970487729108423458e-02
4.721963342652985701e-02
4.908356632494558641e-02
4.846225535880693824e-02
4.908356632494558641e-02
4.721963342652985701e-02
4.908356632494558641e-02
4.721963342652985701e-02
4.721963342652985701e-02
4.721963342652985701e-02
4.582168375271828548e-02
4.721963342652985701e-02
4.224914569742132392e-02
4.721963342652985701e-02
4.721963342652985701e-02
4.721963342652985701e-02
4.721963342652985701e-02
4.721963342652985701e-02
4.287045666355997209e-02
4.721963342652985701e-02
4.473438956197570149e-02
4.721963342652985701e-02
4.721963342652985701e-02
4.721963342652985701e-02
4.224914569742132392e-02
4.721963342652985701e-02
4.287045666355997209e-02
4.721963342652985701e-02
4.224914569742132392e-02
4.721963342652985701e-02
4.287045666355997209e-02
4.721963342652985701e-02
4.240447343895626525e-02
4.721963342652985701e-02
4.224914569742132392e-02
4.721963342652985701e-02
4.224914569742132392e-02
3.727865796831301287e-02
4.224914569742132392e-02
3.727865796831301287e-02
4.224914569742132392e-02
3.727865796831301287e-02
4.224914569742132392e-02
3.727865796831301287e-02
4.224914569742132392e-02
3.727865796831301287e-02
4.224914569742132392e-02
3.727865796831301287e-02
4.162783473128289780e-02
3.727865796831301287e-02
4.224914569742132392e-02
3.727865796831301287e-02
4.162783473128289780e-02
3.727865796831301287e-02
4.162783473128289780e-02
3.727865796831301287e-02
4.224914569742132392e-02
3.727865796831301287e-02
4.162783473128289780e-02
3.727865796831301287e-02
4.224914569742132392e-02
3.727865796831301287e-02
4.162783473128289780e-02
3.727865796831301287e-02
3.727865796831301287e-02
3.727865796831301287e-02
3.727865796831301287e-02
3.727865796831301287e-02
3.852127990059030921e-02
3.727865796831301287e-02
3.727865796831301287e-02
3.727865796831301287e-02
3.727865796831301287e-02
3.727865796831301287e-02
3.919229574401970895e-02
3.727865796831301287e-02
3.727865796831301287e-02
3.727865796831301287e-02
3.324013668841244856e-02
3.727865796831301287e-02
3.727865796831301287e-02
3.727865796831301287e-02
3.727865796831301287e-02
3.727865796831301287e-02
3.727865796831301287e-02
3.727865796831301287e-02
3.510406958682806694e-02
3.727865796831301287e-02
3.261882572227402244e-02
3.727865796831301287e-02
3.510406958682806694e-02
3.727865796831301287e-02
3.324013668841244856e-02
3.727865796831301287e-02
3.324013668841244856e-02
3.727865796831301287e-02
3.261882572227402244e-02
3.727865796831301287e-02
3.324013668841244856e-02
3.727865796831301287e-02
3.324013668841244856e-02
3.727865796831301287e-02
3.324013668841244856e-02
3.727865796831301287e-02
3.261882572227402244e-02
3.727865796831301287e-02
3.261882572227402244e-02
3.727865796831301287e-02
3.324013668841244856e-02
3.727865796831301287e-02
3.261882572227402244e-02
2.920161540851189119e-02
3.261882572227402244e-02
2.920161540851189119e-02
3.261882572227402244e-02
3.603603603603593164e-02
3.261882572227402244e-02
2.795899347623481343e-02
3.261882572227402244e-02
2.795899347623481343e-02
3.261882572227402244e-02
2.795899347623481343e-02
3.261882572227402244e-02
2.795899347623481343e-02
3.261882572227402244e-02
2.920161540851189119e-02
3.013358185771975589e-02
2.795899347623481343e-02
3.013358185771975589e-02
2.795899347623481343e-02
3.013358185771975589e-02
2.795899347623481343e-02
2.858030444237346160e-02
2.795899347623481343e-02
3.147561354457888150e-02
2.795899347623481343e-02
2.951227089158110772e-02
2.795899347623481343e-02
2.951227089158110772e-02
2.795899347623481343e-02
3.261882572227402244e-02
2.795899347623481343e-02
3.199751475613537427e-02
2.795899347623481343e-02
2.803355079217137794e-02
2.795899347623481343e-02
2.795899347623481343e-02
2.795899347623481343e-02
2.795899347623481343e-02
2.795899347623481343e-02
2.842497670083874578e-02
2.795899347623481343e-02
2.795899347623481343e-02
2.795899347623481343e-02
2.795899347623481343e-02
2.795899347623481343e-02
2.795899347623481343e-02
2.795899347623481343e-02
2.795899347623481343e-02
2.795899347623481343e-02
2.795899347623481343e-02
2.795899347623481343e-02
2.795899347623481343e-02
2.795899347623481343e-02
2.795899347623481343e-02
2.795899347623481343e-02
2.795899347623481343e-02
2.795899347623481343e-02
2.795899347623481343e-02
2.795899347623481343e-02
2.795899347623481343e-02
2.795899347623481343e-02
2.795899347623481343e-02
2.795899347623481343e-02
2.795899347623481343e-02
2.795899347623481343e-02
2.795899347623481343e-02
2.795899347623481343e-02
2.795899347623481343e-02
2.795899347623481343e-02
2.795899347623481343e-02
2.795899347623481343e-02
2.795899347623481343e-02
2.795899347623481343e-02
2.795899347623481343e-02
2.795899347623481343e-02
2.795899347623481343e-02
2.795899347623481343e-02
2.656104380242323842e-02
2.795899347623481343e-02
2.795899347623481343e-02
2.795899347623481343e-02
2.795899347623481343e-02
2.795899347623481343e-02
2.795899347623481343e-02
2.795899347623481343e-02
2.656104380242323842e-02
2.795899347623481343e-02
2.795899347623481343e-02
2.795899347623481343e-02
2.593973283628459026e-02
2.795899347623481343e-02
2.547374961168065791e-02
2.795899347623481343e-02
2.407579993786908290e-02
2.795899347623481343e-02
2.656104380242323842e-02
2.795899347623481343e-02
2.345448897173043126e-02
2.795899347623481343e-02
2.345448897173043126e-02
2.795899347623481343e-02
2.352904628766688475e-02
2.795899347623481343e-02
2.593973283628459026e-02
2.795899347623481343e-02
2.345448897173043126e-02
2.795899347623481343e-02
2.345448897173043126e-02
2.298850574712639136e-02
2.345448897173043126e-02
2.298850574712639136e-02
2.593973283628459026e-02
2.298850574712639136e-02
2.345448897173043126e-02
2.795899347623481343e-02
2.593973283628459026e-02
2.298850574712639136e-02
2.345448897173043126e-02
2.298850574712639136e-02
2.345448897173043126e-02
2.795899347623481343e-02
2.345448897173043126e-02
1.959614787200941038e-02
2.345448897173043126e-02
2.795899347623481343e-02
2.345448897173043126e-02
2.392047219633436361e-02
2.345448897173043126e-02
2.298850574712639136e-02
