4.293686780606906783e-01
3.585629577956050418e-01
3.662364841297523488e-01
3.079874433205438966e-01
3.093826299267526947e-01
2.741820718521098543e-01
2.615974886641087016e-01
2.473247296825950847e-01
2.427624694802928695e-01
2.296825950470873234e-01
2.197418904778514204e-01
2.143355423787932645e-01
2.071852110219742082e-01
2.000348796651551797e-01
1.991628880362748821e-01
1.883501918381584039e-01
1.838158353679804347e-01
1.738751307987443095e-01
1.750959190791768205e-01
1.684687826996861260e-01
1.621904429717475338e-01
1.576560865015696755e-01
1.600976630624345864e-01
1.491384722706660670e-01
1.548657132891523291e-01
1.471921869550052997e-01
1.320125566794519145e-01
1.371607952563654587e-01
1.276595744680850963e-01
1.318451342867107690e-01
1.259155912103243624e-01
1.278339727938611337e-01
1.252179979072200744e-01
1.262643878618765481e-01
1.238228113010115261e-01
1.203348447854899056e-01
1.238228113010115261e-01
1.173700732472967578e-01
1.238228113010115261e-01
1.149284966864317359e-01
1.109173351935821283e-01
1.140565050575514244e-01
1.109173351935821283e-01
1.099825601674221942e-01
1.088245552842693059e-01
1.061178932682246417e-01
1.070805720265085442e-01
1.021974189047785003e-01
1.070805720265085442e-01
1.011510289501220267e-01
1.070805720265085442e-01
1.006278339727939147e-01
1.049877921171955969e-01
9.818625741192875400e-02
1.028950122078827745e-01
9.801185908615271669e-02
1.028950122078827745e-01
9.856295779560506065e-02
1.028950122078827745e-01
9.190791768399016182e-02
1.028950122078827745e-01
9.155912103243808720e-02
1.028950122078827745e-01
9.004534356470170198e-02
9.557028252528781964e-02
9.068712940355777574e-02
8.301360306941062139e-02
8.754795953958834087e-02
8.301360306941062139e-02
8.562957795605155575e-02
8.301360306941062139e-02
8.580397628182771796e-02
8.022322985699338604e-02
8.528078130449948113e-02
7.708405999302408995e-02
8.004883153121734873e-02
7.708405999302408995e-02
8.161841646320194821e-02
7.708405999302408995e-02
8.057202650854558557e-02
7.708405999302408995e-02
7.935123822811294969e-02
7.708405999302408995e-02
7.935123822811294969e-02
7.708405999302408995e-02
7.524938960585975112e-02
7.708405999302408995e-02
7.342169515172655703e-02
7.708405999302408995e-02
7.446808510638303069e-02
7.568887338681541677e-02
7.324729682595051972e-02
7.568887338681541677e-02
7.277990931287049714e-02
7.708405999302408995e-02
7.237530519707008336e-02
7.568887338681541677e-02
7.185211021974197143e-02
6.801534705266826242e-02
7.132891524241373460e-02
6.801534705266826242e-02
7.185211021974184653e-02
6.801534705266826242e-02
6.993372863620517244e-02
6.801534705266826242e-02
7.115451691663757239e-02
6.801534705266826242e-02
7.098011859086153508e-02
6.801534705266826242e-02
6.818974537844429973e-02
6.801534705266826242e-02
6.801534705266826242e-02
6.801534705266826242e-02
6.679455877223575144e-02
6.801534705266826242e-02
6.609696546913147730e-02
6.662016044645971413e-02
6.679455877223575144e-02
6.662016044645971413e-02
6.609696546913147730e-02
6.662016044645971413e-02
6.382978723404249266e-02
6.696895709801178875e-02
6.557377049180324047e-02
6.557377049180324047e-02
6.470177886292292901e-02
6.557377049180324047e-02
6.557377049180324047e-02
6.557377049180324047e-02
6.295779560516218121e-02
6.557377049180324047e-02
6.365538890826645535e-02
6.557377049180324047e-02
6.138821067317758867e-02
6.557377049180324047e-02
6.295779560516218121e-02
6.557377049180324047e-02
6.208580397628186281e-02
6.557377049180324047e-02
6.086501569584922694e-02
6.557377049180324047e-02
6.138821067317746377e-02
6.557377049180324047e-02
6.086501569584935184e-02
6.000697593302997679e-02
6.086501569584922694e-02
6.278339727938614390e-02
6.034182071852111501e-02
5.615626089989533831e-02
6.086501569584922694e-02
5.615626089989533831e-02
6.016742239274507770e-02
5.615626089989533831e-02
5.946982908964067865e-02
6.278339727938614390e-02
5.813044994768046259e-02
5.615626089989533831e-02
5.877223578653652247e-02
5.615626089989533831e-02
5.946982908964067865e-02
5.615626089989533831e-02
5.807464248343212343e-02
5.615626089989533831e-02
5.740495291245208132e-02
5.615626089989533831e-02
5.755144750610388660e-02
5.615626089989533831e-02
5.615626089989533831e-02
5.615626089989533831e-02
5.615626089989533831e-02
5.615626089989533831e-02
5.144750610394132478e-02
5.615626089989533831e-02
5.144750610394132478e-02
5.615626089989533831e-02
5.217300313916983096e-02
5.615626089989533831e-02
5.528426927101490196e-02
5.615626089989533831e-02
5.284269271014987307e-02
5.615626089989533831e-02
4.952912452040453967e-02
5.615626089989533831e-02
5.074991280083705064e-02
5.615626089989533831e-02
5.092431112661308795e-02
5.615626089989533831e-02
4.952912452040453967e-02
4.290198814091373408e-02
5.074991280083705064e-02
5.615626089989533831e-02
4.813393791419598444e-02
4.290198814091373408e-02
4.813393791419598444e-02
5.336588768747823480e-02
4.813393791419598444e-02
5.336588768747823480e-02
4.813393791419598444e-02
4.011161492849663751e-02
4.813393791419598444e-02
4.011161492849663751e-02
4.813393791419598444e-02
4.011161492849663751e-02
4.813393791419598444e-02
4.011161492849663751e-02
4.761074293686774761e-02
4.011161492849663751e-02
4.761074293686774761e-02
4.011161492849663751e-02
4.761074293686774761e-02
4.011161492849663751e-02
4.743634461109171030e-02
4.011161492849663751e-02
4.795953958841994713e-02
4.011161492849663751e-02
4.656435298221139885e-02
4.011161492849663751e-02
4.098360655737694896e-02
4.011161492849663751e-02
4.098360655737694896e-02
4.011161492849663751e-02
4.656435298221139885e-02
4.011161492849663751e-02
4.098360655737694896e-02
4.011161492849663751e-02
4.621555633065932422e-02
4.011161492849663751e-02
4.011161492849663751e-02
4.011161492849663751e-02
4.011161492849663751e-02
4.011161492849663751e-02
4.011161492849663751e-02
4.011161492849663751e-02
4.011161492849663751e-02
4.011161492849663751e-02
4.011161492849663751e-02
4.011161492849663751e-02
4.011161492849663751e-02
4.011161492849663751e-02
4.011161492849663751e-02
4.011161492849663751e-02
4.011161492849663751e-02
4.011161492849663751e-02
4.011161492849663751e-02
4.011161492849663751e-02
4.011161492849663751e-02
4.011161492849663751e-02
3.958841995116839374e-02
4.011161492849663751e-02
4.011161492849663751e-02
4.011161492849663751e-02
3.993721660272059326e-02
4.011161492849663751e-02
3.958841995116839374e-02
4.011161492849663751e-02
3.958841995116839374e-02
4.011161492849663751e-02
3.941402162539235643e-02
4.011161492849663751e-02
3.941402162539235643e-02
4.011161492849663751e-02
3.941402162539235643e-02
4.011161492849663751e-02
3.993721660272059326e-02
3.976281827694455595e-02
3.941402162539235643e-02
4.011161492849663751e-02
3.941402162539235643e-02
3.906522497384015691e-02
3.941402162539235643e-02
3.871642832228808229e-02
3.941402162539235643e-02
3.976281827694455595e-02
3.941402162539235643e-02
3.871642832228808229e-02
3.941402162539235643e-02
3.906522497384015691e-02
3.941402162539235643e-02
3.906522497384015691e-02
3.941402162539235643e-02
3.871642832228808229e-02
3.923962329961631912e-02
3.871642832228808229e-02
3.923962329961631912e-02
3.871642832228808229e-02
3.941402162539235643e-02
3.871642832228808229e-02
3.941402162539235643e-02
3.871642832228808229e-02
3.923962329961631912e-02
3.871642832228808229e-02
3.906522497384028181e-02
3.871642832228808229e-02
3.923962329961631912e-02
3.871642832228808229e-02
3.871642832228808229e-02
3.871642832228808229e-02
3.906522497384028181e-02
3.871642832228808229e-02
3.871642832228808229e-02
3.871642832228808229e-02
3.871642832228808229e-02
3.871642832228808229e-02
3.871642832228808229e-02
3.871642832228808229e-02
3.871642832228808229e-02
3.871642832228808229e-02
3.871642832228808229e-02
3.871642832228808229e-02
3.906522497384028181e-02
3.871642832228808229e-02
3.871642832228808229e-02
3.871642832228808229e-02
3.871642832228808229e-02
3.871642832228808229e-02
3.871642832228808229e-02
3.871642832228808229e-02
3.871642832228808229e-02
3.871642832228808229e-02
3.871642832228808229e-02
3.871642832228808229e-02
3.871642832228808229e-02
3.871642832228808229e-02
3.871642832228808229e-02
3.871642832228808229e-02
3.871642832228808229e-02
3.871642832228808229e-02
3.871642832228808229e-02
3.871642832228808229e-02
3.871642832228808229e-02
3.871642832228808229e-02
3.871642832228808229e-02
3.871642832228808229e-02
3.871642832228808229e-02
3.871642832228808229e-02
3.871642832228808229e-02
3.871642832228808229e-02
3.871642832228808229e-02
3.871642832228808229e-02
3.854202999651204498e-02
3.871642832228808229e-02
3.871642832228808229e-02
3.871642832228808229e-02
3.871642832228808229e-02
3.871642832228808229e-02
3.871642832228808229e-02
3.871642832228808229e-02
3.871642832228808229e-02
3.871642832228808229e-02
3.871642832228808229e-02
3.871642832228808229e-02
3.854202999651192008e-02
3.871642832228808229e-02
3.819323334495997035e-02
3.871642832228808229e-02
3.836763167073600767e-02
3.871642832228808229e-02
3.836763167073600767e-02
3.871642832228808229e-02
3.819323334495997035e-02
3.871642832228808229e-02
3.854202999651192008e-02
3.871642832228808229e-02
3.819323334495997035e-02
3.871642832228808229e-02
3.836763167073600767e-02
3.871642832228808229e-02
3.836763167073588277e-02
3.871642832228808229e-02
3.819323334495997035e-02
3.871642832228808229e-02
3.819323334495997035e-02
3.871642832228808229e-02
3.819323334495997035e-02
3.871642832228808229e-02
3.819323334495997035e-02
3.871642832228808229e-02
3.819323334495997035e-02
3.801883501918380814e-02
3.819323334495997035e-02
3.801883501918380814e-02
3.819323334495997035e-02
3.871642832228808229e-02
3.819323334495997035e-02
3.801883501918380814e-02
3.819323334495997035e-02
3.836763167073600767e-02
3.819323334495997035e-02
3.871642832228808229e-02
3.819323334495997035e-02
3.836763167073600767e-02
3.819323334495997035e-02
3.801883501918380814e-02
3.819323334495997035e-02
3.871642832228808229e-02
