4.861885404212268336e-01
4.538434654649131095e-01
4.587142462981698698e-01
4.243296238388667430e-01
3.767975719672584378e-01
3.545133817713600477e-01
3.466384622459303122e-01
3.407567368711487132e-01
3.383978662742572752e-01
3.027131426469237274e-01
2.828584567276741790e-01
2.705601030074497038e-01
2.669577853398324985e-01
2.633613538121953868e-01
2.649498758392349052e-01
2.348018026303688999e-01
2.260645635979030843e-01
2.304791685827279057e-01
2.235261657316287010e-01
2.187120389956772881e-01
2.165915570679665669e-01
2.101535914650970449e-01
2.045617584843189563e-01
1.965234985744505614e-01
1.956405775774855416e-01
1.931205738986480624e-01
1.981053986940126965e-01
1.883748735399611851e-01
1.725190839694656642e-01
1.735675526533615454e-01
1.730157270302584149e-01
1.660995125540330186e-01
1.735675526533615454e-01
1.665777614273889207e-01
1.669301940586773447e-01
1.640025751862410619e-01
1.582819828934056983e-01
1.518719764554400664e-01
1.590913271406236562e-01
1.607468040099328532e-01
1.551917594040281845e-01
1.557987675894416668e-01
1.497102915478709384e-01
1.473926239308377684e-01
1.431273797479994947e-01
1.496735031729971577e-01
1.531316104111100085e-01
1.492320426745148976e-01
1.420399153867377695e-01
1.401666513381769896e-01
1.378394187436770002e-01
1.360250160949139364e-01
1.476317483675160247e-01
1.446702841901957859e-01
1.408810815782213233e-01
1.344615101627885390e-01
1.334498298537662719e-01
1.319782948588246740e-01
1.287777062448266230e-01
1.427572886967719001e-01
1.382455624022806140e-01
1.356571323461787382e-01
1.276556608111836522e-01
1.275820840614367568e-01
1.270670468132071018e-01
1.265336153775407091e-01
1.275636898739998526e-01
1.241173549158465506e-01
1.268279223765289843e-01
1.247861675710476986e-01
1.266807688770348328e-01
1.264600386277936195e-01
1.193782764646371813e-01
1.154419203531684285e-01
1.202428032741653247e-01
1.200036788374873736e-01
1.190103927159018304e-01
1.127526901499125295e-01
1.133081946105030241e-01
1.146509702933872082e-01
1.151292191667432629e-01
1.116048928538580787e-01
1.135289248597442374e-01
1.100708176216315393e-01
1.084889175020694180e-01
1.115055642416995230e-01
1.122045433642967910e-01
1.072381127563688669e-01
1.111744688678376197e-01
1.069070173825072828e-01
1.083601581900118377e-01
1.091695024372297818e-01
1.078635151292192257e-01
1.053140807504826942e-01
1.065391336337717654e-01
1.069805941322543585e-01
1.030074496459119915e-01
1.053435114503815662e-01
1.067598638830129787e-01
1.046813207026580789e-01
1.049940218890830917e-01
1.024556240228088749e-01
1.032281798951532048e-01
1.031362089579694052e-01
1.023820472730617992e-01
1.017198565253381454e-01
1.020877402740735101e-01
1.024924123976824891e-01
1.011496367147981384e-01
1.015543088384071174e-01
1.021429228363836955e-01
1.016278855881541932e-01
1.032097857077163144e-01
9.914467028419031436e-02
1.009105122781200348e-01
1.005426285293846700e-01
9.914467028419031436e-02
1.005978110916950219e-01
9.688218522946748235e-02
9.815138416260459076e-02
9.798583647567372934e-02
1.007081762163157118e-01
9.945737147061532724e-02
9.105122781201142879e-02
9.289064655568839146e-02
9.336889542904443229e-02
9.730525154051318515e-02
1.002483215303963809e-01
9.949415984548894143e-02
8.843925319598996970e-02
8.981881725374776804e-02
9.289064655568839146e-02
9.489561298629621555e-02
9.224684999540147534e-02
9.908948772187996246e-02
8.678377632668077268e-02
8.700450657592198600e-02
8.998436494067864333e-02
8.832888807136944631e-02
8.998436494067864333e-02
8.371194702474016314e-02
8.304975627701650931e-02
8.617676814126730422e-02
8.671019957693369695e-02
8.912646003862768895e-02
7.607835923848059456e-02
8.369355283730342543e-02
8.354639933780928784e-02
8.590085532971590554e-02
8.619516232870419459e-02
8.678377632668077268e-02
8.737239032465751731e-02
8.369355283730342543e-02
8.303136208957961895e-02
8.279223765290168180e-02
8.330727490113118416e-02
8.636071001563506988e-02
7.732916398418081261e-02
7.453324749379192093e-02
7.493791961740089991e-02
8.067690609767315391e-02
7.670376161133095338e-02
7.802814310677824716e-02
7.640945461234249780e-02
7.434930561942416916e-02
8.170698059413232517e-02
7.357674974707982540e-02
7.641534075232227219e-02
7.843281523038722614e-02
7.681412673595131024e-02
7.548974524050403034e-02
7.357674974707982540e-02
7.357674974707982540e-02
7.357674974707982540e-02
7.206842637726477985e-02
7.357674974707982540e-02
7.486434286765383805e-02
7.383426837119466679e-02
7.357674974707982540e-02
7.206842637726477985e-02
7.151660075416164941e-02
7.210521475213822751e-02
7.512186149176866556e-02
7.335601949783844555e-02
7.276740549986188134e-02
7.357674974707982540e-02
7.136944725466751183e-02
7.195806125264408992e-02
7.048652625770249203e-02
7.324565437321792216e-02
7.032097857077161673e-02
7.357674974707982540e-02
7.122229375517337424e-02
7.181090775314993846e-02
7.004506575922005152e-02
7.100156350593199439e-02
6.989791225972591393e-02
6.886783776326674267e-02
7.107514025567922278e-02
7.166375425365580087e-02
6.989791225972591393e-02
6.989791225972591393e-02
7.030258438333489290e-02
6.912535638738157018e-02
6.809528189092256545e-02
7.151660075416164941e-02
6.989791225972591393e-02
7.092798675618491866e-02
6.989791225972591393e-02
6.938287501149641157e-02
6.835280051503724030e-02
6.989791225972591393e-02
6.989791225972591393e-02
6.989791225972591393e-02
6.901499126276104679e-02
6.964039363561107254e-02
6.799227444127647901e-02
6.989791225972591393e-02
6.949324013611693496e-02
6.625586314724561665e-02
6.989791225972591393e-02
6.989791225972591393e-02
6.886783776326674267e-02
6.666053527085442909e-02
6.989791225972591393e-02
6.677090039547511902e-02
6.235629541065015186e-02
6.960360526073762488e-02
6.868389588889914354e-02
6.706520739446339419e-02
6.544651890002765871e-02
6.493148165179798981e-02
6.419571415432727413e-02
6.930929826174933583e-02
6.908856801250812252e-02
6.613372574266504489e-02
6.585119102363647114e-02
6.224593028602946193e-02
6.338636990710948271e-02
6.901499126276104679e-02
6.940126919893313540e-02
6.612710383518803636e-02
6.287133265887964728e-02
6.213556516140893854e-02
6.390140715533898508e-02
6.272417915938550970e-02
6.989791225972591393e-02
6.827922376529016457e-02
6.165731628805305037e-02
6.121585578957061680e-02
6.077439529108802363e-02
6.033293479260559700e-02
6.022256966798490707e-02
5.911891842177882661e-02
6.176768141267357376e-02
6.132622091419114713e-02
6.088476041570871355e-02
6.000183941874368682e-02
6.916214476225519825e-02
5.978110916950247350e-02
6.187804653729410409e-02
6.143658603881167052e-02
6.099512554032923695e-02
6.055366504184681031e-02
6.011220454336437674e-02
5.286489469327690371e-02
6.226432447346635229e-02
6.071921272877767867e-02
6.110549066494992687e-02
6.066403016646733370e-02
5.566081118366596192e-02
5.242343419479447708e-02
5.959716729513471478e-02
6.092154879058216815e-02
6.121585578957061680e-02
6.077439529108802363e-02
5.444679481283919154e-02
5.282810631840344912e-02
5.330635519175933729e-02
6.112388485238649111e-02
6.031454060516870663e-02
6.014899291823783134e-02
5.922928354639935000e-02
5.323277844201226155e-02
5.301204819277104824e-02
6.132622091419098059e-02
5.941322542076694913e-02
6.018578129311128594e-02
5.525613906005698295e-02
5.363745056562124053e-02
5.271774119378275919e-02
5.389496918973607498e-02
6.071921272877767867e-02
5.608387749471166472e-02
5.566081118366596192e-02
5.404212268923021950e-02
5.242343419479447708e-02
5.360066219074778593e-02
5.352708544100055060e-02
5.915570679665228121e-02
5.606548330727494089e-02
5.444679481283919154e-02
5.282810631840344912e-02
5.330635519175949688e-02
5.315920169226519276e-02
5.242343419479447708e-02
5.509059137312611459e-02
5.310401912995501433e-02
5.323277844201226155e-02
5.242343419479447708e-02
5.242343419479447708e-02
5.242343419479447708e-02
5.305325117262896240e-02
5.525613906005698295e-02
5.242343419479447708e-02
5.242343419479447708e-02
5.242343419479447708e-02
5.242343419479447708e-02
5.242343419479447708e-02
5.409730525154056446e-02
5.404212268923021950e-02
5.242343419479447708e-02
5.242343419479447708e-02
5.242343419479447708e-02
5.242343419479447708e-02
5.242343419479447708e-02
5.260737606916206927e-02
5.275452956865638032e-02
5.242343419479447708e-02
5.242343419479447708e-02
5.242343419479447708e-02
5.242343419479447708e-02
5.242343419479447708e-02
5.308562494251812397e-02
5.242343419479447708e-02
5.242343419479447708e-02
5.242343419479447708e-02
5.242343419479447708e-02
5.242343419479447708e-02
5.220270394555325683e-02
5.242343419479447708e-02
5.242343419479447708e-02
5.242343419479447708e-02
5.242343419479447708e-02
5.242343419479447708e-02
5.212912719580618803e-02
5.242343419479447708e-02
5.242343419479447708e-02
5.242343419479447708e-02
5.242343419479447708e-02
5.242343419479447708e-02
5.205555044605911230e-02
5.234985744504740135e-02
5.242343419479447708e-02
5.242343419479447708e-02
5.139335969833530582e-02
5.168766669732359487e-02
5.198197369631187698e-02
5.227628069530033256e-02
5.242343419479447708e-02
5.242343419479447708e-02
5.242343419479447708e-02
5.161408994757651914e-02
5.190839694656480818e-02
5.220270394555325683e-02
5.233146325761067752e-02
5.196357950887515315e-02
5.242343419479447708e-02
5.154051319782945034e-02
5.183482019681773939e-02
5.212912719580618803e-02
5.242343419479447708e-02
5.242343419479447708e-02
5.117262944909409250e-02
5.146693644808237461e-02
5.176124344707066366e-02
5.205555044605911230e-02
5.234985744504740135e-02
5.214752138324291186e-02
5.242343419479447708e-02
5.139335969833530582e-02
5.168766669732359487e-02
5.198197369631187698e-02
5.212912719580618803e-02
5.223949232042671142e-02
5.102547594959994798e-02
5.131978294858823703e-02
5.161408994757651914e-02
5.190839694656480818e-02
5.220270394555325683e-02
5.085992826266891309e-02
5.095189919985271265e-02
5.124620619884116129e-02
5.154051319782945034e-02
5.183482019681773939e-02
