5.844625112917796184e-01
4.966079494128273208e-01
4.993224932249323844e-01
4.523486901535682114e-01
4.530261969286358270e-01
4.148599819331527661e-01
4.342818428184282431e-01
3.777461607949412215e-01
4.087624209575429490e-01
3.491418247515808426e-01
3.346883468834688236e-01
3.342366757000902466e-01
3.317524841915085454e-01
3.100722673893406278e-01
3.012646793134598489e-01
2.913279132791327664e-01
2.971996386630533782e-01
2.721860885275518838e-01
2.678410117434507631e-01
2.605736224028906145e-01
2.574525745257452147e-01
2.493224932249320513e-01
2.472899728997290658e-01
2.370144534778682033e-01
2.384823848238481203e-01
2.301264679313460848e-01
2.384823848238481203e-01
2.168021680216803970e-01
2.357723577235771861e-01
2.084462511291780562e-01
2.219963866305330880e-01
2.040424570912376667e-01
2.219963866305330880e-01
1.959123757904245033e-01
1.793134598012647851e-01
1.872312556458897437e-01
1.702800361336948010e-01
1.811201445347787597e-01
1.702800361336948010e-01
1.780081300813005918e-01
1.668925022583559181e-01
1.770551038843722613e-01
1.580849141824751669e-01
1.682475158084914824e-01
1.580849141824751669e-01
1.588753387533877737e-01
1.580849141824751669e-01
1.571409214092142070e-01
1.355013550135501232e-01
1.516485998193315976e-01
1.355013550135501232e-01
1.380984643179765659e-01
1.262420957542909616e-01
1.444579945799459308e-01
1.154019873532068502e-01
1.308717253839203898e-01
1.154019873532068502e-01
1.277100271002710175e-01
1.154019873532068502e-01
1.202348690153569322e-01
1.154019873532068502e-01
1.229674796747967508e-01
1.093044263775970193e-01
1.167570009033424006e-01
1.093044263775970193e-01
1.195799457994580345e-01
1.086269196025294037e-01
1.141598915989159857e-01
1.086269196025294037e-01
1.120144534778682865e-01
1.086269196025294037e-01
1.091915085817526665e-01
1.086269196025294037e-01
1.091915085817526665e-01
1.086269196025294037e-01
1.063685636856370326e-01
1.086269196025294037e-01
1.061427280939476608e-01
9.801264679313451134e-02
1.061427280939476608e-01
9.801264679313451134e-02
1.061427280939476608e-01
9.801264679313451134e-02
1.025293586269195867e-01
9.801264679313451134e-02
1.029810298102981497e-01
9.801264679313451134e-02
1.004019873532069895e-01
9.801264679313451134e-02
9.936766034327022823e-02
9.801264679313451134e-02
9.914182475158085650e-02
9.801264679313451134e-02
9.801264679313451134e-02
9.801264679313451134e-02
9.801264679313451134e-02
9.733514001806689575e-02
9.767389340560078681e-02
9.733514001806689575e-02
9.767389340560078681e-02
9.733514001806689575e-02
9.705058717253829681e-02
9.733514001806689575e-02
9.677055103884379950e-02
9.733514001806689575e-02
9.624209575429074071e-02
9.733514001806689575e-02
9.598012646793134539e-02
9.733514001806689575e-02
9.564137308039762086e-02
9.733514001806689575e-02
9.575429087624214020e-02
9.552845528455293500e-02
9.564137308039762086e-02
9.575429087624214020e-02
9.564137308039762086e-02
9.552845528455293500e-02
9.451219512195126182e-02
9.552845528455293500e-02
9.451219512195126182e-02
9.394760614272817945e-02
9.428635953026190397e-02
9.394760614272817945e-02
9.293134598012650627e-02
9.394760614272817945e-02
9.372177055103880772e-02
9.394760614272817945e-02
9.394760614272817945e-02
9.394760614272817945e-02
9.067299006323398247e-02
9.394760614272817945e-02
9.217705510388440882e-02
9.394760614272817945e-02
9.089882565492318767e-02
9.394760614272817945e-02
9.067299006323398247e-02
9.394760614272817945e-02
8.976964769647716169e-02
9.394760614272817945e-02
8.976964769647716169e-02
9.394760614272817945e-02
8.980578139114735181e-02
9.349593495934960252e-02
8.954381210478778996e-02
9.349593495934960252e-02
8.976964769647716169e-02
9.349593495934960252e-02
8.954381210478778996e-02
8.559168925022581087e-02
8.841463414634159745e-02
9.349593495934960252e-02
8.954381210478778996e-02
8.559168925022581087e-02
8.818879855465223960e-02
8.559168925022581087e-02
8.954381210478778996e-02
8.559168925022581087e-02
8.559168925022581087e-02
8.559168925022581087e-02
8.909214092140921304e-02
8.559168925022581087e-02
8.818879855465223960e-02
8.559168925022581087e-02
8.694670280036136123e-02
8.559168925022581087e-02
8.536585365853660567e-02
8.559168925022581087e-02
8.322041553748860121e-02
8.559168925022581087e-02
8.322041553748860121e-02
8.559168925022581087e-02
8.322041553748860121e-02
8.559168925022581087e-02
8.344625112917795906e-02
8.559168925022581087e-02
8.322041553748860121e-02
8.559168925022581087e-02
8.322041553748860121e-02
8.559168925022581087e-02
8.322041553748860121e-02
8.559168925022581087e-02
8.186540198735320351e-02
8.559168925022581087e-02
8.186540198735320351e-02
8.559168925022581087e-02
8.220415537488709457e-02
7.857271906052358534e-02
8.118789521228543526e-02
8.084914182475154421e-02
8.186540198735320351e-02
8.559168925022581087e-02
8.322041553748860121e-02
7.813911472448059614e-02
8.186540198735320351e-02
8.084914182475154421e-02
8.186540198735320351e-02
7.813911472448059614e-02
7.983288166215003756e-02
7.813911472448059614e-02
8.186540198735320351e-02
7.813911472448059614e-02
7.983288166215003756e-02
7.813911472448059614e-02
7.983288166215003756e-02
7.813911472448059614e-02
7.915537488708225544e-02
7.813911472448059614e-02
8.005871725383924276e-02
7.813911472448059614e-02
7.915537488708225544e-02
7.813911472448059614e-02
8.017163504968392862e-02
7.813911472448059614e-02
7.813911472448059614e-02
7.813911472448059614e-02
7.813911472448059614e-02
7.813911472448059614e-02
7.813911472448059614e-02
7.813911472448059614e-02
7.813911472448059614e-02
7.813911472448059614e-02
7.813911472448059614e-02
7.813911472448059614e-02
7.813911472448059614e-02
7.813911472448059614e-02
7.813911472448059614e-02
7.813911472448059614e-02
7.813911472448059614e-02
7.813911472448059614e-02
7.813911472448059614e-02
7.813911472448059614e-02
7.813911472448059614e-02
7.813911472448059614e-02
7.813911472448059614e-02
7.813911472448059614e-02
7.542908762420964808e-02
7.813911472448059614e-02
7.667118337850035992e-02
7.813911472448059614e-02
7.610659439927743020e-02
7.813911472448059614e-02
7.542908762420964808e-02
7.813911472448059614e-02
7.746160794941281402e-02
7.813911472448059614e-02
7.542908762420964808e-02
7.813911472448059614e-02
7.542908762420964808e-02
7.813911472448059614e-02
7.667118337850035992e-02
7.813911472448059614e-02
7.542908762420964808e-02
7.813911472448059614e-02
7.542908762420964808e-02
7.407407407407409772e-02
7.542908762420964808e-02
7.678410117434504578e-02
7.542908762420964808e-02
7.407407407407409772e-02
7.542908762420964808e-02
7.271906052393854736e-02
7.429990966576330291e-02
7.271906052393854736e-02
7.429990966576330291e-02
7.678410117434504578e-02
7.475158084914187984e-02
7.271906052393854736e-02
7.475158084914187984e-02
7.407407407407409772e-02
7.542908762420964808e-02
7.271906052393854736e-02
7.339656729900631560e-02
7.271906052393854736e-02
7.429990966576330291e-02
7.271906052393854736e-02
7.429990966576330291e-02
7.271906052393854736e-02
7.271906052393854736e-02
7.271906052393854736e-02
7.362240289069552079e-02
7.271906052393854736e-02
7.271906052393854736e-02
7.271906052393854736e-02
7.271906052393854736e-02
7.271906052393854736e-02
7.362240289069552079e-02
7.271906052393854736e-02
7.271906052393854736e-02
7.271906052393854736e-02
7.362240289069552079e-02
7.271906052393854736e-02
7.362240289069552079e-02
7.271906052393854736e-02
7.271906052393854736e-02
7.271906052393854736e-02
7.271906052393854736e-02
7.271906052393854736e-02
7.271906052393854736e-02
7.271906052393854736e-02
7.271906052393854736e-02
7.271906052393854736e-02
7.271906052393854736e-02
7.271906052393854736e-02
7.113821138211379180e-02
7.271906052393854736e-02
7.113821138211379180e-02
7.271906052393854736e-02
7.271906052393854736e-02
7.271906052393854736e-02
7.271906052393854736e-02
7.271906052393854736e-02
7.271906052393854736e-02
7.271906052393854736e-02
7.113821138211379180e-02
7.271906052393854736e-02
7.271906052393854736e-02
7.271906052393854736e-02
7.113821138211379180e-02
7.271906052393854736e-02
7.271906052393854736e-02
7.271906052393854736e-02
7.113821138211379180e-02
7.271906052393854736e-02
7.046070460704600968e-02
7.271906052393854736e-02
7.013550135501345206e-02
7.271906052393854736e-02
7.046070460704600968e-02
7.271906052393854736e-02
7.158988256549235485e-02
7.271906052393854736e-02
7.000903342366759929e-02
7.271906052393854736e-02
7.000903342366759929e-02
7.271906052393854736e-02
7.113821138211379180e-02
7.271906052393854736e-02
7.000903342366759929e-02
7.271906052393854736e-02
6.933152664859981718e-02
7.271906052393854736e-02
6.944444444444450304e-02
7.271906052393854736e-02
6.962511291779580058e-02
7.271906052393854736e-02
6.933152664859981718e-02
6.820234869015347201e-02
6.933152664859981718e-02
7.271906052393854736e-02
6.933152664859981718e-02
7.271906052393854736e-02
6.933152664859981718e-02
7.271906052393854736e-02
6.933152664859981718e-02
7.271906052393854736e-02
6.933152664859981718e-02
6.594399277326094821e-02
6.933152664859981718e-02
7.046070460704600968e-02
6.933152664859981718e-02
7.271906052393854736e-02
6.933152664859981718e-02
7.046070460704600968e-02
6.933152664859981718e-02
6.594399277326094821e-02
6.876693766937673480e-02
7.046070460704600968e-02
6.933152664859981718e-02
6.594399277326094821e-02
6.933152664859981718e-02
6.594399277326094821e-02
6.933152664859981718e-02
6.594399277326094821e-02
6.933152664859981718e-02
6.594399277326094821e-02
6.876693766937673480e-02
6.594399277326094821e-02
6.876693766937673480e-02
6.594399277326094821e-02
6.876693766937673480e-02
6.594399277326094821e-02
6.820234869015347201e-02
6.594399277326094821e-02
6.763775971093038963e-02
6.594399277326094821e-02
6.594399277326094821e-02
6.594399277326094821e-02
6.594399277326094821e-02
6.594399277326094821e-02
6.820234869015347201e-02
6.594399277326094821e-02
6.594399277326094821e-02
6.594399277326094821e-02
6.763775971093038963e-02
6.594399277326094821e-02
