4.911038360259056823e-01
4.505017436481389415e-01
4.425820226318409878e-01
3.965909899651270387e-01
3.746067895523449987e-01
3.440765781794888900e-01
3.350295352643938296e-01
3.203145683581238856e-01
3.180357269945197629e-01
2.980684648779445278e-01
2.760657604440964197e-01
2.608355277204471578e-01
2.653191943633905203e-01
2.585196783147103439e-01
2.553910753683012458e-01
2.382036865703507089e-01
2.220482527933955175e-01
2.202690199985765374e-01
2.100206391004198481e-01
2.106967475624510200e-01
2.054302184897874028e-01
2.081702369938082664e-01
2.027969539534551224e-01
1.905914169809979630e-01
1.850402106611629127e-01
1.781567148245675747e-01
1.786349725998150340e-01
1.784584727065689769e-01
1.791331577823642718e-01
1.764287239342395563e-01
1.679595758309018749e-01
1.615543377695538296e-01
1.586008113301545785e-01
1.596683510070457945e-01
1.606020923777667364e-01
1.550779303964129052e-01
1.523023272364957548e-01
1.441705216710554571e-01
1.436552558536759450e-01
1.373923564159134081e-01
1.441890256921216362e-01
1.419827770265461586e-01
1.418404384029605114e-01
1.364671553626077005e-01
1.335492135791047641e-01
1.290299622802647539e-01
1.289943776243684670e-01
1.369212155718454171e-01
1.344559106113444591e-01
1.266457903352073422e-01
1.257561739377980881e-01
1.197993025407443346e-01
1.276777453562024101e-01
1.219130311009894163e-01
1.242374208241403127e-01
1.172158565226673194e-01
1.169525300690341385e-01
1.136218062771333498e-01
1.218418617891965094e-01
1.121984200412782517e-01
1.105615258700449050e-01
1.063981211301686519e-01
1.060066899153084552e-01
1.095295708490498371e-01
1.070557255711338113e-01
1.100633406874955145e-01
9.901074656608063740e-02
1.035157640025619885e-01
1.019856237990178494e-01
1.031243327877019583e-01
9.924560529499684702e-02
9.696818731762862908e-02
8.622731478186612675e-02
9.163048893317211896e-02
9.675467938225038034e-02
9.801579958721808039e-02
9.501103124332783978e-02
9.629207885559744329e-02
8.113301544374072749e-02
8.590135933385525946e-02
9.006476407373152637e-02
9.109671909472642770e-02
7.746779588641386494e-02
7.739662657462111073e-02
7.938936730481835347e-02
8.059924560529505011e-02
8.451355775389661484e-02
8.444238844210386064e-02
7.693402604796817368e-02
7.309088321115936315e-02
7.689844139207188678e-02
7.828624297203053140e-02
7.986193153512191611e-02
7.415842288805071791e-02
7.620098213650257357e-02
7.600882499466229958e-02
7.116931179275502728e-02
7.369582236139778086e-02
7.454985410291091463e-02
7.440751547932542009e-02
7.522596256494193390e-02
7.437193082342896666e-02
7.164899295423823866e-02
7.355348373781228632e-02
7.490570066187464404e-02
7.465660807059995574e-02
7.188100491068265263e-02
7.220126681374994249e-02
7.074229592199839101e-02
7.095580385737677853e-02
7.116931179275502728e-02
6.939007899793603329e-02
7.045761867482740193e-02
7.042203401893110115e-02
7.084904988968758477e-02
6.679239911750052550e-02
6.761084620311719195e-02
6.853177709771553217e-02
6.793110810618480100e-02
6.850046260052661262e-02
6.771760017080639960e-02
6.672122980570777129e-02
6.700590705287892690e-02
6.729058430004974944e-02
6.672122980570777129e-02
6.725499964415329601e-02
6.761084620311719195e-02
6.654330652622583719e-02
6.693473774108602004e-02
6.597395203188385904e-02
6.672122980570777129e-02
6.618745996726226044e-02
6.672122980570777129e-02
6.636538324674404188e-02
6.615187531136580701e-02
6.579602875240191107e-02
6.565369012881641653e-02
6.469290441961440818e-02
6.604512134367659937e-02
6.618745996726209391e-02
6.604512134367659937e-02
6.476407373140699586e-02
6.462173510782150132e-02
6.447939648423600678e-02
6.529784356985267324e-02
6.586719806419465140e-02
6.494199701088894383e-02
6.479965838730344929e-02
6.465731976371780210e-02
6.451498114013230756e-02
6.511992029037089180e-02
6.351861077503367925e-02
6.319834887196640327e-02
6.312717956017364906e-02
6.277133300120975312e-02
6.451498114013230756e-02
6.334068749555189781e-02
6.440822717244325257e-02
6.277133300120975312e-02
6.373211871041208065e-02
6.323393352786285670e-02
6.387445733399757519e-02
6.344744146324109157e-02
6.227314781866052917e-02
6.227314781866052917e-02
6.234431713045327644e-02
6.227314781866052917e-02
6.237990178634972988e-02
6.191730125969679283e-02
6.227314781866068877e-02
6.227314781866052917e-02
6.227314781866052917e-02
6.227314781866052917e-02
6.102768486228737910e-02
6.127677745356191474e-02
6.166820866842225718e-02
6.173937798021484485e-02
6.223756316276423534e-02
6.227314781866052917e-02
6.035157640025620024e-02
6.106326951818367293e-02
6.120560814176916747e-02
6.163262401252580375e-02
6.184613194790404556e-02
6.227314781866052917e-02
6.067183830332364275e-02
6.067183830332364275e-02
6.109885417408012637e-02
6.127677745356191474e-02
6.227314781866052917e-02
6.209522453917858120e-02
6.049391502384169478e-02
6.056508433563444205e-02
6.099210020639092567e-02
6.141911607714756194e-02
5.960429862643227411e-02
5.960429862643227411e-02
5.931962137926112544e-02
6.045833036794524135e-02
6.013806846487795843e-02
6.099210020639092567e-02
5.960429862643227411e-02
5.971105259412147481e-02
5.939079069105403230e-02
6.035157640025620024e-02
5.981780656181051592e-02
6.084976158280543113e-02
5.960429862643227411e-02
5.960429862643227411e-02
5.946196000284677957e-02
5.917728275567563784e-02
5.996014518539601046e-02
5.860792826133365968e-02
5.960429862643227411e-02
5.960429862643227411e-02
5.953312931463952684e-02
5.889260550850464876e-02
5.839442032595541787e-02
5.857234360543736584e-02
5.743363461675340953e-02
5.946196000284677957e-02
5.960429862643227411e-02
5.889260550850464876e-02
5.818091239057717606e-02
5.746921927264970337e-02
5.771831186392439861e-02
5.942637534695032614e-02
5.956871397053582068e-02
5.907052878798658979e-02
5.835883567005912403e-02
5.764714255213149174e-02
5.800298911109538769e-02
5.665077218703302997e-02
5.953312931463952684e-02
5.924845206746853776e-02
5.853675894954091241e-02
5.782506583161343972e-02
5.711337271368596702e-02
5.615258700448364643e-02
5.949754465874307341e-02
5.942637534695032614e-02
5.871468222902286038e-02
5.800298911109538769e-02
5.686428012241111912e-02
5.714895736958242045e-02
5.615258700448380602e-02
5.960429862643227411e-02
5.885702085260819533e-02
5.757597324033858488e-02
5.700661874599676632e-02
5.643726425165463551e-02
5.604583303679460532e-02
5.583232510141620392e-02
5.860792826133350009e-02
5.835883567005912403e-02
5.714895736958210126e-02
5.657960287524013004e-02
5.601024838089831148e-02
5.544089388655617373e-02
5.515621663938518465e-02
5.754038858444229104e-02
5.729129599316775540e-02
5.672194149882577724e-02
5.565440182193441554e-02
5.536972457476342646e-02
5.793181979930232123e-02
5.604583303679444573e-02
5.743363461675324994e-02
5.686428012241111912e-02
5.572557113372716281e-02
5.544089388655617373e-02
5.426660024197561133e-02
5.440893886556110587e-02
5.455127748914660041e-02
5.700661874599676632e-02
5.586790975731249775e-02
5.515621663938502506e-02
5.455127748914660041e-02
5.437335420966481203e-02
5.497829335990307709e-02
5.714895736958210126e-02
5.657960287524013004e-02
5.533413991886697303e-02
5.462244680093934768e-02
5.433776955376835860e-02
5.448010817735385314e-02
5.462244680093950033e-02
5.622375631627639370e-02
5.551206319834876141e-02
5.480037008042128871e-02
5.430218489787206476e-02
5.426660024197561133e-02
5.426660024197561133e-02
5.426660024197561133e-02
5.426660024197561133e-02
5.497829335990307709e-02
5.426660024197561133e-02
5.440893886556110587e-02
5.455127748914660041e-02
5.426660024197561133e-02
5.426660024197561133e-02
5.515621663938502506e-02
5.444452352145755236e-02
5.437335420966481203e-02
5.451569283325029963e-02
5.426660024197561133e-02
5.604583303679444573e-02
5.533413991886697303e-02
5.462244680093934768e-02
5.426660024197561133e-02
5.426660024197561133e-02
5.426660024197561133e-02
5.426660024197561133e-02
5.426660024197561133e-02
5.480037008042128871e-02
5.426660024197561133e-02
5.426660024197561133e-02
5.426660024197561133e-02
5.426660024197561133e-02
5.426660024197561133e-02
5.497829335990307709e-02
5.426660024197561133e-02
5.426660024197561133e-02
5.426660024197561133e-02
5.426660024197561133e-02
5.426660024197561133e-02
5.426660024197561133e-02
5.437335420966481203e-02
5.426660024197561133e-02
5.426660024197561133e-02
5.426660024197561133e-02
5.426660024197561133e-02
5.426660024197561133e-02
5.412426161839011679e-02
5.426660024197561133e-02
5.426660024197561133e-02
5.426660024197561133e-02
5.426660024197561133e-02
5.376841505942638044e-02
5.405309230659736952e-02
5.426660024197561133e-02
5.426660024197561133e-02
5.426660024197561133e-02
5.426660024197561133e-02
5.369724574763363317e-02
5.398192299480462225e-02
5.426660024197561133e-02
5.426660024197561133e-02
5.419543093018286406e-02
5.376841505942638044e-02
5.362607643584088590e-02
5.391075368301187498e-02
5.419543093018286406e-02
5.426660024197561133e-02
5.323464522098069612e-02
5.426660024197561133e-02
5.408867696249382295e-02
5.383958437121912771e-02
5.412426161839011679e-02
5.348373781225539136e-02
5.376841505942638044e-02
5.355490712404813863e-02
5.348373781225539136e-02
5.376841505942638044e-02
5.405309230659736952e-02
5.426660024197561133e-02
5.426660024197561133e-02
5.312789125329149542e-02
5.387516902711558114e-02
5.369724574763363317e-02
5.398192299480462225e-02
5.426660024197561133e-02
5.291438331791325361e-02
5.334139918866989682e-02
5.334139918866989682e-02
5.362607643584088590e-02
5.391075368301187498e-02
5.415984627428641063e-02
5.280762935022421251e-02
5.298555262970600088e-02
5.327022987687698996e-02
5.355490712404813863e-02
5.383958437121912771e-02
5.405309230659736952e-02
5.191801295281479878e-02
5.141982777026540830e-02
5.319906056508424269e-02
5.348373781225539136e-02
5.376841505942638044e-02
5.405309230659736952e-02
5.220269019998578092e-02
5.088605793181972398e-02
5.245178279126032350e-02
5.341256850046264409e-02
5.369724574763363317e-02
