4.261501210653753091e-01
3.968038740920095120e-01
3.334486336907646065e-01
3.306814251124179371e-01
3.113109650639916959e-01
2.912487028709789816e-01
2.725700449671394909e-01
2.670356278104461523e-01
2.615012106537529801e-01
2.493946731234867042e-01
2.511241784849532199e-01
2.393635420269802083e-01
2.462815634728467984e-01
2.324455205811138958e-01
2.372881355932203173e-01
2.186648218609477667e-01
2.352127291594604264e-01
2.054652369422345637e-01
2.317537184365272562e-01
2.002767208578346281e-01
2.082324455205810942e-01
1.916291940505015223e-01
1.943964026288481917e-01
1.898996886890348679e-01
1.943964026288481917e-01
1.795226565202351354e-01
1.840193704600484315e-01
1.712210307851954050e-01
1.840193704600484315e-01
1.719128329297820446e-01
1.694915254237287505e-01
1.601521964718090330e-01
1.521964718090625668e-01
1.577862331373226790e-01
1.521964718090625668e-01
1.511587685921828017e-01
1.521964718090625668e-01
1.477551020408161830e-01
1.411276374956763058e-01
1.421653407125561819e-01
1.411276374956763058e-01
1.362850224835697455e-01
1.245243860255967339e-01
1.353026634382566429e-01
1.349014181943964663e-01
1.342096160498097157e-01
1.182981667243169083e-01
1.304600484261501103e-01
1.182981667243169083e-01
1.286751988931165158e-01
1.162227602905568785e-01
1.231407817364234547e-01
1.182981667243169083e-01
1.269456935316500001e-01
1.162227602905568785e-01
1.182981667243169083e-01
1.120719474230369578e-01
1.203735731580769241e-01
1.120719474230369578e-01
1.131096506399169727e-01
1.120719474230369578e-01
1.134555517122103480e-01
1.079211345555171619e-01
1.117260463507437074e-01
1.079211345555171619e-01
1.096506399169838025e-01
1.079211345555171619e-01
1.082670356278105372e-01
1.079211345555171619e-01
1.086129367001037876e-01
1.079211345555171619e-01
1.079211345555171619e-01
1.079211345555171619e-01
1.068834313386370222e-01
1.051539259771704926e-01
1.065375302663438828e-01
1.072293324109305224e-01
1.065375302663437718e-01
1.044621238325838669e-01
1.054998270494637569e-01
1.044621238325838669e-01
1.051539259771704926e-01
1.044621238325838669e-01
1.051539259771704926e-01
1.044621238325838669e-01
1.037703216879972273e-01
1.044621238325838669e-01
1.041162227602904916e-01
1.044621238325838669e-01
1.037703216879972273e-01
1.044621238325838669e-01
1.037703216879972273e-01
1.044621238325838669e-01
1.030785195434104767e-01
1.030785195434106016e-01
1.020408163265307117e-01
1.044621238325838669e-01
1.020408163265305868e-01
1.030785195434106016e-01
1.020961604980976378e-01
1.030785195434106016e-01
1.010031131096505719e-01
1.030785195434106016e-01
1.016949152542373364e-01
1.030785195434106016e-01
1.013490141819439472e-01
1.030785195434106016e-01
1.010031131096505719e-01
1.030785195434106016e-01
1.010031131096505719e-01
1.030785195434106016e-01
1.010031131096505719e-01
1.030785195434106016e-01
1.006572120373573215e-01
9.892770667589068090e-02
9.892770667589068090e-02
9.961950882047730660e-02
9.892770667589068090e-02
9.892770667589068090e-02
9.892770667589068090e-02
9.892770667589068090e-02
9.892770667589068090e-02
9.961950882047730660e-02
9.650639916983740074e-02
9.892770667589068090e-02
9.483223797993779736e-02
9.892770667589068090e-02
9.339328951919748101e-02
9.892770667589068090e-02
9.270148737461085531e-02
9.892770667589068090e-02
9.270148737461085531e-02
9.892770667589068090e-02
9.235558630231746613e-02
9.892770667589068090e-02
9.097198201314420085e-02
9.892770667589068090e-02
9.166378415773084043e-02
9.892770667589068090e-02
9.033552404012450132e-02
9.892770667589068090e-02
9.062608094085095045e-02
9.892770667589068090e-02
9.062608094085095045e-02
9.892770667589068090e-02
9.062608094085095045e-02
9.892770667589068090e-02
9.062608094085095045e-02
8.232445520581110898e-02
9.062608094085095045e-02
9.892770667589068090e-02
8.993427879626419985e-02
8.232445520581110898e-02
8.855067450709104560e-02
8.232445520581110898e-02
9.028017986855757515e-02
8.232445520581110898e-02
9.028017986855757515e-02
8.232445520581110898e-02
8.855067450709104560e-02
8.232445520581110898e-02
8.578346592874439014e-02
8.232445520581110898e-02
8.751297129021091969e-02
8.232445520581110898e-02
8.578346592874439014e-02
8.232445520581110898e-02
8.785887236250429499e-02
8.232445520581110898e-02
8.336215842269110998e-02
8.232445520581110898e-02
8.232445520581110898e-02
8.232445520581110898e-02
8.439986163957112486e-02
8.232445520581110898e-02
8.232445520581110898e-02
8.232445520581110898e-02
8.163265306122446940e-02
8.232445520581110898e-02
8.232445520581110898e-02
8.232445520581110898e-02
8.232445520581110898e-02
8.232445520581110898e-02
8.232445520581110898e-02
8.232445520581110898e-02
8.163265306122446940e-02
8.232445520581110898e-02
7.955724662746443965e-02
8.232445520581110898e-02
8.163265306122446940e-02
8.094085091663782983e-02
7.955724662746443965e-02
8.232445520581110898e-02
7.955724662746443965e-02
7.817364233829117437e-02
8.163265306122446940e-02
8.094085091663782983e-02
7.955724662746443965e-02
8.094085091663782983e-02
8.163265306122446940e-02
7.679003804911790909e-02
7.955724662746443965e-02
8.094085091663782983e-02
7.886544448287781395e-02
7.679003804911790909e-02
7.955724662746443965e-02
7.679003804911790909e-02
7.886544448287781395e-02
7.679003804911790909e-02
7.886544448287781395e-02
7.679003804911790909e-02
7.886544448287781395e-02
7.679003804911790909e-02
7.886544448287781395e-02
7.679003804911790909e-02
7.679003804911790909e-02
7.679003804911790909e-02
7.886544448287781395e-02
7.679003804911790909e-02
7.679003804911790909e-02
7.679003804911790909e-02
7.679003804911790909e-02
7.679003804911790909e-02
7.886544448287781395e-02
7.679003804911790909e-02
7.679003804911790909e-02
7.679003804911790909e-02
7.679003804911790909e-02
7.679003804911790909e-02
7.298512625389123876e-02
7.679003804911790909e-02
7.504669664475932533e-02
7.679003804911790909e-02
7.679003804911790909e-02
7.679003804911790909e-02
7.679003804911790909e-02
7.679003804911790909e-02
7.679003804911790909e-02
7.679003804911790909e-02
7.679003804911790909e-02
7.679003804911790909e-02
7.679003804911790909e-02
7.679003804911790909e-02
7.367692839847800323e-02
7.679003804911790909e-02
7.090971982013147268e-02
7.679003804911790909e-02
7.021791767554470820e-02
7.679003804911790909e-02
7.021791767554470820e-02
7.679003804911790909e-02
7.021791767554470820e-02
7.679003804911790909e-02
7.021791767554470820e-02
7.679003804911790909e-02
7.021791767554470820e-02
7.679003804911790909e-02
7.021791767554470820e-02
7.679003804911790909e-02
7.021791767554470820e-02
6.364579730197163221e-02
7.021791767554470820e-02
6.364579730197163221e-02
7.021791767554470820e-02
7.679003804911790909e-02
7.021791767554470820e-02
7.679003804911790909e-02
7.021791767554470820e-02
7.679003804911790909e-02
7.021791767554470820e-02
6.364579730197163221e-02
7.021791767554470820e-02
7.679003804911790909e-02
7.021791767554470820e-02
6.364579730197163221e-02
7.021791767554470820e-02
6.364579730197163221e-02
7.021791767554470820e-02
6.364579730197163221e-02
7.021791767554470820e-02
6.364579730197163221e-02
7.021791767554470820e-02
6.364579730197163221e-02
7.021791767554470820e-02
6.364579730197163221e-02
6.918021445866469332e-02
6.364579730197163221e-02
6.952611553095808250e-02
6.364579730197163221e-02
6.364579730197163221e-02
6.364579730197163221e-02
6.952611553095808250e-02
6.364579730197163221e-02
6.364579730197163221e-02
6.364579730197163221e-02
6.952611553095808250e-02
6.364579730197163221e-02
6.848841231407819252e-02
6.364579730197163221e-02
6.364579730197163221e-02
6.364579730197163221e-02
6.364579730197163221e-02
6.364579730197163221e-02
6.364579730197163221e-02
6.364579730197163221e-02
6.364579730197163221e-02
6.364579730197163221e-02
7.021791767554470820e-02
6.364579730197163221e-02
6.364579730197163221e-02
6.364579730197163221e-02
6.364579730197163221e-02
6.364579730197163221e-02
6.364579730197163221e-02
6.364579730197163221e-02
6.364579730197163221e-02
6.364579730197163221e-02
6.364579730197163221e-02
6.364579730197163221e-02
6.364579730197163221e-02
6.364579730197163221e-02
6.364579730197163221e-02
6.364579730197163221e-02
6.364579730197163221e-02
6.364579730197163221e-02
6.364579730197163221e-02
6.364579730197163221e-02
6.364579730197163221e-02
6.364579730197163221e-02
6.364579730197163221e-02
6.364579730197163221e-02
6.364579730197163221e-02
6.364579730197163221e-02
6.364579730197163221e-02
6.364579730197163221e-02
6.364579730197163221e-02
6.364579730197163221e-02
6.364579730197163221e-02
6.364579730197163221e-02
6.364579730197163221e-02
6.364579730197163221e-02
6.364579730197163221e-02
6.364579730197163221e-02
6.364579730197163221e-02
6.364579730197163221e-02
6.364579730197163221e-02
6.364579730197163221e-02
6.364579730197163221e-02
6.364579730197163221e-02
6.364579730197163221e-02
6.364579730197163221e-02
6.295399515738486773e-02
6.364579730197163221e-02
6.295399515738486773e-02
6.364579730197163221e-02
6.295399515738486773e-02
6.364579730197163221e-02
6.364579730197163221e-02
6.364579730197163221e-02
6.364579730197163221e-02
6.364579730197163221e-02
6.364579730197163221e-02
6.364579730197163221e-02
6.295399515738486773e-02
6.364579730197163221e-02
6.295399515738486773e-02
6.364579730197163221e-02
6.364579730197163221e-02
6.364579730197163221e-02
6.364579730197163221e-02
6.364579730197163221e-02
6.295399515738486773e-02
6.364579730197163221e-02
6.295399515738486773e-02
6.364579730197163221e-02
6.295399515738486773e-02
6.364579730197163221e-02
6.295399515738486773e-02
6.364579730197163221e-02
6.295399515738486773e-02
6.226219301279824203e-02
6.295399515738486773e-02
6.226219301279824203e-02
6.295399515738486773e-02
6.364579730197163221e-02
6.295399515738486773e-02
6.226219301279824203e-02
6.295399515738486773e-02
6.226219301279824203e-02
6.295399515738486773e-02
6.364579730197163221e-02
6.295399515738486773e-02
6.226219301279824203e-02
6.295399515738486773e-02
6.226219301279824203e-02
