6.398394185845298621e-01
5.750406644748226048e-01
5.296265789929053280e-01
5.230330507008131846e-01
4.978854473092228505e-01
4.782875930091711747e-01
4.557881986502854144e-01
4.468593182211456627e-01
4.572417373247965600e-01
4.512406990828862763e-01
4.305243121647343019e-01
4.145146219069043014e-01
4.059871950164387622e-01
3.926132548883888851e-01
4.053227201938052193e-01
4.071292611178403686e-01
3.813808617407857260e-01
3.560477591278767839e-01
3.418238449558746450e-01
3.503941858453021307e-01
3.699352829209204829e-01
3.677106765876449468e-01
3.220972486589374628e-01
2.786973524831284910e-01
2.963142412182037666e-01
3.103997231354904129e-01
3.080394531925937929e-01
3.103000519120955869e-01
2.593874372728846578e-01
2.571379131337601098e-01
2.595950856549577024e-01
2.588613947049661634e-01
2.644402145699948359e-01
2.375843571552170574e-01
2.398657207129259727e-01
2.387956393839764380e-01
2.275480186883544476e-01
2.107631078041183603e-01
1.985464613254888655e-01
2.209711022668281455e-01
2.217338639903096986e-01
2.244332929572591395e-01
2.100363384668627875e-01
2.016611870565841735e-01
1.885101228586259781e-01
2.160927496106593015e-01
2.180308011766741438e-01
2.135982003806886076e-01
2.029416854127011061e-01
1.969198823325836178e-01
1.854646132548883330e-01
1.709638345734555420e-01
2.045682644056064925e-01
2.002076483820728892e-01
1.913479840802907728e-01
1.836303858799099298e-01
1.751168022149161563e-01
1.676760685239661319e-01
1.594822633673646517e-01
1.555507873334487923e-01
1.898598373421007124e-01
1.784045682644055664e-01
1.707215781277037769e-01
1.615850493164907031e-01
1.567233085308875618e-01
1.504758608755840388e-01
1.512372382765185264e-01
1.704668627790272839e-01
1.636269250735420955e-01
1.600969025783007815e-01
1.532791140335697799e-01
1.496798754109708030e-01
1.310607371517564512e-01
1.387091192247793259e-01
1.559785430005189155e-01
1.559439349368401673e-01
1.501989963661532201e-01
1.237238276518428520e-01
1.267347291919017349e-01
1.302647516871432154e-01
1.351444886658590971e-01
1.458729884062986704e-01
1.427928707388821106e-01
1.247274614985291047e-01
1.227201938051566132e-01
1.251427582626754020e-01
1.294341581588510648e-01
1.302647516871432154e-01
1.273230662744418429e-01
1.229970583145872792e-01
1.211282228759299751e-01
1.214743035127184567e-01
1.254542308357846914e-01
1.189714483474647588e-01
1.217857760858280375e-01
1.219242083405433635e-01
1.150718117321335998e-01
1.192247793735940614e-01
1.168368229797543262e-01
1.158331891330680874e-01
1.160062294514621756e-01
1.155909326873161697e-01
1.149679875410971747e-01
1.143450423948780131e-01
1.163343138951371536e-01
1.138605295033743442e-01
1.138605295033741915e-01
1.144488665859145909e-01
1.142813635577089731e-01
1.143796504585567753e-01
1.136182730576224403e-01
1.126492472746151025e-01
1.131337601661186187e-01
1.094999134798408796e-01
1.123723827651842838e-01
1.109188440906729717e-01
1.103997231354905545e-01
1.095691296071984039e-01
1.094306973524832166e-01
1.079079425506143941e-01
1.098806021803079708e-01
1.098806021803079708e-01
1.091884409067313128e-01
1.096037376708773048e-01
1.069735248312856657e-01
1.060100363384669508e-01
1.050354732652708512e-01
1.043779200553727748e-01
1.079079425506142415e-01
1.067312683855337618e-01
1.044817442464093526e-01
1.050354732652706985e-01
1.036165426544386065e-01
1.031320297629347849e-01
1.038241910365115955e-01
1.012631943242776195e-01
1.043433119916940266e-01
1.019899636615332061e-01
1.035819345907598443e-01
1.037203668454750177e-01
9.866758954836489515e-02
9.880602180308022120e-02
1.023360442983215352e-01
1.020591797888908692e-01
1.026129088077522011e-01
1.020245717252121070e-01
1.038241910365115955e-01
9.884062986675898332e-02
9.911749437618980196e-02
9.967676068523945165e-02
9.904827824883198628e-02
1.003633846686278058e-01
1.024052604256793508e-01
9.804464440214573362e-02
9.884062986675898332e-02
9.762934763799974158e-02
1.000173040318394768e-01
9.946357501297813097e-02
9.738709119224782385e-02
9.724865893753249779e-02
9.794082021110915581e-02
9.690257830074415490e-02
9.690257830074415490e-02
9.690257830074415490e-02
9.565668800830601226e-02
9.698840629866768703e-02
9.776777989271506764e-02
9.596816058141557915e-02
9.551825575359067233e-02
9.690257830074415490e-02
9.524139124416000635e-02
9.690257830074415490e-02
9.607198477245200430e-02
9.306108323239312141e-02
9.686797023706525400e-02
9.524139124415985369e-02
9.482609448001384778e-02
9.645267347291924809e-02
9.659110572763458802e-02
9.191901713099154270e-02
9.299186710503545839e-02
9.274961065928369330e-02
9.389167676068511936e-02
9.600276864509434127e-02
8.859664301782323170e-02
9.129607198477239505e-02
9.188440906731278057e-02
9.209205744938578353e-02
9.212666551306454565e-02
9.399550095172169717e-02
8.482436407682986124e-02
8.825056238103475004e-02
9.015400588337096899e-02
9.056930264751680837e-02
9.153832843052429891e-02
9.361481225125445338e-02
8.652015919709292457e-02
8.669319951548701275e-02
8.901193978196923762e-02
9.025783007440739414e-02
9.119224779373581724e-02
9.153832843052429891e-02
8.402837861221661153e-02
8.589721405087392958e-02
8.797369787160408405e-02
8.994635750129766072e-02
9.084616715694762701e-02
8.662398338812950238e-02
8.406298667589537366e-02
8.475514794947219821e-02
8.762069562207977502e-02
8.807752206264049533e-02
8.973870911922496307e-02
9.139989617580895898e-02
8.423602699428961449e-02
8.433985118532603964e-02
8.600103824191034085e-02
8.811213012631956276e-02
8.932341235507880450e-02
8.475514794947219821e-02
8.433985118532603964e-02
8.392455442118003373e-02
8.558574147776434882e-02
8.665859145180825063e-02
8.766222529849465595e-02
8.485897214050860948e-02
8.444367537636261745e-02
8.399377054853771063e-02
8.517044471361819025e-02
8.496279633154518729e-02
8.392455442118003373e-02
8.392455442118003373e-02
8.454749956739919525e-02
8.406298667589537366e-02
8.404775912787670888e-02
8.392455442118003373e-02
8.392455442118003373e-02
8.392455442118003373e-02
8.368229797542812987e-02
8.382073023014345592e-02
8.382073023014345592e-02
8.340543346599746388e-02
8.392455442118003373e-02
8.350925765703404169e-02
8.364768991174936774e-02
8.378612216646470767e-02
8.392455442118003373e-02
8.392455442118003373e-02
8.392455442118003373e-02
8.392455442118003373e-02
8.361308184807046684e-02
8.375151410278579289e-02
8.399377054853771063e-02
8.361308184807046684e-02
8.392455442118003373e-02
8.392455442118003373e-02
8.357847378439170472e-02
8.371690603910703077e-02
8.371690603910703077e-02
8.371690603910703077e-02
8.392455442118003373e-02
8.392455442118003373e-02
8.354386572071278994e-02
8.319778508392446092e-02
8.340543346599746388e-02
8.368229797542812987e-02
8.271327219242079198e-02
8.337082540231870176e-02
8.350925765703404169e-02
8.309396089288803577e-02
8.305935282920912099e-02
8.305935282920912099e-02
8.278248831977845501e-02
8.250562381034778903e-02
8.347464959335512691e-02
8.305935282920912099e-02
8.305935282920912099e-02
8.305935282920912099e-02
8.285170444713613191e-02
8.257483993770546593e-02
8.344004152967636478e-02
8.254023187402670381e-02
8.305935282920912099e-02
8.305935282920912099e-02
8.292092057449379494e-02
8.264405606506312896e-02
8.236719155563231032e-02
8.160581415469797539e-02
8.305935282920912099e-02
8.305935282920912099e-02
8.299013670185145797e-02
8.271327219242079198e-02
8.243640768299012600e-02
8.170963834573455320e-02
8.305935282920912099e-02
8.305935282920912099e-02
8.305935282920912099e-02
8.278248831977845501e-02
8.222875930091712304e-02
8.181346253677097835e-02
8.139816577262497244e-02
8.305935282920912099e-02
8.305935282920912099e-02
8.285170444713613191e-02
8.257483993770546593e-02
8.191728672780755616e-02
8.150198996366155024e-02
8.305935282920912099e-02
8.305935282920912099e-02
8.209032704620164433e-02
8.243640768299012600e-02
8.202111091884396743e-02
8.160581415469797539e-02
8.119051739055196948e-02
8.305935282920912099e-02
8.299013670185145797e-02
8.046374805329639668e-02
8.212493510988054524e-02
8.170963834573455320e-02
8.129434158158839463e-02
8.205295033742850130e-02
8.305935282920912099e-02
8.264405606506312896e-02
8.222875930091712304e-02
8.181346253677097835e-02
8.139816577262497244e-02
8.098286900847896652e-02
8.084443675376364047e-02
8.150198996366139759e-02
8.233258349195354819e-02
8.191728672780755616e-02
8.150198996366155024e-02
8.170963834573455320e-02
8.122512545423073160e-02
8.285170444713613191e-02
8.243640768299012600e-02
8.202111091884396743e-02
8.132894964526730941e-02
8.119051739055196948e-02
8.077522062640597744e-02
8.046374805329639668e-02
8.079598546461294606e-02
8.212493510988054524e-02
8.132894964526730941e-02
8.129434158158839463e-02
8.060218030801172273e-02
8.046374805329639668e-02
8.046374805329639668e-02
8.046374805329639668e-02
8.132894964526730941e-02
8.139816577262497244e-02
8.063678837169063751e-02
8.049835611697531146e-02
8.046374805329639668e-02
8.233258349195354819e-02
8.191728672780755616e-02
8.132894964526730941e-02
8.067139643536939964e-02
8.053296418065405970e-02
8.046374805329639668e-02
8.046374805329639668e-02
8.132894964526730941e-02
8.084443675376364047e-02
8.070600449904830054e-02
8.056757224433297448e-02
8.046374805329639668e-02
7.936321162830937970e-02
8.046374805329639668e-02
8.087904481744255525e-02
8.074061256272706266e-02
8.060218030801172273e-02
8.046374805329639668e-02
7.914864163350057713e-02
8.105208513583664343e-02
8.091365288112130350e-02
8.077522062640597744e-02
8.063678837169063751e-02
8.042913998961763455e-02
8.029070773490230850e-02
7.946011420661014402e-02
7.949472227028890614e-02
8.080982869008487834e-02
8.067139643536939964e-02
8.053296418065405970e-02
7.894099325142757417e-02
7.914864163350057713e-02
7.942550614293124311e-02
7.970237065236206175e-02
8.070600449904830054e-02
8.015227548018696857e-02
7.880256099671223424e-02
7.925246582453715494e-02
7.935629001557358009e-02
7.963315452500439873e-02
7.991001903443506471e-02
