4.464826129161193480e-01
4.392451321875179837e-01
4.606709301661622846e-01
4.385810540741164054e-01
4.065836806943413095e-01
3.822514703363215083e-01
3.762918974476103795e-01
3.685210986124592414e-01
3.689350768000913550e-01
3.771484040427111051e-01
3.558162507851309053e-01
3.362502141266486833e-01
3.250533889110946428e-01
3.267144407011934870e-01
3.234848398332667574e-01
3.263290127333981494e-01
3.075572431907725446e-01
2.945491920287786058e-01
2.978073431165420004e-01
2.883857705704334085e-01
2.810769142922401320e-01
2.808627876434648951e-01
2.723976474618854393e-01
2.756546565408553584e-01
2.672728830011991685e-01
2.670873065722607076e-01
2.616370696054358680e-01
2.621909438702678674e-01
2.622017929538056902e-01
2.508182493005194913e-01
2.497858733512247631e-01
2.455318905955573283e-01
2.461742705418834276e-01
2.508136812653460890e-01
2.444898075715183083e-01
2.360532176097754897e-01
2.387512133843429918e-01
2.332410209558613279e-01
2.286301604522354147e-01
2.335122480443101722e-01
2.281733569348485258e-01
2.263318677553818048e-01
2.212356535145321157e-01
2.224775880774284009e-01
2.200936447210644076e-01
2.189105236110319430e-01
2.201079198309821017e-01
2.185091075201278654e-01
2.084451550276936460e-01
2.052475304059841743e-01
2.096728144806716265e-01
2.132701421800945185e-01
2.163095985839091906e-01
2.012647747387656949e-01
1.998087135270942005e-01
1.986238794038714117e-01
2.022783075429680777e-01
1.954119796722433577e-01
1.967395648946496656e-01
1.957403072003653377e-01
1.965111631359561239e-01
1.927139838976758557e-01
1.908153942785358881e-01
1.903443156512304169e-01
1.920716039513502282e-01
1.916433506537999487e-01
1.905727174099240695e-01
1.900445383429453516e-01
1.825501056358133367e-01
1.884885513618455299e-01
1.824501798663851482e-01
1.905727174099240695e-01
1.848198481128304482e-01
1.801376120596128450e-01
1.812653457431624981e-01
1.758305258950492167e-01
1.767258607891281641e-01
1.881459487238056338e-01
1.821218523382630572e-01
1.795095072232055500e-01
1.759264546337006019e-01
1.780819962313706928e-01
1.740564152343971327e-01
1.799828698680981387e-01
1.786530006281047411e-01
1.780248957916974462e-01
1.746559698509676795e-01
1.690886769828128799e-01
1.668189345057956574e-01
1.658767772511848260e-01
1.790241534859813854e-01
1.740849654542338809e-01
1.692314280819961492e-01
1.591532004796436528e-01
1.596671044367043157e-01
1.640067378518814956e-01
1.673756637926111235e-01
1.720864500656656138e-01
1.441357848455434021e-01
1.492319990863930912e-01
1.580397419060128039e-01
1.610232398789468444e-01
1.662193798892253604e-01
1.737709130360301224e-01
1.436504311083195984e-01
1.453919945183577422e-01
1.516730428824304699e-01
1.590389996002970208e-01
1.637497858733512335e-01
1.321446925141322448e-01
1.390538457146120177e-01
1.438217324273398656e-01
1.501027807914120937e-01
1.470907325986409164e-01
1.586535716325022938e-01
1.290898189916063754e-01
1.359704219722492891e-01
1.422514703363214894e-01
1.427082738537091555e-01
1.451921429795010876e-01
1.281191115171586847e-01
1.281191115171586847e-01
1.317735396562556005e-01
1.304031291040941010e-01
1.366128019185748887e-01
1.386432935533603028e-01
1.205533032604353683e-01
1.281191115171586847e-01
1.261491463484267772e-01
1.235225261234512151e-01
1.289756181122593826e-01
1.231228230457373091e-01
1.175646662479296334e-01
1.268058014046708482e-01
1.187831896305601154e-01
1.243790327185522876e-01
1.215525609547193214e-01
1.189259407297436205e-01
1.162993205047679196e-01
1.261491463484270548e-01
1.268343516245073466e-01
1.198395477645178148e-01
1.222092160109633646e-01
1.137583509393022274e-01
1.117027351110603250e-01
1.109604293953063980e-01
1.159852680865642721e-01
1.142008793467712141e-01
1.146148575344030501e-01
1.139296522583223698e-01
1.110603551647348503e-01
1.102038485696341524e-01
1.158139667675441437e-01
1.135870496202819740e-01
1.147861588534233174e-01
1.115885342317136930e-01
1.109889796151430214e-01
1.035088220179297136e-01
1.018529092674009540e-01
1.139582024781587433e-01
1.099040712613484350e-01
1.102038485696337777e-01
1.067920972991492079e-01
1.029663678410324273e-01
1.024810141038087624e-01
9.956889168046603733e-02
1.088477131273904858e-01
1.060497915833949062e-01
1.074487523553930013e-01
1.034517215782560784e-01
1.015103066293610579e-01
9.956889168046603733e-02
1.089345057956946222e-01
1.045651801518874269e-01
9.834123222748769599e-02
1.039370753154797433e-01
1.019956603665848477e-01
9.975446810940449827e-02
9.956889168046603733e-02
9.956889168046603733e-02
1.002826471763833410e-01
9.785587849026441964e-02
9.854108376634522493e-02
1.003968480557299731e-01
9.956889168046603733e-02
9.956889168046603733e-02
9.956889168046603733e-02
9.768457717124427730e-02
9.787015360018284926e-02
1.001256209672816561e-01
9.531490892479872745e-02
9.856963398618209804e-02
9.682807057614359336e-02
9.751327585222413497e-02
9.819848112830481535e-02
9.528635870496209026e-02
9.528635870496209026e-02
9.641409238851136876e-02
9.665676925712332612e-02
9.641409238851161856e-02
9.738479986295907331e-02
9.528635870496209026e-02
9.594301376120589753e-02
9.391594815280086828e-02
9.208873408325247978e-02
9.617141551989953629e-02
9.514360760577883491e-02
9.528635870496209026e-02
9.516644778164809471e-02
9.437275167018777111e-02
9.254553760063952139e-02
9.528635870496209026e-02
9.528635870496209026e-02
9.478672985781999571e-02
9.507223205618689499e-02
9.482955518757481272e-02
9.214583452292560151e-02
9.081539427853600743e-02
9.637126705875617705e-02
9.528635870496209026e-02
9.528635870496209026e-02
9.528635870496209026e-02
9.277393935933316016e-02
9.026152001370421618e-02
9.528635870496209026e-02
9.528635870496209026e-02
9.528635870496209026e-02
9.521498315537040014e-02
9.340204419574033023e-02
9.088962485011138626e-02
8.837720550448245616e-02
8.515103066293620848e-02
9.485810540741168584e-02
9.514360760577871001e-02
9.403014903214737541e-02
9.151772968651855633e-02
8.900531034088962623e-02
8.649289099526068225e-02
9.478672985781999571e-02
9.507223205618689499e-02
9.465825386855454548e-02
9.143207902700817291e-02
8.963341517729667141e-02
8.626448923656691858e-02
8.929081253925638673e-02
9.500085650659520486e-02
9.528635870496209026e-02
9.277393935933316016e-02
8.904813567064444324e-02
8.682121852338239854e-02
8.822017929537999403e-02
8.565065951007792833e-02
8.109290241534833354e-02
9.191743276423233744e-02
8.960486495746017299e-02
8.737794781019812829e-02
8.515103066293620848e-02
8.292411351567378908e-02
9.350196996516876857e-02
9.196025809398715445e-02
8.930508764917470532e-02
8.793467709701360824e-02
8.570775994975168843e-02
8.219608290983843046e-02
8.056872037914693252e-02
7.804202592359966995e-02
9.000456803517356552e-02
8.849140638382896329e-02
8.626448923656691858e-02
8.403757208930512368e-02
8.089704790726888473e-02
7.779934905498772646e-02
8.936333009764171886e-02
8.790612687717659635e-02
8.682121852338239854e-02
8.345229258265264571e-02
8.122537543539072591e-02
7.908410894763868992e-02
7.801347570376292173e-02
8.810597841603373670e-02
8.659281676468913447e-02
8.408039741905981579e-02
8.156797807343087181e-02
7.905555872780194171e-02
7.794210015417123161e-02
7.822760235253813088e-02
8.650716610517887595e-02
8.470850225546736056e-02
8.219608290983843046e-02
7.968366356420948649e-02
7.787072460457954148e-02
7.815622680294644076e-02
8.592188659852650900e-02
8.533660709187440574e-02
8.282418774624560054e-02
8.031176840061665656e-02
7.779934905498772646e-02
7.779934905498772646e-02
7.779934905498772646e-02
8.425169873807994425e-02
8.116827499571721560e-02
8.093987323702370174e-02
7.819905213270099409e-02
7.801347570376292173e-02
7.779934905498772646e-02
7.779934905498772646e-02
8.193913093130777980e-02
8.156797807343126039e-02
7.905555872780194171e-02
7.794210015417110671e-02
7.779934905498772646e-02
7.779934905498772646e-02
8.270998686689884360e-02
7.962656312453547658e-02
7.968366356420948649e-02
7.779934905498772646e-02
7.779934905498772646e-02
7.779934905498772646e-02
7.779934905498772646e-02
8.282418774624560054e-02
8.031176840061615696e-02
7.779934905498772646e-02
7.779934905498772646e-02
7.779934905498772646e-02
7.779934905498772646e-02
7.779934905498772646e-02
7.694284245988677884e-02
7.819905213270099409e-02
7.779934905498772646e-02
7.779934905498772646e-02
7.779934905498772646e-02
7.779934905498772646e-02
7.778507394506928296e-02
7.779934905498772646e-02
7.779934905498772646e-02
7.779934905498772646e-02
7.779934905498772646e-02
7.779934905498772646e-02
7.748529663678432877e-02
7.711414377890704608e-02
7.779934905498772646e-02
7.779934905498772646e-02
7.779934905498772646e-02
7.598641009535803126e-02
7.718551932849886110e-02
7.688574202021378201e-02
7.779934905498772646e-02
7.779934905498772646e-02
7.779934905498772646e-02
7.774224861531459085e-02
7.688574202021353221e-02
7.665734026152012937e-02
7.757094729629432361e-02
7.779934905498772646e-02
7.779934905498772646e-02
7.735567863872537531e-02
7.658596471192843924e-02
7.642893850282636570e-02
7.734254553760068485e-02
7.779934905498772646e-02
7.779934905498772646e-02
7.508707817050214173e-02
7.528692970935878248e-02
7.620053674413310163e-02
7.711414377890704608e-02
7.765659795580420743e-02
7.779934905498772646e-02
7.779934905498772646e-02
7.505852795066539351e-02
7.597213498543946286e-02
7.688574202021378201e-02
7.779934905498772646e-02
7.280877062753397799e-02
7.779934905498772646e-02
7.483012619197174087e-02
7.574373322674581022e-02
7.665734026152012937e-02
7.757094729629432361e-02
7.737109575743730816e-02
7.418774624564626607e-02
7.460172443327810210e-02
7.551533146805242125e-02
7.642893850282636570e-02
7.734254553760068485e-02
7.240335750585269459e-02
7.694284245988690374e-02
7.437332267458483803e-02
7.528692970935878248e-02
7.620053674413310163e-02
7.711414377890704608e-02
7.765659795580420743e-02
7.323131388111675522e-02
7.414492091589107436e-02
7.505852795066539351e-02
7.597213498543946286e-02
