4.809735320961359140e-01
4.037602677213264490e-01
4.021904472163067013e-01
3.513842409491937935e-01
3.316093702464253390e-01
3.087922117432308489e-01
3.030118649224215477e-01
2.811560693641615427e-01
2.750228171585032411e-01
2.546394888956495239e-01
2.439914815941587600e-01
2.379069059933069386e-01
2.354730757529661378e-01
2.160511104350468503e-01
2.135686035898994584e-01
2.035290538484940681e-01
1.855795558259810407e-01
1.957651353818069540e-01
1.843626407058107097e-01
1.841070885305748639e-01
1.843626407058107097e-01
1.773653787648310776e-01
1.807118953452995780e-01
1.694554304837238567e-01
1.709765743839366248e-01
1.618497109826589342e-01
1.691512017036812254e-01
1.564222695466991053e-01
1.527228475813812714e-01
1.505932461210831297e-01
1.387283236994220070e-01
1.472467295406146293e-01
1.326437480985701856e-01
1.372071797992089337e-01
1.326437480985701856e-01
1.366960754487371588e-01
1.314268329783996325e-01
1.280803163979310488e-01
1.314268329783996325e-01
1.241253422573775911e-01
1.271676300578035435e-01
1.210830544569516248e-01
1.271676300578035435e-01
1.189534529966534693e-01
1.271676300578035435e-01
1.134773349558868272e-01
1.186492242166109351e-01
1.125646486157590165e-01
1.143900212960146379e-01
1.090112564648613863e-01
1.143900212960146379e-01
1.067843017949496182e-01
1.046547003346516846e-01
1.025250988743535291e-01
1.125646486157590165e-01
1.034377852144811177e-01
1.046547003346516846e-01
9.796166717371447563e-02
1.046547003346516846e-01
9.552783693337389692e-02
1.046547003346516846e-01
9.309400669303322107e-02
9.248554913294783353e-02
9.187709157286287620e-02
8.457560085184050169e-02
9.187709157286287620e-02
8.457560085184050169e-02
8.609674475205347788e-02
8.457560085184050169e-02
8.614542135686006907e-02
8.457560085184050169e-02
8.275022817158499133e-02
8.457560085184050169e-02
8.031639793124430160e-02
7.970794037115902508e-02
7.950106480073000637e-02
6.875570428962583802e-02
7.271067843017928189e-02
7.970794037115902508e-02
7.453605111043490328e-02
6.388804380894436141e-02
7.271067843017950394e-02
6.388804380894436141e-02
7.058107696988134838e-02
6.388804380894436141e-02
7.118953452996641673e-02
6.388804380894436141e-02
6.784301794949791631e-02
6.388804380894436141e-02
6.784301794949791631e-02
6.388804380894436141e-02
6.784301794949791631e-02
6.084575600851839516e-02
6.419227258898689559e-02
6.133252205658605571e-02
6.145421356860367862e-02
5.597809552783691855e-02
5.871615454822024655e-02
5.597809552783691855e-02
5.749923942805001270e-02
5.597809552783691855e-02
5.749923942805001270e-02
5.597809552783691855e-02
5.749923942805001270e-02
5.597809552783691855e-02
5.749923942805001270e-02
5.597809552783691855e-02
5.597809552783691855e-02
5.597809552783691855e-02
5.384849406753876994e-02
5.597809552783691855e-02
5.384849406753876994e-02
5.597809552783691855e-02
5.324003650745359750e-02
5.597809552783691855e-02
5.141466382719797612e-02
5.597809552783691855e-02
5.293580772741106333e-02
4.685123212655913777e-02
5.141466382719797612e-02
4.685123212655913777e-02
5.141466382719797612e-02
4.685123212655913777e-02
5.141466382719797612e-02
4.685123212655913777e-02
5.080620626711269960e-02
4.685123212655913777e-02
5.050197748707038053e-02
4.685123212655913777e-02
5.080620626711269960e-02
4.685123212655913777e-02
4.627928202007867281e-02
4.685123212655913777e-02
4.806814724672948264e-02
4.685123212655913777e-02
4.537876483115296788e-02
4.685123212655913777e-02
4.320048676604811705e-02
4.685123212655913777e-02
4.320048676604811705e-02
4.685123212655913777e-02
4.320048676604811705e-02
4.685123212655913777e-02
4.320048676604811705e-02
3.954974140553687428e-02
4.320048676604811705e-02
3.954974140553687428e-02
4.259202920596304870e-02
4.563431700638879984e-02
4.259202920596304870e-02
3.954974140553687428e-02
4.259202920596304870e-02
3.833282628536652942e-02
4.198357164587777218e-02
3.833282628536652942e-02
4.167934286583523801e-02
3.833282628536652942e-02
4.198357164587777218e-02
3.833282628536652942e-02
4.137511408579249567e-02
3.833282628536652942e-02
4.198357164587777218e-02
3.833282628536652942e-02
4.137511408579249567e-02
3.833282628536652942e-02
3.833282628536652942e-02
3.833282628536652942e-02
4.107088530574996149e-02
3.833282628536652942e-02
3.833282628536652942e-02
3.833282628536652942e-02
4.030422878004247256e-02
3.833282628536652942e-02
3.833282628536652942e-02
3.833282628536652942e-02
3.833282628536652942e-02
3.833282628536652942e-02
3.650745360511090803e-02
3.833282628536652942e-02
3.650745360511090803e-02
3.833282628536652942e-02
3.589899604502563152e-02
3.833282628536652942e-02
3.589899604502584662e-02
3.833282628536652942e-02
3.589899604502584662e-02
3.711591116519618455e-02
3.589899604502584662e-02
3.833282628536652942e-02
3.620322482506837386e-02
3.833282628536652942e-02
3.589899604502563152e-02
3.833282628536652942e-02
3.529053848494057011e-02
3.711591116519618455e-02
3.529053848494057011e-02
3.224825068451460386e-02
3.529053848494057011e-02
3.833282628536652942e-02
3.529053848494057011e-02
3.346516580468494872e-02
3.529053848494057011e-02
3.224825068451460386e-02
3.498630970489825104e-02
3.224825068451460386e-02
3.529053848494057011e-02
3.224825068451460386e-02
3.529053848494057011e-02
3.224825068451460386e-02
3.498630970489782083e-02
3.224825068451460386e-02
3.529053848494057011e-02
3.224825068451460386e-02
3.498630970489782083e-02
3.224825068451460386e-02
3.285670824459988038e-02
3.224825068451460386e-02
3.255247946455713803e-02
3.224825068451460386e-02
3.437785214481297452e-02
3.224825068451460386e-02
3.255247946455713803e-02
3.224825068451460386e-02
3.224825068451460386e-02
3.224825068451460386e-02
3.224825068451460386e-02
3.224825068451460386e-02
3.229692728932130608e-02
3.224825068451460386e-02
3.224825068451460386e-02
3.224825068451460386e-02
3.224825068451460386e-02
3.224825068451460386e-02
3.224825068451460386e-02
3.224825068451460386e-02
3.224825068451460386e-02
3.224825068451460386e-02
3.224825068451460386e-02
3.224825068451460386e-02
3.224825068451460386e-02
3.224825068451460386e-02
3.224825068451460386e-02
3.224825068451460386e-02
3.224825068451460386e-02
3.224825068451460386e-02
3.194402190447206968e-02
3.224825068451460386e-02
3.194402190447206968e-02
3.224825068451460386e-02
3.224825068451460386e-02
3.224825068451460386e-02
3.163979312442954245e-02
3.224825068451460386e-02
3.163979312442954245e-02
3.163979312442954245e-02
3.163979312442954245e-02
3.224825068451460386e-02
3.163979312442954245e-02
3.224825068451460386e-02
3.163979312442954245e-02
3.224825068451460386e-02
3.163979312442954245e-02
3.163979312442954245e-02
3.163979312442954245e-02
3.224825068451460386e-02
3.163979312442954245e-02
3.103133556434447757e-02
3.163979312442954245e-02
3.224825068451460386e-02
3.163979312442954245e-02
3.163979312442954245e-02
3.163979312442954245e-02
3.103133556434447757e-02
3.163979312442954245e-02
3.103133556434447757e-02
3.163979312442954245e-02
3.103133556434447757e-02
3.133556434438700827e-02
3.103133556434447757e-02
3.163979312442954245e-02
3.163979312442954245e-02
3.163979312442954245e-02
3.103133556434447757e-02
3.133556434438700827e-02
3.103133556434447757e-02
3.133556434438700827e-02
3.103133556434447757e-02
3.133556434438700827e-02
3.103133556434447757e-02
3.133556434438700827e-02
3.103133556434447757e-02
3.133556434438700827e-02
3.103133556434447757e-02
3.103133556434447757e-02
3.103133556434447757e-02
3.103133556434447757e-02
3.103133556434447757e-02
3.103133556434447757e-02
3.103133556434447757e-02
3.103133556434447757e-02
3.103133556434447757e-02
3.103133556434447757e-02
3.103133556434447757e-02
3.103133556434447757e-02
3.103133556434447757e-02
3.103133556434447757e-02
3.103133556434447757e-02
3.103133556434447757e-02
3.103133556434447757e-02
3.103133556434447757e-02
3.103133556434447757e-02
3.103133556434447757e-02
3.103133556434447757e-02
3.103133556434447757e-02
3.103133556434447757e-02
3.103133556434447757e-02
3.103133556434447757e-02
3.103133556434447757e-02
3.103133556434447757e-02
3.103133556434447757e-02
3.103133556434447757e-02
3.103133556434447757e-02
3.103133556434447757e-02
3.103133556434447757e-02
3.103133556434447757e-02
3.103133556434447757e-02
3.103133556434447757e-02
3.103133556434447757e-02
3.103133556434447757e-02
3.103133556434447757e-02
3.103133556434447757e-02
3.103133556434447757e-02
3.103133556434447757e-02
2.890173410404632548e-02
3.103133556434447757e-02
3.103133556434447757e-02
3.103133556434447757e-02
3.103133556434447757e-02
3.103133556434447757e-02
2.890173410404632548e-02
3.103133556434447757e-02
3.103133556434447757e-02
3.103133556434447757e-02
2.890173410404632548e-02
3.103133556434447757e-02
2.525098874353508271e-02
3.103133556434447757e-02
2.768481898387598408e-02
3.103133556434447757e-02
3.103133556434447757e-02
3.103133556434447757e-02
2.768481898387598408e-02
3.103133556434447757e-02
2.859750532400357620e-02
3.103133556434447757e-02
3.011864922421666688e-02
3.103133556434447757e-02
2.525098874353508271e-02
3.103133556434447757e-02
2.494675996349233690e-02
3.103133556434447757e-02
2.525098874353508271e-02
3.103133556434447757e-02
2.555521752357783200e-02
3.103133556434447757e-02
2.859750532400357620e-02
3.103133556434447757e-02
2.768481898387576551e-02
3.103133556434447757e-02
2.494675996349233690e-02
3.103133556434447757e-02
2.494675996349233690e-02
3.103133556434447757e-02
2.494675996349233690e-02
3.103133556434447757e-02
2.768481898387576551e-02
2.372984484332221061e-02
2.494675996349233690e-02
3.103133556434447757e-02
2.494675996349233690e-02
3.103133556434447757e-02
2.494675996349233690e-02
2.372984484332221061e-02
2.494675996349233690e-02
2.694250076057119400e-02
2.494675996349233690e-02
1.886218436264062645e-02
2.494675996349233690e-02
1.886218436264062645e-02
2.494675996349233690e-02
1.886218436264062645e-02
2.494675996349233690e-02
3.103133556434447757e-02
2.494675996349233690e-02
1.886218436264062645e-02
