5.141186299081034194e-01
4.858073755818115291e-01
4.739453395393244950e-01
4.402792696025779051e-01
4.201680391454825636e-01
4.037369614512471006e-01
3.780284043441937136e-01
3.547315908819664299e-01
3.584795321637425647e-01
3.405867048573814615e-01
3.513192505072202931e-01
3.276572383339298455e-01
3.227950829454588333e-01
3.119097744360902480e-01
3.031029955841985091e-01
3.016589091777058806e-01
2.921589688506981974e-01
2.919083422842819742e-01
2.804988662131518429e-01
2.744599594223653405e-01
2.762740183792813387e-01
2.700202888172812954e-01
2.623582766439907510e-01
2.579782790309105844e-01
2.585750089509488703e-01
2.516052034849027286e-01
2.509249313760592570e-01
2.502088554720132141e-01
2.482873851294902512e-01
2.427497314715358068e-01
2.430170664757131949e-01
2.335004177109439027e-01
2.351134980307910405e-01
2.292994390738750665e-01
2.399928392409592381e-01
2.273421649361496988e-01
2.209690893901420650e-01
2.145124716553288291e-01
2.090225563909775541e-01
2.224728487886385164e-01
2.190714882444204648e-01
2.203389425945813107e-01
2.148060627759874330e-01
2.056211958467595302e-01
2.038071368898436153e-01
1.995345506623695253e-01
2.139276763336913911e-01
2.045232127938893807e-01
2.013500417710942514e-01
1.902255639097745754e-01
1.859171738870986912e-01
1.872538489079838830e-01
1.849089390142018008e-01
1.934359708795796717e-01
1.935433822651867197e-01
1.860484544695066023e-01
1.826590285236901479e-01
1.775510204081634791e-01
1.771691132593387619e-01
1.722162549230218664e-01
1.811552691251939184e-01
1.756176154672393630e-01
1.724668814894378677e-01
1.698174006444682083e-01
1.685523332139872432e-01
1.699486812268766189e-01
1.615562716314594416e-01
1.686000716075903849e-01
1.623344074471893550e-01
1.591836734693877486e-01
1.592762859529777975e-01
1.590285236901777532e-01
1.437188208616783369e-01
1.505072204320327400e-01
1.476906552094522651e-01
1.576679794724906714e-01
1.513307077216854424e-01
1.494211719775624947e-01
1.372836854039861942e-01
1.394557823129252416e-01
1.466642797469864257e-01
1.457214464733259385e-01
1.446473326172572627e-01
1.301945339539322677e-01
1.346580737558180363e-01
1.343716433941996302e-01
1.398138202649481798e-01
1.380236305048334333e-01
1.287862513426422384e-01
1.256832557584435794e-01
1.256116481680390473e-01
1.281179138321994482e-01
1.284640171858216218e-01
1.310538250387873749e-01
1.272944265425463295e-01
1.270437999761307446e-01
1.232247284878862231e-01
1.229382981262678171e-01
1.239885427855351302e-01
1.238214584079245090e-01
1.238691968015274564e-01
1.219883040935671598e-01
1.228905597326648835e-01
1.218999880654013518e-01
1.238930659983290272e-01
1.222522974101917514e-01
1.213151927437641220e-01
1.206110514381188992e-01
1.224131757966342715e-01
1.215061463181762169e-01
1.181644587659626128e-01
1.137963957512829472e-01
1.195488721804510573e-01
1.208855472013365684e-01
1.200739945100848249e-01
1.155746509129968597e-01
1.143334526793171324e-01
1.130445160520347769e-01
1.167442415562714164e-01
1.151092015753670955e-01
1.103234276166606131e-01
1.014440864064924674e-01
1.141544337033058854e-01
1.126745435016110186e-01
1.124358515335957681e-01
1.056331304451605529e-01
1.063969447428095710e-01
1.023630504833511479e-01
1.110395035207062536e-01
1.121613557703783071e-01
1.089628833989735313e-01
1.058002148227710770e-01
1.060269721923854797e-01
1.055734574531567715e-01
1.116481680391454845e-01
1.020885547201337007e-01
1.087838644229620622e-01
1.065640291204200812e-01
1.047022317699009275e-01
1.028404344193816489e-01
1.013724788160878382e-01
1.014440864064924674e-01
1.014440864064924674e-01
1.070294784580497482e-01
1.051676811075306917e-01
1.018021243585151836e-01
9.965389664637783196e-02
1.014440864064924674e-01
1.002267573696145331e-01
1.027688268289767143e-01
1.051796157059316367e-01
1.009070294784578659e-01
1.001909535744120033e-01
9.965389664637792910e-02
1.001551497792099038e-01
9.965389664637783196e-02
1.001909535744122254e-01
9.900942833273659871e-02
9.869912877431639975e-02
9.965389664637772094e-02
9.965389664637783196e-02
9.965389664637783196e-02
9.958228905597331371e-02
9.965389664637783196e-02
9.883040935672503247e-02
9.965389664637772094e-02
9.929585869435490764e-02
9.900942833273659871e-02
9.719536937582080871e-02
9.449815013724800761e-02
9.772049170545393793e-02
9.965389664637783196e-02
9.936746628475952303e-02
9.213509965389655998e-02
9.213509965389697631e-02
9.385368182360688538e-02
9.643155507817179062e-02
9.900942833273670973e-02
8.601265067430488576e-02
9.039264828738506619e-02
9.063134025540021954e-02
9.320921350996533294e-02
9.578708676453066839e-02
9.803079126387423403e-02
9.804702231769868437e-02
8.740899868719428922e-02
8.939014202172113066e-02
9.156223893066006703e-02
9.397302780761424001e-02
9.721923857262196322e-02
8.436567609499930065e-02
8.533237856546155298e-02
8.869793531447695001e-02
9.098937820742356020e-02
9.316147511636239942e-02
9.061892827306380904e-02
8.175199904523207384e-02
8.432987229979697907e-02
8.722997971118282012e-02
9.041651748418685908e-02
9.234992242511065597e-02
9.416398138202665413e-02
8.236066356367087449e-02
8.390022675736963365e-02
8.626327724072077596e-02
8.900155149779188923e-02
9.046425587778959831e-02
9.285117555794283883e-02
8.189521422604111034e-02
8.418665711898794257e-02
8.561880892707965374e-02
8.676453037355305598e-02
8.972431077694247026e-02
8.225325217806425671e-02
8.297076023391818100e-02
8.239646735887361240e-02
8.366153478935481336e-02
8.487886382623252568e-02
8.175199904523207384e-02
8.232485976846866393e-02
8.203842940685036889e-02
8.175199904523207384e-02
8.175199904523207384e-02
8.406731113498015773e-02
8.607232366630888920e-02
8.239646735887329321e-02
8.127461510920157284e-02
8.165652225802606801e-02
8.175199904523207384e-02
8.325575844372841428e-02
8.175199904523207384e-02
8.175199904523207384e-02
8.074949277956801341e-02
8.156104547081975686e-02
8.160878386442260712e-02
8.175199904523207384e-02
8.175199904523207384e-02
8.175199904523207384e-02
8.170187373194874592e-02
8.146556868361366777e-02
8.150137247881597546e-02
8.049886621315181789e-02
8.175199904523207384e-02
8.175199904523207384e-02
8.041532402434656279e-02
8.137009189640766194e-02
8.175199904523207384e-02
8.110753073159084059e-02
8.175199904523207384e-02
7.957990213629313747e-02
8.024823964673594157e-02
8.091657715717863464e-02
8.158491466762145261e-02
7.947249075068640867e-02
8.128654970760230969e-02
7.941281775868240522e-02
8.008115526912511217e-02
8.017663205633131229e-02
8.122687671559851441e-02
7.869674185463676475e-02
8.048693161475119207e-02
7.924573338107178400e-02
7.991407089151449095e-02
8.058240840195718402e-02
7.757488960496482233e-02
7.813581572980110579e-02
8.037952022914456041e-02
7.907864900346105175e-02
7.974698651390385584e-02
8.041532402434656279e-02
8.027210884353741527e-02
7.757488960496482233e-02
7.724072084974337171e-02
7.690655209452190721e-02
7.660102637546226112e-02
8.024823964673594157e-02
7.757488960496482233e-02
7.757488960496482233e-02
7.732426303854894600e-02
7.699009428332748151e-02
7.665592552810603089e-02
8.008115526912520932e-02
7.757488960496482233e-02
8.101205394438484864e-02
7.740780522735409008e-02
7.707363647213263946e-02
7.530731590881947768e-02
7.886382623224727495e-02
7.916219119226632073e-02
7.757488960496482233e-02
7.749134741615945621e-02
7.715717866093800559e-02
7.682300990571665211e-02
7.534311970402189640e-02
7.879221864184264568e-02
7.757488960496482233e-02
7.757488960496482233e-02
7.724072084974337171e-02
7.556987707363629903e-02
7.468958109559586944e-02
7.757488960496482233e-02
7.757488960496482233e-02
7.757488960496482233e-02
7.732426303854894600e-02
7.582050364005239740e-02
7.531925050722042270e-02
7.381549110872408226e-02
7.324263038548768645e-02
7.757488960496482233e-02
7.740780522735409008e-02
7.707363647213263946e-02
7.506862394080411616e-02
7.406611767514016675e-02
7.356486454230798389e-02
7.447714524406205683e-02
7.732426303854873784e-02
7.632175677288478843e-02
7.531925050722042270e-02
7.431674424155647329e-02
7.331423797589210756e-02
7.757488960496482233e-02
7.757488960496482233e-02
7.657238333930045660e-02
7.556987707363650719e-02
7.456737080797214146e-02
7.356486454230820593e-02
7.256235827664382632e-02
7.747941281775871936e-02
7.682300990571676313e-02
7.582050364005239740e-02
7.481799737438844800e-02
7.381549110872408226e-02
7.224012411982332071e-02
7.161952500298356117e-02
7.506862394080496270e-02
7.130922544456379242e-02
7.506862394080411616e-02
7.406611767514016675e-02
7.239527389903331611e-02
7.198949755340744439e-02
7.130922544456379242e-02
7.632175677288478843e-02
7.531925050722042270e-02
7.431674424155605696e-02
7.255042367824308946e-02
7.192982456140334380e-02
7.757488960496482233e-02
7.657238333930045660e-02
7.556987707363650719e-02
7.456737080797214146e-02
7.356486454230820593e-02
7.208497434061332532e-02
7.146437522377357965e-02
7.488960496479286910e-02
7.582050364005239740e-02
7.481799737438844800e-02
7.286072323666287209e-02
7.224012411982332071e-02
7.161952500298356117e-02
7.130922544456379242e-02
7.074829931972771713e-02
7.130922544456379242e-02
7.301587301587285361e-02
7.239527389903331611e-02
7.177467478219355657e-02
7.130922544456379242e-02
7.130922544456379242e-02
7.379162191192260856e-02
7.317102279508264084e-02
7.255042367824308946e-02
7.192982456140334380e-02
7.130922544456379242e-02
6.930421291323549116e-02
6.968612006205988918e-02
7.332617257429263624e-02
7.270557345745308486e-02
7.208497434061332532e-02
7.146437522377357965e-02
7.130922544456379242e-02
7.130922544456379242e-02
6.997255042367818423e-02
7.286072323666287209e-02
7.224012411982332071e-02
7.140470223176989539e-02
7.130922544456379242e-02
7.039026136770479281e-02
6.987707363647208125e-02
7.025898078529647928e-02
7.239527389903331611e-02
7.145244062537284280e-02
6.982933524286935589e-02
7.130922544456337608e-02
6.978159684926597828e-02
7.016350399809039018e-02
7.054541114691478820e-02
