4.815009090557424987e-01
4.406019109512205878e-01
4.211829329619744544e-01
3.765285675602492166e-01
3.501605353758074912e-01
3.271888901783297499e-01
3.119801941897798470e-01
2.947274766933580259e-01
3.035085683339137086e-01
3.102394491509032903e-01
2.815364976209818737e-01
2.674944876407100991e-01
2.486170747746702658e-01
2.480352790994545531e-01
2.390623186723917770e-01
2.547677072453678471e-01
2.371900506750224957e-01
2.213655177749409286e-01
2.144984720126881239e-01
2.112877644965377999e-01
2.088507214421105040e-01
2.069552435108892308e-01
1.907856562608797879e-01
1.803473753433135207e-01
1.778267765270203360e-01
1.767436462806079855e-01
1.788093303934082112e-01
1.616571892770105601e-01
1.533016130904025776e-01
1.570152025066728352e-01
1.583304320916018859e-01
1.525047386948278627e-01
1.505164210282000925e-01
1.368612432787898736e-01
1.339600015473290384e-01
1.380078140110634344e-01
1.346176163397933834e-01
1.315229584929017703e-01
1.307492940311787144e-01
1.227805500754323431e-01
1.244826118912228247e-01
1.222699315306951112e-01
1.254496924683764780e-01
1.225097675138292624e-01
1.182159297512667545e-01
1.160496692584425532e-01
1.121813469498278842e-01
1.158175699199257003e-01
1.170167498355962205e-01
1.132257939731536739e-01
1.117171482727939980e-01
1.088932729875052713e-01
1.121039805036555953e-01
1.112715175428416470e-01
1.095895710030558579e-01
1.108258868128892960e-01
1.100847162585587014e-01
1.076940930718347511e-01
1.073846272871454288e-01
1.092924838497542905e-01
1.075006769564039455e-01
1.032842056400138930e-01
1.026142122161616266e-01
1.059533480329580418e-01
1.046303818034118871e-01
1.039031372093920241e-01
1.050249506788904358e-01
1.019689760550848562e-01
1.005763800239835304e-01
1.017755599396540506e-01
1.016595102703957143e-01
1.005763800239835304e-01
1.011953115933618141e-01
9.960929944682986314e-02
9.980271556226065488e-02
1.002669142392943746e-01
9.670805771536886142e-02
1.004216471316389525e-01
9.953193300065757421e-02
9.585702680747369697e-02
9.508336234575048840e-02
9.535414490735358295e-02
9.767513829252252866e-02
1.002669142392942081e-01
9.918378399288219072e-02
9.338130052996018726e-02
9.303315152218481765e-02
9.527677846118129401e-02
9.403891532242471263e-02
9.268500251440943416e-02
9.172411125294939460e-02
9.167923871416953918e-02
9.249158639897880896e-02
9.094425747553290529e-02
9.109899036787730275e-02
8.757881706703800340e-02
8.510309078952449369e-02
9.067347491392981074e-02
8.716722757340142347e-02
8.819774863641630103e-02
8.823643185950236223e-02
8.665041971297039736e-02
8.599280492050587199e-02
8.974507755986220470e-02
8.556728946655839385e-02
8.614753781285044987e-02
8.608564465591238279e-02
8.626358748210896654e-02
8.556728946655839385e-02
8.440679277397374058e-02
8.471625855866306287e-02
8.452284244323225726e-02
8.467757533557683514e-02
8.657305326679810842e-02
8.518045723569678263e-02
8.425205988162917659e-02
8.258868128892492277e-02
8.448415922014620993e-02
8.378786120459545683e-02
8.386522765076774577e-02
8.367181153533710669e-02
8.413601021237082644e-02
8.289814707361406465e-02
8.200843294263268635e-02
7.995822211906683519e-02
8.309156318904487026e-02
8.355576186607859002e-02
8.436810955088769326e-02
8.309156318904487026e-02
7.988085567289472666e-02
7.868167575722402607e-02
8.123476848090965818e-02
8.204711616571891408e-02
8.343971219682025375e-02
8.343971219682007334e-02
8.007427178832553227e-02
7.930060732660249023e-02
7.798537774167343950e-02
7.856562608796550939e-02
8.274341418126950065e-02
8.313024641213093147e-02
8.026768790375599094e-02
7.914587443425791236e-02
7.821747708019030632e-02
7.810142741093195617e-02
7.531623534872930459e-02
8.123476848090982472e-02
7.721171327995041134e-02
7.844957641870715925e-02
7.844957641870715925e-02
7.566438435650450767e-02
7.427178832540334841e-02
7.299524196356035888e-02
8.053847046535923815e-02
7.419442187923089294e-02
7.740512939538120307e-02
7.543228501798764085e-02
7.461993733317855149e-02
7.392363931762796492e-02
7.276314262504350594e-02
7.322734130207722569e-02
7.446520444083397361e-02
7.543228501798764085e-02
7.334339097133574237e-02
7.287919229430184220e-02
7.264709295578515580e-02
7.253104328652663912e-02
6.991760473482626359e-02
7.431047154848940961e-02
7.067424857839159358e-02
7.299524196356035888e-02
7.253104328652663912e-02
6.827588874705035893e-02
6.951375188580712072e-02
6.951375188580712072e-02
7.357549030985259531e-02
7.311129163281887555e-02
7.253104328652663912e-02
7.253104328652663912e-02
6.916560287803175111e-02
6.928165254729026779e-02
7.021004990135770729e-02
7.044214923987472676e-02
7.129318014776987733e-02
7.253104328652663912e-02
6.852500870372510433e-02
6.904955320877340097e-02
6.997795056284084048e-02
7.009400023209935715e-02
7.067424857839141317e-02
6.641909403891531338e-02
6.788905651618892811e-02
6.881745387025636762e-02
6.974585122432398754e-02
6.672855982360445526e-02
6.672855982360445526e-02
6.672855982360445526e-02
6.765695717767207518e-02
6.858535453173951468e-02
6.800510618544744479e-02
6.672855982360445526e-02
6.672855982360445526e-02
6.672855982360445526e-02
6.580016246953684922e-02
6.374995164597099806e-02
6.529728056941706826e-02
6.672855982360445526e-02
6.672855982360445526e-02
6.672855982360445526e-02
6.587752891570913816e-02
6.278287106881733082e-02
6.595489536188159363e-02
6.135159181462994382e-02
6.672855982360445526e-02
6.672855982360445526e-02
6.607094503113994377e-02
6.344048586128185618e-02
6.104212602994079501e-02
6.235735561486967227e-02
6.672855982360445526e-02
6.672855982360445526e-02
6.672855982360445526e-02
6.409810065374638155e-02
6.146764148388846050e-02
5.883718231403037291e-02
5.934006421415032040e-02
6.614831147731223271e-02
6.661251015434595246e-02
6.475571544621089304e-02
6.212525627635281239e-02
6.436888321534946222e-02
6.034582801439004884e-02
6.603226180805388257e-02
6.649646048508760232e-02
6.541333023867541840e-02
6.278287106881733082e-02
6.015241189895941670e-02
5.624540636725851306e-02
5.651618892886160761e-02
5.295733240493590704e-02
6.591621213879536589e-02
6.227998916869755680e-02
6.081002669142393513e-02
5.678697149046452175e-02
5.462071099764032739e-02
5.245445050481595956e-02
6.672855982360445526e-02
6.305365363042042537e-02
5.949479710649489828e-02
5.732853661367069698e-02
5.829561719082436422e-02
5.473676066689867059e-02
6.599357858496765483e-02
6.475571544621089304e-02
6.003636222970090003e-02
5.787010173687670567e-02
5.570384124405233783e-02
5.562647479788022237e-02
5.082975513519776695e-02
4.808324629608133616e-02
6.057792735290690872e-02
5.841166686008288089e-02
5.624540636725851306e-02
5.199025182778241327e-02
5.110053769680085456e-02
6.282155429190373896e-02
5.763800239835984579e-02
5.756063595218755685e-02
5.678697149046452175e-02
5.264786662024675823e-02
5.001740745038867758e-02
4.738694828053075653e-02
6.119066960659141213e-02
5.949479710649489828e-02
5.732853661367069698e-02
5.330548141271128360e-02
5.067502224285319601e-02
4.804456307299528189e-02
6.011372867587336244e-02
4.819929596533985283e-02
5.787010173687670567e-02
5.396309620517580202e-02
5.133263703531788791e-02
4.870217786545980032e-02
4.761904761904761640e-02
5.964952999883946921e-02
5.570384124405251131e-02
5.462071099764032739e-02
5.199025182778241327e-02
4.935979265792432569e-02
4.750299794978927320e-02
4.738694828053075653e-02
5.790878495996293340e-02
5.326679818962522239e-02
5.264786662024675823e-02
5.001740745038867758e-02
4.738694828053075653e-02
4.785114695756447628e-02
5.732853661367069698e-02
5.407914587443431870e-02
5.082975513519794042e-02
4.990135778113032744e-02
4.804456307299528189e-02
4.773509728830613308e-02
4.738694828053075653e-02
4.738694828053075653e-02
5.164210282000703672e-02
5.133263703531788791e-02
4.870217786545980032e-02
4.738694828053075653e-02
4.738694828053075653e-02
4.738694828053075653e-02
5.462071099764032739e-02
5.199025182778241327e-02
4.935979265792432569e-02
4.738694828053075653e-02
4.738694828053075653e-02
4.738694828053075653e-02
4.738694828053075653e-02
4.440834010289729933e-02
4.734826505744470226e-02
4.738694828053075653e-02
4.738694828053075653e-02
4.738694828053075653e-02
4.738694828053075653e-02
5.082975513519794042e-02
4.429229043363895613e-02
4.742563150361699120e-02
4.738694828053075653e-02
4.738694828053075653e-02
4.738694828053075653e-02
4.738694828053075653e-02
4.688406638041080904e-02
4.746431472670304547e-02
4.738694828053075653e-02
4.738694828053075653e-02
4.738694828053075653e-02
4.738694828053075653e-02
4.305442729488219433e-02
4.738694828053075653e-02
4.738694828053075653e-02
4.738694828053075653e-02
4.738694828053075653e-02
4.738694828053075653e-02
4.243549572550390364e-02
4.491122200301742029e-02
4.738694828053075653e-02
4.738694828053075653e-02
3.965030366330124512e-02
4.073343390971342903e-02
4.181656415612543948e-02
4.429229043363895613e-02
4.676801671115246584e-02
4.738694828053075653e-02
4.738694828053075653e-02
4.255154539476224684e-02
4.119763258674714879e-02
4.367335886426049196e-02
4.614908514177400167e-02
4.738694828053075653e-02
4.738694828053075653e-02
4.738694828053075653e-02
4.057870101736885809e-02
4.305442729488219433e-02
4.553015357239571098e-02
4.738694828053075653e-02
4.738694828053075653e-02
3.866465513906603563e-02
3.995976944799038699e-02
4.243549572550390364e-02
4.491122200301742029e-02
4.738694828053075653e-02
4.676801671115246584e-02
3.965030366330124512e-02
3.934083787861209630e-02
4.181656415612543948e-02
4.429229043363895613e-02
4.676801671115246584e-02
3.481490077753290197e-02
3.624618003172028896e-02
3.872190630923363214e-02
4.119763258674714879e-02
4.367335886426049196e-02
4.599435224942943073e-02
4.738694828053075653e-02
3.562724846234199827e-02
3.655564581640943778e-02
4.057870101736885809e-02
4.305442729488219433e-02
4.553015357239571098e-02
4.723221538818618559e-02
3.423465243124067248e-02
3.748404317047705075e-02
3.995976944799038699e-02
4.243549572550390364e-02
