4.271682563364772034e-01
4.138470009413686701e-01
3.890730182412390215e-01
3.976050158966980552e-01
3.813786611250243874e-01
3.682584678780128074e-01
3.541819861103711053e-01
3.457338235555320605e-01
3.413111667643559111e-01
3.167254578071437843e-01
3.194742544537395590e-01
3.045238983321788551e-01
2.998348164331007260e-01
2.913326583897266620e-01
2.927464876289943008e-01
2.780234809328432366e-01
2.707767179979040928e-01
2.643825154082521389e-01
2.555904868474805358e-01
2.645246087991332540e-01
2.512090371396601962e-01
2.553240617395783341e-01
2.445093337596134786e-01
2.360455409317776532e-01
2.311326619420615014e-01
2.298360597502707992e-01
2.347169677270386501e-01
2.285572192323403751e-01
2.225360117937513482e-01
2.151649171417915063e-01
2.109021154153568056e-01
2.129624695831336678e-01
2.120743858901262824e-01
2.125894744320705465e-01
1.974472922328201485e-01
1.940462869220795916e-01
1.966217296318005514e-01
1.981016322978281508e-01
1.938153851618976131e-01
1.862844354451965168e-01
1.880606028312107880e-01
1.857871085771121977e-01
1.831228574980907353e-01
1.817729702847200590e-01
1.789517060087742473e-01
1.796060460737821107e-01
1.740644038294169582e-01
1.781318271433900702e-01
1.776167386014459726e-01
1.715820322907230799e-01
1.686115699543525026e-01
1.653896023161221529e-01
1.739045487646757315e-01
1.717731479014582840e-01
1.701035505586046548e-01
1.672972060887018830e-01
1.652723752686452163e-01
1.619687039306584586e-01
1.584874158540701961e-01
1.699792188415837624e-01
1.654322303333866373e-01
1.633185911440294680e-01
1.607459903021257464e-01
1.586117475710912272e-01
1.563204916431325531e-01
1.677945329567858690e-01
1.614713770625738343e-01
1.584518925063498340e-01
1.566757251203352574e-01
1.540469973890338240e-01
1.533010070869080810e-01
1.567467718157759815e-01
1.539759506935934052e-01
1.572973837054402746e-01
1.514182696577325571e-01
1.453437771975630843e-01
1.504413775954246690e-01
1.518978348519562926e-01
1.506722793556064810e-01
1.453615388714233347e-01
1.419690591641355748e-01
1.359656133994071314e-01
1.424308626844993653e-01
1.480435516243052141e-01
1.504349833928349256e-01
1.410454521234083269e-01
1.369425054617145476e-01
1.347755812507772377e-01
1.391627146942328030e-01
1.371023605264562739e-01
1.342782543826929187e-01
1.356103799222039552e-01
1.303884478073213393e-01
1.294293174188735351e-01
1.339052592316299639e-01
1.270847764693344151e-01
1.229995914815012054e-01
1.322768689721316171e-01
1.207438589012632124e-01
1.264986412319498987e-01
1.309035363492655757e-01
1.226443580042983483e-01
1.230706381769417768e-01
1.280076730431073118e-01
1.175645192802970140e-01
1.223246478748157007e-01
1.221115077884944722e-01
1.215701319692365223e-01
1.219694143976128575e-01
1.017033445231877858e-01
1.115866503259264897e-01
1.153372053782346501e-01
1.164455338271079832e-01
1.152910250261984376e-01
1.180440844745213741e-01
9.934104189978885946e-02
1.027512832809363980e-01
1.068009449210493983e-01
1.136214276833449471e-01
1.065167581392874319e-01
9.953642031225015674e-02
9.768920623079516141e-02
1.015967744800273243e-01
1.057885295110213009e-01
1.054332960338181385e-01
9.843519653292123750e-02
9.937656524750891618e-02
9.760039786149433960e-02
1.006198824177191309e-01
1.045274506669508219e-01
1.007264524608797451e-01
9.911014013960657565e-02
9.903909344416615690e-02
9.751158949219382310e-02
9.813324807729868759e-02
9.916342516118767381e-02
9.733397275359231826e-02
9.632155734356406818e-02
9.681888421164805414e-02
9.635708069128443021e-02
9.649917408216587833e-02
9.751158949219365657e-02
9.736949610131251376e-02
9.619722562654302311e-02
9.669455249462702295e-02
9.458091330526985363e-02
9.458091330526985363e-02
9.683664588550816577e-02
9.529138025967570647e-02
9.564661373687856349e-02
9.401253974174528238e-02
9.298236265785693455e-02
9.426120317578735863e-02
9.406582476332575604e-02
9.456315163140974200e-02
9.252055913749299143e-02
9.404806308946549176e-02
9.390596969858434895e-02
9.458091330526985363e-02
9.394149304630471098e-02
9.443881991438871082e-02
9.369282961226263473e-02
9.230741905117142987e-02
9.319550274417864877e-02
9.284026926697579174e-02
9.369282961226263473e-02
9.369282961226263473e-02
9.369282961226263473e-02
9.227189570345170622e-02
9.141933535816422485e-02
9.255608248521335346e-02
9.369282961226263473e-02
9.369282961226263473e-02
8.925241114722642921e-02
9.369282961226263473e-02
9.113514857640193922e-02
9.227189570345123437e-02
9.330207278733942955e-02
9.369282961226263473e-02
9.369282961226263473e-02
8.921688779950621984e-02
9.085096179463950095e-02
9.134828866272381998e-02
9.181009218308776310e-02
8.623292659100194324e-02
8.722758032717009558e-02
8.889717767002358606e-02
9.017601818795401014e-02
9.070886840375835813e-02
8.580664641835852868e-02
8.586206284080204199e-02
8.641054332960329543e-02
8.754729045665257670e-02
8.985630805847151514e-02
9.028258823111494358e-02
8.570007637519759525e-02
8.570007637519759525e-02
8.626844993872231915e-02
8.683682350224672386e-02
8.935756025647961787e-02
8.570007637519759525e-02
8.570007637519759525e-02
8.570007637519759525e-02
8.612635654784100980e-02
8.733415037033087636e-02
8.626844993872215261e-02
8.570007637519759525e-02
8.570007637519759525e-02
8.570007637519759525e-02
8.598426315695986699e-02
8.655263672048459089e-02
8.445675920498736666e-02
8.570007637519759525e-02
8.570007637519759525e-02
8.570007637519759525e-02
8.584216976607889071e-02
8.481199268219022369e-02
8.466989929130908088e-02
8.570007637519759525e-02
8.570007637519759525e-02
8.570007637519759525e-02
8.570007637519759525e-02
8.498960942079188119e-02
8.502513276851209056e-02
8.356867551198016164e-02
8.317791868705694258e-02
8.516722615939323338e-02
8.559350633203681447e-02
8.516722615939323338e-02
8.445675920498736666e-02
8.374629225058166648e-02
8.232535834177009959e-02
8.189907816912651850e-02
8.548693628887588103e-02
8.438571250954664260e-02
8.463437594358887150e-02
8.392390898918301867e-02
8.204117156000781397e-02
8.495408607307151916e-02
8.157936803964402350e-02
8.482975435605001613e-02
8.481199268219022369e-02
8.410152572778452351e-02
8.211221825544823272e-02
8.182803147368609975e-02
8.168593808280495694e-02
8.570007637519759525e-02
8.307134864389616180e-02
8.427914246638586182e-02
8.218326495088895678e-02
8.189907816912651850e-02
8.161489138736423288e-02
8.504289444237235485e-02
8.234312001563019734e-02
8.253849842809181381e-02
8.225431164632952818e-02
8.051366760803531364e-02
7.966110726274830411e-02
7.955453721958784252e-02
7.969663061046883268e-02
8.165041473508459491e-02
8.232535834177009959e-02
8.204117156000781397e-02
8.175698477824552834e-02
7.992753237065049199e-02
8.179250812596526587e-02
8.028276584785333514e-02
8.239640503721067100e-02
8.072680769435702786e-02
8.001634073995131380e-02
7.934139713326582299e-02
7.859540683113974691e-02
8.083337773751796129e-02
7.944796717642675643e-02
8.090442443295853270e-02
8.019395747855266599e-02
7.948349052414696581e-02
8.033605086943396145e-02
7.891511696062239456e-02
7.934139713326582299e-02
8.108204117156003754e-02
8.037157421715417083e-02
7.966110726274830411e-02
7.895064030834260393e-02
7.880854691746146112e-02
7.923482709010504221e-02
7.859540683113974691e-02
8.054919095575567567e-02
7.983872400134997549e-02
7.912825704694410878e-02
7.870197687430068034e-02
7.914246638603215922e-02
7.955453721958753721e-02
8.072680769435702786e-02
7.859540683113974691e-02
7.930587378554546096e-02
7.859540683113974691e-02
7.902168700378317534e-02
7.859540683113974691e-02
7.859540683113974691e-02
8.019395747855266599e-02
7.948349052414696581e-02
7.877302356974109909e-02
7.891511696062239456e-02
7.859540683113974691e-02
7.859540683113974691e-02
7.859540683113974691e-02
7.966110726274847065e-02
7.895064030834260393e-02
7.859540683113974691e-02
7.859540683113974691e-02
7.859540683113974691e-02
7.859540683113974691e-02
7.859540683113974691e-02
7.747642137795056339e-02
7.859540683113974691e-02
7.859540683113974691e-02
7.859540683113974691e-02
7.859540683113974691e-02
7.859540683113974691e-02
7.859540683113974691e-02
7.859540683113974691e-02
7.859540683113974691e-02
7.859540683113974691e-02
7.859540683113974691e-02
7.859540683113974691e-02
7.859540683113974691e-02
7.822241168007711132e-02
7.859540683113974691e-02
7.859540683113974691e-02
7.859540683113974691e-02
7.859540683113974691e-02
7.731656631320917017e-02
7.749418305181099420e-02
7.859540683113974691e-02
7.859540683113974691e-02
7.859540683113974691e-02
7.859540683113974691e-02
7.665938438038440161e-02
7.694357116214621539e-02
7.859540683113974691e-02
7.859540683113974691e-02
7.859540683113974691e-02
7.859540683113974691e-02
7.600220244755868937e-02
7.639295927248222762e-02
7.859540683113974691e-02
7.859540683113974691e-02
7.008756505213044330e-02
7.271629278343218206e-02
7.363989982415929114e-02
7.584234738281744881e-02
7.804479494147575913e-02
7.859540683113974691e-02
7.859540683113974691e-02
7.557592227491510828e-02
7.468783858190837510e-02
7.529173549315267000e-02
7.749418305181099420e-02
7.763627644269212313e-02
7.859540683113974691e-02
7.140192891778171513e-02
7.401573684304010858e-02
7.474112360348884876e-02
7.694357116214621539e-02
7.859540683113974691e-02
6.971456990106718321e-02
6.978561659650822646e-02
7.198806415516653678e-02
7.419051171382406995e-02
7.639295927248222762e-02
7.859540683113974691e-02
7.667714605424387486e-02
6.923500470684344765e-02
7.143745226550175798e-02
7.363989982415929114e-02
7.584234738281744881e-02
7.760075309497255214e-02
6.536295980533211869e-02
6.868439281717945988e-02
6.817782987868768740e-02
7.308928793449530337e-02
7.529173549315267000e-02
7.749418305181099420e-02
7.763627644269212313e-02
6.813378092751483373e-02
7.033622848617299139e-02
7.253867604483052456e-02
7.474112360348884876e-02
7.694357116214621539e-02
7.811584163691555338e-02
6.758316903785006879e-02
6.978561659650822646e-02
6.708584216976701264e-02
7.419051171382406995e-02
