5.059615570366077231e-01
4.789787179239511916e-01
4.893022956308960558e-01
4.815338549212786479e-01
4.382594417077173010e-01
4.235326314433818795e-01
4.113139508677033374e-01
3.996909108470974581e-01
4.109114910331949089e-01
4.095308928168968077e-01
3.857014069995813310e-01
3.697800959464243586e-01
3.501561544157893446e-01
3.571589555362375545e-01
3.702141086319588048e-01
3.539238224025239021e-01
3.425577127402686939e-01
3.351981712225121091e-01
3.152870343539714293e-01
3.159953636627064744e-01
3.320293634695257179e-01
3.320293634695257179e-01
3.247206928748512245e-01
3.143372291445312716e-01
3.058578833832380495e-01
2.964358157055925758e-01
2.983032293377121946e-01
3.070929521233781156e-01
3.110370585015614364e-01
2.941556392672010078e-01
2.761640748253326727e-01
2.685212015840819366e-01
2.758942657522776010e-01
2.941820406323451542e-01
2.993335265140538715e-01
2.885797997359862421e-01
2.483177178917544692e-01
2.565922920892494408e-01
2.689880549921117026e-01
2.743166232010046390e-01
2.319456518239478571e-01
2.278727582987217504e-01
2.356643806948066078e-01
2.394796999259474479e-01
2.453717119031521288e-01
2.165072925722005825e-01
2.100840336134453257e-01
2.169902443736119457e-01
2.190965581634950199e-01
2.135290897968382118e-01
2.054315979265268488e-01
2.039666441289155474e-01
2.091342284040051402e-01
2.036601307189536414e-01
2.049486461251166236e-01
1.948710518690234261e-01
1.929392446633826086e-01
1.893975981197074943e-01
1.999903409639718077e-01
1.971248269422712918e-01
1.853729997746224045e-01
1.889951382851992046e-01
1.866608712450496532e-01
1.833767989954601108e-01
1.821050259184131548e-01
1.791590199298109531e-01
1.829582407675710842e-01
1.854856885282849532e-01
1.787404617019217878e-01
1.740880260150037551e-01
1.769535400367042988e-01
1.770823271837470014e-01
1.772916062976910845e-01
1.756817669596568987e-01
1.721884155961231344e-01
1.660014810521907025e-01
1.762774075147299779e-01
1.764544898419138919e-01
1.717215621880933407e-01
1.757300621397983875e-01
1.677613574165300325e-01
1.657329598506062651e-01
1.762774075147299779e-01
1.750861264045848464e-01
1.733796967062687100e-01
1.653626968028585886e-01
1.633182008435553612e-01
1.590360282043850049e-01
1.579574358479024221e-01
1.417302553205181115e-01
1.741524195885246762e-01
1.653305000160982530e-01
1.596155703660775138e-01
1.501336166650570902e-01
1.402331047361470850e-01
1.361441128175407966e-01
1.299945265462507105e-01
1.608873434431246086e-01
1.515985704626675312e-01
1.486525644740651908e-01
1.383656911040276327e-01
1.370778196336008004e-01
1.322483016194979932e-01
1.687433594127302483e-01
1.502302070253387634e-01
1.475739721175827468e-01
1.362728999645834993e-01
1.340835184648571377e-01
1.267426510834220310e-01
1.299945265462507105e-01
1.485263530699622581e-01
1.427122573167194652e-01
1.349451044785725806e-01
1.340513216780965244e-01
1.302360024469556843e-01
1.153610869635211256e-01
1.162304002060595004e-01
1.387842493319166592e-01
1.327151550275279257e-01
1.299140345793486084e-01
1.151035126694355676e-01
1.151035126694355676e-01
1.160050226987346805e-01
1.099681251811071431e-01
1.302360024469555178e-01
1.258411410541227793e-01
1.177597475771918756e-01
1.162786953862002676e-01
1.157796451914100133e-01
1.125116713352007497e-01
1.121897034675938404e-01
1.181622074117000265e-01
1.147602949225662028e-01
1.137512476254869537e-01
1.137834444122477057e-01
1.045268682185519632e-01
1.072152999130687318e-01
1.081973019092695165e-01
1.170031230883157580e-01
1.130751151035127994e-01
1.000515148588171088e-01
1.026272577996716201e-01
1.066035609646157900e-01
1.075694645674362543e-01
1.100808139347694142e-01
9.940757912360341508e-02
9.940757912360341508e-02
1.009691232814966810e-01
1.014681734762870741e-01
1.024984706526289036e-01
1.045268682185522546e-01
9.940757912360341508e-02
9.311310731188959799e-02
1.000354164654368161e-01
1.012105991822016549e-01
1.015647638365691774e-01
1.056859525419359264e-01
9.940757912360341508e-02
9.449756914259867246e-02
9.734698477091946467e-02
9.858656106120609885e-02
9.570494864612497099e-02
9.699282011655237234e-02
9.274284426414233784e-02
9.115554267684078393e-02
9.077884027174064341e-02
9.232428603625388031e-02
9.390192858752673122e-02
9.145497279371493649e-02
9.272674587076203123e-02
9.163205512089885041e-02
9.015100292990753383e-02
9.266235229724067990e-02
9.412730609485184252e-02
9.496442255062917392e-02
9.304871373836866300e-02
9.176084226794141430e-02
9.047297079751430438e-02
9.015100292990753383e-02
9.015100292990753383e-02
9.214720370906984148e-02
8.974854309539909147e-02
9.208281013554833749e-02
8.905631218004463057e-02
9.015100292990753383e-02
8.923339450722825306e-02
8.942657522779232093e-02
9.031198686371098849e-02
9.153546476061688586e-02
9.005441256962556928e-02
8.990952702920240736e-02
8.918509932708719445e-02
9.269454908400127924e-02
8.957146076821533021e-02
9.232428603625388031e-02
8.894362342638208185e-02
8.894362342638208185e-02
8.913680414694614973e-02
8.932998486751021761e-02
8.894362342638208185e-02
8.894362342638208185e-02
8.894362342638208185e-02
8.889532824624117591e-02
8.836408126468973945e-02
8.894362342638208185e-02
8.894362342638208185e-02
8.894362342638208185e-02
8.894362342638208185e-02
8.794552303680114314e-02
8.855726198525394610e-02
8.749476802215136462e-02
8.894362342638208185e-02
8.894362342638208185e-02
8.894362342638208185e-02
8.850896680511274872e-02
8.875044270581787520e-02
8.773624392285649110e-02
8.677034032003601294e-02
8.894362342638208185e-02
8.495122186805760534e-02
8.694742264721991298e-02
8.894362342638208185e-02
8.797771982356160370e-02
8.701181622074126432e-02
8.303551305579724706e-02
8.522489455552348381e-02
8.644837245242938117e-02
8.844457323159167494e-02
8.115200103029734935e-02
8.725329212144639079e-02
8.649602369683455361e-02
8.105541067001495459e-02
8.594932225763897427e-02
8.794552303680114314e-02
8.836408126468973945e-02
8.749476802215136462e-02
8.652886441933103912e-02
8.074954119578862943e-02
8.282623394185259502e-02
8.532148491580529570e-02
8.865385234553575799e-02
8.749476802215136462e-02
7.878553720338721256e-02
8.044367172156230428e-02
8.380823593805336591e-02
8.052416368846396222e-02
8.894362342638208185e-02
8.797771982356160370e-02
7.852796290930179335e-02
7.955826008564362284e-02
8.058855726198545233e-02
8.347016967706628876e-02
8.231108535368189538e-02
7.926848900479731286e-02
7.793232235422900556e-02
7.930068579155806485e-02
8.033098296789974169e-02
8.136128014424186261e-02
8.276184036833152124e-02
7.152516178885363896e-02
7.830258540197683470e-02
7.904311149747263177e-02
8.007340867381432248e-02
8.110370585015615197e-02
8.022730931453030123e-02
7.220644579671037233e-02
7.751376412634027047e-02
7.835088058211803208e-02
7.332818184745158729e-02
8.084613155607073276e-02
7.139637464181078363e-02
7.043047103899030548e-02
7.242667181815247435e-02
7.814160146817351882e-02
7.955826008564362284e-02
7.260375414533623561e-02
7.163785054251575746e-02
7.067194693969543196e-02
7.192762162336206744e-02
7.793232235422900556e-02
7.930068579155806485e-02
7.284523004604120944e-02
7.187932644322087006e-02
7.091342284040040578e-02
7.142857142857153563e-02
7.342477220773384328e-02
7.904311149747263177e-02
7.043047103899030548e-02
7.212080234392599654e-02
7.115489874110565716e-02
7.092952123378112872e-02
7.292572201294329759e-02
7.492192279210560524e-02
7.332818184745158729e-02
7.236227824463110914e-02
7.139637464181078363e-02
7.043047103899030548e-02
7.242667181815247435e-02
7.043047103899030548e-02
7.299011558646421871e-02
7.183103126307982533e-02
7.163785054251575746e-02
7.067194693969514052e-02
7.192762162336206744e-02
7.043047103899030548e-02
7.043047103899030548e-02
7.284523004604120944e-02
7.187932644322102271e-02
7.091342284040040578e-02
7.043047103899030548e-02
7.043047103899030548e-02
7.043047103899030548e-02
7.241057342477216774e-02
7.212080234392585776e-02
7.115489874110565716e-02
7.043047103899030548e-02
7.292572201294300616e-02
7.043047103899030548e-02
7.043047103899030548e-02
7.154126018223365413e-02
7.139637464181049220e-02
7.043047103899030548e-02
7.043047103899030548e-02
7.043047103899030548e-02
7.043047103899030548e-02
7.043047103899030548e-02
7.067194693969527930e-02
6.996361763096080322e-02
7.043047103899030548e-02
7.043047103899030548e-02
7.043047103899030548e-02
7.043047103899030548e-02
6.762935059081098821e-02
6.949676422293071809e-02
7.043047103899030548e-02
7.043047103899030548e-02
7.043047103899030548e-02
7.043047103899030548e-02
6.629318394024311112e-02
6.830548311278529516e-02
7.043047103899030548e-02
7.043047103899030548e-02
7.043047103899030548e-02
7.043047103899030548e-02
7.043047103899030548e-02
6.759715380405095786e-02
7.043047103899030548e-02
7.043047103899030548e-02
7.043047103899030548e-02
7.043047103899030548e-02
6.405550726037526066e-02
6.688882449531560748e-02
6.972214173025596817e-02
7.043047103899030548e-02
7.043047103899030548e-02
7.043047103899030548e-02
6.334717795164092335e-02
6.618049518658027097e-02
6.901381242152063167e-02
7.043047103899030548e-02
7.043047103899030548e-02
5.980553140796607964e-02
6.263884864290557297e-02
6.547216587784593367e-02
6.830548311278529516e-02
7.043047103899030548e-02
5.900061173894820959e-02
6.350816188544437801e-02
6.193051933417124261e-02
6.476383656911059716e-02
6.759715380405095786e-02
7.043047103899030548e-02
7.043047103899030548e-02
5.800251134936727088e-02
6.122219002543576039e-02
6.405550726037526066e-02
6.688882449531560748e-02
6.972214173025596817e-02
5.634437683119247059e-02
7.043047103899030548e-02
6.051386071670041694e-02
6.334717795164092335e-02
6.618049518658027097e-02
6.901381242152063167e-02
5.413889693808537212e-02
5.697221417302572588e-02
5.980553140796607964e-02
6.263884864290557297e-02
6.547216587784593367e-02
6.830548311278529516e-02
5.338227244920997622e-02
5.602240896358526984e-02
5.909720209923074313e-02
6.193051933417124261e-02
6.476383656911059716e-02
