5.012412837281822187e-01
4.731690415349300016e-01
4.381740222616830049e-01
4.051972800900858762e-01
3.650656156611372660e-01
3.408185716141884369e-01
3.289791675689723305e-01
3.230975789336911763e-01
3.099952358265841146e-01
3.267789856641691859e-01
2.889583784486117191e-01
2.797869115163064135e-01
2.622894018796829152e-01
2.619429165403439064e-01
2.580553510329590128e-01
2.500116938802025568e-01
2.271644506041836931e-01
2.287669452986270668e-01
2.230326129325650442e-01
2.139737537355449470e-01
2.074580969292735277e-01
2.122222703451859260e-01
1.944215860366406701e-01
1.923426740006062285e-01
1.898306552903979982e-01
1.854562778812421098e-01
1.875698384512106964e-01
1.832474338429554428e-01
1.717701069773484579e-01
1.744553683572264147e-01
1.752349603707392400e-01
1.697778162761487686e-01
1.630646628264539877e-01
1.608558187881675150e-01
1.596431201004806788e-01
1.582138680757070315e-01
1.591667027588893890e-01
1.553120533587420693e-01
1.548356360171510016e-01
1.558317813677508323e-01
1.544458400103944917e-01
1.518038892979340082e-01
1.469964052146043310e-01
1.495084239248127556e-01
1.495517345922300345e-01
1.456970851920827426e-01
1.515873359608471971e-01
1.434449304863787689e-01
1.418857464593528961e-01
1.442678331673090952e-01
1.418424357919356171e-01
1.408636147083024426e-01
1.409762224435880118e-01
1.404131837671615812e-01
1.357789423535014361e-01
1.348261076703192729e-01
1.349127290051538308e-01
1.349993503399887773e-01
1.369916410411884666e-01
1.343063796613105099e-01
1.297154489150678380e-01
1.253843821733292285e-01
1.250812075014076652e-01
1.306249729308327223e-01
1.295855169128155848e-01
1.294122742431462747e-01
1.277664688812856220e-01
1.236086448092165585e-01
1.231322274676252826e-01
1.287193035644677852e-01
1.267270128632681236e-01
1.277664688812854277e-01
1.249512754991554397e-01
1.220061501147733929e-01
1.180215687123738477e-01
1.156394820044178429e-01
1.264671488587638393e-01
1.274632942093638643e-01
1.249079648317381469e-01
1.216163541080168831e-01
1.154229286673306570e-01
1.121746286110268526e-01
1.098791632379054195e-01
1.248629217376239359e-01
1.257741781800857661e-01
1.171120446966087691e-01
1.143401619818962406e-01
1.110918619255922557e-01
1.097059205682359012e-01
1.036233704361384789e-01
1.198839274113212838e-01
1.165056953527652539e-01
1.124344926155313312e-01
1.090008229026807884e-01
1.047355883754165912e-01
1.023864177746979798e-01
9.744900168911606320e-02
1.155528606695827021e-01
1.133007059638789227e-01
1.075836978647839864e-01
1.044653298107324213e-01
1.002988436051801963e-01
9.731906968686383774e-02
1.165490060201827272e-01
1.114816579323485851e-01
1.055047858287493506e-01
1.026462817792020699e-01
1.008272337476721070e-01
9.580319632725543821e-02
9.736238035428131099e-02
9.571657499242067213e-02
1.004807484083326818e-01
1.029927671185413007e-01
9.636623500368146633e-02
9.601974966434242975e-02
9.376759495863808136e-02
9.398414829572528106e-02
9.978777772965459480e-02
9.770886569362034757e-02
9.463380830698607526e-02
9.277144960803844487e-02
9.311793494737748145e-02
9.294469227770796316e-02
9.277144960803844487e-02
8.168391874918796980e-02
9.095240157650827384e-02
9.181861492485587917e-02
9.229503226644734937e-02
9.298800294512524212e-02
9.311793494737748145e-02
8.047122006150132789e-02
8.358958811555289303e-02
9.129888691584732430e-02
9.177530425743860021e-02
7.007319502793545041e-02
7.570704664558892960e-02
7.795920135129288941e-02
8.168391874918796980e-02
8.584174282125685285e-02
9.138550825068207650e-02
6.808436918012926442e-02
7.297847459829349959e-02
7.609684265234525902e-02
8.008142405474462378e-02
8.341634544588337474e-02
8.861362553596936753e-02
6.713153449694671260e-02
7.111611589934606348e-02
7.510069730174560865e-02
7.908527870414497341e-02
8.298323877170937779e-02
6.713153449694671260e-02
6.704491316211194651e-02
6.916713586556386129e-02
7.297847459829369388e-02
7.687643466585809826e-02
8.120750140759669389e-02
6.713153449694671260e-02
6.695829182727718043e-02
6.812767984754654338e-02
7.159253324093733939e-02
7.514400796916290148e-02
6.652518515310339164e-02
6.635194248343385948e-02
6.591883580926005681e-02
6.604876781151210186e-02
6.994672787907670053e-02
7.401793061631081749e-02
7.280523192862398130e-02
6.604876781151210186e-02
6.587552514184258357e-02
6.604876781151210186e-02
6.838754385205082775e-02
7.206895058252861530e-02
6.604876781151210186e-02
6.643856381826862556e-02
6.583221447442530461e-02
6.591883580926005681e-02
6.604876781151210186e-02
6.604876781151210186e-02
6.604876781151210186e-02
6.518255446316431612e-02
6.578890380700783136e-02
6.578890380700783136e-02
6.563645025769866692e-02
6.604876781151210186e-02
6.474944778899051345e-02
6.509593312832955003e-02
6.513924379574702328e-02
6.565897180475578632e-02
6.544241846766858661e-02
6.583221447442511032e-02
6.340681709905163221e-02
6.500931179349479783e-02
6.535579713283383441e-02
6.518255446316431612e-02
6.388323444064271384e-02
6.336350643163396468e-02
6.358005976872115050e-02
6.492269045866003174e-02
6.409978777772971925e-02
6.388323444064271384e-02
6.392654510806018708e-02
6.349343843388620401e-02
6.297371042487763526e-02
6.210749707652984258e-02
6.388323444064290813e-02
6.388323444064271384e-02
6.388323444064271384e-02
6.362337043613842946e-02
6.310364242712987459e-02
6.171770106977352011e-02
6.388323444064271384e-02
6.028844904499968543e-02
6.388323444064271384e-02
6.375330243839047450e-02
6.323357442938191963e-02
6.262722508553859868e-02
6.106804105851271897e-02
6.388323444064271384e-02
6.353674910130367726e-02
6.388323444064271384e-02
6.301702109229492810e-02
6.215080774394731583e-02
6.128459439559952315e-02
6.388323444064271384e-02
6.345012776646891117e-02
6.379661310580796163e-02
6.323357442938191963e-02
6.236736108103412002e-02
6.150114773268652163e-02
6.106804105851271897e-02
6.336350643163415897e-02
6.370999177097319555e-02
6.345012776646891117e-02
6.258391441812112543e-02
6.171770106977352011e-02
5.989865303824335602e-02
5.968209970115636448e-02
6.362337043613842946e-02
6.366668110355572230e-02
6.280046775520811697e-02
6.132790506301700334e-02
6.002858504049559535e-02
5.950885703148683925e-02
6.353674910130367726e-02
5.846940101346952828e-02
5.981203170340859687e-02
6.137121573043447659e-02
6.119797306076495830e-02
5.963878903373907858e-02
5.911906102473032248e-02
6.340681709905143792e-02
6.115466239334747811e-02
6.141452639785176248e-02
6.028844904499968543e-02
5.976872103599112362e-02
5.924899302698256182e-02
5.872926501797380572e-02
5.826670708995591169e-02
5.968209970115636448e-02
6.041838104725191783e-02
5.989865303824335602e-02
5.907575035731304353e-02
5.872926501797380572e-02
5.647711031226984590e-02
5.933561436181732096e-02
6.054831304950396287e-02
6.002858504049559535e-02
5.950885703148683925e-02
5.881588635280856486e-02
5.630386764260032761e-02
5.933561436181712667e-02
5.721339165836540619e-02
6.015851704274764039e-02
5.924899302698256182e-02
5.890250768764333095e-02
5.652042097968732609e-02
5.656373164710460505e-02
5.691021698644364857e-02
5.725670232578269209e-02
5.933561436181712667e-02
5.760318766512192296e-02
5.673697431677413028e-02
5.647711031226984590e-02
5.833946901121748324e-02
5.717008099094793294e-02
5.868595435055651982e-02
5.781974100220892143e-02
5.695352765386112875e-02
5.639048897743508676e-02
5.673697431677413028e-02
5.708345965611316686e-02
5.890250768764351830e-02
5.803629433929572562e-02
5.717008099094793294e-02
5.630386764260032761e-02
5.665035298193937113e-02
5.695352765386112875e-02
5.630386764260032761e-02
5.825284767638272410e-02
5.738663432803492448e-02
5.652042097968732609e-02
5.630386764260032761e-02
5.630386764260032761e-02
5.630386764260032761e-02
5.846940101346952828e-02
5.760318766512192296e-02
5.673697431677413028e-02
5.630386764260032761e-02
5.630386764260032761e-02
5.630386764260032761e-02
5.630386764260032761e-02
5.781974100220892143e-02
5.695352765386112875e-02
5.630386764260032761e-02
5.630386764260032761e-02
5.630386764260032761e-02
5.630386764260032761e-02
5.630386764260032761e-02
5.717008099094793294e-02
5.630386764260032761e-02
5.630386764260032761e-02
5.630386764260032761e-02
5.630386764260032761e-02
5.630386764260032761e-02
5.630386764260032761e-02
5.647711031226984590e-02
5.630386764260032761e-02
5.630386764260032761e-02
5.630386764260032761e-02
5.587076096842652495e-02
5.630386764260032761e-02
5.665035298193937113e-02
5.630386764260032761e-02
5.630386764260032761e-02
5.630386764260032761e-02
5.630386764260032761e-02
5.630386764260032761e-02
5.617393564034808828e-02
5.630386764260032761e-02
5.630386764260032761e-02
5.630386764260032761e-02
5.630386764260032761e-02
5.595738230326128410e-02
5.613062497293080932e-02
5.630386764260032761e-02
5.630386764260032761e-02
5.630386764260032761e-02
5.630386764260032761e-02
5.591407163584381085e-02
5.608731430551332914e-02
5.647711031226984590e-02
5.630386764260032761e-02
5.630386764260032761e-02
5.630386764260032761e-02
5.587076096842652495e-02
5.604400363809604324e-02
5.621724630776556847e-02
5.630386764260032761e-02
5.630386764260032761e-02
5.565420763133952647e-02
5.582745030100905170e-02
5.600069297067856999e-02
5.617393564034808828e-02
5.587076096842652495e-02
5.630386764260032761e-02
5.561089696392224752e-02
5.578413963359176581e-02
5.595738230326128410e-02
5.613062497293080932e-02
5.630386764260032761e-02
5.630386764260032761e-02
5.626055697518285437e-02
5.574082896617429256e-02
5.591407163584381085e-02
5.608731430551332914e-02
5.626055697518285437e-02
5.630386764260032761e-02
5.552427562908748837e-02
5.569751829875700666e-02
5.587076096842652495e-02
5.604400363809604324e-02
5.621724630776556847e-02
5.543765429425272229e-02
5.548096496167000818e-02
5.565420763133952647e-02
5.582745030100905170e-02
5.600069297067856999e-02
5.617393564034808828e-02
5.491792628524416048e-02
5.587076096842652495e-02
5.561089696392224752e-02
5.578413963359176581e-02
5.595738230326128410e-02
