6.384950926935659687e-01
5.599781897491822313e-01
5.556161395856051843e-01
5.049509269356597940e-01
5.283533260632498063e-01
4.623773173391493296e-01
4.885496183206107235e-01
4.424754634678297882e-01
4.607415485278080203e-01
4.128462377317337340e-01
4.182115594329335884e-01
3.942202835332604405e-01
3.849509269356596874e-01
3.713195201744819429e-01
3.664122137404581259e-01
3.538713195201744210e-01
3.396946564885496289e-01
3.418756815703380414e-01
3.304252998909486538e-01
3.206106870229009087e-01
3.287895310796074555e-01
3.162922573609596166e-01
3.140676117775355047e-01
3.050708833151580812e-01
3.026172300981461727e-01
2.933478735005450311e-01
2.960741548527807687e-01
2.843511450381679406e-01
2.949836423118866180e-01
2.783533260632495843e-01
2.628135223555069233e-01
2.615812431842964303e-01
2.628135223555069233e-01
2.606324972737187329e-01
2.628135223555069233e-01
2.557251908396945272e-01
2.508178844056705437e-01
2.491821155943293453e-01
2.404580152671755844e-01
2.450926935659760719e-01
2.170119956379498727e-01
2.420937840785167827e-01
2.170119956379498727e-01
2.253217011995638230e-01
2.170119956379498727e-01
2.265976008724099877e-01
2.170119956379498727e-01
2.197382769901854438e-01
2.071973827699019055e-01
2.107415485278079925e-01
2.071973827699019055e-01
2.069247546346781874e-01
2.071973827699019055e-01
2.077426390403488976e-01
2.001090512540893152e-01
2.022900763358777276e-01
1.946564885496183395e-01
1.982006543075246208e-01
1.946564885496183395e-01
1.995637949836423231e-01
1.946564885496183395e-01
1.960196292257360418e-01
1.924754634678297605e-01
1.960196292257360418e-01
1.924754634678297605e-01
1.935659760087239389e-01
1.919302071973827406e-01
1.922028353326062367e-01
1.924754634678297605e-01
1.889312977099238400e-01
1.919302071973827406e-01
1.883860414394764593e-01
1.902944383860413480e-01
1.878407851690294672e-01
1.919302071973827406e-01
1.872955288985822531e-01
1.837513631406761661e-01
1.845692475463466820e-01
1.902944383860413480e-01
1.813413304252997627e-01
1.821155943293347734e-01
1.793893129770992023e-01
1.837513631406761661e-01
1.807524536532168768e-01
1.821155943293347734e-01
1.815703380588875870e-01
1.821155943293347734e-01
1.763358778625953305e-01
1.821155943293347734e-01
1.660305343511449261e-01
1.821155943293347734e-01
1.695747001090512351e-01
1.712104689203926278e-01
1.603053435114504544e-01
1.679389312977100368e-01
1.695747001090512351e-01
1.712104689203926278e-01
1.586695747001088674e-01
1.679389312977100368e-01
1.622137404580153430e-01
1.679389312977100368e-01
1.624863685932386448e-01
1.679389312977100368e-01
1.545801526717557606e-01
1.679389312977100368e-01
1.578516902944381572e-01
1.679389312977100368e-01
1.521264994547436855e-01
1.679389312977100368e-01
1.537622682660850781e-01
1.679389312977100368e-01
1.518538713195199952e-01
1.314067611777535449e-01
1.502181025081786025e-01
1.679389312977100368e-01
1.502181025081786025e-01
1.254089422028351886e-01
1.466739367502725155e-01
1.254089422028351886e-01
1.466739367502725155e-01
1.619411123227916527e-01
1.466739367502725155e-01
1.254089422028351886e-01
1.466739367502725155e-01
1.254089422028351886e-01
1.447655398037075991e-01
1.254089422028351886e-01
1.431297709923664008e-01
1.254089422028351886e-01
1.384950926935659410e-01
1.254089422028351886e-01
1.436750272628134206e-01
1.254089422028351886e-01
1.417666303162485320e-01
1.254089422028351886e-01
1.414940021810250081e-01
1.254089422028351886e-01
1.414940021810250081e-01
1.254089422028351886e-01
1.254089422028351886e-01
1.254089422028351886e-01
1.254089422028351886e-01
1.254089422028351886e-01
1.254089422028351886e-01
1.215921483097053973e-01
1.235005452562702860e-01
1.254089422028351886e-01
1.235005452562702860e-01
1.254089422028351886e-01
1.254089422028351886e-01
1.215921483097053973e-01
1.235005452562702860e-01
1.215921483097053973e-01
1.235005452562702860e-01
1.215921483097053973e-01
1.232279171210467900e-01
1.215921483097053973e-01
1.232279171210467900e-01
1.215921483097053973e-01
1.232279171210467900e-01
1.215921483097053973e-01
1.235005452562702860e-01
1.215921483097053973e-01
1.205016357688111911e-01
1.215921483097053973e-01
1.218647764449290877e-01
1.215921483097053973e-01
1.215921483097053973e-01
1.215921483097053973e-01
1.215921483097053973e-01
1.215921483097053973e-01
1.215921483097053973e-01
1.215921483097053973e-01
1.215921483097053973e-01
1.215921483097053973e-01
1.183206106870228064e-01
1.210468920392583914e-01
1.183206106870228064e-01
1.215921483097053973e-01
1.183206106870228064e-01
1.215921483097053973e-01
1.185932388222463024e-01
1.215921483097053973e-01
1.183206106870228064e-01
1.215921483097053973e-01
1.185932388222463024e-01
1.155943293347872075e-01
1.183206106870228064e-01
1.155943293347872075e-01
1.183206106870228064e-01
1.150490730643402154e-01
1.183206106870228064e-01
1.215921483097053973e-01
1.183206106870228064e-01
1.150490730643402154e-01
1.183206106870228064e-01
1.155943293347872075e-01
1.180479825517992964e-01
1.150490730643402154e-01
1.166848418756816080e-01
1.150490730643402154e-01
1.150490730643402154e-01
1.150490730643402154e-01
1.169574700109051041e-01
1.150490730643402154e-01
1.166848418756816080e-01
1.150490730643402154e-01
1.155834242093781022e-01
1.150490730643402154e-01
1.166848418756816080e-01
1.150490730643402154e-01
1.150490730643402154e-01
1.150490730643402154e-01
1.150490730643402154e-01
1.150490730643402154e-01
1.150490730643402154e-01
1.150490730643402154e-01
1.125954198473281265e-01
1.150490730643402154e-01
1.150490730643402154e-01
1.150490730643402154e-01
1.125954198473281265e-01
1.150490730643402154e-01
1.106870229007632239e-01
1.150490730643402154e-01
1.106870229007632239e-01
1.150490730643402154e-01
1.104143947655397279e-01
1.150490730643402154e-01
1.104143947655397279e-01
1.150490730643402154e-01
1.106870229007632239e-01
1.150490730643402154e-01
1.104143947655397279e-01
1.150490730643402154e-01
1.104143947655397279e-01
1.150490730643402154e-01
1.101417666303162318e-01
1.150490730643402154e-01
1.090512540894220256e-01
1.150490730643402154e-01
1.090512540894220256e-01
1.150490730643402154e-01
1.090512540894220256e-01
1.150490730643402154e-01
1.090512540894220256e-01
1.150490730643402154e-01
1.090512540894220256e-01
1.150490730643402154e-01
1.090512540894220256e-01
1.057797164667392403e-01
1.090512540894220256e-01
1.123227917121048108e-01
1.081352235550707003e-01
1.057797164667392403e-01
1.090512540894220256e-01
1.030534351145038496e-01
1.090512540894220256e-01
1.030534351145038496e-01
1.090512540894220256e-01
1.030534351145038496e-01
1.090512540894220256e-01
1.057797164667392403e-01
1.090512540894220256e-01
1.057797164667392403e-01
1.081352235550707003e-01
1.030534351145038496e-01
1.076881134133043372e-01
1.030534351145038496e-01
1.090512540894220256e-01
1.030534351145038496e-01
1.076881134133043372e-01
1.030534351145038496e-01
1.076881134133043372e-01
1.030534351145038496e-01
1.063249727371866349e-01
1.030534351145038496e-01
1.030534351145038496e-01
1.030534351145038496e-01
1.065976008724101309e-01
1.030534351145038496e-01
1.076881134133043372e-01
1.030534351145038496e-01
1.063249727371866349e-01
1.030534351145038496e-01
1.030534351145038496e-01
1.030534351145038496e-01
1.063249727371866349e-01
1.030534351145038496e-01
1.030534351145038496e-01
1.030534351145038496e-01
1.030534351145038496e-01
1.030534351145038496e-01
1.030534351145038496e-01
1.030534351145038496e-01
1.030534351145038496e-01
1.030534351145038496e-01
1.030534351145038496e-01
1.030534351145038496e-01
1.030534351145038496e-01
1.030534351145038496e-01
1.030534351145038496e-01
1.030534351145038496e-01
1.030534351145038496e-01
1.030534351145038496e-01
1.030534351145038496e-01
1.030534351145038496e-01
1.016902944383861473e-01
1.030534351145038496e-01
1.030534351145038496e-01
1.030534351145038496e-01
1.030534351145038496e-01
1.030534351145038496e-01
1.030534351145038496e-01
1.030534351145038496e-01
1.030534351145038496e-01
1.030534351145038496e-01
1.030534351145038496e-01
1.030534351145038496e-01
1.030534351145038496e-01
1.030534351145038496e-01
1.030534351145038496e-01
1.030534351145038496e-01
1.030534351145038496e-01
1.030534351145038496e-01
1.011450381679389610e-01
1.030534351145038496e-01
1.030534351145038496e-01
1.030534351145038496e-01
9.999999999999997780e-02
1.030534351145038496e-01
9.978189749182125867e-02
1.030534351145038496e-01
9.978189749182125867e-02
1.030534351145038496e-01
1.011450381679389610e-01
1.030534351145038496e-01
1.011450381679389610e-01
1.030534351145038496e-01
1.011450381679389610e-01
1.030534351145038496e-01
9.978189749182125867e-02
1.030534351145038496e-01
9.978189749182125867e-02
1.030534351145038496e-01
9.978189749182125867e-02
1.030534351145038496e-01
9.978189749182125867e-02
1.030534351145038496e-01
9.978189749182125867e-02
1.003271537622684589e-01
9.978189749182125867e-02
9.923664122137405841e-02
9.978189749182125867e-02
1.030534351145038496e-01
9.978189749182125867e-02
1.003271537622684589e-01
9.978189749182125867e-02
9.923664122137405841e-02
9.978189749182125867e-02
9.923664122137405841e-02
9.978189749182125867e-02
9.651035986913866771e-02
9.787350054525637000e-02
9.651035986913866771e-02
9.978189749182125867e-02
9.651035986913866771e-02
9.978189749182125867e-02
9.923664122137405841e-02
9.978189749182125867e-02
9.651035986913866771e-02
9.978189749182125867e-02
9.651035986913866771e-02
9.978189749182125867e-02
9.651035986913866771e-02
9.841875681570355638e-02
9.923664122137405841e-02
9.787350054525637000e-02
9.651035986913866771e-02
9.841875681570355638e-02
9.651035986913866771e-02
9.978189749182125867e-02
9.651035986913866771e-02
9.978189749182125867e-02
9.651035986913866771e-02
9.841875681570355638e-02
9.651035986913866771e-02
9.651035986913866771e-02
9.651035986913866771e-02
9.651035986913866771e-02
9.651035986913866771e-02
9.787350054525637000e-02
9.651035986913866771e-02
9.651035986913866771e-02
9.651035986913866771e-02
