4.649151978716328792e-01
4.367010309278350211e-01
4.183571666112403942e-01
3.797805121383436844e-01
3.811107416029265171e-01
3.472430994346523692e-01
3.431992018623211127e-01
3.239108746258730354e-01
3.378782840039905588e-01
3.062853342201528606e-01
3.139341536415033440e-01
2.929830395743266425e-01
2.999667442633853209e-01
2.746923844363153289e-01
2.740272697040240235e-01
2.610575324243432638e-01
2.687063518456933031e-01
2.570668440305952651e-01
2.667110076488192760e-01
2.494180246092450870e-01
2.421017625540404783e-01
2.374991686065846541e-01
2.414366478217491729e-01
2.268041237113404551e-01
2.414366478217491729e-01
2.205387429331557014e-01
2.354506152311273137e-01
2.144995011639507509e-01
2.061855670103092397e-01
2.118390422347854185e-01
2.061855670103092397e-01
2.071832391087461422e-01
1.935483870967740772e-01
1.952111739275022850e-01
2.061855670103092397e-01
1.882274692384437453e-01
1.915530428999001611e-01
1.833987362820086731e-01
1.935483870967740772e-01
1.822414366478216363e-01
1.915530428999001611e-01
1.752577319587629856e-01
1.822414366478216363e-01
1.732623877618889585e-01
1.822414366478216363e-01
1.709344861988693343e-01
1.589624210176255881e-01
1.659461257066844608e-01
1.589624210176255881e-01
1.632856667775191284e-01
1.589624210176255881e-01
1.619554373129364067e-01
1.589624210176255881e-01
1.529763884270037011e-01
1.549717326238777282e-01
1.529763884270038121e-01
1.503159294978384797e-01
1.516461589624212014e-01
1.503159294978384797e-01
1.476554705686730085e-01
1.503159294978384797e-01
1.486531426671100498e-01
1.483205853009643138e-01
1.429996674426338710e-01
1.496508147655471743e-01
1.456601263717992312e-01
1.483205853009643138e-01
1.426671100764880518e-01
1.483205853009643138e-01
1.376787495843030673e-01
1.483205853009643138e-01
1.376787495843030673e-01
1.483205853009643138e-01
1.356834053874291512e-01
1.483205853009643138e-01
1.336880611905552352e-01
1.310276022613900138e-01
1.370136348520117620e-01
1.270369138676421816e-01
1.330229464582640408e-01
1.270369138676421816e-01
1.260924509477883426e-01
1.270369138676421816e-01
1.257066844030595709e-01
1.270369138676421816e-01
1.207183239108747114e-01
1.270369138676421816e-01
1.234852011972064206e-01
1.270369138676421816e-01
1.210508812770203085e-01
1.084137013634852570e-01
1.180578649817092540e-01
1.270369138676421816e-01
1.167276355171268792e-01
1.270369138676421816e-01
1.173927502494180597e-01
1.030927835051546892e-01
1.150648486863984354e-01
1.030927835051546892e-01
1.120718323910876169e-01
1.030927835051546892e-01
1.140671765879614080e-01
1.030927835051546892e-01
1.120718323910876169e-01
1.030927835051546892e-01
1.094113734619222705e-01
1.030927835051546892e-01
1.094113734619222705e-01
1.030927835051546892e-01
1.047555703358828971e-01
1.030927835051546892e-01
1.024276687728633839e-01
1.030927835051546892e-01
1.020951114067176618e-01
1.024276687728633839e-01
1.027602261390089672e-01
1.030927835051546892e-01
1.020951114067176618e-01
1.010974393082806483e-01
1.017625540405720785e-01
1.017625540405719536e-01
1.020951114067176618e-01
1.010974393082806483e-01
1.010974393082806483e-01
1.025340871300298579e-01
1.014299966744262455e-01
1.010974393082806483e-01
1.010974393082806483e-01
1.010974393082806483e-01
1.000997672098437458e-01
1.010974393082806483e-01
1.008180911207183506e-01
1.010974393082806483e-01
9.511140671765877519e-02
1.010974393082806483e-01
9.511140671765877519e-02
1.010974393082806483e-01
9.477884935151317802e-02
1.010974393082806483e-01
9.511140671765877519e-02
1.010974393082806483e-01
9.411373461922199757e-02
1.010974393082806483e-01
9.411373461922187267e-02
1.010974393082806483e-01
9.411373461922187267e-02
1.010974393082806483e-01
9.411373461922187267e-02
1.010974393082806483e-01
9.145327569005654023e-02
9.245094778849355377e-02
9.344861988693056731e-02
8.713002993016298603e-02
9.145327569005654023e-02
8.713002993016298603e-02
9.145327569005654023e-02
9.577652144995008054e-02
9.145327569005654023e-02
8.713002993016298603e-02
9.145327569005654023e-02
8.713002993016298603e-02
9.078816095776522099e-02
8.713002993016298603e-02
8.480212836714336178e-02
8.713002993016298603e-02
8.846025939474559674e-02
8.713002993016298603e-02
8.846025939474559674e-02
8.713002993016298603e-02
8.315264383105988588e-02
8.713002993016298603e-02
8.413701363485204254e-02
8.713002993016298603e-02
8.081143997339540475e-02
8.713002993016298603e-02
8.081143997339540475e-02
8.713002993016298603e-02
8.713002993016298603e-02
8.713002993016298603e-02
8.047888260724980758e-02
8.713002993016298603e-02
8.114399733954098803e-02
8.713002993016298603e-02
7.920186232125037140e-02
8.713002993016298603e-02
7.781842367808446126e-02
8.713002993016298603e-02
7.781842367808446126e-02
8.713002993016298603e-02
7.715330894579315590e-02
8.713002993016298603e-02
7.715330894579315590e-02
6.850681742600593649e-02
7.914865314266707197e-02
8.579980046558037532e-02
7.715330894579315590e-02
8.579980046558037532e-02
7.715330894579315590e-02
8.713002993016298603e-02
7.715330894579315590e-02
6.717658796142332578e-02
7.715330894579315590e-02
6.717658796142332578e-02
7.715330894579315590e-02
6.717658796142332578e-02
7.715330894579315590e-02
6.717658796142332578e-02
7.715330894579315590e-02
6.717658796142332578e-02
7.648819421350185055e-02
6.717658796142332578e-02
7.648819421350185055e-02
6.717658796142332578e-02
7.648819421350185055e-02
6.717658796142332578e-02
7.648819421350185055e-02
6.717658796142332578e-02
7.648819421350185055e-02
6.717658796142332578e-02
7.582307948121054519e-02
6.717658796142332578e-02
7.382773528433650423e-02
6.717658796142332578e-02
6.717658796142332578e-02
6.717658796142332578e-02
6.717658796142332578e-02
6.717658796142332578e-02
7.382773528433650423e-02
6.717658796142332578e-02
6.717658796142332578e-02
6.717658796142332578e-02
6.717658796142332578e-02
6.717658796142332578e-02
6.484868639840370153e-02
6.717658796142332578e-02
6.484868639840370153e-02
6.717658796142332578e-02
6.717658796142332578e-02
6.717658796142332578e-02
6.717658796142332578e-02
6.717658796142332578e-02
6.551380113069500688e-02
6.717658796142332578e-02
6.717658796142332578e-02
6.717658796142332578e-02
6.551380113069500688e-02
6.717658796142332578e-02
6.551380113069500688e-02
6.717658796142332578e-02
6.484868639840370153e-02
6.717658796142332578e-02
6.651147322913202042e-02
6.717658796142332578e-02
6.717658796142332578e-02
6.717658796142332578e-02
6.418357166611239617e-02
6.252078483538406339e-02
6.418357166611239617e-02
6.717658796142332578e-02
6.418357166611239617e-02
6.717658796142332578e-02
6.418357166611239617e-02
6.717658796142332578e-02
6.418357166611239617e-02
6.717658796142332578e-02
6.484868639840370153e-02
6.584635849684071507e-02
6.418357166611239617e-02
6.252078483538406339e-02
6.418357166611239617e-02
6.717658796142332578e-02
6.418357166611239617e-02
6.119055537080145962e-02
6.418357166611239617e-02
6.252078483538406339e-02
6.418357166611239617e-02
6.119055537080145962e-02
6.418357166611239617e-02
6.584635849684071507e-02
6.418357166611239617e-02
6.119055537080145962e-02
6.285334220152978546e-02
6.252078483538406339e-02
6.418357166611239617e-02
6.119055537080145962e-02
6.418357166611239617e-02
6.119055537080145962e-02
6.218822746923835521e-02
6.119055537080145962e-02
6.418357166611239617e-02
6.119055537080145962e-02
6.351845693382109082e-02
6.119055537080145962e-02
6.185567010309276498e-02
6.119055537080145962e-02
6.119055537080145962e-02
6.119055537080145962e-02
6.124376454938475905e-02
6.119055537080145962e-02
6.124376454938475905e-02
6.119055537080145962e-02
6.119055537080145962e-02
6.119055537080145962e-02
6.119055537080145962e-02
6.119055537080145962e-02
6.119055537080145962e-02
6.119055537080145962e-02
6.119055537080145962e-02
6.119055537080145962e-02
6.119055537080145962e-02
6.119055537080145962e-02
6.119055537080145962e-02
6.119055537080145962e-02
6.119055537080145962e-02
6.119055537080145962e-02
6.119055537080145962e-02
6.119055537080145962e-02
6.119055537080145962e-02
6.119055537080145962e-02
6.119055537080145962e-02
6.119055537080145962e-02
6.119055537080145962e-02
6.119055537080145962e-02
6.119055537080145962e-02
6.119055537080145962e-02
6.119055537080145962e-02
6.119055537080145962e-02
6.119055537080145962e-02
6.119055537080145962e-02
5.919521117392753662e-02
6.119055537080145962e-02
6.119055537080145962e-02
6.119055537080145962e-02
6.119055537080145962e-02
6.119055537080145962e-02
5.986032590621873095e-02
6.119055537080145962e-02
6.119055537080145962e-02
6.119055537080145962e-02
6.119055537080145962e-02
6.119055537080145962e-02
6.119055537080145962e-02
6.119055537080145962e-02
6.119055537080145962e-02
6.119055537080145962e-02
5.986032590621873095e-02
6.119055537080145962e-02
6.119055537080145962e-02
6.119055537080145962e-02
5.786498170934468999e-02
6.119055537080145962e-02
5.986032590621873095e-02
6.119055537080145962e-02
5.919521117392753662e-02
6.119055537080145962e-02
5.986032590621873095e-02
6.119055537080145962e-02
5.919521117392741866e-02
6.119055537080145962e-02
6.119055537080145962e-02
6.119055537080145962e-02
5.719986697705350259e-02
6.119055537080145962e-02
5.719986697705350259e-02
6.119055537080145962e-02
6.119055537080145962e-02
6.119055537080145962e-02
5.919521117392753662e-02
6.119055537080145962e-02
5.719986697705350259e-02
6.119055537080145962e-02
5.719986697705350259e-02
6.119055537080145962e-02
5.719986697705350259e-02
6.119055537080145962e-02
5.719986697705350259e-02
5.719986697705350259e-02
5.719986697705350259e-02
5.719986697705350259e-02
5.919521117392753662e-02
6.119055537080145962e-02
5.719986697705350259e-02
5.719986697705350259e-02
5.719986697705350259e-02
5.719986697705350259e-02
5.719986697705350259e-02
5.719986697705350259e-02
5.719986697705350259e-02
5.719986697705350259e-02
5.719986697705350259e-02
5.320917858330554556e-02
5.719986697705350259e-02
6.119055537080145962e-02
5.719986697705350259e-02
5.719986697705350259e-02
